REGION	POS	REF	ALT	REF_DP	REF_RV	REF_QUAL	ALT_DP	ALT_RV	ALT_QUAL	ALT_FREQ	TOTAL_DP	PVAL	PASS	GFF_FEATURE	REF_CODON	REF_AA	ALT_CODON	ALT_AA	POS_AA
NC_045512.2	1328	A	C	124	43	53	1	0	34	0.008	125	0.502008	FALSE	NA	NA	NA	NA	NA	NA
NC_045512.2	1336	T	G	182	71	55	1	0	68	0.00546448	183	0.50137	FALSE	NA	NA	NA	NA	NA	NA
NC_045512.2	1362	T	A	220	93	56	1	1	24	0.00452489	221	0.876699	FALSE	NA	NA	NA	NA	NA	NA
NC_045512.2	1365	A	C	224	95	58	1	1	27	0.00444444	225	0.876669	FALSE	NA	NA	NA	NA	NA	NA
NC_045512.2	1372	T	C	232	100	59	2	2	27	0.00854701	234	0.689915	FALSE	NA	NA	NA	NA	NA	NA
NC_045512.2	1391	T	C	285	121	57	1	0	68	0.0034965	286	0.500876	FALSE	NA	NA	NA	NA	NA	NA
NC_045512.2	1399	A	G	297	128	59	1	0	34	0.0033557	298	0.50084	FALSE	NA	NA	NA	NA	NA	NA
NC_045512.2	1429	T	A	345	150	58	1	1	24	0.00289017	346	0.938403	FALSE	NA	NA	NA	NA	NA	NA
NC_045512.2	1449	C	A	332	149	59	1	1	24	0.003003	333	0.938438	FALSE	NA	NA	NA	NA	NA	NA
NC_045512.2	1460	A	C	336	154	56	1	0	20	0.00296736	337	0.938427	FALSE	NA	NA	NA	NA	NA	NA
NC_045512.2	1497	T	G	294	138	53	1	0	27	0.00338983	295	0.876272	FALSE	NA	NA	NA	NA	NA	NA
NC_045512.2	1513	C	T	1	0	60	292	131	54	0.996587	293	7.02286e-173	TRUE	NA	NA	NA	NA	NA	NA
NC_045512.2	1572	C	G	272	124	50	1	1	34	0.003663	273	0.500917	FALSE	NA	NA	NA	NA	NA	NA
NC_045512.2	1575	G	C	273	126	50	1	0	27	0.00364964	274	0.87637	FALSE	NA	NA	NA	NA	NA	NA
NC_045512.2	1589	G	A	244	108	51	1	1	68	0.00408163	245	0.501022	FALSE	NA	NA	NA	NA	NA	NA
NC_045512.2	1610	A	T	270	121	49	1	0	26	0.00369004	271	0.876385	FALSE	NA	NA	NA	NA	NA	NA
NC_045512.2	1641	T	A	266	127	47	1	0	20	0.00374532	267	0.876406	FALSE	NA	NA	NA	NA	NA	NA
NC_045512.2	1644	A	T	255	133	44	1	1	26	0.00390625	256	0.876466	FALSE	NA	NA	NA	NA	NA	NA
NC_045512.2	1650	A	C	268	138	43	1	0	26	0.00371747	269	0.876395	FALSE	NA	NA	NA	NA	NA	NA
NC_045512.2	1658	G	T	285	124	47	1	1	26	0.0034965	286	0.876312	FALSE	NA	NA	NA	NA	NA	NA
NC_045512.2	1671	T	G	283	111	45	1	0	27	0.00352113	284	0.876322	FALSE	NA	NA	NA	NA	NA	NA
NC_045512.2	1674	A	C	276	114	46	1	0	34	0.00361011	277	0.500904	FALSE	NA	NA	NA	NA	NA	NA
NC_045512.2	1678	A	C	267	107	46	1	0	20	0.00373134	268	0.876401	FALSE	NA	NA	NA	NA	NA	NA
NC_045512.2	1689	T	A	264	109	45	1	1	26	0.00377358	265	0.876416	FALSE	NA	NA	NA	NA	NA	NA
NC_045512.2	1701	C	+T	274	114	47	85	0	20	0.310219	274	9.2709e-21	TRUE	NA	NA	NA	NA	NA	NA
NC_045512.2	1703	T	+G	282	124	48	1	0	20	0.0035461	282	0.876989	FALSE	NA	NA	NA	NA	NA	NA
NC_045512.2	1706	T	+A	281	128	48	1	0	20	0.00355872	281	0.876996	FALSE	NA	NA	NA	NA	NA	NA
NC_045512.2	1707	C	T	272	132	47	1	0	27	0.003663	273	0.876375	FALSE	NA	NA	NA	NA	NA	NA
NC_045512.2	1711	T	G	255	113	48	1	0	34	0.00390625	256	0.500978	FALSE	NA	NA	NA	NA	NA	NA
NC_045512.2	1727	G	T	269	121	49	1	1	34	0.0037037	270	0.500928	FALSE	NA	NA	NA	NA	NA	NA
NC_045512.2	1728	T	G	262	117	48	1	1	27	0.00380228	263	0.876427	FALSE	NA	NA	NA	NA	NA	NA
NC_045512.2	1751	T	A	289	135	50	1	0	34	0.00344828	290	0.500864	FALSE	NA	NA	NA	NA	NA	NA
NC_045512.2	1755	A	T	292	140	49	1	1	27	0.00341297	293	0.876281	FALSE	NA	NA	NA	NA	NA	NA
NC_045512.2	1768	A	G	300	125	50	1	0	26	0.00332226	301	0.938537	FALSE	NA	NA	NA	NA	NA	NA
NC_045512.2	1840	A	T	327	138	48	1	1	60	0.00304878	328	0.500763	FALSE	NA	NA	NA	NA	NA	NA
NC_045512.2	1863	T	C	387	125	46	1	1	34	0.00257732	388	0.500645	FALSE	NA	NA	NA	NA	NA	NA
NC_045512.2	1866	A	T	399	157	50	1	0	34	0.0025	400	0.500626	FALSE	NA	NA	NA	NA	NA	NA
NC_045512.2	1874	G	A	365	142	50	1	1	68	0.00273224	366	0.500684	FALSE	NA	NA	NA	NA	NA	NA
NC_045512.2	1902	C	G	421	190	47	1	0	34	0.00236967	422	0.500593	FALSE	NA	NA	NA	NA	NA	NA
NC_045512.2	1931	C	A	0	0	0	452	234	50	1	452	5.57414e-271	TRUE	NA	NA	NA	NA	NA	NA
NC_045512.2	1938	C	G	444	234	50	1	1	34	0.00224719	445	0.500562	FALSE	NA	NA	NA	NA	NA	NA
NC_045512.2	1941	T	G	402	210	49	1	1	34	0.00248139	403	0.500621	FALSE	NA	NA	NA	NA	NA	NA
NC_045512.2	1961	G	T	444	236	50	1	1	34	0.00224719	445	0.500562	FALSE	NA	NA	NA	NA	NA	NA
NC_045512.2	1967	A	T	462	243	52	1	1	26	0.00215983	463	0.969255	FALSE	NA	NA	NA	NA	NA	NA
NC_045512.2	1982	A	C	427	237	50	1	0	34	0.00233645	428	0.500585	FALSE	NA	NA	NA	NA	NA	NA
NC_045512.2	1983	T	A	423	227	50	1	1	26	0.00235849	424	0.969301	FALSE	NA	NA	NA	NA	NA	NA
NC_045512.2	2006	A	C	393	235	46	1	0	26	0.00253807	394	0.938293	FALSE	NA	NA	NA	NA	NA	NA
NC_045512.2	2016	T	A	377	220	48	1	1	34	0.0026455	378	0.500662	FALSE	NA	NA	NA	NA	NA	NA
NC_045512.2	2018	A	G	377	227	47	1	0	24	0.0026455	378	0.938326	FALSE	NA	NA	NA	NA	NA	NA
NC_045512.2	2030	G	C	343	195	49	1	0	27	0.00290698	344	0.938408	FALSE	NA	NA	NA	NA	NA	NA
NC_045512.2	2047	T	A	328	207	50	1	1	34	0.00303951	329	0.500761	FALSE	NA	NA	NA	NA	NA	NA
NC_045512.2	2049	T	G	191	125	50	136	85	51	0.415902	327	2.41006e-49	TRUE	NA	NA	NA	NA	NA	NA
NC_045512.2	2061	C	G	327	196	51	1	1	27	0.00304878	328	0.938452	FALSE	NA	NA	NA	NA	NA	NA
NC_045512.2	2065	C	G	350	189	51	1	1	27	0.002849	351	0.93839	FALSE	NA	NA	NA	NA	NA	NA
NC_045512.2	2109	A	C	293	139	50	1	0	34	0.00340136	294	0.500852	FALSE	NA	NA	NA	NA	NA	NA
NC_045512.2	2123	G	A	290	124	50	1	0	68	0.00343643	291	0.500861	FALSE	NA	NA	NA	NA	NA	NA
NC_045512.2	2152	T	G	286	135	51	1	1	20	0.00348432	287	0.876308	FALSE	NA	NA	NA	NA	NA	NA
NC_045512.2	2161	A	C	289	150	51	1	0	27	0.00344828	290	0.876294	FALSE	NA	NA	NA	NA	NA	NA
NC_045512.2	2169	T	G	299	137	50	1	1	34	0.00333333	300	0.500835	FALSE	NA	NA	NA	NA	NA	NA
NC_045512.2	2171	A	T	304	150	51	1	1	27	0.00327869	305	0.938524	FALSE	NA	NA	NA	NA	NA	NA
NC_045512.2	2182	A	C	320	138	51	1	0	34	0.00311526	321	0.50078	FALSE	NA	NA	NA	NA	NA	NA
NC_045512.2	2213	A	G	281	136	50	1	0	34	0.0035461	282	0.500888	FALSE	NA	NA	NA	NA	NA	NA
NC_045512.2	2214	A	C	272	139	49	1	0	34	0.003663	273	0.500917	FALSE	NA	NA	NA	NA	NA	NA
NC_045512.2	2257	T	C	278	136	47	1	0	34	0.00358423	279	0.500898	FALSE	NA	NA	NA	NA	NA	NA
NC_045512.2	2265	G	C	292	153	49	1	0	46	0.00341297	293	0.500855	FALSE	NA	NA	NA	NA	NA	NA
NC_045512.2	2277	T	G	305	152	49	1	1	24	0.00326797	306	0.93852	FALSE	NA	NA	NA	NA	NA	NA
NC_045512.2	2281	G	T	306	154	49	1	1	68	0.00325733	307	0.500816	FALSE	NA	NA	NA	NA	NA	NA
NC_045512.2	2290	T	G	302	145	49	1	1	34	0.00330033	303	0.500826	FALSE	NA	NA	NA	NA	NA	NA
NC_045512.2	2320	T	G	300	146	51	1	1	27	0.00332226	301	0.938537	FALSE	NA	NA	NA	NA	NA	NA
NC_045512.2	2338	C	G	305	168	44	1	0	27	0.00326797	306	0.93852	FALSE	NA	NA	NA	NA	NA	NA
NC_045512.2	2398	G	A	279	139	50	1	0	60	0.00357143	280	0.500894	FALSE	NA	NA	NA	NA	NA	NA
NC_045512.2	2407	G	T	335	164	48	1	1	26	0.00297619	336	0.938429	FALSE	NA	NA	NA	NA	NA	NA
NC_045512.2	2428	T	G	321	172	51	1	1	26	0.00310559	322	0.93847	FALSE	NA	NA	NA	NA	NA	NA
NC_045512.2	2430	A	C	309	173	49	1	0	26	0.00322581	310	0.938507	FALSE	NA	NA	NA	NA	NA	NA
NC_045512.2	2431	A	C	313	168	51	2	1	25	0.00634921	315	0.81449	FALSE	NA	NA	NA	NA	NA	NA
NC_045512.2	2474	A	T	327	169	52	1	1	26	0.00304878	328	0.938452	FALSE	NA	NA	NA	NA	NA	NA
NC_045512.2	2487	T	C	328	180	52	1	1	34	0.00303951	329	0.500761	FALSE	NA	NA	NA	NA	NA	NA
NC_045512.2	2507	C	T	331	180	53	1	0	34	0.00301205	332	0.500754	FALSE	NA	NA	NA	NA	NA	NA
NC_045512.2	2530	A	C	279	153	51	1	0	26	0.00357143	280	0.87634	FALSE	NA	NA	NA	NA	NA	NA
NC_045512.2	2535	T	G	1068	397	48	1	0	60	0.000935454	1069	0.500234	FALSE	NA	NA	NA	NA	NA	NA
NC_045512.2	2536	C	-T	1548	551	50	1	0	20	0.000645995	1548	0.999985	FALSE	NA	NA	NA	NA	NA	NA
NC_045512.2	2537	T	G	1558	569	51	1	1	34	0.000641437	1559	0.75008	FALSE	NA	NA	NA	NA	NA	NA
NC_045512.2	2539	G	T	1599	588	51	1	1	27	0.000625	1600	0.999993	FALSE	NA	NA	NA	NA	NA	NA
NC_045512.2	2539	G	-A	1599	588	51	2	0	20	0.00125	1600	0.999931	FALSE	NA	NA	NA	NA	NA	NA
NC_045512.2	2539	G	+A	1599	588	51	1	0	20	0.000625	1600	0.999993	FALSE	NA	NA	NA	NA	NA	NA
NC_045512.2	2543	A	-C	1605	617	49	1	0	20	0.000623053	1605	0.999993	FALSE	NA	NA	NA	NA	NA	NA
NC_045512.2	2544	C	G	1774	646	51	1	1	27	0.000563063	1776	0.999996	FALSE	NA	NA	NA	NA	NA	NA
NC_045512.2	2544	C	A	1774	646	51	1	0	27	0.000563063	1776	0.999996	FALSE	NA	NA	NA	NA	NA	NA
NC_045512.2	2546	G	T	1843	669	51	1	1	27	0.000542299	1844	0.999998	FALSE	NA	NA	NA	NA	NA	NA
NC_045512.2	2548	T	G	1858	683	52	1	1	20	0.000537924	1859	0.999998	FALSE	NA	NA	NA	NA	NA	NA
NC_045512.2	2549	G	T	1937	700	52	2	1	51	0.00103146	1939	0.250064	FALSE	NA	NA	NA	NA	NA	NA
NC_045512.2	2553	T	G	2315	896	53	1	1	34	0.000431593	2317	0.875081	FALSE	NA	NA	NA	NA	NA	NA
NC_045512.2	2553	T	A	2315	896	53	1	1	27	0.000431593	2317	1	FALSE	NA	NA	NA	NA	NA	NA
NC_045512.2	2554	A	G	2336	915	54	1	0	24	0.000427899	2337	1	FALSE	NA	NA	NA	NA	NA	NA
NC_045512.2	2555	C	A	2332	914	53	1	1	26	0.000428633	2333	1	FALSE	NA	NA	NA	NA	NA	NA
NC_045512.2	2556	A	C	2326	913	53	1	1	26	0.000429738	2327	1	FALSE	NA	NA	NA	NA	NA	NA
NC_045512.2	2557	A	G	2320	923	53	1	1	34	0.000430663	2322	0.875081	FALSE	NA	NA	NA	NA	NA	NA
NC_045512.2	2557	A	C	2320	923	53	1	0	26	0.000430663	2322	1	FALSE	NA	NA	NA	NA	NA	NA
NC_045512.2	2558	C	A	2596	984	53	1	0	34	0.00038506	2597	0.875144	FALSE	NA	NA	NA	NA	NA	NA
NC_045512.2	2559	C	A	4263	1465	52	1	0	26	0.000234522	4264	1	FALSE	NA	NA	NA	NA	NA	NA
NC_045512.2	2560	A	C	4266	1510	52	1	0	24	0.000234357	4267	1	FALSE	NA	NA	NA	NA	NA	NA
NC_045512.2	2560	A	-T	4266	1510	52	1	0	20	0.000234357	4267	1	FALSE	NA	NA	NA	NA	NA	NA
NC_045512.2	2561	T	G	4280	1499	52	1	1	27	0.00023359	4281	1	FALSE	NA	NA	NA	NA	NA	NA
NC_045512.2	2562	T	A	4312	1522	53	1	0	27	0.000231857	4313	1	FALSE	NA	NA	NA	NA	NA	NA
NC_045512.2	2564	G	T	4463	1526	52	1	1	26	0.000224014	4464	1	FALSE	NA	NA	NA	NA	NA	NA
NC_045512.2	2565	A	G	4415	1562	52	1	0	24	0.000226449	4416	1	FALSE	NA	NA	NA	NA	NA	NA
NC_045512.2	2566	A	G	4428	1685	56	1	0	34	0.000225785	4429	0.968803	FALSE	NA	NA	NA	NA	NA	NA
NC_045512.2	2570	C	A	5428	1991	54	1	1	27	0.000184196	5429	1	FALSE	NA	NA	NA	NA	NA	NA
NC_045512.2	2572	T	A	5541	2002	54	1	1	20	0.00018044	5542	1	FALSE	NA	NA	NA	NA	NA	NA
NC_045512.2	2573	A	G	5441	2036	52	1	0	24	0.000183756	5442	1	FALSE	NA	NA	NA	NA	NA	NA
NC_045512.2	2574	C	G	5633	2067	54	1	1	26	0.000177494	5634	1	FALSE	NA	NA	NA	NA	NA	NA
NC_045512.2	2575	T	C	5667	2041	53	3	2	29	0.000529101	5670	1	FALSE	NA	NA	NA	NA	NA	NA
NC_045512.2	2576	A	G	5792	2099	54	1	0	34	0.000172622	5793	0.984403	FALSE	NA	NA	NA	NA	NA	NA
NC_045512.2	2581	A	G	5798	2133	54	3	1	46	0.000517152	5801	0.125	FALSE	NA	NA	NA	NA	NA	NA
NC_045512.2	2582	G	T	5840	2142	55	1	1	27	0.000171116	5844	1	FALSE	NA	NA	NA	NA	NA	NA
NC_045512.2	2582	G	C	5840	2142	55	1	1	20	0.000171116	5844	1	FALSE	NA	NA	NA	NA	NA	NA
NC_045512.2	2582	G	A	5840	2142	55	2	1	34	0.000342231	5844	0.937528	FALSE	NA	NA	NA	NA	NA	NA
NC_045512.2	2583	C	T	5899	2192	55	1	1	46	0.000169463	5901	0.5	FALSE	NA	NA	NA	NA	NA	NA
NC_045512.2	2583	C	G	5899	2192	55	1	1	27	0.000169463	5901	1	FALSE	NA	NA	NA	NA	NA	NA
NC_045512.2	2584	T	G	5881	2201	55	1	0	60	0.000169981	5883	0.5	FALSE	NA	NA	NA	NA	NA	NA
NC_045512.2	2584	T	C	5881	2201	55	1	0	34	0.000169981	5883	0.984395	FALSE	NA	NA	NA	NA	NA	NA
NC_045512.2	2585	G	C	6218	2278	54	1	1	27	0.000160798	6219	1	FALSE	NA	NA	NA	NA	NA	NA
NC_045512.2	2586	T	G	6184	2183	49	5	5	26	0.000807885	6189	1	FALSE	NA	NA	NA	NA	NA	NA
NC_045512.2	2589	A	T	6232	2367	55	1	1	20	0.000160436	6233	1	FALSE	NA	NA	NA	NA	NA	NA
NC_045512.2	2591	G	A	6342	2405	55	1	0	68	0.000157654	6343	0.500039	FALSE	NA	NA	NA	NA	NA	NA
NC_045512.2	2592	C	T	6431	2425	56	1	0	60	0.000155473	6432	0.500039	FALSE	NA	NA	NA	NA	NA	NA
NC_045512.2	2594	C	T	6863	2543	55	1	0	68	0.000145688	6864	0.500036	FALSE	NA	NA	NA	NA	NA	NA
NC_045512.2	2595	C	G	6857	2562	55	1	1	27	0.000145815	6858	1	FALSE	NA	NA	NA	NA	NA	NA
NC_045512.2	2597	T	G	6889	2544	55	2	2	27	0.000290192	6892	1	FALSE	NA	NA	NA	NA	NA	NA
NC_045512.2	2597	T	C	6889	2544	55	1	0	38	0.000145096	6892	0.992195	FALSE	NA	NA	NA	NA	NA	NA
NC_045512.2	2598	T	C	6880	2552	54	1	0	34	0.000145328	6881	0.992203	FALSE	NA	NA	NA	NA	NA	NA
NC_045512.2	2599	G	C	7136	2632	55	1	1	27	0.000140095	7138	1	FALSE	NA	NA	NA	NA	NA	NA
NC_045512.2	2599	G	A	7136	2632	55	1	0	46	0.000140095	7138	0.5	FALSE	NA	NA	NA	NA	NA	NA
NC_045512.2	2601	T	G	7145	2620	53	2	2	34	0.000279799	7148	0.980498	FALSE	NA	NA	NA	NA	NA	NA
NC_045512.2	2601	T	C	7145	2620	53	1	0	34	0.000139899	7148	0.996099	FALSE	NA	NA	NA	NA	NA	NA
NC_045512.2	2602	T	C	7254	2725	56	1	0	34	0.000137836	7255	0.996103	FALSE	NA	NA	NA	NA	NA	NA
NC_045512.2	2604	G	A	7793	2831	55	1	0	68	0.000128304	7794	0.500032	FALSE	NA	NA	NA	NA	NA	NA
NC_045512.2	2606	A	T	7857	2866	55	1	1	27	0.000127259	7858	1	FALSE	NA	NA	NA	NA	NA	NA
NC_045512.2	2608	A	T	7870	2902	55	2	1	26	0.000254065	7872	1	FALSE	NA	NA	NA	NA	NA	NA
NC_045512.2	2610	C	G	7853	2939	55	1	1	27	0.000127324	7854	1	FALSE	NA	NA	NA	NA	NA	NA
NC_045512.2	2611	A	T	8176	2997	55	1	0	24	0.000122294	8177	1	FALSE	NA	NA	NA	NA	NA	NA
NC_045512.2	2613	T	G	8070	2890	46	2	2	23	0.000247739	8073	1	FALSE	NA	NA	NA	NA	NA	NA
NC_045512.2	2613	T	C	8070	2890	46	1	0	68	0.00012387	8073	0.499969	FALSE	NA	NA	NA	NA	NA	NA
NC_045512.2	2614	T	G	8228	3138	56	1	0	68	0.000121492	8231	0.49997	FALSE	NA	NA	NA	NA	NA	NA
NC_045512.2	2614	T	A	8228	3138	56	2	2	53	0.000242984	8231	0.249985	FALSE	NA	NA	NA	NA	NA	NA
NC_045512.2	2615	T	C	8277	3144	57	2	0	51	0.000241575	8279	0.250015	FALSE	NA	NA	NA	NA	NA	NA
NC_045512.2	2617	T	C	8681	3193	54	1	0	34	0.000115181	8682	0.998052	FALSE	NA	NA	NA	NA	NA	NA
NC_045512.2	2619	T	G	8725	3208	53	2	2	30	0.000229174	8727	0.98928	FALSE	NA	NA	NA	NA	NA	NA
NC_045512.2	2620	T	C	8741	3334	56	1	1	68	0.000114377	8743	0.5	FALSE	NA	NA	NA	NA	NA	NA
NC_045512.2	2620	T	A	8741	3334	56	1	0	60	0.000114377	8743	0.5	FALSE	NA	NA	NA	NA	NA	NA
NC_045512.2	2622	A	T	8135	3334	52	1	1	26	0.000122835	8141	1	FALSE	NA	NA	NA	NA	NA	NA
NC_045512.2	2622	A	G	8135	3334	52	1	0	60	0.000122835	8141	0.499877	FALSE	NA	NA	NA	NA	NA	NA
NC_045512.2	2622	A	C	8135	3334	52	4	2	26	0.00049134	8141	1	FALSE	NA	NA	NA	NA	NA	NA
NC_045512.2	2623	C	G	8715	3336	56	2	1	27	0.000229437	8717	1	FALSE	NA	NA	NA	NA	NA	NA
NC_045512.2	2624	G	C	8756	3334	56	1	1	27	0.000114181	8758	1	FALSE	NA	NA	NA	NA	NA	NA
NC_045512.2	2624	G	A	8756	3334	56	1	1	68	0.000114181	8758	0.5	FALSE	NA	NA	NA	NA	NA	NA
NC_045512.2	2625	G	T	9898	3550	55	1	0	26	0.00010102	9899	1	FALSE	NA	NA	NA	NA	NA	NA
NC_045512.2	2626	G	C	9936	3544	54	1	0	27	0.000100634	9937	1	FALSE	NA	NA	NA	NA	NA	NA
NC_045512.2	2627	C	G	9986	3934	57	2	2	27	0.00020024	9988	1	FALSE	NA	NA	NA	NA	NA	NA
NC_045512.2	2628	T	A	10004	4126	58	4	2	30	0.00039968	10008	0.971368	FALSE	NA	NA	NA	NA	NA	NA
NC_045512.2	2629	T	C	10044	4159	59	1	0	20	9.9552e-05	10045	1	FALSE	NA	NA	NA	NA	NA	NA
NC_045512.2	2630	A	T	10098	4176	58	2	2	26	0.00019802	10100	1	FALSE	NA	NA	NA	NA	NA	NA
NC_045512.2	2631	T	C	10120	4183	58	3	1	28	0.000296326	10124	1	FALSE	NA	NA	NA	NA	NA	NA
NC_045512.2	2631	T	A	10120	4183	58	1	1	27	9.87752e-05	10124	1	FALSE	NA	NA	NA	NA	NA	NA
NC_045512.2	2632	G	T	10100	4168	58	1	1	27	9.90001e-05	10101	1	FALSE	NA	NA	NA	NA	NA	NA
NC_045512.2	2633	T	C	10126	4198	59	1	1	68	9.87362e-05	10128	0.5	FALSE	NA	NA	NA	NA	NA	NA
NC_045512.2	2633	T	A	10126	4198	59	1	0	34	9.87362e-05	10128	0.999513	FALSE	NA	NA	NA	NA	NA	NA
NC_045512.2	2634	T	A	9945	4103	59	1	1	27	0.000100543	9946	1	FALSE	NA	NA	NA	NA	NA	NA
NC_045512.2	2638	C	G	9895	4158	58	1	0	27	0.000101051	9896	1	FALSE	NA	NA	NA	NA	NA	NA
NC_045512.2	2639	G	T	9913	4142	59	2	2	27	0.000201674	9917	1	FALSE	NA	NA	NA	NA	NA	NA
NC_045512.2	2639	G	C	9913	4142	59	1	1	26	0.000100837	9917	1	FALSE	NA	NA	NA	NA	NA	NA
NC_045512.2	2639	G	A	9913	4142	59	1	0	34	0.000100837	9917	0.999025	FALSE	NA	NA	NA	NA	NA	NA
NC_045512.2	2640	A	G	10019	4176	59	1	0	34	9.98004e-05	10020	0.999513	FALSE	NA	NA	NA	NA	NA	NA
NC_045512.2	2641	A	T	9760	4195	56	1	1	27	0.000102407	9765	1	FALSE	NA	NA	NA	NA	NA	NA
NC_045512.2	2641	A	G	9760	4195	56	3	1	25	0.00030722	9765	1	FALSE	NA	NA	NA	NA	NA	NA
NC_045512.2	2641	A	C	9760	4195	56	1	0	26	0.000102407	9765	1	FALSE	NA	NA	NA	NA	NA	NA
NC_045512.2	2643	T	C	10154	4243	59	1	1	68	9.8464e-05	10156	0.5	FALSE	NA	NA	NA	NA	NA	NA
NC_045512.2	2643	T	A	10154	4243	59	1	0	27	9.8464e-05	10156	1	FALSE	NA	NA	NA	NA	NA	NA
NC_045512.2	2644	C	A	10070	4238	58	1	0	27	9.9295e-05	10071	1	FALSE	NA	NA	NA	NA	NA	NA
NC_045512.2	2645	A	G	10157	4231	59	1	1	46	9.84446e-05	10158	0.750037	FALSE	NA	NA	NA	NA	NA	NA
NC_045512.2	2648	G	C	10100	4236	58	1	0	26	9.89903e-05	10102	1	FALSE	NA	NA	NA	NA	NA	NA
NC_045512.2	2648	G	A	10100	4236	58	1	0	34	9.89903e-05	10102	0.999513	FALSE	NA	NA	NA	NA	NA	NA
NC_045512.2	2649	A	G	10100	4250	57	2	0	46	0.000197981	10102	0.500037	FALSE	NA	NA	NA	NA	NA	NA
NC_045512.2	2651	A	G	10077	4264	58	2	0	25	0.000198432	10079	1	FALSE	NA	NA	NA	NA	NA	NA
NC_045512.2	2652	C	+AGAAA	10236	4277	59	1	0	20	9.76944e-05	10236	1	FALSE	NA	NA	NA	NA	NA	NA
NC_045512.2	2653	A	T	10216	4289	59	1	0	34	9.78569e-05	10219	0.999513	FALSE	NA	NA	NA	NA	NA	NA
NC_045512.2	2653	A	G	10216	4289	59	2	1	51	0.000195714	10219	0.249988	FALSE	NA	NA	NA	NA	NA	NA
NC_045512.2	2653	A	+T	10216	4289	59	1	0	20	9.78569e-05	10219	1	FALSE	NA	NA	NA	NA	NA	NA
NC_045512.2	2655	A	G	11215	4495	58	1	0	24	8.91504e-05	11217	1	FALSE	NA	NA	NA	NA	NA	NA
NC_045512.2	2655	A	C	11215	4495	58	1	1	27	8.91504e-05	11217	1	FALSE	NA	NA	NA	NA	NA	NA
NC_045512.2	2656	A	G	11348	4538	58	2	1	30	0.000176196	11351	0.998295	FALSE	NA	NA	NA	NA	NA	NA
NC_045512.2	2656	A	C	11348	4538	58	1	0	26	8.8098e-05	11351	1	FALSE	NA	NA	NA	NA	NA	NA
NC_045512.2	2657	A	C	11257	4514	57	2	0	30	0.000177636	11259	0.998296	FALSE	NA	NA	NA	NA	NA	NA
NC_045512.2	2659	G	T	11634	4594	57	1	0	34	8.59476e-05	11635	0.999757	FALSE	NA	NA	NA	NA	NA	NA
NC_045512.2	2660	T	G	11662	4645	57	1	0	34	8.57412e-05	11663	0.999757	FALSE	NA	NA	NA	NA	NA	NA
NC_045512.2	2661	A	T	11657	4621	57	2	0	30	0.000171527	11660	0.998295	FALSE	NA	NA	NA	NA	NA	NA
NC_045512.2	2661	A	G	11657	4621	57	1	1	68	8.57633e-05	11660	0.499979	FALSE	NA	NA	NA	NA	NA	NA
NC_045512.2	2662	C	T	11612	4662	57	2	1	51	0.000172176	11616	0.249968	FALSE	NA	NA	NA	NA	NA	NA
NC_045512.2	2662	C	G	11612	4662	57	1	1	26	8.60882e-05	11616	1	FALSE	NA	NA	NA	NA	NA	NA
NC_045512.2	2662	C	A	11612	4662	57	1	0	34	8.60882e-05	11616	0.999756	FALSE	NA	NA	NA	NA	NA	NA
NC_045512.2	2663	T	G	10880	4214	57	1	1	34	9.18949e-05	10882	0.999513	FALSE	NA	NA	NA	NA	NA	NA
NC_045512.2	2663	T	A	10880	4214	57	1	0	26	9.18949e-05	10882	1	FALSE	NA	NA	NA	NA	NA	NA
NC_045512.2	2664	G	C	10946	4220	56	1	1	38	9.13492e-05	10947	0.999513	FALSE	NA	NA	NA	NA	NA	NA
NC_045512.2	2664	G	-T	10946	4220	56	1	0	20	9.13492e-05	10947	1	FALSE	NA	NA	NA	NA	NA	NA
NC_045512.2	2665	T	G	10855	4189	57	2	2	26	0.000184196	10858	1	FALSE	NA	NA	NA	NA	NA	NA
NC_045512.2	2665	T	A	10855	4189	57	1	0	26	9.2098e-05	10858	1	FALSE	NA	NA	NA	NA	NA	NA
NC_045512.2	2666	G	T	10864	4175	57	3	3	39	0.000276065	10867	0.988794	FALSE	NA	NA	NA	NA	NA	NA
NC_045512.2	2667	C	T	11098	4317	56	1	0	34	9.00982e-05	11099	0.999757	FALSE	NA	NA	NA	NA	NA	NA
NC_045512.2	2668	C	G	10927	4210	57	1	1	27	9.14829e-05	10931	1	FALSE	NA	NA	NA	NA	NA	NA
NC_045512.2	2668	C	A	10927	4210	57	3	2	40	0.000274449	10931	0.312483	FALSE	NA	NA	NA	NA	NA	NA
NC_045512.2	2669	C	T	10982	4208	57	1	0	68	9.10415e-05	10984	0.5	FALSE	NA	NA	NA	NA	NA	NA
NC_045512.2	2669	C	G	10982	4208	57	1	1	27	9.10415e-05	10984	1	FALSE	NA	NA	NA	NA	NA	NA
NC_045512.2	2670	T	C	10945	4194	57	1	1	68	9.13576e-05	10946	0.500023	FALSE	NA	NA	NA	NA	NA	NA
NC_045512.2	2672	G	T	10960	4204	57	1	1	27	9.12242e-05	10962	1	FALSE	NA	NA	NA	NA	NA	NA
NC_045512.2	2672	G	A	10960	4204	57	1	1	60	9.12242e-05	10962	0.5	FALSE	NA	NA	NA	NA	NA	NA
NC_045512.2	2673	C	T	10896	4288	57	1	0	68	9.17515e-05	10899	0.499977	FALSE	NA	NA	NA	NA	NA	NA
NC_045512.2	2673	C	G	10896	4288	57	2	0	25	0.000183503	10899	1	FALSE	NA	NA	NA	NA	NA	NA
NC_045512.2	2674	A	T	10737	4329	56	1	0	26	9.31099e-05	10740	1	FALSE	NA	NA	NA	NA	NA	NA
NC_045512.2	2674	A	C	10737	4329	56	2	0	23	0.00018622	10740	1	FALSE	NA	NA	NA	NA	NA	NA
NC_045512.2	2675	C	G	11183	4335	56	3	1	38	0.000268192	11186	0.993547	FALSE	NA	NA	NA	NA	NA	NA
NC_045512.2	2676	C	A	10876	4213	56	1	0	20	9.19371e-05	10877	1	FALSE	NA	NA	NA	NA	NA	NA
NC_045512.2	2677	T	C	11002	4259	56	1	0	38	9.0876e-05	11004	0.999757	FALSE	NA	NA	NA	NA	NA	NA
NC_045512.2	2677	T	A	11002	4259	56	1	1	68	9.0876e-05	11004	0.5	FALSE	NA	NA	NA	NA	NA	NA
NC_045512.2	2678	A	T	10846	4252	55	2	2	27	0.000184298	10852	1	FALSE	NA	NA	NA	NA	NA	NA
NC_045512.2	2678	A	G	10846	4252	55	1	0	24	9.21489e-05	10852	1	FALSE	NA	NA	NA	NA	NA	NA
NC_045512.2	2678	A	C	10846	4252	55	3	1	26	0.000276447	10852	1	FALSE	NA	NA	NA	NA	NA	NA
NC_045512.2	2679	A	T	10911	4288	56	1	0	27	9.16254e-05	10914	1	FALSE	NA	NA	NA	NA	NA	NA
NC_045512.2	2679	A	C	10911	4288	56	2	0	26	0.000183251	10914	1	FALSE	NA	NA	NA	NA	NA	NA
NC_045512.2	2680	T	A	11164	4297	56	1	1	27	8.95656e-05	11165	1	FALSE	NA	NA	NA	NA	NA	NA
NC_045512.2	2681	A	T	11038	4282	56	1	1	27	9.05797e-05	11040	1	FALSE	NA	NA	NA	NA	NA	NA
NC_045512.2	2681	A	G	11038	4282	56	1	1	68	9.05797e-05	11040	0.5	FALSE	NA	NA	NA	NA	NA	NA
NC_045512.2	2683	G	T	11004	4246	56	1	1	20	9.08513e-05	11007	1	FALSE	NA	NA	NA	NA	NA	NA
NC_045512.2	2683	G	C	11004	4246	56	2	1	27	0.000181703	11007	1	FALSE	NA	NA	NA	NA	NA	NA
NC_045512.2	2684	A	T	10792	4144	56	3	2	24	0.000277906	10795	1	FALSE	NA	NA	NA	NA	NA	NA
NC_045512.2	2687	G	A	10696	4207	54	1	1	68	9.34842e-05	10697	0.500023	FALSE	NA	NA	NA	NA	NA	NA
NC_045512.2	2691	C	T	10615	4329	55	2	1	51	0.000188324	10620	0.249941	FALSE	NA	NA	NA	NA	NA	NA
NC_045512.2	2691	C	G	10615	4329	55	1	0	27	9.4162e-05	10620	1	FALSE	NA	NA	NA	NA	NA	NA
NC_045512.2	2691	C	A	10615	4329	55	2	0	26	0.000188324	10620	1	FALSE	NA	NA	NA	NA	NA	NA
NC_045512.2	2692	A	G	10800	4385	55	1	0	27	9.2584e-05	10801	1	FALSE	NA	NA	NA	NA	NA	NA
NC_045512.2	2694	A	C	10352	4548	51	7	0	26	0.000675741	10359	1	FALSE	NA	NA	NA	NA	NA	NA
NC_045512.2	2695	C	T	11024	4507	55	2	1	40	0.000181324	11030	0.499898	FALSE	NA	NA	NA	NA	NA	NA
NC_045512.2	2695	C	G	11024	4507	55	2	0	26	0.000181324	11030	1	FALSE	NA	NA	NA	NA	NA	NA
NC_045512.2	2695	C	A	11024	4507	55	2	0	27	0.000181324	11030	1	FALSE	NA	NA	NA	NA	NA	NA
NC_045512.2	2696	A	T	10978	4390	55	1	0	27	9.10747e-05	10980	1	FALSE	NA	NA	NA	NA	NA	NA
NC_045512.2	2696	A	G	10978	4390	55	1	0	26	9.10747e-05	10980	1	FALSE	NA	NA	NA	NA	NA	NA
NC_045512.2	2698	T	G	10948	4652	56	1	1	27	9.13242e-05	10950	1	FALSE	NA	NA	NA	NA	NA	NA
NC_045512.2	2698	T	A	10948	4652	56	1	0	34	9.13242e-05	10950	0.999513	FALSE	NA	NA	NA	NA	NA	NA
NC_045512.2	2699	A	T	10894	4731	55	2	1	22	0.000183554	10896	1	FALSE	NA	NA	NA	NA	NA	NA
NC_045512.2	2700	C	G	11183	4863	55	2	0	27	0.000178779	11187	1	FALSE	NA	NA	NA	NA	NA	NA
NC_045512.2	2700	C	A	11183	4863	55	2	0	23	0.000178779	11187	1	FALSE	NA	NA	NA	NA	NA	NA
NC_045512.2	2701	C	G	10949	4760	55	2	1	23	0.000182615	10952	1	FALSE	NA	NA	NA	NA	NA	NA
NC_045512.2	2701	C	A	10949	4760	55	1	0	26	9.13075e-05	10952	1	FALSE	NA	NA	NA	NA	NA	NA
NC_045512.2	2702	T	G	10724	4504	54	4	3	25	0.000372856	10728	1	FALSE	NA	NA	NA	NA	NA	NA
NC_045512.2	2703	T	C	10761	4648	56	1	0	68	9.29023e-05	10764	0.499977	FALSE	NA	NA	NA	NA	NA	NA
NC_045512.2	2703	T	A	10761	4648	56	2	0	43	0.000185805	10764	0.5	FALSE	NA	NA	NA	NA	NA	NA
NC_045512.2	2705	A	T	10564	4681	55	1	1	26	9.46074e-05	10570	1	FALSE	NA	NA	NA	NA	NA	NA
NC_045512.2	2705	A	G	10564	4681	55	1	1	24	9.46074e-05	10570	1	FALSE	NA	NA	NA	NA	NA	NA
NC_045512.2	2705	A	C	10564	4681	55	4	0	26	0.00037843	10570	1	FALSE	NA	NA	NA	NA	NA	NA
NC_045512.2	2707	A	G	10635	4746	55	1	0	68	9.40115e-05	10637	0.5	FALSE	NA	NA	NA	NA	NA	NA
NC_045512.2	2707	A	C	10635	4746	55	1	0	34	9.40115e-05	10637	0.999513	FALSE	NA	NA	NA	NA	NA	NA
NC_045512.2	2708	C	G	11535	5199	54	1	0	27	8.66701e-05	11538	1	FALSE	NA	NA	NA	NA	NA	NA
NC_045512.2	2708	C	A	11535	5199	54	2	0	30	0.00017334	11538	0.998295	FALSE	NA	NA	NA	NA	NA	NA
NC_045512.2	2709	T	G	11349	5069	53	2	2	27	0.000176165	11353	1	FALSE	NA	NA	NA	NA	NA	NA
NC_045512.2	2709	T	A	11349	5069	53	2	0	26	0.000176165	11353	1	FALSE	NA	NA	NA	NA	NA	NA
NC_045512.2	2710	C	A	11402	5110	53	1	0	34	8.76962e-05	11403	0.999757	FALSE	NA	NA	NA	NA	NA	NA
NC_045512.2	2711	A	C	10812	5184	51	13	0	27	0.00120092	10825	1	FALSE	NA	NA	NA	NA	NA	NA
NC_045512.2	2712	A	C	11058	5101	51	11	0	27	0.000993766	11069	1	FALSE	NA	NA	NA	NA	NA	NA
NC_045512.2	2713	A	T	10477	5019	48	1	1	68	9.53289e-05	10490	0.499738	FALSE	NA	NA	NA	NA	NA	NA
NC_045512.2	2713	A	G	10477	5019	48	4	2	38	0.000381316	10490	0.971261	FALSE	NA	NA	NA	NA	NA	NA
NC_045512.2	2713	A	C	10477	5019	48	8	2	28	0.000762631	10490	1	FALSE	NA	NA	NA	NA	NA	NA
NC_045512.2	2714	G	T	11372	5193	53	1	1	34	8.79198e-05	11374	0.999757	FALSE	NA	NA	NA	NA	NA	NA
NC_045512.2	2714	G	C	11372	5193	53	1	1	27	8.79198e-05	11374	1	FALSE	NA	NA	NA	NA	NA	NA
NC_045512.2	2715	G	C	11382	5176	53	1	0	27	8.78503e-05	11383	1	FALSE	NA	NA	NA	NA	NA	NA
NC_045512.2	2716	C	T	11328	5205	53	2	1	51	0.000176476	11333	0.249945	FALSE	NA	NA	NA	NA	NA	NA
NC_045512.2	2716	C	G	11328	5205	53	2	2	23	0.000176476	11333	1	FALSE	NA	NA	NA	NA	NA	NA
NC_045512.2	2716	C	A	11328	5205	53	1	0	26	8.82379e-05	11333	1	FALSE	NA	NA	NA	NA	NA	NA
NC_045512.2	2717	G	C	10495	4472	53	3	1	29	0.000285741	10499	1	FALSE	NA	NA	NA	NA	NA	NA
NC_045512.2	2717	G	A	10495	4472	53	1	1	34	9.52472e-05	10499	0.999512	FALSE	NA	NA	NA	NA	NA	NA
NC_045512.2	2718	G	C	10625	4736	54	1	1	34	9.40911e-05	10628	0.999513	FALSE	NA	NA	NA	NA	NA	NA
NC_045512.2	2718	G	A	10625	4736	54	2	1	47	0.000188182	10628	0.5	FALSE	NA	NA	NA	NA	NA	NA
NC_045512.2	2719	T	-G	10475	4684	54	2	0	20	0.000190931	10475	1	FALSE	NA	NA	NA	NA	NA	NA
NC_045512.2	2720	G	A	10488	4796	53	1	0	60	9.5338e-05	10489	0.499976	FALSE	NA	NA	NA	NA	NA	NA
NC_045512.2	2721	C	T	10486	4924	54	1	1	68	9.53289e-05	10490	0.499952	FALSE	NA	NA	NA	NA	NA	NA
NC_045512.2	2721	C	G	10486	4924	54	1	0	20	9.53289e-05	10490	1	FALSE	NA	NA	NA	NA	NA	NA
NC_045512.2	2721	C	A	10486	4924	54	2	1	51	0.000190658	10490	0.249964	FALSE	NA	NA	NA	NA	NA	NA
NC_045512.2	2722	A	C	10453	5000	53	5	0	32	0.000478103	10458	0.940853	FALSE	NA	NA	NA	NA	NA	NA
NC_045512.2	2723	C	A	10619	4990	54	1	0	26	9.4162e-05	10620	1	FALSE	NA	NA	NA	NA	NA	NA
NC_045512.2	2724	C	T	10636	5039	54	1	0	68	9.40026e-05	10638	0.5	FALSE	NA	NA	NA	NA	NA	NA
NC_045512.2	2724	C	A	10636	5039	54	1	0	20	9.40026e-05	10638	1	FALSE	NA	NA	NA	NA	NA	NA
NC_045512.2	2726	A	C	10446	5159	52	3	0	31	0.000287109	10449	0.988795	FALSE	NA	NA	NA	NA	NA	NA
NC_045512.2	2728	A	T	10607	5115	54	1	0	20	9.42685e-05	10608	1	FALSE	NA	NA	NA	NA	NA	NA
NC_045512.2	2729	A	T	10495	5094	52	3	3	31	0.00028566	10502	0.988775	FALSE	NA	NA	NA	NA	NA	NA
NC_045512.2	2729	A	G	10495	5094	52	1	0	34	9.522e-05	10502	0.999512	FALSE	NA	NA	NA	NA	NA	NA
NC_045512.2	2729	A	C	10495	5094	52	3	0	24	0.00028566	10502	1	FALSE	NA	NA	NA	NA	NA	NA
NC_045512.2	2730	A	G	10204	5017	49	2	2	30	0.000195752	10217	0.996817	FALSE	NA	NA	NA	NA	NA	NA
NC_045512.2	2730	A	C	10204	5017	49	11	3	25	0.00107664	10217	1	FALSE	NA	NA	NA	NA	NA	NA
NC_045512.2	2731	G	T	10862	5157	53	2	2	27	0.00018406	10866	1	FALSE	NA	NA	NA	NA	NA	NA
NC_045512.2	2731	G	C	10862	5157	53	2	1	26	0.00018406	10866	1	FALSE	NA	NA	NA	NA	NA	NA
NC_045512.2	2732	G	T	10848	5165	53	3	1	27	0.000276447	10852	1	FALSE	NA	NA	NA	NA	NA	NA
NC_045512.2	2732	G	C	10848	5165	53	1	0	34	9.21489e-05	10852	0.999512	FALSE	NA	NA	NA	NA	NA	NA
NC_045512.2	2733	T	G	10664	5057	53	1	1	27	9.37647e-05	10665	1	FALSE	NA	NA	NA	NA	NA	NA
NC_045512.2	2734	T	G	10631	4977	53	1	0	27	9.40468e-05	10633	1	FALSE	NA	NA	NA	NA	NA	NA
NC_045512.2	2734	T	C	10631	4977	53	1	1	27	9.40468e-05	10633	1	FALSE	NA	NA	NA	NA	NA	NA
NC_045512.2	2735	A	T	10567	5068	53	1	1	20	9.46253e-05	10568	1	FALSE	NA	NA	NA	NA	NA	NA
NC_045512.2	2736	C	T	10722	5131	52	3	1	43	0.000279564	10731	0.312308	FALSE	NA	NA	NA	NA	NA	NA
NC_045512.2	2736	C	G	10722	5131	52	5	3	28	0.00046594	10731	1	FALSE	NA	NA	NA	NA	NA	NA
NC_045512.2	2736	C	A	10722	5131	52	1	0	26	9.3188e-05	10731	1	FALSE	NA	NA	NA	NA	NA	NA
NC_045512.2	2737	T	G	10707	5144	53	1	0	24	9.33881e-05	10708	1	FALSE	NA	NA	NA	NA	NA	NA
NC_045512.2	2738	T	G	10715	5245	53	1	1	27	9.33097e-05	10717	1	FALSE	NA	NA	NA	NA	NA	NA
NC_045512.2	2738	T	A	10715	5245	53	1	1	68	9.33097e-05	10717	0.5	FALSE	NA	NA	NA	NA	NA	NA
NC_045512.2	2740	T	G	10631	5114	55	1	0	68	9.40557e-05	10632	0.500024	FALSE	NA	NA	NA	NA	NA	NA
NC_045512.2	2741	G	T	10741	5109	54	6	5	29	0.000558295	10747	1	FALSE	NA	NA	NA	NA	NA	NA
NC_045512.2	2741	G	+T	10741	5109	54	1	0	20	9.30492e-05	10747	1	FALSE	NA	NA	NA	NA	NA	NA
NC_045512.2	2742	G	T	10752	5226	54	1	1	34	9.29887e-05	10754	0.999513	FALSE	NA	NA	NA	NA	NA	NA
NC_045512.2	2742	G	A	10752	5226	54	1	0	68	9.29887e-05	10754	0.5	FALSE	NA	NA	NA	NA	NA	NA
NC_045512.2	2743	T	G	10861	5266	55	1	0	27	9.20556e-05	10863	1	FALSE	NA	NA	NA	NA	NA	NA
NC_045512.2	2743	T	A	10861	5266	55	1	1	27	9.20556e-05	10863	1	FALSE	NA	NA	NA	NA	NA	NA
NC_045512.2	2744	G	T	10795	5179	54	6	6	28	0.000555504	10801	1	FALSE	NA	NA	NA	NA	NA	NA
NC_045512.2	2745	A	T	10725	5256	54	1	1	26	9.32227e-05	10727	1	FALSE	NA	NA	NA	NA	NA	NA
NC_045512.2	2745	A	C	10725	5256	54	1	1	26	9.32227e-05	10727	1	FALSE	NA	NA	NA	NA	NA	NA
NC_045512.2	2746	T	G	10738	5239	54	2	0	30	0.000186202	10741	0.996833	FALSE	NA	NA	NA	NA	NA	NA
NC_045512.2	2746	T	A	10738	5239	54	1	1	20	9.31012e-05	10741	1	FALSE	NA	NA	NA	NA	NA	NA
NC_045512.2	2747	G	C	10704	5267	54	1	0	27	9.34143e-05	10705	1	FALSE	NA	NA	NA	NA	NA	NA
NC_045512.2	2748	A	T	10739	5332	54	1	0	24	9.31099e-05	10740	1	FALSE	NA	NA	NA	NA	NA	NA
NC_045512.2	2749	C	G	10817	5370	54	2	2	27	0.00018486	10819	1	FALSE	NA	NA	NA	NA	NA	NA
NC_045512.2	2750	A	T	10599	5268	54	1	1	27	9.43396e-05	10600	1	FALSE	NA	NA	NA	NA	NA	NA
NC_045512.2	2751	C	G	10729	5420	53	1	1	26	9.31966e-05	10730	1	FALSE	NA	NA	NA	NA	NA	NA
NC_045512.2	2752	T	G	10731	5443	53	1	1	34	9.31619e-05	10734	0.999513	FALSE	NA	NA	NA	NA	NA	NA
NC_045512.2	2752	T	C	10731	5443	53	1	1	46	9.31619e-05	10734	0.749988	FALSE	NA	NA	NA	NA	NA	NA
NC_045512.2	2752	T	A	10731	5443	53	1	0	34	9.31619e-05	10734	0.999513	FALSE	NA	NA	NA	NA	NA	NA
NC_045512.2	2752	T	+G	10731	5443	53	1	0	20	9.31619e-05	10734	1	FALSE	NA	NA	NA	NA	NA	NA
NC_045512.2	2753	G	T	11012	5465	53	2	1	51	0.000181571	11015	0.249989	FALSE	NA	NA	NA	NA	NA	NA
NC_045512.2	2753	G	C	11012	5465	53	1	0	20	9.07853e-05	11015	1	FALSE	NA	NA	NA	NA	NA	NA
NC_045512.2	2754	T	C	11039	5465	53	1	1	24	9.05797e-05	11040	1	FALSE	NA	NA	NA	NA	NA	NA
NC_045512.2	2755	G	T	11004	5390	52	4	3	26	0.000363207	11013	1	FALSE	NA	NA	NA	NA	NA	NA
NC_045512.2	2755	G	C	11004	5390	52	4	4	30	0.000363207	11013	0.982422	FALSE	NA	NA	NA	NA	NA	NA
NC_045512.2	2755	G	A	11004	5390	52	1	0	34	9.08018e-05	11013	0.999756	FALSE	NA	NA	NA	NA	NA	NA
NC_045512.2	2756	A	G	11145	5536	53	1	0	34	8.97183e-05	11146	0.999757	FALSE	NA	NA	NA	NA	NA	NA
NC_045512.2	2757	T	G	11083	5495	53	1	1	26	9.0212e-05	11085	1	FALSE	NA	NA	NA	NA	NA	NA
NC_045512.2	2757	T	C	11083	5495	53	1	1	68	9.0212e-05	11085	0.5	FALSE	NA	NA	NA	NA	NA	NA
NC_045512.2	2758	A	T	10857	5498	52	1	0	26	9.2098e-05	10858	1	FALSE	NA	NA	NA	NA	NA	NA
NC_045512.2	2759	G	T	10940	5409	52	1	0	26	9.1391e-05	10942	1	FALSE	NA	NA	NA	NA	NA	NA
NC_045512.2	2759	G	C	10940	5409	52	1	0	27	9.1391e-05	10942	1	FALSE	NA	NA	NA	NA	NA	NA
NC_045512.2	2761	A	T	10667	5323	53	2	1	30	0.000187406	10672	0.99683	FALSE	NA	NA	NA	NA	NA	NA
NC_045512.2	2761	A	C	10667	5323	53	3	0	26	0.000281109	10672	1	FALSE	NA	NA	NA	NA	NA	NA
NC_045512.2	2763	T	G	10289	4856	50	5	5	25	0.000485531	10298	1	FALSE	NA	NA	NA	NA	NA	NA
NC_045512.2	2763	T	C	10289	4856	50	2	1	31	0.000194212	10298	0.996824	FALSE	NA	NA	NA	NA	NA	NA
NC_045512.2	2763	T	A	10289	4856	50	2	1	30	0.000194212	10298	0.996824	FALSE	NA	NA	NA	NA	NA	NA
NC_045512.2	2764	G	T	10598	5192	52	1	1	27	9.43485e-05	10599	1	FALSE	NA	NA	NA	NA	NA	NA
NC_045512.2	2765	C	A	10565	5245	52	1	0	27	9.46432e-05	10566	1	FALSE	NA	NA	NA	NA	NA	NA
NC_045512.2	2768	G	T	11713	5496	51	1	1	68	8.53679e-05	11714	0.500021	FALSE	NA	NA	NA	NA	NA	NA
NC_045512.2	2769	G	T	11901	5561	51	1	1	34	8.39983e-05	11905	0.999756	FALSE	NA	NA	NA	NA	NA	NA
NC_045512.2	2769	G	C	11901	5561	51	2	0	30	0.000167997	11905	0.998294	FALSE	NA	NA	NA	NA	NA	NA
NC_045512.2	2769	G	A	11901	5561	51	1	0	68	8.39983e-05	11905	0.499958	FALSE	NA	NA	NA	NA	NA	NA
NC_045512.2	2771	T	G	11817	5445	52	1	1	26	8.46095e-05	11819	1	FALSE	NA	NA	NA	NA	NA	NA
NC_045512.2	2771	T	A	11817	5445	52	1	1	27	8.46095e-05	11819	1	FALSE	NA	NA	NA	NA	NA	NA
NC_045512.2	2772	A	T	11736	5411	51	2	0	34	0.000170387	11738	0.998296	FALSE	NA	NA	NA	NA	NA	NA
NC_045512.2	2773	C	T	11763	5412	51	1	1	34	8.49979e-05	11765	0.999757	FALSE	NA	NA	NA	NA	NA	NA
NC_045512.2	2773	C	G	11763	5412	51	1	0	27	8.49979e-05	11765	1	FALSE	NA	NA	NA	NA	NA	NA
NC_045512.2	2776	G	T	11707	5740	49	2	1	30	0.00017078	11711	0.998294	FALSE	NA	NA	NA	NA	NA	NA
NC_045512.2	2776	G	C	11707	5740	49	2	0	30	0.00017078	11711	0.998294	FALSE	NA	NA	NA	NA	NA	NA
NC_045512.2	2777	A	T	10232	4602	50	2	0	34	0.000195427	10234	0.996835	FALSE	NA	NA	NA	NA	NA	NA
NC_045512.2	2778	G	T	10405	4590	51	1	0	20	9.60892e-05	10407	1	FALSE	NA	NA	NA	NA	NA	NA
NC_045512.2	2778	G	C	10405	4590	51	1	1	26	9.60892e-05	10407	1	FALSE	NA	NA	NA	NA	NA	NA
NC_045512.2	2779	T	G	10091	4415	50	4	4	27	0.000396236	10095	1	FALSE	NA	NA	NA	NA	NA	NA
NC_045512.2	2781	T	G	10111	4419	51	1	1	26	9.88924e-05	10112	1	FALSE	NA	NA	NA	NA	NA	NA
NC_045512.2	2784	A	T	10088	4579	51	1	1	27	9.9108e-05	10090	1	FALSE	NA	NA	NA	NA	NA	NA
NC_045512.2	2784	A	C	10088	4579	51	1	0	27	9.9108e-05	10090	1	FALSE	NA	NA	NA	NA	NA	NA
NC_045512.2	2786	A	T	9954	4528	51	1	1	34	0.000100452	9955	0.999026	FALSE	NA	NA	NA	NA	NA	NA
NC_045512.2	2787	T	G	10050	4451	51	1	1	34	9.94926e-05	10051	0.999513	FALSE	NA	NA	NA	NA	NA	NA
NC_045512.2	2787	T	-CA	10050	4451	51	1	0	20	9.94926e-05	10051	1	FALSE	NA	NA	NA	NA	NA	NA
NC_045512.2	2788	C	G	9965	4419	51	1	1	26	0.000100331	9967	1	FALSE	NA	NA	NA	NA	NA	NA
NC_045512.2	2788	C	A	9965	4419	51	1	0	27	0.000100331	9967	1	FALSE	NA	NA	NA	NA	NA	NA
NC_045512.2	2789	A	G	9977	4489	52	1	0	34	0.00010021	9979	0.999026	FALSE	NA	NA	NA	NA	NA	NA
NC_045512.2	2789	A	C	9977	4489	52	1	1	34	0.00010021	9979	0.999026	FALSE	NA	NA	NA	NA	NA	NA
NC_045512.2	2789	A	-C	9977	4489	52	4	0	20	0.000400842	9979	1	FALSE	NA	NA	NA	NA	NA	NA
NC_045512.2	2790	C	T	0	0	0	9850	4483	51	0.999898	9851	0	TRUE	NA	NA	NA	NA	NA	NA
NC_045512.2	2790	C	G	0	0	0	1	1	68	0.000101513	9851	0.000101471	TRUE	NA	NA	NA	NA	NA	NA
NC_045512.2	2791	T	A	10014	4636	52	1	0	26	9.98502e-05	10015	1	FALSE	NA	NA	NA	NA	NA	NA
NC_045512.2	2792	T	G	9937	4515	51	1	0	34	0.000100614	9939	0.999026	FALSE	NA	NA	NA	NA	NA	NA
NC_045512.2	2792	T	A	9937	4515	51	1	0	34	0.000100614	9939	0.999026	FALSE	NA	NA	NA	NA	NA	NA
NC_045512.2	2793	T	G	10084	4687	53	1	0	26	9.91572e-05	10085	1	FALSE	NA	NA	NA	NA	NA	NA
NC_045512.2	2793	T	+G	10084	4687	53	2	0	20	0.000198314	10085	1	FALSE	NA	NA	NA	NA	NA	NA
NC_045512.2	2794	T	C	10061	4656	52	1	0	68	9.93838e-05	10062	0.500025	FALSE	NA	NA	NA	NA	NA	NA
NC_045512.2	2794	T	+G	10061	4656	52	1	0	20	9.93838e-05	10062	1	FALSE	NA	NA	NA	NA	NA	NA
NC_045512.2	2794	T	+A	10061	4656	52	1	0	20	9.93838e-05	10062	1	FALSE	NA	NA	NA	NA	NA	NA
NC_045512.2	2795	G	T	10020	4639	52	1	0	24	9.97805e-05	10022	1	FALSE	NA	NA	NA	NA	NA	NA
NC_045512.2	2795	G	A	10020	4639	52	1	1	68	9.97805e-05	10022	0.5	FALSE	NA	NA	NA	NA	NA	NA
NC_045512.2	2796	A	C	10060	4706	52	1	0	26	9.93937e-05	10061	1	FALSE	NA	NA	NA	NA	NA	NA
NC_045512.2	2797	A	T	9827	4802	51	1	0	27	0.000101667	9836	1	FALSE	NA	NA	NA	NA	NA	NA
NC_045512.2	2797	A	C	9827	4802	51	8	1	27	0.000813339	9836	1	FALSE	NA	NA	NA	NA	NA	NA
NC_045512.2	2798	C	A	10037	4778	53	1	1	60	9.96214e-05	10038	0.500025	FALSE	NA	NA	NA	NA	NA	NA
NC_045512.2	2799	T	G	9727	4429	50	4	4	30	0.000410973	9733	0.953893	FALSE	NA	NA	NA	NA	NA	NA
NC_045512.2	2799	T	A	9727	4429	50	2	1	51	0.000205486	9733	0.24991	FALSE	NA	NA	NA	NA	NA	NA
NC_045512.2	2801	G	T	10032	4700	53	2	2	27	0.000199263	10037	1	FALSE	NA	NA	NA	NA	NA	NA
NC_045512.2	2801	G	C	10032	4700	53	3	2	29	0.000298894	10037	1	FALSE	NA	NA	NA	NA	NA	NA
NC_045512.2	2803	T	G	9893	4651	51	4	4	30	0.000404	9901	0.953857	FALSE	NA	NA	NA	NA	NA	NA
NC_045512.2	2803	T	C	9893	4651	51	4	3	33	0.000404	9901	0.953857	FALSE	NA	NA	NA	NA	NA	NA
NC_045512.2	2804	G	-A	10015	4915	52	1	0	20	9.98502e-05	10015	1	FALSE	NA	NA	NA	NA	NA	NA
NC_045512.2	2806	A	G	9913	5003	51	1	0	24	0.000100857	9915	1	FALSE	NA	NA	NA	NA	NA	NA
NC_045512.2	2806	A	C	9913	5003	51	1	0	34	0.000100857	9915	0.999026	FALSE	NA	NA	NA	NA	NA	NA
NC_045512.2	2807	A	C	9997	5066	52	1	0	20	0.00010002	9998	1	FALSE	NA	NA	NA	NA	NA	NA
NC_045512.2	2808	G	T	10030	5032	51	1	0	68	9.9681e-05	10032	0.5	FALSE	NA	NA	NA	NA	NA	NA
NC_045512.2	2808	G	C	10030	5032	51	1	1	27	9.9681e-05	10032	1	FALSE	NA	NA	NA	NA	NA	NA
NC_045512.2	2809	G	T	10099	5157	50	1	1	46	9.89903e-05	10102	0.749988	FALSE	NA	NA	NA	NA	NA	NA
NC_045512.2	2809	G	A	10099	5157	50	2	0	34	0.000197981	10102	0.996833	FALSE	NA	NA	NA	NA	NA	NA
NC_045512.2	2810	A	G	10123	5241	51	1	0	26	9.87752e-05	10124	1	FALSE	NA	NA	NA	NA	NA	NA
NC_045512.2	2811	T	G	9872	4973	49	5	4	25	0.000506227	9877	1	FALSE	NA	NA	NA	NA	NA	NA
NC_045512.2	2812	T	G	10106	5241	51	1	0	34	9.89022e-05	10111	0.999512	FALSE	NA	NA	NA	NA	NA	NA
NC_045512.2	2812	T	C	10106	5241	51	2	1	46	0.000197804	10111	0.499926	FALSE	NA	NA	NA	NA	NA	NA
NC_045512.2	2812	T	A	10106	5241	51	2	2	34	0.000197804	10111	0.99683	FALSE	NA	NA	NA	NA	NA	NA
NC_045512.2	2815	T	C	10491	5365	51	1	1	34	9.53107e-05	10492	0.999513	FALSE	NA	NA	NA	NA	NA	NA
NC_045512.2	2816	A	T	10224	5355	50	1	1	26	9.77899e-05	10226	1	FALSE	NA	NA	NA	NA	NA	NA
NC_045512.2	2816	A	G	10224	5355	50	1	0	68	9.77899e-05	10226	0.5	FALSE	NA	NA	NA	NA	NA	NA
NC_045512.2	2817	A	T	10352	5311	51	1	0	27	9.65904e-05	10353	1	FALSE	NA	NA	NA	NA	NA	NA
NC_045512.2	2818	A	T	9836	5277	50	1	1	34	0.000101626	9840	0.999025	FALSE	NA	NA	NA	NA	NA	NA
NC_045512.2	2818	A	C	9836	5277	50	3	0	26	0.000304878	9840	1	FALSE	NA	NA	NA	NA	NA	NA
NC_045512.2	2819	G	A	10291	5277	51	1	0	68	9.71628e-05	10292	0.500024	FALSE	NA	NA	NA	NA	NA	NA
NC_045512.2	2820	T	A	10249	5348	51	2	1	30	0.000195103	10251	0.996835	FALSE	NA	NA	NA	NA	NA	NA
NC_045512.2	2821	A	T	10367	5354	51	1	1	26	9.64506e-05	10368	1	FALSE	NA	NA	NA	NA	NA	NA
NC_045512.2	2822	C	A	10345	5386	51	1	0	27	9.66557e-05	10346	1	FALSE	NA	NA	NA	NA	NA	NA
NC_045512.2	2823	T	G	9723	4822	50	4	2	26	0.000411226	9727	1	FALSE	NA	NA	NA	NA	NA	NA
NC_045512.2	2824	T	A	9999	5244	51	2	2	27	0.00019998	10001	1	FALSE	NA	NA	NA	NA	NA	NA
NC_045512.2	2825	A	T	10028	5310	52	1	0	26	9.97108e-05	10029	1	FALSE	NA	NA	NA	NA	NA	NA
NC_045512.2	2826	A	T	9825	5403	51	1	1	27	0.00010175	9828	1	FALSE	NA	NA	NA	NA	NA	NA
NC_045512.2	2826	A	C	9825	5403	51	2	0	30	0.0002035	9828	0.994152	FALSE	NA	NA	NA	NA	NA	NA
NC_045512.2	2827	T	G	9941	5283	51	1	1	27	0.000100583	9942	1	FALSE	NA	NA	NA	NA	NA	NA
NC_045512.2	2828	G	C	9910	5352	51	2	0	26	0.000201776	9912	1	FALSE	NA	NA	NA	NA	NA	NA
NC_045512.2	2829	A	T	9913	5346	51	1	0	20	0.000100857	9915	1	FALSE	NA	NA	NA	NA	NA	NA
NC_045512.2	2829	A	G	9913	5346	51	1	0	46	0.000100857	9915	0.5	FALSE	NA	NA	NA	NA	NA	NA
NC_045512.2	2830	G	C	9830	5283	51	1	0	27	0.000101719	9831	1	FALSE	NA	NA	NA	NA	NA	NA
NC_045512.2	2831	A	G	9771	5349	49	1	1	34	0.000102333	9772	0.999026	FALSE	NA	NA	NA	NA	NA	NA
NC_045512.2	2832	A	G	9793	5413	52	1	1	24	0.000102082	9796	1	FALSE	NA	NA	NA	NA	NA	NA
NC_045512.2	2832	A	C	9793	5413	52	2	0	34	0.000204165	9796	0.994152	FALSE	NA	NA	NA	NA	NA	NA
NC_045512.2	2833	G	C	9809	5372	52	1	1	27	0.000101937	9810	1	FALSE	NA	NA	NA	NA	NA	NA
NC_045512.2	2834	T	G	9535	5246	50	2	2	27	0.000209688	9538	1	FALSE	NA	NA	NA	NA	NA	NA
NC_045512.2	2834	T	A	9535	5246	50	1	1	20	0.000104844	9538	1	FALSE	NA	NA	NA	NA	NA	NA
NC_045512.2	2835	G	T	9578	5225	51	1	1	27	0.000104395	9579	1	FALSE	NA	NA	NA	NA	NA	NA
NC_045512.2	2836	C	G	9570	5443	51	1	1	34	0.00010445	9574	0.999025	FALSE	NA	NA	NA	NA	NA	NA
NC_045512.2	2836	C	A	9570	5443	51	3	0	27	0.000313349	9574	1	FALSE	NA	NA	NA	NA	NA	NA
NC_045512.2	2838	C	G	9550	5359	52	1	1	26	0.000104701	9551	1	FALSE	NA	NA	NA	NA	NA	NA
NC_045512.2	2839	T	A	9395	5213	52	1	1	27	0.000106428	9396	1	FALSE	NA	NA	NA	NA	NA	NA
NC_045512.2	2840	G	C	9329	5201	52	1	0	20	0.000107181	9330	1	FALSE	NA	NA	NA	NA	NA	NA
NC_045512.2	2841	C	T	9246	5226	51	2	1	51	0.000216216	9250	0.249959	FALSE	NA	NA	NA	NA	NA	NA
NC_045512.2	2841	C	G	9246	5226	51	2	2	30	0.000216216	9250	0.994149	FALSE	NA	NA	NA	NA	NA	NA
NC_045512.2	2842	C	G	9112	5179	51	1	0	27	0.000109733	9113	1	FALSE	NA	NA	NA	NA	NA	NA
NC_045512.2	2843	T	G	9096	5156	52	1	0	34	0.000109914	9098	0.999026	FALSE	NA	NA	NA	NA	NA	NA
NC_045512.2	2843	T	C	9096	5156	52	1	1	68	0.000109914	9098	0.5	FALSE	NA	NA	NA	NA	NA	NA
NC_045512.2	2845	T	G	8959	5055	52	2	1	27	0.00022314	8963	1	FALSE	NA	NA	NA	NA	NA	NA
NC_045512.2	2845	T	A	8959	5055	52	2	2	34	0.00022314	8963	0.98927	FALSE	NA	NA	NA	NA	NA	NA
NC_045512.2	2846	A	G	8930	5091	52	1	0	24	0.00011197	8931	1	FALSE	NA	NA	NA	NA	NA	NA
NC_045512.2	2848	A	G	8135	4456	52	1	0	68	0.000122911	8136	0.500031	FALSE	NA	NA	NA	NA	NA	NA
NC_045512.2	2849	G	T	8008	4321	52	2	1	30	0.000249688	8010	0.989282	FALSE	NA	NA	NA	NA	NA	NA
NC_045512.2	2850	T	G	7597	4157	49	2	2	23	0.000263123	7601	1	FALSE	NA	NA	NA	NA	NA	NA
NC_045512.2	2850	T	C	7597	4157	49	1	1	27	0.000131562	7601	1	FALSE	NA	NA	NA	NA	NA	NA
NC_045512.2	2850	T	A	7597	4157	49	1	0	34	0.000131562	7601	0.996097	FALSE	NA	NA	NA	NA	NA	NA
NC_045512.2	2851	T	G	7830	4274	51	1	1	27	0.000127681	7832	1	FALSE	NA	NA	NA	NA	NA	NA
NC_045512.2	2851	T	C	7830	4274	51	1	0	46	0.000127681	7832	0.5	FALSE	NA	NA	NA	NA	NA	NA
NC_045512.2	2852	G	T	7858	4317	52	1	1	26	0.000127243	7859	1	FALSE	NA	NA	NA	NA	NA	NA
NC_045512.2	2853	A	G	7682	4300	51	1	0	34	0.000130141	7684	0.996101	FALSE	NA	NA	NA	NA	NA	NA
NC_045512.2	2853	A	C	7682	4300	51	1	1	27	0.000130141	7684	1	FALSE	NA	NA	NA	NA	NA	NA
NC_045512.2	2854	A	G	11348	5704	46	1	0	34	8.81135e-05	11349	0.999757	FALSE	NA	NA	NA	NA	NA	NA
NC_045512.2	2856	T	G	11315	5474	46	4	4	26	0.000353388	11319	1	FALSE	NA	NA	NA	NA	NA	NA
NC_045512.2	2858	G	C	11197	5393	46	1	1	26	8.93017e-05	11198	1	FALSE	NA	NA	NA	NA	NA	NA
NC_045512.2	2859	G	C	11669	5726	45	1	0	27	8.56678e-05	11673	1	FALSE	NA	NA	NA	NA	NA	NA
NC_045512.2	2859	G	A	11669	5726	45	3	2	34	0.000257003	11673	0.993543	FALSE	NA	NA	NA	NA	NA	NA
NC_045512.2	2860	T	G	11765	5814	45	4	2	26	0.000339818	11771	1	FALSE	NA	NA	NA	NA	NA	NA
NC_045512.2	2860	T	C	11765	5814	45	1	1	27	8.49545e-05	11771	1	FALSE	NA	NA	NA	NA	NA	NA
NC_045512.2	2860	T	A	11765	5814	45	1	0	27	8.49545e-05	11771	1	FALSE	NA	NA	NA	NA	NA	NA
NC_045512.2	2861	A	G	11528	5791	45	1	0	27	8.67303e-05	11530	1	FALSE	NA	NA	NA	NA	NA	NA
NC_045512.2	2861	A	C	11528	5791	45	1	0	20	8.67303e-05	11530	1	FALSE	NA	NA	NA	NA	NA	NA
NC_045512.2	2862	C	T	11747	5883	45	1	1	34	8.51136e-05	11749	0.999757	FALSE	NA	NA	NA	NA	NA	NA
NC_045512.2	2862	C	G	11747	5883	45	1	1	26	8.51136e-05	11749	1	FALSE	NA	NA	NA	NA	NA	NA
NC_045512.2	2864	G	A	11819	5718	45	1	1	68	8.46024e-05	11820	0.500021	FALSE	NA	NA	NA	NA	NA	NA
NC_045512.2	2865	A	T	12082	5977	46	1	1	34	8.27472e-05	12085	0.999878	FALSE	NA	NA	NA	NA	NA	NA
NC_045512.2	2865	A	G	12082	5977	46	2	1	34	0.000165494	12085	0.999087	FALSE	NA	NA	NA	NA	NA	NA
NC_045512.2	2866	A	C	11957	5950	45	1	1	34	8.3626e-05	11958	0.999757	FALSE	NA	NA	NA	NA	NA	NA
NC_045512.2	2867	G	C	12027	5831	46	2	2	34	0.000166265	12029	0.999087	FALSE	NA	NA	NA	NA	NA	NA
NC_045512.2	2868	T	G	11362	5358	45	1	1	26	8.80049e-05	11363	1	FALSE	NA	NA	NA	NA	NA	NA
NC_045512.2	2868	T	-A	11362	5358	45	1	0	20	8.80049e-05	11363	1	FALSE	NA	NA	NA	NA	NA	NA
NC_045512.2	2870	A	T	11415	5565	46	1	1	34	8.75964e-05	11416	0.999757	FALSE	NA	NA	NA	NA	NA	NA
NC_045512.2	2871	A	G	10448	5559	43	1	0	34	9.56572e-05	10454	0.999512	FALSE	NA	NA	NA	NA	NA	NA
NC_045512.2	2871	A	C	10448	5559	43	5	0	25	0.000478286	10454	1	FALSE	NA	NA	NA	NA	NA	NA
NC_045512.2	2872	T	C	11335	5424	45	2	1	27	0.000176398	11338	1	FALSE	NA	NA	NA	NA	NA	NA
NC_045512.2	2872	T	A	11335	5424	45	1	1	34	8.8199e-05	11338	0.999756	FALSE	NA	NA	NA	NA	NA	NA
NC_045512.2	2873	G	C	11651	5631	46	2	1	27	0.000171615	11654	1	FALSE	NA	NA	NA	NA	NA	NA
NC_045512.2	2873	G	A	11651	5631	46	1	1	68	8.58074e-05	11654	0.499979	FALSE	NA	NA	NA	NA	NA	NA
NC_045512.2	2874	A	T	11294	5336	46	3	3	40	0.000265534	11298	0.312483	FALSE	NA	NA	NA	NA	NA	NA
NC_045512.2	2874	A	G	11294	5336	46	1	0	34	8.85112e-05	11298	0.999756	FALSE	NA	NA	NA	NA	NA	NA
NC_045512.2	2876	T	G	10740	4860	44	5	5	29	0.000465333	10745	1	FALSE	NA	NA	NA	NA	NA	NA
NC_045512.2	2877	T	A	11114	5242	45	2	1	40	0.000179921	11116	0.500034	FALSE	NA	NA	NA	NA	NA	NA
NC_045512.2	2878	C	G	11465	5496	46	1	1	26	8.72144e-05	11466	1	FALSE	NA	NA	NA	NA	NA	NA
NC_045512.2	2879	G	T	11483	5577	47	1	1	34	8.70625e-05	11486	0.999756	FALSE	NA	NA	NA	NA	NA	NA
NC_045512.2	2879	G	A	11483	5577	47	2	1	40	0.000174125	11486	0.5	FALSE	NA	NA	NA	NA	NA	NA
NC_045512.2	2880	C	T	10193	4681	45	1	1	34	9.80873e-05	10195	0.999513	FALSE	NA	NA	NA	NA	NA	NA
NC_045512.2	2880	C	A	10193	4681	45	1	0	34	9.80873e-05	10195	0.999513	FALSE	NA	NA	NA	NA	NA	NA
NC_045512.2	2881	C	G	10269	4831	46	3	1	31	0.000292056	10272	0.988795	FALSE	NA	NA	NA	NA	NA	NA
NC_045512.2	2882	T	G	10297	4805	46	1	1	27	9.70968e-05	10299	1	FALSE	NA	NA	NA	NA	NA	NA
NC_045512.2	2882	T	C	10297	4805	46	1	0	34	9.70968e-05	10299	0.999513	FALSE	NA	NA	NA	NA	NA	NA
NC_045512.2	2884	T	A	10599	5074	47	1	1	20	9.43396e-05	10600	1	FALSE	NA	NA	NA	NA	NA	NA
NC_045512.2	2885	G	T	10585	4881	46	1	1	26	9.44644e-05	10586	1	FALSE	NA	NA	NA	NA	NA	NA
NC_045512.2	2888	G	C	10833	5138	47	1	1	27	9.2302e-05	10834	1	FALSE	NA	NA	NA	NA	NA	NA
NC_045512.2	2888	G	+T	10833	5138	47	1	0	20	9.2302e-05	10834	1	FALSE	NA	NA	NA	NA	NA	NA
NC_045512.2	2889	T	G	10774	5121	46	2	2	23	0.000185598	10776	1	FALSE	NA	NA	NA	NA	NA	NA
NC_045512.2	2890	G	T	10931	5162	47	1	1	26	9.14495e-05	10935	1	FALSE	NA	NA	NA	NA	NA	NA
NC_045512.2	2890	G	C	10931	5162	47	2	1	34	0.000182899	10935	0.996831	FALSE	NA	NA	NA	NA	NA	NA
NC_045512.2	2890	G	A	10931	5162	47	1	1	38	9.14495e-05	10935	0.999512	FALSE	NA	NA	NA	NA	NA	NA
NC_045512.2	2891	G	T	10840	5107	46	1	1	27	9.22254e-05	10843	1	FALSE	NA	NA	NA	NA	NA	NA
NC_045512.2	2891	G	C	10840	5107	46	2	2	30	0.000184451	10843	0.996833	FALSE	NA	NA	NA	NA	NA	NA
NC_045512.2	2894	G	T	10981	5251	46	2	2	27	0.0001821	10983	1	FALSE	NA	NA	NA	NA	NA	NA
NC_045512.2	2895	A	T	10941	5317	46	1	1	34	9.13743e-05	10944	0.999513	FALSE	NA	NA	NA	NA	NA	NA
NC_045512.2	2895	A	G	10941	5317	46	2	1	34	0.000182749	10944	0.996833	FALSE	NA	NA	NA	NA	NA	NA
NC_045512.2	2896	T	A	10920	5289	46	1	1	34	9.15667e-05	10921	0.999513	FALSE	NA	NA	NA	NA	NA	NA
NC_045512.2	2897	G	T	10845	5207	46	3	3	29	0.000276498	10850	1	FALSE	NA	NA	NA	NA	NA	NA
NC_045512.2	2897	G	C	10845	5207	46	1	0	27	9.21659e-05	10850	1	FALSE	NA	NA	NA	NA	NA	NA
NC_045512.2	2897	G	A	10845	5207	46	1	0	68	9.21659e-05	10850	0.499931	FALSE	NA	NA	NA	NA	NA	NA
NC_045512.2	2898	C	G	10866	5399	46	1	0	27	9.20132e-05	10868	1	FALSE	NA	NA	NA	NA	NA	NA
NC_045512.2	2898	C	A	10866	5399	46	1	0	27	9.20132e-05	10868	1	FALSE	NA	NA	NA	NA	NA	NA
NC_045512.2	2899	T	C	10887	5253	45	2	2	34	0.000183655	10890	0.996833	FALSE	NA	NA	NA	NA	NA	NA
NC_045512.2	2899	T	A	10887	5253	45	1	1	27	9.18274e-05	10890	1	FALSE	NA	NA	NA	NA	NA	NA
NC_045512.2	2901	T	G	11051	5495	46	1	0	27	9.04814e-05	11052	1	FALSE	NA	NA	NA	NA	NA	NA
NC_045512.2	2902	C	G	11322	5584	47	2	2	23	0.000176616	11324	1	FALSE	NA	NA	NA	NA	NA	NA
NC_045512.2	2904	T	C	11357	5694	47	1	1	34	8.80437e-05	11358	0.999757	FALSE	NA	NA	NA	NA	NA	NA
NC_045512.2	2905	A	T	11294	5736	47	4	2	59	0.00035392	11302	0.0624502	FALSE	NA	NA	NA	NA	NA	NA
NC_045512.2	2905	A	G	11294	5736	47	4	1	30	0.00035392	11302	0.982429	FALSE	NA	NA	NA	NA	NA	NA
NC_045512.2	2906	A	T	11398	5792	47	1	0	27	8.7727e-05	11399	1	FALSE	NA	NA	NA	NA	NA	NA
NC_045512.2	2907	A	C	10680	5803	45	3	1	28	0.00028082	10683	1	FALSE	NA	NA	NA	NA	NA	NA
NC_045512.2	2908	A	C	11331	5752	47	1	0	24	8.82457e-05	11332	1	FALSE	NA	NA	NA	NA	NA	NA
NC_045512.2	2909	A	T	10585	5731	44	1	1	26	9.44198e-05	10591	1	FALSE	NA	NA	NA	NA	NA	NA
NC_045512.2	2909	A	G	10585	5731	44	1	1	68	9.44198e-05	10591	0.499906	FALSE	NA	NA	NA	NA	NA	NA
NC_045512.2	2909	A	C	10585	5731	44	4	0	30	0.000377679	10591	0.971342	FALSE	NA	NA	NA	NA	NA	NA
NC_045512.2	2910	C	G	11278	5782	47	1	1	26	8.86525e-05	11280	1	FALSE	NA	NA	NA	NA	NA	NA
NC_045512.2	2910	C	A	11278	5782	47	1	1	34	8.86525e-05	11280	0.999757	FALSE	NA	NA	NA	NA	NA	NA
NC_045512.2	2911	T	G	10747	5226	46	4	4	28	0.00037192	10755	1	FALSE	NA	NA	NA	NA	NA	NA
NC_045512.2	2911	T	C	10747	5226	46	2	2	47	0.00018596	10755	0.499826	FALSE	NA	NA	NA	NA	NA	NA
NC_045512.2	2911	T	A	10747	5226	46	2	1	68	0.00018596	10755	0.249872	FALSE	NA	NA	NA	NA	NA	NA
NC_045512.2	2912	T	C	11045	5639	47	2	1	26	0.000181012	11049	1	FALSE	NA	NA	NA	NA	NA	NA
NC_045512.2	2912	T	A	11045	5639	47	2	0	26	0.000181012	11049	1	FALSE	NA	NA	NA	NA	NA	NA
NC_045512.2	2913	T	G	11088	5726	47	1	0	27	9.01713e-05	11090	1	FALSE	NA	NA	NA	NA	NA	NA
NC_045512.2	2913	T	C	11088	5726	47	1	1	34	9.01713e-05	11090	0.999757	FALSE	NA	NA	NA	NA	NA	NA
NC_045512.2	2914	G	T	10877	5488	46	2	2	30	0.000183824	10880	0.996833	FALSE	NA	NA	NA	NA	NA	NA
NC_045512.2	2914	G	A	10877	5488	46	1	1	34	9.19118e-05	10880	0.999513	FALSE	NA	NA	NA	NA	NA	NA
NC_045512.2	2914	G	-C	10877	5488	46	1	0	20	9.19118e-05	10880	1	FALSE	NA	NA	NA	NA	NA	NA
NC_045512.2	2915	C	A	10945	5748	46	4	0	24	0.00036533	10949	1	FALSE	NA	NA	NA	NA	NA	NA
NC_045512.2	2916	A	T	10954	5723	47	1	1	27	9.12575e-05	10958	1	FALSE	NA	NA	NA	NA	NA	NA
NC_045512.2	2916	A	C	10954	5723	47	3	1	25	0.000273773	10958	1	FALSE	NA	NA	NA	NA	NA	NA
NC_045512.2	2917	A	G	11048	5775	47	1	1	68	9.05059e-05	11049	0.500023	FALSE	NA	NA	NA	NA	NA	NA
NC_045512.2	2919	C	G	10934	6133	45	1	1	20	9.14495e-05	10935	1	FALSE	NA	NA	NA	NA	NA	NA
NC_045512.2	2920	A	C	10977	6120	45	2	1	27	0.000182166	10979	1	FALSE	NA	NA	NA	NA	NA	NA
NC_045512.2	2921	G	C	11010	5948	44	3	3	29	0.000272405	11013	1	FALSE	NA	NA	NA	NA	NA	NA
NC_045512.2	2922	T	C	11061	6098	45	2	1	34	0.000180766	11064	0.998295	FALSE	NA	NA	NA	NA	NA	NA
NC_045512.2	2922	T	A	11061	6098	45	1	1	27	9.03832e-05	11064	1	FALSE	NA	NA	NA	NA	NA	NA
NC_045512.2	2923	A	T	11196	6305	45	1	1	34	8.92937e-05	11199	0.999756	FALSE	NA	NA	NA	NA	NA	NA
NC_045512.2	2923	A	G	11196	6305	45	1	1	68	8.92937e-05	11199	0.499978	FALSE	NA	NA	NA	NA	NA	NA
NC_045512.2	2923	A	C	11196	6305	45	1	0	20	8.92937e-05	11199	1	FALSE	NA	NA	NA	NA	NA	NA
NC_045512.2	2924	T	C	11245	6233	45	1	0	68	8.89205e-05	11246	0.500022	FALSE	NA	NA	NA	NA	NA	NA
NC_045512.2	2925	C	G	11311	6319	45	2	2	27	0.000176788	11313	1	FALSE	NA	NA	NA	NA	NA	NA
NC_045512.2	2926	T	C	11131	6116	45	2	1	34	0.000179646	11133	0.998296	FALSE	NA	NA	NA	NA	NA	NA
NC_045512.2	2927	G	T	11412	6254	45	3	2	29	0.000262766	11417	1	FALSE	NA	NA	NA	NA	NA	NA
NC_045512.2	2927	G	C	11412	6254	45	2	0	26	0.000175177	11417	1	FALSE	NA	NA	NA	NA	NA	NA
NC_045512.2	2928	A	C	11355	6242	45	2	1	43	0.000176103	11357	0.500033	FALSE	NA	NA	NA	NA	NA	NA
NC_045512.2	2929	A	C	11194	6347	45	2	0	23	0.000178635	11196	1	FALSE	NA	NA	NA	NA	NA	NA
NC_045512.2	2930	T	G	11236	6117	45	2	1	26	0.000177968	11238	1	FALSE	NA	NA	NA	NA	NA	NA
NC_045512.2	2931	T	G	11222	6116	45	1	0	26	8.91027e-05	11223	1	FALSE	NA	NA	NA	NA	NA	NA
NC_045512.2	2932	A	T	11504	6157	45	3	2	31	0.000260598	11512	0.993532	FALSE	NA	NA	NA	NA	NA	NA
NC_045512.2	2932	A	G	11504	6157	45	4	1	33	0.000347464	11512	0.982429	FALSE	NA	NA	NA	NA	NA	NA
NC_045512.2	2932	A	C	11504	6157	45	1	1	27	8.68659e-05	11512	1	FALSE	NA	NA	NA	NA	NA	NA
NC_045512.2	2933	C	G	11574	6186	45	1	1	26	8.63931e-05	11575	1	FALSE	NA	NA	NA	NA	NA	NA
NC_045512.2	2934	T	C	11581	6030	45	1	0	34	8.63334e-05	11583	0.999757	FALSE	NA	NA	NA	NA	NA	NA
NC_045512.2	2934	T	A	11581	6030	45	1	1	26	8.63334e-05	11583	1	FALSE	NA	NA	NA	NA	NA	NA
NC_045512.2	2935	T	G	11666	6236	45	1	1	27	8.56971e-05	11669	1	FALSE	NA	NA	NA	NA	NA	NA
NC_045512.2	2935	T	C	11666	6236	45	2	1	34	0.000171394	11669	0.998295	FALSE	NA	NA	NA	NA	NA	NA
NC_045512.2	2936	A	G	11500	6073	45	1	1	24	8.6949e-05	11501	1	FALSE	NA	NA	NA	NA	NA	NA
NC_045512.2	2936	A	+C	11500	6073	45	1	0	20	8.6949e-05	11501	1	FALSE	NA	NA	NA	NA	NA	NA
NC_045512.2	2938	A	T	11441	5986	45	1	1	34	8.7382e-05	11444	0.999756	FALSE	NA	NA	NA	NA	NA	NA
NC_045512.2	2938	A	G	11441	5986	45	1	0	34	8.7382e-05	11444	0.999756	FALSE	NA	NA	NA	NA	NA	NA
NC_045512.2	2938	A	C	11441	5986	45	1	1	34	8.7382e-05	11444	0.999756	FALSE	NA	NA	NA	NA	NA	NA
NC_045512.2	2938	A	+C	11441	5986	45	3	0	20	0.000262146	11444	1	FALSE	NA	NA	NA	NA	NA	NA
NC_045512.2	2939	C	G	11710	6079	45	1	1	34	8.53752e-05	11713	0.999756	FALSE	NA	NA	NA	NA	NA	NA
NC_045512.2	2939	C	A	11710	6079	45	2	1	30	0.00017075	11713	0.998295	FALSE	NA	NA	NA	NA	NA	NA
NC_045512.2	2940	C	T	11584	6130	45	1	1	34	8.63111e-05	11586	0.999757	FALSE	NA	NA	NA	NA	NA	NA
NC_045512.2	2940	C	A	11584	6130	45	1	0	26	8.63111e-05	11586	1	FALSE	NA	NA	NA	NA	NA	NA
NC_045512.2	2941	A	T	11353	5851	45	1	0	34	8.80669e-05	11355	0.999757	FALSE	NA	NA	NA	NA	NA	NA
NC_045512.2	2941	A	C	11353	5851	45	1	0	34	8.80669e-05	11355	0.999757	FALSE	NA	NA	NA	NA	NA	NA
NC_045512.2	2942	C	G	11406	5862	45	2	2	26	0.000175285	11410	1	FALSE	NA	NA	NA	NA	NA	NA
NC_045512.2	2942	C	A	11406	5862	45	2	0	20	0.000175285	11410	1	FALSE	NA	NA	NA	NA	NA	NA
NC_045512.2	2943	T	G	11037	5463	45	7	7	28	0.000633771	11045	1	FALSE	NA	NA	NA	NA	NA	NA
NC_045512.2	2943	T	A	11037	5463	45	1	0	26	9.05387e-05	11045	1	FALSE	NA	NA	NA	NA	NA	NA
NC_045512.2	2944	G	C	11359	5799	46	1	0	34	8.80282e-05	11360	0.999757	FALSE	NA	NA	NA	NA	NA	NA
NC_045512.2	2946	G	T	11401	5742	46	2	2	25	0.000175362	11405	1	FALSE	NA	NA	NA	NA	NA	NA
NC_045512.2	2946	G	A	11401	5742	46	2	0	51	0.000175362	11405	0.249967	FALSE	NA	NA	NA	NA	NA	NA
NC_045512.2	2947	C	G	11367	5737	45	4	4	26	0.000351772	11371	1	FALSE	NA	NA	NA	NA	NA	NA
NC_045512.2	2948	A	C	10742	5649	45	10	1	26	0.00093006	10752	1	FALSE	NA	NA	NA	NA	NA	NA
NC_045512.2	2949	T	G	10736	5614	44	3	2	24	0.000279304	10741	1	FALSE	NA	NA	NA	NA	NA	NA
NC_045512.2	2949	T	C	10736	5614	44	1	1	34	9.31012e-05	10741	0.999512	FALSE	NA	NA	NA	NA	NA	NA
NC_045512.2	2949	T	A	10736	5614	44	1	0	27	9.31012e-05	10741	1	FALSE	NA	NA	NA	NA	NA	NA
NC_045512.2	2951	G	T	11291	5592	46	1	0	27	8.85583e-05	11292	1	FALSE	NA	NA	NA	NA	NA	NA
NC_045512.2	2952	A	T	11595	5747	46	1	1	26	8.62069e-05	11600	1	FALSE	NA	NA	NA	NA	NA	NA
NC_045512.2	2952	A	G	11595	5747	46	1	1	34	8.62069e-05	11600	0.999756	FALSE	NA	NA	NA	NA	NA	NA
NC_045512.2	2952	A	C	11595	5747	46	3	1	31	0.000258621	11600	0.99354	FALSE	NA	NA	NA	NA	NA	NA
NC_045512.2	2953	T	G	11210	5387	44	3	3	26	0.000267523	11214	1	FALSE	NA	NA	NA	NA	NA	NA
NC_045512.2	2953	T	C	11210	5387	44	1	0	20	8.91742e-05	11214	1	FALSE	NA	NA	NA	NA	NA	NA
NC_045512.2	2954	T	A	11206	5325	45	1	0	27	8.92299e-05	11207	1	FALSE	NA	NA	NA	NA	NA	NA
NC_045512.2	2955	T	G	11438	5585	46	1	1	26	8.74126e-05	11440	1	FALSE	NA	NA	NA	NA	NA	NA
NC_045512.2	2955	T	C	11438	5585	46	1	0	68	8.74126e-05	11440	0.5	FALSE	NA	NA	NA	NA	NA	NA
NC_045512.2	2956	A	T	11512	5665	46	1	0	34	8.68508e-05	11514	0.999757	FALSE	NA	NA	NA	NA	NA	NA
NC_045512.2	2956	A	G	11512	5665	46	1	1	38	8.68508e-05	11514	0.999757	FALSE	NA	NA	NA	NA	NA	NA
NC_045512.2	2958	A	T	11515	5682	45	3	2	31	0.000260439	11519	0.993543	FALSE	NA	NA	NA	NA	NA	NA
NC_045512.2	2958	A	C	11515	5682	45	1	1	27	8.68131e-05	11519	1	FALSE	NA	NA	NA	NA	NA	NA
NC_045512.2	2959	T	G	11378	5607	46	1	1	27	8.78812e-05	11379	1	FALSE	NA	NA	NA	NA	NA	NA
NC_045512.2	2960	G	T	11400	5766	46	1	1	27	8.77116e-05	11401	1	FALSE	NA	NA	NA	NA	NA	NA
NC_045512.2	2963	T	G	10901	5234	46	5	5	26	0.000458463	10906	1	FALSE	NA	NA	NA	NA	NA	NA
NC_045512.2	2965	G	T	11542	5567	46	1	0	26	8.66176e-05	11545	1	FALSE	NA	NA	NA	NA	NA	NA
NC_045512.2	2965	G	C	11542	5567	46	2	0	30	0.000173235	11545	0.998295	FALSE	NA	NA	NA	NA	NA	NA
NC_045512.2	2966	A	T	11670	5683	47	1	1	27	8.56751e-05	11672	1	FALSE	NA	NA	NA	NA	NA	NA
NC_045512.2	2966	A	G	11670	5683	47	1	1	34	8.56751e-05	11672	0.999757	FALSE	NA	NA	NA	NA	NA	NA
NC_045512.2	2967	G	T	11666	5581	46	1	1	27	8.56971e-05	11669	1	FALSE	NA	NA	NA	NA	NA	NA
NC_045512.2	2967	G	C	11666	5581	46	2	2	26	0.000171394	11669	1	FALSE	NA	NA	NA	NA	NA	NA
NC_045512.2	2968	T	A	11534	5794	48	2	2	26	0.00017337	11536	1	FALSE	NA	NA	NA	NA	NA	NA
NC_045512.2	2969	A	T	11529	5778	48	1	1	34	8.67077e-05	11533	0.999756	FALSE	NA	NA	NA	NA	NA	NA
NC_045512.2	2969	A	G	11529	5778	48	2	0	30	0.000173415	11533	0.998294	FALSE	NA	NA	NA	NA	NA	NA
NC_045512.2	2969	A	C	11529	5778	48	1	1	34	8.67077e-05	11533	0.999756	FALSE	NA	NA	NA	NA	NA	NA
NC_045512.2	2970	T	G	11706	5855	48	2	1	26	0.000170823	11708	1	FALSE	NA	NA	NA	NA	NA	NA
NC_045512.2	2971	G	C	11296	5576	48	1	1	34	8.85191e-05	11297	0.999757	FALSE	NA	NA	NA	NA	NA	NA
NC_045512.2	2973	C	A	11680	5841	49	1	0	26	8.56091e-05	11681	1	FALSE	NA	NA	NA	NA	NA	NA
NC_045512.2	2974	T	G	10805	5212	50	1	1	27	9.25326e-05	10807	1	FALSE	NA	NA	NA	NA	NA	NA
NC_045512.2	2974	T	C	10805	5212	50	1	1	68	9.25326e-05	10807	0.5	FALSE	NA	NA	NA	NA	NA	NA
NC_045512.2	2974	T	-A	10805	5212	50	1	0	20	9.25326e-05	10807	1	FALSE	NA	NA	NA	NA	NA	NA
NC_045512.2	2975	A	C	11048	5320	50	1	0	27	9.05059e-05	11049	1	FALSE	NA	NA	NA	NA	NA	NA
NC_045512.2	2976	C	T	10789	5235	50	2	0	34	0.000185305	10793	0.996831	FALSE	NA	NA	NA	NA	NA	NA
NC_045512.2	2976	C	G	10789	5235	50	1	0	27	9.26526e-05	10793	1	FALSE	NA	NA	NA	NA	NA	NA
NC_045512.2	2976	C	A	10789	5235	50	1	1	34	9.26526e-05	10793	0.999512	FALSE	NA	NA	NA	NA	NA	NA
NC_045512.2	2977	A	T	10893	5337	50	1	0	34	9.17936e-05	10894	0.999513	FALSE	NA	NA	NA	NA	NA	NA
NC_045512.2	2978	T	G	10938	5298	50	3	2	26	0.000274148	10943	1	FALSE	NA	NA	NA	NA	NA	NA
NC_045512.2	2978	T	A	10938	5298	50	2	1	26	0.000182765	10943	1	FALSE	NA	NA	NA	NA	NA	NA
NC_045512.2	2979	A	T	10729	5222	50	2	1	30	0.000186359	10732	0.996833	FALSE	NA	NA	NA	NA	NA	NA
NC_045512.2	2979	A	C	10729	5222	50	1	0	26	9.31793e-05	10732	1	FALSE	NA	NA	NA	NA	NA	NA
NC_045512.2	2980	C	G	10864	5297	50	1	0	27	9.20387e-05	10865	1	FALSE	NA	NA	NA	NA	NA	NA
NC_045512.2	2981	T	G	10384	4933	51	1	1	34	9.62649e-05	10388	0.999512	FALSE	NA	NA	NA	NA	NA	NA
NC_045512.2	2981	T	C	10384	4933	51	3	1	38	0.000288795	10388	0.98879	FALSE	NA	NA	NA	NA	NA	NA
NC_045512.2	2982	A	T	10229	4869	50	2	2	30	0.000195427	10234	0.99683	FALSE	NA	NA	NA	NA	NA	NA
NC_045512.2	2982	A	G	10229	4869	50	1	0	60	9.77135e-05	10234	0.499927	FALSE	NA	NA	NA	NA	NA	NA
NC_045512.2	2982	A	C	10229	4869	50	2	0	26	0.000195427	10234	1	FALSE	NA	NA	NA	NA	NA	NA
NC_045512.2	2983	C	G	10184	4954	50	3	1	26	0.000294493	10187	1	FALSE	NA	NA	NA	NA	NA	NA
NC_045512.2	2984	T	G	9894	4774	51	1	0	27	0.000101051	9896	1	FALSE	NA	NA	NA	NA	NA	NA
NC_045512.2	2984	T	A	9894	4774	51	1	0	20	0.000101051	9896	1	FALSE	NA	NA	NA	NA	NA	NA
NC_045512.2	2985	T	A	10052	4798	51	2	0	34	0.000198926	10054	0.996835	FALSE	NA	NA	NA	NA	NA	NA
NC_045512.2	2986	A	T	9840	4730	51	2	2	23	0.000203169	9844	1	FALSE	NA	NA	NA	NA	NA	NA
NC_045512.2	2986	A	C	9840	4730	51	2	0	30	0.000203169	9844	0.994149	FALSE	NA	NA	NA	NA	NA	NA
NC_045512.2	2987	T	G	9948	4696	51	3	3	29	0.000301417	9953	1	FALSE	NA	NA	NA	NA	NA	NA
NC_045512.2	2987	T	C	9948	4696	51	1	1	27	0.000100472	9953	1	FALSE	NA	NA	NA	NA	NA	NA
NC_045512.2	2987	T	A	9948	4696	51	1	0	20	0.000100472	9953	1	FALSE	NA	NA	NA	NA	NA	NA
NC_045512.2	2988	T	G	9692	4400	48	5	4	30	0.000515623	9697	0.910328	FALSE	NA	NA	NA	NA	NA	NA
NC_045512.2	2989	T	-G	9699	4558	52	1	0	20	0.000103103	9699	1	FALSE	NA	NA	NA	NA	NA	NA
NC_045512.2	2990	G	T	9612	4560	51	1	1	27	0.000104026	9613	1	FALSE	NA	NA	NA	NA	NA	NA
NC_045512.2	2991	A	T	9502	4733	51	1	1	20	0.000105197	9506	1	FALSE	NA	NA	NA	NA	NA	NA
NC_045512.2	2991	A	C	9502	4733	51	3	2	25	0.00031559	9506	1	FALSE	NA	NA	NA	NA	NA	NA
NC_045512.2	2992	T	A	9483	4750	51	3	1	40	0.000316256	9486	0.125	FALSE	NA	NA	NA	NA	NA	NA
NC_045512.2	2993	G	T	9572	4916	52	3	2	42	0.000313316	9575	0.125	FALSE	NA	NA	NA	NA	NA	NA
NC_045512.2	2994	A	T	9802	4859	52	1	1	68	0.000101999	9804	0.5	FALSE	NA	NA	NA	NA	NA	NA
NC_045512.2	2994	A	G	9802	4859	52	1	1	34	0.000101999	9804	0.999026	FALSE	NA	NA	NA	NA	NA	NA
NC_045512.2	2995	G	C	9717	4740	50	4	4	28	0.00041148	9721	1	FALSE	NA	NA	NA	NA	NA	NA
NC_045512.2	2996	T	C	9787	4885	51	1	1	24	0.000102145	9790	1	FALSE	NA	NA	NA	NA	NA	NA
NC_045512.2	2996	T	A	9787	4885	51	2	0	27	0.00020429	9790	1	FALSE	NA	NA	NA	NA	NA	NA
NC_045512.2	2997	C	G	9753	4977	51	1	1	27	0.000102501	9756	1	FALSE	NA	NA	NA	NA	NA	NA
NC_045512.2	2997	C	A	9753	4977	51	2	0	23	0.000205002	9756	1	FALSE	NA	NA	NA	NA	NA	NA
NC_045512.2	2998	T	C	9743	4978	51	1	1	27	0.000102627	9744	1	FALSE	NA	NA	NA	NA	NA	NA
NC_045512.2	2999	G	T	9720	4959	51	2	2	26	0.000205698	9723	1	FALSE	NA	NA	NA	NA	NA	NA
NC_045512.2	2999	G	C	9720	4959	51	1	1	34	0.000102849	9723	0.999025	FALSE	NA	NA	NA	NA	NA	NA
NC_045512.2	3000	G	T	9773	5064	51	2	1	26	0.000204583	9776	1	FALSE	NA	NA	NA	NA	NA	NA
NC_045512.2	3000	G	C	9773	5064	51	1	0	34	0.000102291	9776	0.999025	FALSE	NA	NA	NA	NA	NA	NA
NC_045512.2	3001	T	G	9573	4816	51	1	1	34	0.000104439	9575	0.999026	FALSE	NA	NA	NA	NA	NA	NA
NC_045512.2	3001	T	A	9573	4816	51	1	1	26	0.000104439	9575	1	FALSE	NA	NA	NA	NA	NA	NA
NC_045512.2	3003	A	G	9467	4793	52	1	0	68	0.000105619	9468	0.500026	FALSE	NA	NA	NA	NA	NA	NA
NC_045512.2	3005	T	G	8752	3879	46	8	8	24	0.000913138	8761	1	FALSE	NA	NA	NA	NA	NA	NA
NC_045512.2	3005	T	C	8752	3879	46	1	0	34	0.000114142	8761	0.998044	FALSE	NA	NA	NA	NA	NA	NA
NC_045512.2	3006	T	C	9582	4788	51	1	0	34	0.000104351	9583	0.999026	FALSE	NA	NA	NA	NA	NA	NA
NC_045512.2	3007	T	C	9766	4921	52	1	0	68	0.000102386	9767	0.500026	FALSE	NA	NA	NA	NA	NA	NA
NC_045512.2	3008	A	G	9643	4882	52	1	0	34	0.000103691	9644	0.999026	FALSE	NA	NA	NA	NA	NA	NA
NC_045512.2	3010	A	C	9347	5005	49	2	0	23	0.000213927	9349	1	FALSE	NA	NA	NA	NA	NA	NA
NC_045512.2	3011	T	G	9440	4735	49	3	3	26	0.000317628	9445	1	FALSE	NA	NA	NA	NA	NA	NA
NC_045512.2	3011	T	C	9440	4735	49	2	2	51	0.000211752	9445	0.249934	FALSE	NA	NA	NA	NA	NA	NA
NC_045512.2	3012	T	C	9579	4981	51	1	1	27	0.000104384	9580	1	FALSE	NA	NA	NA	NA	NA	NA
NC_045512.2	3013	G	T	9412	4785	51	1	0	27	0.000106236	9413	1	FALSE	NA	NA	NA	NA	NA	NA
NC_045512.2	3014	G	C	9411	4817	51	1	1	27	0.000106247	9412	1	FALSE	NA	NA	NA	NA	NA	NA
NC_045512.2	3015	C	G	9332	4915	50	1	1	34	0.000107124	9335	0.999025	FALSE	NA	NA	NA	NA	NA	NA
NC_045512.2	3015	C	A	9332	4915	50	2	0	26	0.000214247	9335	1	FALSE	NA	NA	NA	NA	NA	NA
NC_045512.2	3016	T	G	9010	4385	48	12	12	28	0.00133008	9022	1	FALSE	NA	NA	NA	NA	NA	NA
NC_045512.2	3017	T	G	9558	5066	51	2	2	34	0.000209205	9560	0.994155	FALSE	NA	NA	NA	NA	NA	NA
NC_045512.2	3019	A	T	9621	5128	51	1	0	27	0.000103928	9622	1	FALSE	NA	NA	NA	NA	NA	NA
NC_045512.2	3020	C	G	10209	5202	50	2	1	30	0.000195867	10211	0.996835	FALSE	NA	NA	NA	NA	NA	NA
NC_045512.2	3021	A	+G	10280	5290	51	1	0	20	9.72763e-05	10280	1	FALSE	NA	NA	NA	NA	NA	NA
NC_045512.2	3022	T	C	10294	5280	51	1	1	27	9.71251e-05	10296	1	FALSE	NA	NA	NA	NA	NA	NA
NC_045512.2	3022	T	A	10294	5280	51	1	1	26	9.71251e-05	10296	1	FALSE	NA	NA	NA	NA	NA	NA
NC_045512.2	3023	A	G	10336	5222	51	1	0	68	9.67212e-05	10339	0.499976	FALSE	NA	NA	NA	NA	NA	NA
NC_045512.2	3023	A	C	10336	5222	51	2	2	30	0.000193442	10339	0.996833	FALSE	NA	NA	NA	NA	NA	NA
NC_045512.2	3025	G	C	10556	5266	50	1	1	26	9.47239e-05	10557	1	FALSE	NA	NA	NA	NA	NA	NA
NC_045512.2	3026	T	A	10459	5187	50	2	1	27	0.000191186	10461	1	FALSE	NA	NA	NA	NA	NA	NA
NC_045512.2	3028	T	+C	10487	5284	51	1	0	20	9.53562e-05	10487	1	FALSE	NA	NA	NA	NA	NA	NA
NC_045512.2	3030	G	T	9838	4825	51	1	1	26	0.000101605	9842	1	FALSE	NA	NA	NA	NA	NA	NA
NC_045512.2	3030	G	C	9838	4825	51	2	2	27	0.000203211	9842	1	FALSE	NA	NA	NA	NA	NA	NA
NC_045512.2	3030	G	A	9838	4825	51	1	1	68	0.000101605	9842	0.499949	FALSE	NA	NA	NA	NA	NA	NA
NC_045512.2	3031	T	G	9625	4699	50	2	2	23	0.000207684	9630	1	FALSE	NA	NA	NA	NA	NA	NA
NC_045512.2	3031	T	C	9625	4699	50	2	0	25	0.000207684	9630	1	FALSE	NA	NA	NA	NA	NA	NA
NC_045512.2	3031	T	A	9625	4699	50	1	0	24	0.000103842	9630	1	FALSE	NA	NA	NA	NA	NA	NA
NC_045512.2	3033	C	A	9750	4873	50	1	0	26	0.000102554	9751	1	FALSE	NA	NA	NA	NA	NA	NA
NC_045512.2	3034	T	G	9448	4490	50	3	3	29	0.000317427	9451	1	FALSE	NA	NA	NA	NA	NA	NA
NC_045512.2	3035	T	C	9569	4690	51	1	0	46	0.000104482	9571	0.5	FALSE	NA	NA	NA	NA	NA	NA
NC_045512.2	3035	T	A	9569	4690	51	1	0	26	0.000104482	9571	1	FALSE	NA	NA	NA	NA	NA	NA
NC_045512.2	3036	T	G	8810	3896	46	5	5	31	0.000567151	8816	0.866666	FALSE	NA	NA	NA	NA	NA	NA
NC_045512.2	3036	T	C	8810	3896	46	1	0	26	0.00011343	8816	1	FALSE	NA	NA	NA	NA	NA	NA
NC_045512.2	3037	C	T	0	0	0	9564	4735	51	1	9564	0	TRUE	NA	NA	NA	NA	NA	NA
NC_045512.2	3038	T	C	9468	4762	50	1	1	27	0.000105597	9470	1	FALSE	NA	NA	NA	NA	NA	NA
NC_045512.2	3038	T	A	9468	4762	50	1	1	27	0.000105597	9470	1	FALSE	NA	NA	NA	NA	NA	NA
NC_045512.2	3039	A	G	9542	4713	51	1	1	52	0.000104789	9543	0.500026	FALSE	NA	NA	NA	NA	NA	NA
NC_045512.2	3040	C	A	9566	4841	51	1	1	24	0.000104526	9567	1	FALSE	NA	NA	NA	NA	NA	NA
NC_045512.2	3041	C	T	9481	4778	50	1	0	46	0.000105452	9483	0.5	FALSE	NA	NA	NA	NA	NA	NA
NC_045512.2	3041	C	A	9481	4778	50	1	0	27	0.000105452	9483	1	FALSE	NA	NA	NA	NA	NA	NA
NC_045512.2	3042	C	T	9848	4828	51	1	0	68	0.000101523	9850	0.5	FALSE	NA	NA	NA	NA	NA	NA
NC_045512.2	3042	C	A	9848	4828	51	1	0	26	0.000101523	9850	1	FALSE	NA	NA	NA	NA	NA	NA
NC_045512.2	3043	T	G	9752	4679	51	2	1	26	0.000205023	9755	1	FALSE	NA	NA	NA	NA	NA	NA
NC_045512.2	3043	T	C	9752	4679	51	1	1	26	0.000102512	9755	1	FALSE	NA	NA	NA	NA	NA	NA
NC_045512.2	3044	C	A	9863	4748	51	2	0	30	0.000202737	9865	0.994154	FALSE	NA	NA	NA	NA	NA	NA
NC_045512.2	3046	A	G	9822	4754	51	1	0	34	0.000101802	9823	0.999026	FALSE	NA	NA	NA	NA	NA	NA
NC_045512.2	3048	A	T	9923	4800	50	3	1	25	0.000302237	9926	1	FALSE	NA	NA	NA	NA	NA	NA
NC_045512.2	3049	T	G	9765	4788	49	3	3	26	0.000307062	9770	1	FALSE	NA	NA	NA	NA	NA	NA
NC_045512.2	3049	T	C	9765	4788	49	2	2	26	0.000204708	9770	1	FALSE	NA	NA	NA	NA	NA	NA
NC_045512.2	3050	G	T	10021	4861	51	1	1	26	9.97805e-05	10022	1	FALSE	NA	NA	NA	NA	NA	NA
NC_045512.2	3051	A	T	9703	4581	52	1	1	68	0.000103029	9706	0.499974	FALSE	NA	NA	NA	NA	NA	NA
NC_045512.2	3051	A	G	9703	4581	52	2	0	51	0.000206058	9706	0.249987	FALSE	NA	NA	NA	NA	NA	NA
NC_045512.2	3052	G	C	9827	4527	51	2	1	27	0.000203479	9829	1	FALSE	NA	NA	NA	NA	NA	NA
NC_045512.2	3053	G	A	9666	4533	51	1	1	60	0.000103445	9667	0.500026	FALSE	NA	NA	NA	NA	NA	NA
NC_045512.2	3054	A	T	9797	4632	52	1	0	27	0.000102051	9799	1	FALSE	NA	NA	NA	NA	NA	NA
NC_045512.2	3054	A	G	9797	4632	52	1	0	68	0.000102051	9799	0.5	FALSE	NA	NA	NA	NA	NA	NA
NC_045512.2	3055	T	A	9587	4586	51	1	0	24	0.000104297	9588	1	FALSE	NA	NA	NA	NA	NA	NA
NC_045512.2	3056	G	T	9651	4516	51	1	1	27	0.000103595	9653	1	FALSE	NA	NA	NA	NA	NA	NA
NC_045512.2	3056	G	C	9651	4516	51	1	1	27	0.000103595	9653	1	FALSE	NA	NA	NA	NA	NA	NA
NC_045512.2	3057	A	T	9700	4549	51	1	0	24	0.000103061	9703	1	FALSE	NA	NA	NA	NA	NA	NA
NC_045512.2	3057	A	C	9700	4549	51	2	0	23	0.000206122	9703	1	FALSE	NA	NA	NA	NA	NA	NA
NC_045512.2	3058	A	C	9584	4594	51	2	0	30	0.000208638	9586	0.994155	FALSE	NA	NA	NA	NA	NA	NA
NC_045512.2	3060	A	G	9888	4650	50	1	0	34	0.000101122	9889	0.999026	FALSE	NA	NA	NA	NA	NA	NA
NC_045512.2	3061	A	G	9747	4559	52	2	1	47	0.000205128	9750	0.249987	FALSE	NA	NA	NA	NA	NA	NA
NC_045512.2	3061	A	C	9747	4559	52	1	1	27	0.000102564	9750	1	FALSE	NA	NA	NA	NA	NA	NA
NC_045512.2	3063	A	T	9768	4494	50	2	2	30	0.000204708	9770	0.994154	FALSE	NA	NA	NA	NA	NA	NA
NC_045512.2	3064	A	G	9916	4560	51	2	0	27	0.000201613	9920	1	FALSE	NA	NA	NA	NA	NA	NA
NC_045512.2	3064	A	C	9916	4560	51	2	1	30	0.000201613	9920	0.994149	FALSE	NA	NA	NA	NA	NA	NA
NC_045512.2	3065	G	T	9901	4469	51	2	2	27	0.000201939	9904	1	FALSE	NA	NA	NA	NA	NA	NA
NC_045512.2	3065	G	A	9901	4469	51	1	1	60	0.000100969	9904	0.499975	FALSE	NA	NA	NA	NA	NA	NA
NC_045512.2	3066	G	C	9944	4663	52	1	0	27	0.000100553	9945	1	FALSE	NA	NA	NA	NA	NA	NA
NC_045512.2	3067	T	C	9842	4606	53	1	1	34	0.000101595	9843	0.999026	FALSE	NA	NA	NA	NA	NA	NA
NC_045512.2	3067	T	-G	9842	4606	53	1	0	20	0.000101595	9843	1	FALSE	NA	NA	NA	NA	NA	NA
NC_045512.2	3068	G	T	9717	4499	52	1	1	27	0.000102754	9732	1	FALSE	NA	NA	NA	NA	NA	NA
NC_045512.2	3068	G	A	9717	4499	52	14	5	51	0.00143855	9732	6.07065e-05	TRUE	NA	NA	NA	NA	NA	NA
NC_045512.2	3069	A	G	9765	4556	52	3	2	46	0.000307125	9768	0.125	FALSE	NA	NA	NA	NA	NA	NA
NC_045512.2	3070	T	C	9571	4504	52	2	2	24	0.000208877	9575	1	FALSE	NA	NA	NA	NA	NA	NA
NC_045512.2	3070	T	A	9571	4504	52	2	2	68	0.000208877	9575	0.249961	FALSE	NA	NA	NA	NA	NA	NA
NC_045512.2	3071	T	A	9618	4488	52	1	0	24	0.000103961	9619	1	FALSE	NA	NA	NA	NA	NA	NA
NC_045512.2	3072	G	C	9662	4507	52	1	1	26	0.000103488	9663	1	FALSE	NA	NA	NA	NA	NA	NA
NC_045512.2	3073	T	C	9525	4408	52	2	1	47	0.00020993	9527	0.250013	FALSE	NA	NA	NA	NA	NA	NA
NC_045512.2	3074	G	C	9555	4417	52	1	1	27	0.000104646	9556	1	FALSE	NA	NA	NA	NA	NA	NA
NC_045512.2	3075	A	G	9630	4476	52	2	2	29	0.00020762	9633	1	FALSE	NA	NA	NA	NA	NA	NA
NC_045512.2	3075	A	C	9630	4476	52	1	1	27	0.00010381	9633	1	FALSE	NA	NA	NA	NA	NA	NA
NC_045512.2	3076	A	C	9446	4561	51	3	0	29	0.000317494	9449	1	FALSE	NA	NA	NA	NA	NA	NA
NC_045512.2	3077	G	T	9812	4529	52	2	2	27	0.000203791	9814	1	FALSE	NA	NA	NA	NA	NA	NA
NC_045512.2	3078	A	T	9742	4607	51	2	2	27	0.000205255	9744	1	FALSE	NA	NA	NA	NA	NA	NA
NC_045512.2	3079	A	G	9774	4656	52	1	0	68	0.000102302	9775	0.500026	FALSE	NA	NA	NA	NA	NA	NA
NC_045512.2	3082	A	T	9839	4705	52	1	0	27	0.000101626	9840	1	FALSE	NA	NA	NA	NA	NA	NA
NC_045512.2	3083	G	C	9929	4759	52	1	1	34	0.000100705	9930	0.999026	FALSE	NA	NA	NA	NA	NA	NA
NC_045512.2	3085	G	C	10038	4812	51	1	1	27	9.96115e-05	10039	1	FALSE	NA	NA	NA	NA	NA	NA
NC_045512.2	3086	T	G	8810	3643	44	10	9	24	0.00113327	8824	1	FALSE	NA	NA	NA	NA	NA	NA
NC_045512.2	3086	T	C	8810	3643	44	2	1	22	0.000226655	8824	1	FALSE	NA	NA	NA	NA	NA	NA
NC_045512.2	3086	T	A	8810	3643	44	2	0	23	0.000226655	8824	1	FALSE	NA	NA	NA	NA	NA	NA
NC_045512.2	3087	T	G	9681	4601	51	2	2	26	0.000206505	9685	1	FALSE	NA	NA	NA	NA	NA	NA
NC_045512.2	3087	T	C	9681	4601	51	1	1	20	0.000103252	9685	1	FALSE	NA	NA	NA	NA	NA	NA
NC_045512.2	3087	T	A	9681	4601	51	1	1	26	0.000103252	9685	1	FALSE	NA	NA	NA	NA	NA	NA
NC_045512.2	3090	A	G	9714	4749	50	1	0	68	0.000102934	9715	0.500026	FALSE	NA	NA	NA	NA	NA	NA
NC_045512.2	3091	G	C	9745	4694	50	4	3	30	0.000410214	9751	0.953893	FALSE	NA	NA	NA	NA	NA	NA
NC_045512.2	3091	G	A	9745	4694	50	2	2	34	0.000205107	9751	0.994143	FALSE	NA	NA	NA	NA	NA	NA
NC_045512.2	3092	C	T	9451	4697	50	1	0	68	0.000105787	9453	0.5	FALSE	NA	NA	NA	NA	NA	NA
NC_045512.2	3092	C	G	9451	4697	50	1	1	34	0.000105787	9453	0.999026	FALSE	NA	NA	NA	NA	NA	NA
NC_045512.2	3093	C	G	9550	4607	51	2	1	22	0.000209358	9553	1	FALSE	NA	NA	NA	NA	NA	NA
NC_045512.2	3093	C	A	9550	4607	51	1	1	34	0.000104679	9553	0.999025	FALSE	NA	NA	NA	NA	NA	NA
NC_045512.2	3094	A	T	9549	4595	52	2	1	68	0.000209358	9553	0.249961	FALSE	NA	NA	NA	NA	NA	NA
NC_045512.2	3094	A	G	9549	4595	52	2	1	51	0.000209358	9553	0.249961	FALSE	NA	NA	NA	NA	NA	NA
NC_045512.2	3095	T	G	9541	4601	51	1	1	34	0.000104789	9543	0.999026	FALSE	NA	NA	NA	NA	NA	NA
NC_045512.2	3095	T	C	9541	4601	51	1	1	34	0.000104789	9543	0.999026	FALSE	NA	NA	NA	NA	NA	NA
NC_045512.2	3096	C	G	9513	4621	51	1	0	27	0.000105108	9514	1	FALSE	NA	NA	NA	NA	NA	NA
NC_045512.2	3097	A	C	9529	4632	51	1	1	27	0.000104932	9530	1	FALSE	NA	NA	NA	NA	NA	NA
NC_045512.2	3098	A	T	8820	4719	45	1	1	20	0.000113225	8832	1	FALSE	NA	NA	NA	NA	NA	NA
NC_045512.2	3098	A	C	8820	4719	45	11	0	26	0.00124547	8832	1	FALSE	NA	NA	NA	NA	NA	NA
NC_045512.2	3100	T	C	9675	4571	50	3	2	54	0.000309981	9678	0.125	FALSE	NA	NA	NA	NA	NA	NA
NC_045512.2	3102	A	G	9654	4658	49	1	0	27	0.000103573	9655	1	FALSE	NA	NA	NA	NA	NA	NA
NC_045512.2	3103	A	T	9912	4856	50	1	1	34	0.000100847	9916	0.999025	FALSE	NA	NA	NA	NA	NA	NA
NC_045512.2	3103	A	G	9912	4856	50	1	1	34	0.000100847	9916	0.999025	FALSE	NA	NA	NA	NA	NA	NA
NC_045512.2	3103	A	C	9912	4856	50	2	0	20	0.000201694	9916	1	FALSE	NA	NA	NA	NA	NA	NA
NC_045512.2	3104	T	C	10072	4879	50	2	1	34	0.000198531	10074	0.996835	FALSE	NA	NA	NA	NA	NA	NA
NC_045512.2	3106	T	G	9954	4732	50	3	3	26	0.000301265	9958	1	FALSE	NA	NA	NA	NA	NA	NA
NC_045512.2	3106	T	C	9954	4732	50	1	1	34	0.000100422	9958	0.999025	FALSE	NA	NA	NA	NA	NA	NA
NC_045512.2	3107	G	C	10243	4848	49	2	0	26	0.000195217	10245	1	FALSE	NA	NA	NA	NA	NA	NA
NC_045512.2	3108	A	G	10164	4755	50	1	0	34	9.83768e-05	10165	0.999513	FALSE	NA	NA	NA	NA	NA	NA
NC_045512.2	3109	G	C	10697	4797	49	1	1	26	9.34667e-05	10699	1	FALSE	NA	NA	NA	NA	NA	NA
NC_045512.2	3109	G	A	10697	4797	49	1	0	60	9.34667e-05	10699	0.5	FALSE	NA	NA	NA	NA	NA	NA
NC_045512.2	3109	G	-T	10697	4797	49	1	0	20	9.34667e-05	10699	1	FALSE	NA	NA	NA	NA	NA	NA
NC_045512.2	3110	T	A	10212	4579	49	1	0	27	9.79144e-05	10213	1	FALSE	NA	NA	NA	NA	NA	NA
NC_045512.2	3111	A	C	10246	4677	49	2	0	34	0.00019516	10248	0.996835	FALSE	NA	NA	NA	NA	NA	NA
NC_045512.2	3112	T	G	10197	4562	50	1	0	27	9.802e-05	10202	1	FALSE	NA	NA	NA	NA	NA	NA
NC_045512.2	3112	T	A	10197	4562	50	4	2	37	0.00039208	10202	0.971355	FALSE	NA	NA	NA	NA	NA	NA
NC_045512.2	3113	G	C	10045	4528	49	2	2	27	0.000199064	10047	1	FALSE	NA	NA	NA	NA	NA	NA
NC_045512.2	3114	G	T	10597	4650	48	1	0	34	9.43218e-05	10602	0.999512	FALSE	NA	NA	NA	NA	NA	NA
NC_045512.2	3114	G	C	10597	4650	48	4	3	30	0.000377287	10602	0.971354	FALSE	NA	NA	NA	NA	NA	NA
NC_045512.2	3115	T	C	10731	4774	49	2	1	57	0.000186324	10734	0.249988	FALSE	NA	NA	NA	NA	NA	NA
NC_045512.2	3115	T	A	10731	4774	49	1	1	27	9.31619e-05	10734	1	FALSE	NA	NA	NA	NA	NA	NA
NC_045512.2	3116	A	C	10430	4664	48	1	0	26	9.58681e-05	10431	1	FALSE	NA	NA	NA	NA	NA	NA
NC_045512.2	3117	C	T	10425	4849	49	1	0	46	9.59141e-05	10426	0.750036	FALSE	NA	NA	NA	NA	NA	NA
NC_045512.2	3118	T	C	9869	4374	49	1	0	68	0.000101307	9871	0.5	FALSE	NA	NA	NA	NA	NA	NA
NC_045512.2	3118	T	A	9869	4374	49	1	0	68	0.000101307	9871	0.5	FALSE	NA	NA	NA	NA	NA	NA
NC_045512.2	3119	G	C	9928	4398	49	2	0	27	0.00020141	9930	1	FALSE	NA	NA	NA	NA	NA	NA
NC_045512.2	3121	A	T	9901	4529	49	2	0	43	0.000201898	9906	0.249937	FALSE	NA	NA	NA	NA	NA	NA
NC_045512.2	3121	A	G	9901	4529	49	2	1	51	0.000201898	9906	0.249937	FALSE	NA	NA	NA	NA	NA	NA
NC_045512.2	3121	A	C	9901	4529	49	1	1	26	0.000100949	9906	1	FALSE	NA	NA	NA	NA	NA	NA
NC_045512.2	3122	G	T	10011	4513	49	1	1	26	9.98801e-05	10012	1	FALSE	NA	NA	NA	NA	NA	NA
NC_045512.2	3124	T	A	9399	4152	48	1	1	34	0.000106383	9400	0.999026	FALSE	NA	NA	NA	NA	NA	NA
NC_045512.2	3125	G	C	9388	4240	49	2	1	26	0.00021297	9391	1	FALSE	NA	NA	NA	NA	NA	NA
NC_045512.2	3125	G	A	9388	4240	49	1	1	68	0.000106485	9391	0.499973	FALSE	NA	NA	NA	NA	NA	NA
NC_045512.2	3126	A	T	9458	4335	49	1	0	34	0.000105697	9461	0.999025	FALSE	NA	NA	NA	NA	NA	NA
NC_045512.2	3126	A	G	9458	4335	49	2	2	34	0.000211394	9461	0.994152	FALSE	NA	NA	NA	NA	NA	NA
NC_045512.2	3126	A	-T	9458	4335	49	1	0	20	0.000105697	9461	1	FALSE	NA	NA	NA	NA	NA	NA
NC_045512.2	3127	T	C	9352	4102	47	1	0	68	0.000106883	9356	0.49992	FALSE	NA	NA	NA	NA	NA	NA
NC_045512.2	3127	T	A	9352	4102	47	3	3	28	0.00032065	9356	1	FALSE	NA	NA	NA	NA	NA	NA
NC_045512.2	3128	T	G	9318	4202	48	1	1	26	0.000107273	9322	1	FALSE	NA	NA	NA	NA	NA	NA
NC_045512.2	3128	T	C	9318	4202	48	1	0	34	0.000107273	9322	0.999025	FALSE	NA	NA	NA	NA	NA	NA
NC_045512.2	3128	T	A	9318	4202	48	2	0	25	0.000214546	9322	1	FALSE	NA	NA	NA	NA	NA	NA
NC_045512.2	3131	C	T	9302	4350	49	1	0	34	0.000107423	9309	0.999023	FALSE	NA	NA	NA	NA	NA	NA
NC_045512.2	3131	C	G	9302	4350	49	3	2	26	0.000322269	9309	1	FALSE	NA	NA	NA	NA	NA	NA
NC_045512.2	3131	C	A	9302	4350	49	3	2	44	0.000322269	9309	0.124919	FALSE	NA	NA	NA	NA	NA	NA
NC_045512.2	3133	A	G	9362	4367	47	1	0	34	0.000106724	9370	0.999023	FALSE	NA	NA	NA	NA	NA	NA
NC_045512.2	3133	A	C	9362	4367	47	7	0	30	0.000747065	9370	0.772849	FALSE	NA	NA	NA	NA	NA	NA
NC_045512.2	3134	G	T	9906	4329	48	2	1	23	0.000201755	9913	1	FALSE	NA	NA	NA	NA	NA	NA
NC_045512.2	3134	G	C	9906	4329	48	4	3	26	0.000403511	9913	1	FALSE	NA	NA	NA	NA	NA	NA
NC_045512.2	3134	G	A	9906	4329	48	1	0	34	0.000100878	9913	0.999023	FALSE	NA	NA	NA	NA	NA	NA
NC_045512.2	3135	G	T	9911	4422	48	1	1	34	0.000100888	9912	0.999026	FALSE	NA	NA	NA	NA	NA	NA
NC_045512.2	3136	T	G	9805	4328	48	3	3	26	0.000305842	9809	1	FALSE	NA	NA	NA	NA	NA	NA
NC_045512.2	3136	T	C	9805	4328	48	1	1	27	0.000101947	9809	1	FALSE	NA	NA	NA	NA	NA	NA
NC_045512.2	3139	A	T	8577	4609	44	4	4	28	0.000465766	8588	1	FALSE	NA	NA	NA	NA	NA	NA
NC_045512.2	3139	A	C	8577	4609	44	7	0	31	0.000815091	8588	0.69622	FALSE	NA	NA	NA	NA	NA	NA
NC_045512.2	3140	C	G	10084	4536	49	4	4	26	0.000396511	10088	1	FALSE	NA	NA	NA	NA	NA	NA
NC_045512.2	3141	C	G	10075	4596	49	2	2	23	0.000198413	10080	1	FALSE	NA	NA	NA	NA	NA	NA
NC_045512.2	3141	C	A	10075	4596	49	3	0	42	0.000297619	10080	0.312444	FALSE	NA	NA	NA	NA	NA	NA
NC_045512.2	3142	T	G	9315	3976	48	2	1	23	0.000214615	9319	1	FALSE	NA	NA	NA	NA	NA	NA
NC_045512.2	3142	T	C	9315	3976	48	2	0	30	0.000214615	9319	0.994149	FALSE	NA	NA	NA	NA	NA	NA
NC_045512.2	3143	T	G	9167	4003	47	4	4	25	0.00043611	9172	1	FALSE	NA	NA	NA	NA	NA	NA
NC_045512.2	3143	T	C	9167	4003	47	1	1	34	0.000109027	9172	0.999024	FALSE	NA	NA	NA	NA	NA	NA
NC_045512.2	3144	T	A	9556	4290	50	1	1	27	0.000104635	9557	1	FALSE	NA	NA	NA	NA	NA	NA
NC_045512.2	3145	G	T	9471	4254	49	2	2	30	0.000211126	9473	0.994155	FALSE	NA	NA	NA	NA	NA	NA
NC_045512.2	3146	G	T	9459	4302	49	1	1	34	0.000105708	9460	0.999026	FALSE	NA	NA	NA	NA	NA	NA
NC_045512.2	3147	A	T	9491	4326	49	2	2	27	0.000210659	9494	1	FALSE	NA	NA	NA	NA	NA	NA
NC_045512.2	3147	A	G	9491	4326	49	1	1	46	0.00010533	9494	0.499974	FALSE	NA	NA	NA	NA	NA	NA
NC_045512.2	3148	A	T	9393	4394	49	2	1	27	0.000212789	9399	1	FALSE	NA	NA	NA	NA	NA	NA
NC_045512.2	3148	A	G	9393	4394	49	1	1	52	0.000106394	9399	0.499894	FALSE	NA	NA	NA	NA	NA	NA
NC_045512.2	3148	A	C	9393	4394	49	3	0	29	0.000319183	9399	1	FALSE	NA	NA	NA	NA	NA	NA
NC_045512.2	3149	T	G	9079	4102	49	3	2	29	0.000330287	9083	1	FALSE	NA	NA	NA	NA	NA	NA
NC_045512.2	3149	T	C	9079	4102	49	1	1	27	0.000110096	9083	1	FALSE	NA	NA	NA	NA	NA	NA
NC_045512.2	3150	T	G	9048	3980	48	1	1	26	0.000110485	9051	1	FALSE	NA	NA	NA	NA	NA	NA
NC_045512.2	3150	T	A	9048	3980	48	2	0	34	0.00022097	9051	0.994152	FALSE	NA	NA	NA	NA	NA	NA
NC_045512.2	3151	T	C	9331	4214	50	1	1	34	0.000107147	9333	0.999026	FALSE	NA	NA	NA	NA	NA	NA
NC_045512.2	3151	T	A	9331	4214	50	1	0	34	0.000107147	9333	0.999026	FALSE	NA	NA	NA	NA	NA	NA
NC_045512.2	3152	G	T	9256	4162	50	1	1	26	0.000108026	9257	1	FALSE	NA	NA	NA	NA	NA	NA
NC_045512.2	3153	G	T	9218	4212	49	1	0	26	0.000108448	9221	1	FALSE	NA	NA	NA	NA	NA	NA
NC_045512.2	3153	G	C	9218	4212	49	1	0	26	0.000108448	9221	1	FALSE	NA	NA	NA	NA	NA	NA
NC_045512.2	3153	G	A	9218	4212	49	1	1	68	0.000108448	9221	0.499973	FALSE	NA	NA	NA	NA	NA	NA
NC_045512.2	3154	T	G	9228	4179	50	1	1	26	0.000108354	9229	1	FALSE	NA	NA	NA	NA	NA	NA
NC_045512.2	3156	C	T	9164	4371	49	1	0	68	0.000109111	9165	0.500027	FALSE	NA	NA	NA	NA	NA	NA
NC_045512.2	3158	A	T	9277	4362	50	1	1	26	0.00010777	9279	1	FALSE	NA	NA	NA	NA	NA	NA
NC_045512.2	3158	A	G	9277	4362	50	1	1	68	0.00010777	9279	0.5	FALSE	NA	NA	NA	NA	NA	NA
NC_045512.2	3159	C	G	9189	4399	49	1	1	26	0.000108802	9191	1	FALSE	NA	NA	NA	NA	NA	NA
NC_045512.2	3159	C	A	9189	4399	49	1	0	20	0.000108802	9191	1	FALSE	NA	NA	NA	NA	NA	NA
NC_045512.2	3160	T	C	9186	4312	49	1	0	68	0.000108838	9188	0.5	FALSE	NA	NA	NA	NA	NA	NA
NC_045512.2	3160	T	A	9186	4312	49	1	1	27	0.000108838	9188	1	FALSE	NA	NA	NA	NA	NA	NA
NC_045512.2	3162	C	A	9183	4430	50	1	0	34	0.000108885	9184	0.999026	FALSE	NA	NA	NA	NA	NA	NA
NC_045512.2	3164	G	T	9052	4302	49	1	0	34	0.000110448	9054	0.999026	FALSE	NA	NA	NA	NA	NA	NA
NC_045512.2	3164	G	C	9052	4302	49	1	0	27	0.000110448	9054	1	FALSE	NA	NA	NA	NA	NA	NA
NC_045512.2	3165	C	A	9037	4422	49	2	0	30	0.000221263	9039	0.994155	FALSE	NA	NA	NA	NA	NA	NA
NC_045512.2	3167	G	C	8805	4156	49	1	0	34	0.000113546	8807	0.998051	FALSE	NA	NA	NA	NA	NA	NA
NC_045512.2	3167	G	A	8805	4156	49	1	0	68	0.000113546	8807	0.5	FALSE	NA	NA	NA	NA	NA	NA
NC_045512.2	3168	C	G	8595	4197	50	1	1	26	0.00011632	8597	1	FALSE	NA	NA	NA	NA	NA	NA
NC_045512.2	3168	C	A	8595	4197	50	1	0	26	0.00011632	8597	1	FALSE	NA	NA	NA	NA	NA	NA
NC_045512.2	3169	T	C	8482	3948	49	1	1	26	0.000117883	8483	1	FALSE	NA	NA	NA	NA	NA	NA
NC_045512.2	3171	T	G	9704	4670	48	3	3	29	0.000309023	9708	1	FALSE	NA	NA	NA	NA	NA	NA
NC_045512.2	3171	T	A	9704	4670	48	1	0	27	0.000103008	9708	1	FALSE	NA	NA	NA	NA	NA	NA
NC_045512.2	3172	T	A	9797	4843	48	1	0	20	0.000102062	9798	1	FALSE	NA	NA	NA	NA	NA	NA
NC_045512.2	3173	C	T	9828	4955	48	1	1	26	0.000101719	9831	1	FALSE	NA	NA	NA	NA	NA	NA
NC_045512.2	3173	C	G	9828	4955	48	1	1	26	0.000101719	9831	1	FALSE	NA	NA	NA	NA	NA	NA
NC_045512.2	3173	C	A	9828	4955	48	1	0	26	0.000101719	9831	1	FALSE	NA	NA	NA	NA	NA	NA
NC_045512.2	3174	A	T	9728	4922	48	1	1	34	0.000102754	9732	0.999025	FALSE	NA	NA	NA	NA	NA	NA
NC_045512.2	3174	A	G	9728	4922	48	1	1	34	0.000102754	9732	0.999025	FALSE	NA	NA	NA	NA	NA	NA
NC_045512.2	3174	A	C	9728	4922	48	2	0	27	0.000205508	9732	1	FALSE	NA	NA	NA	NA	NA	NA
NC_045512.2	3175	A	G	9395	5008	45	1	1	68	0.000106349	9403	0.49984	FALSE	NA	NA	NA	NA	NA	NA
NC_045512.2	3175	A	C	9395	5008	45	7	0	28	0.000744443	9403	1	FALSE	NA	NA	NA	NA	NA	NA
NC_045512.2	3176	C	A	9918	5024	47	1	0	26	0.000100817	9919	1	FALSE	NA	NA	NA	NA	NA	NA
NC_045512.2	3177	C	A	10057	5075	48	3	3	52	0.000298211	10060	0.125	FALSE	NA	NA	NA	NA	NA	NA
NC_045512.2	3178	T	G	9468	4548	47	4	4	26	0.000422208	9474	1	FALSE	NA	NA	NA	NA	NA	NA
NC_045512.2	3178	T	C	9468	4548	47	2	0	51	0.000211104	9474	0.249908	FALSE	NA	NA	NA	NA	NA	NA
NC_045512.2	3178	T	-GAA	9468	4548	47	5	0	20	0.00052776	9474	1	FALSE	NA	NA	NA	NA	NA	NA
NC_045512.2	3179	G	T	9906	4796	48	1	1	26	0.000100929	9908	1	FALSE	NA	NA	NA	NA	NA	NA
NC_045512.2	3179	G	C	9906	4796	48	1	1	34	0.000100929	9908	0.999023	FALSE	NA	NA	NA	NA	NA	NA
NC_045512.2	3180	A	T	9962	4913	48	1	1	27	0.000100341	9966	1	FALSE	NA	NA	NA	NA	NA	NA
NC_045512.2	3180	A	G	9962	4913	48	1	0	68	0.000100341	9966	0.499824	FALSE	NA	NA	NA	NA	NA	NA
NC_045512.2	3180	A	C	9962	4913	48	2	1	26	0.000200682	9966	1	FALSE	NA	NA	NA	NA	NA	NA
NC_045512.2	3181	A	T	8730	4200	47	1	1	34	0.000114456	8737	0.998041	FALSE	NA	NA	NA	NA	NA	NA
NC_045512.2	3181	A	G	8730	4200	47	2	1	30	0.000228912	8737	0.98923	FALSE	NA	NA	NA	NA	NA	NA
NC_045512.2	3181	A	C	8730	4200	47	4	0	25	0.000457823	8737	1	FALSE	NA	NA	NA	NA	NA	NA
NC_045512.2	3182	G	T	8909	4127	48	2	2	23	0.000224442	8911	1	FALSE	NA	NA	NA	NA	NA	NA
NC_045512.2	3183	A	T	8879	4257	48	1	1	24	0.000112613	8880	1	FALSE	NA	NA	NA	NA	NA	NA
NC_045512.2	3184	A	G	8932	4355	49	2	0	46	0.000223864	8934	0.250014	FALSE	NA	NA	NA	NA	NA	NA
NC_045512.2	3187	G	C	9046	4235	47	1	1	26	0.000110534	9047	1	FALSE	NA	NA	NA	NA	NA	NA
NC_045512.2	3189	A	T	9211	4622	49	1	1	26	0.000108542	9213	1	FALSE	NA	NA	NA	NA	NA	NA
NC_045512.2	3189	A	G	9211	4622	49	1	0	46	0.000108542	9213	0.5	FALSE	NA	NA	NA	NA	NA	NA
NC_045512.2	3190	A	T	9247	4707	49	2	2	30	0.000216216	9250	0.994152	FALSE	NA	NA	NA	NA	NA	NA
NC_045512.2	3190	A	C	9247	4707	49	1	0	34	0.000108108	9250	0.999025	FALSE	NA	NA	NA	NA	NA	NA
NC_045512.2	3191	G	T	9532	4659	49	2	2	23	0.000209776	9534	1	FALSE	NA	NA	NA	NA	NA	NA
NC_045512.2	3192	A	T	9427	4793	48	2	1	25	0.000212112	9429	1	FALSE	NA	NA	NA	NA	NA	NA
NC_045512.2	3193	A	T	9533	4924	49	1	1	34	0.000104855	9537	0.999025	FALSE	NA	NA	NA	NA	NA	NA
NC_045512.2	3193	A	G	9533	4924	49	3	1	25	0.000314564	9537	1	FALSE	NA	NA	NA	NA	NA	NA
NC_045512.2	3194	G	T	9567	4818	49	3	3	26	0.00031348	9570	1	FALSE	NA	NA	NA	NA	NA	NA
NC_045512.2	3195	A	T	9434	4869	48	4	4	28	0.000423774	9439	1	FALSE	NA	NA	NA	NA	NA	NA
NC_045512.2	3195	A	G	9434	4869	48	1	0	27	0.000105943	9439	1	FALSE	NA	NA	NA	NA	NA	NA
NC_045512.2	3196	A	T	9735	5017	49	1	1	27	0.000102712	9736	1	FALSE	NA	NA	NA	NA	NA	NA
NC_045512.2	3197	G	T	9732	4911	49	1	1	27	0.000102743	9733	1	FALSE	NA	NA	NA	NA	NA	NA
NC_045512.2	3198	A	T	9665	5038	49	2	2	53	0.000206889	9667	0.250013	FALSE	NA	NA	NA	NA	NA	NA
NC_045512.2	3199	T	G	9539	4991	48	2	0	30	0.000209622	9541	0.994155	FALSE	NA	NA	NA	NA	NA	NA
NC_045512.2	3201	G	C	10024	5070	49	4	1	33	0.000398843	10029	0.971356	FALSE	NA	NA	NA	NA	NA	NA
NC_045512.2	3201	G	A	10024	5070	49	1	1	34	9.97108e-05	10029	0.999512	FALSE	NA	NA	NA	NA	NA	NA
NC_045512.2	3203	T	G	9716	4863	48	1	1	27	0.000102902	9718	1	FALSE	NA	NA	NA	NA	NA	NA
NC_045512.2	3203	T	A	9716	4863	48	1	0	26	0.000102902	9718	1	FALSE	NA	NA	NA	NA	NA	NA
NC_045512.2	3204	T	G	10061	5242	49	3	3	26	0.000298092	10064	1	FALSE	NA	NA	NA	NA	NA	NA
NC_045512.2	3205	A	T	10217	5446	51	1	0	34	9.78665e-05	10218	0.999513	FALSE	NA	NA	NA	NA	NA	NA
NC_045512.2	3205	A	-GAT	10217	5446	51	1	0	20	9.78665e-05	10218	1	FALSE	NA	NA	NA	NA	NA	NA
NC_045512.2	3206	G	C	10594	5465	50	1	1	34	9.43841e-05	10595	0.999513	FALSE	NA	NA	NA	NA	NA	NA
NC_045512.2	3207	A	T	10436	5531	48	1	0	26	9.57946e-05	10439	1	FALSE	NA	NA	NA	NA	NA	NA
NC_045512.2	3207	A	G	10436	5531	48	2	0	31	0.000191589	10439	0.996832	FALSE	NA	NA	NA	NA	NA	NA
NC_045512.2	3208	T	C	10629	5480	50	1	1	27	9.4038e-05	10634	1	FALSE	NA	NA	NA	NA	NA	NA
NC_045512.2	3208	T	A	10629	5480	50	4	4	27	0.000376152	10634	1	FALSE	NA	NA	NA	NA	NA	NA
NC_045512.2	3210	A	C	10851	5643	50	1	1	27	9.21489e-05	10852	1	FALSE	NA	NA	NA	NA	NA	NA
NC_045512.2	3211	T	A	10609	5394	49	4	3	24	0.000376896	10613	1	FALSE	NA	NA	NA	NA	NA	NA
NC_045512.2	3212	G	C	10699	5517	49	4	4	30	0.000373727	10703	0.971365	FALSE	NA	NA	NA	NA	NA	NA
NC_045512.2	3213	A	T	10876	5684	50	1	1	26	9.19287e-05	10878	1	FALSE	NA	NA	NA	NA	NA	NA
NC_045512.2	3213	A	G	10876	5684	50	1	0	68	9.19287e-05	10878	0.5	FALSE	NA	NA	NA	NA	NA	NA
NC_045512.2	3214	T	C	10723	5524	49	1	0	34	9.32314e-05	10726	0.999513	FALSE	NA	NA	NA	NA	NA	NA
NC_045512.2	3214	T	A	10723	5524	49	2	1	30	0.000186463	10726	0.996833	FALSE	NA	NA	NA	NA	NA	NA
NC_045512.2	3217	T	C	10306	5355	49	1	0	68	9.7012e-05	10308	0.5	FALSE	NA	NA	NA	NA	NA	NA
NC_045512.2	3217	T	A	10306	5355	49	1	0	20	9.7012e-05	10308	1	FALSE	NA	NA	NA	NA	NA	NA
NC_045512.2	3218	C	G	10564	5485	50	2	2	25	0.000189286	10566	1	FALSE	NA	NA	NA	NA	NA	NA
NC_045512.2	3219	A	T	10539	5471	51	2	1	47	0.000189717	10542	0.5	FALSE	NA	NA	NA	NA	NA	NA
NC_045512.2	3219	A	G	10539	5471	51	1	0	68	9.48587e-05	10542	0.499976	FALSE	NA	NA	NA	NA	NA	NA
NC_045512.2	3220	A	C	9505	5600	45	10	0	28	0.00105097	9515	1	FALSE	NA	NA	NA	NA	NA	NA
NC_045512.2	3221	C	T	10549	5501	50	1	1	34	9.47688e-05	10552	0.999513	FALSE	NA	NA	NA	NA	NA	NA
NC_045512.2	3221	C	G	10549	5501	50	2	1	27	0.000189538	10552	1	FALSE	NA	NA	NA	NA	NA	NA
NC_045512.2	3222	A	T	10535	5454	50	1	0	26	9.49127e-05	10536	1	FALSE	NA	NA	NA	NA	NA	NA
NC_045512.2	3223	A	C	10603	5526	50	1	0	26	9.4304e-05	10604	1	FALSE	NA	NA	NA	NA	NA	NA
NC_045512.2	3224	A	T	9560	5541	46	2	2	27	0.000209052	9567	1	FALSE	NA	NA	NA	NA	NA	NA
NC_045512.2	3224	A	C	9560	5541	46	5	1	29	0.00052263	9567	1	FALSE	NA	NA	NA	NA	NA	NA
NC_045512.2	3225	C	G	10728	5644	50	1	1	34	9.31966e-05	10730	0.999513	FALSE	NA	NA	NA	NA	NA	NA
NC_045512.2	3225	C	A	10728	5644	50	1	0	27	9.31966e-05	10730	1	FALSE	NA	NA	NA	NA	NA	NA
NC_045512.2	3226	T	C	10624	5515	50	1	1	27	9.40999e-05	10627	1	FALSE	NA	NA	NA	NA	NA	NA
NC_045512.2	3226	T	A	10624	5515	50	2	1	30	0.0001882	10627	0.996833	FALSE	NA	NA	NA	NA	NA	NA
NC_045512.2	3228	T	G	10532	5420	49	2	2	34	0.000189861	10534	0.996835	FALSE	NA	NA	NA	NA	NA	NA
NC_045512.2	3229	T	G	10518	5452	50	1	1	26	9.50661e-05	10519	1	FALSE	NA	NA	NA	NA	NA	NA
NC_045512.2	3231	G	T	10648	5500	50	1	1	26	9.38967e-05	10650	1	FALSE	NA	NA	NA	NA	NA	NA
NC_045512.2	3231	G	A	10648	5500	50	1	0	60	9.38967e-05	10650	0.5	FALSE	NA	NA	NA	NA	NA	NA
NC_045512.2	3232	T	A	10655	5529	50	1	0	34	9.38438e-05	10656	0.999513	FALSE	NA	NA	NA	NA	NA	NA
NC_045512.2	3233	C	G	10787	5669	50	1	0	27	9.26956e-05	10788	1	FALSE	NA	NA	NA	NA	NA	NA
NC_045512.2	3234	A	T	10514	5510	51	1	1	27	9.50932e-05	10516	1	FALSE	NA	NA	NA	NA	NA	NA
NC_045512.2	3234	A	G	10514	5510	51	1	1	27	9.50932e-05	10516	1	FALSE	NA	NA	NA	NA	NA	NA
NC_045512.2	3235	A	G	10165	5606	48	1	0	34	9.83091e-05	10172	0.999512	FALSE	NA	NA	NA	NA	NA	NA
NC_045512.2	3235	A	C	10165	5606	48	6	0	28	0.000589855	10172	1	FALSE	NA	NA	NA	NA	NA	NA
NC_045512.2	3237	A	T	10561	5557	50	2	1	27	0.00018934	10563	1	FALSE	NA	NA	NA	NA	NA	NA
NC_045512.2	3237	A	+G	10561	5557	50	1	0	20	9.46701e-05	10563	1	FALSE	NA	NA	NA	NA	NA	NA
NC_045512.2	3238	A	G	10762	5650	51	1	1	68	9.29109e-05	10763	0.500023	FALSE	NA	NA	NA	NA	NA	NA
NC_045512.2	3239	G	C	10218	5166	48	3	1	29	0.000293513	10221	1	FALSE	NA	NA	NA	NA	NA	NA
NC_045512.2	3240	A	T	10429	5584	48	1	0	34	9.58681e-05	10431	0.999513	FALSE	NA	NA	NA	NA	NA	NA
NC_045512.2	3240	A	G	10429	5584	48	1	1	34	9.58681e-05	10431	0.999513	FALSE	NA	NA	NA	NA	NA	NA
NC_045512.2	3241	C	T	10656	5681	50	1	1	38	9.3835e-05	10657	0.999513	FALSE	NA	NA	NA	NA	NA	NA
NC_045512.2	3242	G	C	10548	5599	50	1	0	20	9.47957e-05	10549	1	FALSE	NA	NA	NA	NA	NA	NA
NC_045512.2	3243	G	T	10615	5579	50	1	1	27	9.41708e-05	10619	1	FALSE	NA	NA	NA	NA	NA	NA
NC_045512.2	3243	G	A	10615	5579	50	3	1	56	0.000282512	10619	0.124982	FALSE	NA	NA	NA	NA	NA	NA
NC_045512.2	3244	C	T	10662	5671	50	1	0	26	9.37734e-05	10664	1	FALSE	NA	NA	NA	NA	NA	NA
NC_045512.2	3244	C	G	10662	5671	50	1	1	27	9.37734e-05	10664	1	FALSE	NA	NA	NA	NA	NA	NA
NC_045512.2	3245	A	C	10636	5628	50	3	0	29	0.000281981	10639	1	FALSE	NA	NA	NA	NA	NA	NA
NC_045512.2	3246	G	C	10704	5579	50	4	3	28	0.000373518	10709	1	FALSE	NA	NA	NA	NA	NA	NA
NC_045512.2	3246	G	A	10704	5579	50	1	1	68	9.33794e-05	10709	0.49993	FALSE	NA	NA	NA	NA	NA	NA
NC_045512.2	3247	T	G	10481	5458	50	2	2	30	0.000190785	10483	0.996835	FALSE	NA	NA	NA	NA	NA	NA
NC_045512.2	3248	G	T	10595	5540	50	1	1	27	9.43752e-05	10596	1	FALSE	NA	NA	NA	NA	NA	NA
NC_045512.2	3249	A	T	10620	5616	50	1	0	26	9.41442e-05	10622	1	FALSE	NA	NA	NA	NA	NA	NA
NC_045512.2	3249	A	G	10620	5616	50	1	0	34	9.41442e-05	10622	0.999513	FALSE	NA	NA	NA	NA	NA	NA
NC_045512.2	3250	G	T	10504	5453	50	1	0	26	9.51746e-05	10507	1	FALSE	NA	NA	NA	NA	NA	NA
NC_045512.2	3250	G	C	10504	5453	50	2	1	36	0.000190349	10507	0.996833	FALSE	NA	NA	NA	NA	NA	NA
NC_045512.2	3251	G	A	10560	5695	49	1	1	60	9.4688e-05	10561	0.500024	FALSE	NA	NA	NA	NA	NA	NA
NC_045512.2	3252	A	T	10437	5610	50	1	1	27	9.57854e-05	10440	1	FALSE	NA	NA	NA	NA	NA	NA
NC_045512.2	3252	A	G	10437	5610	50	2	2	51	0.000191571	10440	0.249988	FALSE	NA	NA	NA	NA	NA	NA
NC_045512.2	3253	C	T	10622	5660	49	1	1	34	9.41265e-05	10624	0.999513	FALSE	NA	NA	NA	NA	NA	NA
NC_045512.2	3253	C	G	10622	5660	49	1	1	27	9.41265e-05	10624	1	FALSE	NA	NA	NA	NA	NA	NA
NC_045512.2	3255	A	C	10443	5650	49	3	0	31	0.000287191	10446	0.988795	FALSE	NA	NA	NA	NA	NA	NA
NC_045512.2	3256	T	C	10578	5634	50	2	1	47	0.000189036	10580	0.500035	FALSE	NA	NA	NA	NA	NA	NA
NC_045512.2	3260	A	G	10778	5905	48	1	0	34	9.2773e-05	10779	0.999513	FALSE	NA	NA	NA	NA	NA	NA
NC_045512.2	3263	A	T	10504	5807	47	2	2	34	0.000190277	10511	0.996827	FALSE	NA	NA	NA	NA	NA	NA
NC_045512.2	3263	A	G	10504	5807	47	1	1	38	9.51384e-05	10511	0.999512	FALSE	NA	NA	NA	NA	NA	NA
NC_045512.2	3263	A	C	10504	5807	47	4	0	28	0.000380554	10511	1	FALSE	NA	NA	NA	NA	NA	NA
NC_045512.2	3264	C	A	10915	5980	47	2	0	34	0.000183201	10917	0.996834	FALSE	NA	NA	NA	NA	NA	NA
NC_045512.2	3265	T	C	10941	5968	47	3	2	45	0.000274123	10944	0.312517	FALSE	NA	NA	NA	NA	NA	NA
NC_045512.2	3266	A	T	10823	5868	47	1	1	27	9.23873e-05	10824	1	FALSE	NA	NA	NA	NA	NA	NA
NC_045512.2	3267	C	G	10898	5976	47	1	0	26	9.17515e-05	10899	1	FALSE	NA	NA	NA	NA	NA	NA
NC_045512.2	3268	T	C	10457	5547	47	2	0	34	0.000191223	10459	0.996835	FALSE	NA	NA	NA	NA	NA	NA
NC_045512.2	3269	A	T	10591	5697	48	1	1	26	9.44109e-05	10592	1	FALSE	NA	NA	NA	NA	NA	NA
NC_045512.2	3270	T	G	10371	5461	47	3	3	24	0.000289157	10375	1	FALSE	NA	NA	NA	NA	NA	NA
NC_045512.2	3270	T	C	10371	5461	47	1	0	24	9.63855e-05	10375	1	FALSE	NA	NA	NA	NA	NA	NA
NC_045512.2	3272	C	G	10408	5616	47	2	0	23	0.000192123	10410	1	FALSE	NA	NA	NA	NA	NA	NA
NC_045512.2	3272	C	-A	10408	5616	47	1	0	20	9.60615e-05	10410	1	FALSE	NA	NA	NA	NA	NA	NA
NC_045512.2	3273	A	G	9790	5284	47	3	1	42	0.000306216	9797	0.124904	FALSE	NA	NA	NA	NA	NA	NA
NC_045512.2	3273	A	C	9790	5284	47	4	2	26	0.000408288	9797	1	FALSE	NA	NA	NA	NA	NA	NA
NC_045512.2	3274	A	C	9927	5252	47	1	0	34	0.000100725	9928	0.999026	FALSE	NA	NA	NA	NA	NA	NA
NC_045512.2	3275	A	G	8804	5365	43	1	0	68	0.000113404	8818	0.49966	FALSE	NA	NA	NA	NA	NA	NA
NC_045512.2	3275	A	C	8804	5365	43	13	0	26	0.00147426	8818	1	FALSE	NA	NA	NA	NA	NA	NA
NC_045512.2	3276	C	T	10103	5329	48	1	1	24	9.89315e-05	10108	1	FALSE	NA	NA	NA	NA	NA	NA
NC_045512.2	3276	C	A	10103	5329	48	4	0	32	0.000395726	10108	0.971356	FALSE	NA	NA	NA	NA	NA	NA
NC_045512.2	3277	A	T	10023	5343	48	1	1	27	9.97606e-05	10024	1	FALSE	NA	NA	NA	NA	NA	NA
NC_045512.2	3278	A	C	9877	5272	47	2	0	20	0.00020245	9879	1	FALSE	NA	NA	NA	NA	NA	NA
NC_045512.2	3280	T	C	10021	5302	47	1	1	68	9.97705e-05	10023	0.5	FALSE	NA	NA	NA	NA	NA	NA
NC_045512.2	3280	T	A	10021	5302	47	1	0	34	9.97705e-05	10023	0.999513	FALSE	NA	NA	NA	NA	NA	NA
NC_045512.2	3281	G	T	10135	5273	48	1	1	20	9.86582e-05	10136	1	FALSE	NA	NA	NA	NA	NA	NA
NC_045512.2	3282	T	G	9910	5086	46	8	8	29	0.000806614	9918	1	FALSE	NA	NA	NA	NA	NA	NA
NC_045512.2	3283	T	A	10158	5421	48	1	0	26	9.84349e-05	10159	1	FALSE	NA	NA	NA	NA	NA	NA
NC_045512.2	3285	A	T	10114	5678	48	1	0	68	9.88435e-05	10117	0.499975	FALSE	NA	NA	NA	NA	NA	NA
NC_045512.2	3285	A	G	10114	5678	48	2	1	34	0.000197687	10117	0.996833	FALSE	NA	NA	NA	NA	NA	NA
NC_045512.2	3288	T	G	10535	5374	47	8	8	28	0.000758725	10544	1	FALSE	NA	NA	NA	NA	NA	NA
NC_045512.2	3288	T	C	10535	5374	47	1	1	27	9.48407e-05	10544	1	FALSE	NA	NA	NA	NA	NA	NA
NC_045512.2	3289	T	C	7276	3972	48	3526	1741	48	0.326421	10802	0	TRUE	NA	NA	NA	NA	NA	NA
NC_045512.2	3291	A	T	10664	5756	48	2	2	26	0.000187494	10667	1	FALSE	NA	NA	NA	NA	NA	NA
NC_045512.2	3291	A	G	10664	5756	48	1	1	68	9.37471e-05	10667	0.499977	FALSE	NA	NA	NA	NA	NA	NA
NC_045512.2	3292	A	C	10285	5741	46	4	0	28	0.000388765	10289	1	FALSE	NA	NA	NA	NA	NA	NA
NC_045512.2	3293	C	G	10696	5743	47	2	0	30	0.000186916	10700	0.996831	FALSE	NA	NA	NA	NA	NA	NA
NC_045512.2	3293	C	A	10696	5743	47	2	1	25	0.000186916	10700	1	FALSE	NA	NA	NA	NA	NA	NA
NC_045512.2	3294	C	A	10603	5757	48	3	3	45	0.000282859	10606	0.312518	FALSE	NA	NA	NA	NA	NA	NA
NC_045512.2	3295	T	G	9976	5132	48	2	2	34	0.000200421	9979	0.994151	FALSE	NA	NA	NA	NA	NA	NA
NC_045512.2	3295	T	C	9976	5132	48	1	1	34	0.00010021	9979	0.999025	FALSE	NA	NA	NA	NA	NA	NA
NC_045512.2	3296	C	G	10187	5138	48	2	1	23	0.00019629	10189	1	FALSE	NA	NA	NA	NA	NA	NA
NC_045512.2	3297	A	C	9938	5129	48	2	0	27	0.000201207	9940	1	FALSE	NA	NA	NA	NA	NA	NA
NC_045512.2	3298	A	G	9774	5217	47	2	1	30	0.000204415	9784	0.994132	FALSE	NA	NA	NA	NA	NA	NA
NC_045512.2	3298	A	C	9774	5217	47	8	0	28	0.000817661	9784	1	FALSE	NA	NA	NA	NA	NA	NA
NC_045512.2	3299	T	G	10188	5151	48	1	1	26	9.81354e-05	10190	1	FALSE	NA	NA	NA	NA	NA	NA
NC_045512.2	3299	T	C	10188	5151	48	1	1	27	9.81354e-05	10190	1	FALSE	NA	NA	NA	NA	NA	NA
NC_045512.2	3300	T	G	10311	5254	49	1	0	27	9.69744e-05	10312	1	FALSE	NA	NA	NA	NA	NA	NA
NC_045512.2	3301	A	T	10132	5162	49	1	0	26	9.86777e-05	10134	1	FALSE	NA	NA	NA	NA	NA	NA
NC_045512.2	3301	A	G	10132	5162	49	1	1	52	9.86777e-05	10134	0.5	FALSE	NA	NA	NA	NA	NA	NA
NC_045512.2	3302	G	T	10205	5138	49	1	0	27	9.7972e-05	10207	1	FALSE	NA	NA	NA	NA	NA	NA
NC_045512.2	3302	G	C	10205	5138	49	1	0	26	9.7972e-05	10207	1	FALSE	NA	NA	NA	NA	NA	NA
NC_045512.2	3303	A	T	10055	5197	47	2	1	34	0.000198847	10058	0.996833	FALSE	NA	NA	NA	NA	NA	NA
NC_045512.2	3303	A	G	10055	5197	47	1	1	68	9.94233e-05	10058	0.499975	FALSE	NA	NA	NA	NA	NA	NA
NC_045512.2	3304	G	C	10276	5104	49	1	0	27	9.73047e-05	10277	1	FALSE	NA	NA	NA	NA	NA	NA
NC_045512.2	3305	A	T	9760	4938	48	1	0	20	0.000102449	9761	1	FALSE	NA	NA	NA	NA	NA	NA
NC_045512.2	3306	T	G	9827	4749	49	1	1	34	0.00010174	9829	0.999026	FALSE	NA	NA	NA	NA	NA	NA
NC_045512.2	3306	T	C	9827	4749	49	1	1	34	0.00010174	9829	0.999026	FALSE	NA	NA	NA	NA	NA	NA
NC_045512.2	3307	G	C	9843	4835	49	4	3	28	0.000406215	9847	1	FALSE	NA	NA	NA	NA	NA	NA
NC_045512.2	3308	G	C	9790	4841	48	1	1	27	0.000102135	9791	1	FALSE	NA	NA	NA	NA	NA	NA
NC_045512.2	3309	A	G	10187	5132	50	1	0	46	9.81451e-05	10189	0.750012	FALSE	NA	NA	NA	NA	NA	NA
NC_045512.2	3309	A	C	10187	5132	50	1	1	34	9.81451e-05	10189	0.999513	FALSE	NA	NA	NA	NA	NA	NA
NC_045512.2	3310	A	T	10182	5219	49	1	1	60	9.82029e-05	10183	0.500025	FALSE	NA	NA	NA	NA	NA	NA
NC_045512.2	3311	C	T	10286	5250	49	1	0	34	9.72101e-05	10287	0.999513	FALSE	NA	NA	NA	NA	NA	NA
NC_045512.2	3312	T	A	10080	5008	49	1	1	26	9.91965e-05	10081	1	FALSE	NA	NA	NA	NA	NA	NA
NC_045512.2	3313	T	C	10186	5133	49	2	1	29	0.00019629	10189	1	FALSE	NA	NA	NA	NA	NA	NA
NC_045512.2	3313	T	A	10186	5133	49	1	1	34	9.81451e-05	10189	0.999513	FALSE	NA	NA	NA	NA	NA	NA
NC_045512.2	3316	A	G	10238	5214	49	1	1	34	9.76658e-05	10239	0.999513	FALSE	NA	NA	NA	NA	NA	NA
NC_045512.2	3317	C	G	10252	5234	49	1	1	27	9.75324e-05	10253	1	FALSE	NA	NA	NA	NA	NA	NA
NC_045512.2	3318	C	G	10076	5096	49	3	2	26	0.000297649	10079	1	FALSE	NA	NA	NA	NA	NA	NA
NC_045512.2	3319	A	C	9811	4908	50	2	1	27	0.000203811	9813	1	FALSE	NA	NA	NA	NA	NA	NA
NC_045512.2	3320	G	T	9897	4818	49	1	1	27	0.000101031	9898	1	FALSE	NA	NA	NA	NA	NA	NA
NC_045512.2	3320	G	-T	9897	4818	49	1	0	20	0.000101031	9898	1	FALSE	NA	NA	NA	NA	NA	NA
NC_045512.2	3321	T	G	9853	4936	49	1	1	34	0.000101482	9854	0.999026	FALSE	NA	NA	NA	NA	NA	NA
NC_045512.2	3322	T	G	9989	5009	50	1	0	68	0.00010009	9991	0.5	FALSE	NA	NA	NA	NA	NA	NA
NC_045512.2	3322	T	A	9989	5009	50	1	0	26	0.00010009	9991	1	FALSE	NA	NA	NA	NA	NA	NA
NC_045512.2	3323	G	T	10345	5014	50	1	1	27	9.66464e-05	10347	1	FALSE	NA	NA	NA	NA	NA	NA
NC_045512.2	3323	G	A	10345	5014	50	1	1	20	9.66464e-05	10347	1	FALSE	NA	NA	NA	NA	NA	NA
NC_045512.2	3324	T	G	10243	4930	49	5	5	28	0.000487805	10250	1	FALSE	NA	NA	NA	NA	NA	NA
NC_045512.2	3324	T	C	10243	4930	49	1	1	34	9.7561e-05	10250	0.999512	FALSE	NA	NA	NA	NA	NA	NA
NC_045512.2	3324	T	A	10243	4930	49	1	1	20	9.7561e-05	10250	1	FALSE	NA	NA	NA	NA	NA	NA
NC_045512.2	3325	T	G	10393	5123	50	2	0	30	0.000192363	10397	0.996832	FALSE	NA	NA	NA	NA	NA	NA
NC_045512.2	3325	T	C	10393	5123	50	2	2	68	0.000192363	10397	0.249964	FALSE	NA	NA	NA	NA	NA	NA
NC_045512.2	3326	C	G	10263	5135	49	5	5	28	0.000486902	10269	1	FALSE	NA	NA	NA	NA	NA	NA
NC_045512.2	3326	C	A	10263	5135	49	1	0	34	9.73805e-05	10269	0.999512	FALSE	NA	NA	NA	NA	NA	NA
NC_045512.2	3327	A	T	10236	5098	50	1	1	26	9.76753e-05	10238	1	FALSE	NA	NA	NA	NA	NA	NA
NC_045512.2	3327	A	G	10236	5098	50	1	0	68	9.76753e-05	10238	0.5	FALSE	NA	NA	NA	NA	NA	NA
NC_045512.2	3328	G	T	10450	5082	49	2	2	26	0.000191333	10453	1	FALSE	NA	NA	NA	NA	NA	NA
NC_045512.2	3328	G	A	10450	5082	49	1	0	20	9.56663e-05	10453	1	FALSE	NA	NA	NA	NA	NA	NA
NC_045512.2	3328	G	-A	10450	5082	49	1	0	20	9.56663e-05	10453	1	FALSE	NA	NA	NA	NA	NA	NA
NC_045512.2	3330	C	G	11060	5280	49	1	0	26	9.03996e-05	11062	1	FALSE	NA	NA	NA	NA	NA	NA
NC_045512.2	3330	C	A	11060	5280	49	1	0	26	9.03996e-05	11062	1	FALSE	NA	NA	NA	NA	NA	NA
NC_045512.2	3331	T	C	10751	5023	48	1	1	68	9.29454e-05	10759	0.499861	FALSE	NA	NA	NA	NA	NA	NA
NC_045512.2	3331	T	A	10751	5023	48	7	5	27	0.000650618	10759	1	FALSE	NA	NA	NA	NA	NA	NA
NC_045512.2	3332	A	C	10907	5133	50	2	0	26	0.000183335	10909	1	FALSE	NA	NA	NA	NA	NA	NA
NC_045512.2	3333	T	G	10600	4836	49	8	8	26	0.000754148	10608	1	FALSE	NA	NA	NA	NA	NA	NA
NC_045512.2	3334	T	G	10767	5074	49	3	3	29	0.000278526	10771	1	FALSE	NA	NA	NA	NA	NA	NA
NC_045512.2	3334	T	C	10767	5074	49	1	1	68	9.28419e-05	10771	0.499954	FALSE	NA	NA	NA	NA	NA	NA
NC_045512.2	3335	G	T	10894	5138	50	3	2	29	0.000275305	10897	1	FALSE	NA	NA	NA	NA	NA	NA
NC_045512.2	3336	A	G	10470	5239	48	1	0	34	9.54927e-05	10472	0.999513	FALSE	NA	NA	NA	NA	NA	NA
NC_045512.2	3336	A	C	10470	5239	48	1	0	34	9.54927e-05	10472	0.999513	FALSE	NA	NA	NA	NA	NA	NA
NC_045512.2	3337	A	G	10856	5126	50	1	0	46	9.2098e-05	10858	0.750012	FALSE	NA	NA	NA	NA	NA	NA
NC_045512.2	3337	A	C	10856	5126	50	1	1	34	9.2098e-05	10858	0.999513	FALSE	NA	NA	NA	NA	NA	NA
NC_045512.2	3339	T	G	9818	4159	48	8	8	26	0.000814001	9828	1	FALSE	NA	NA	NA	NA	NA	NA
NC_045512.2	3339	T	A	9818	4159	48	2	0	23	0.0002035	9828	1	FALSE	NA	NA	NA	NA	NA	NA
NC_045512.2	3340	G	T	10423	4579	49	1	1	27	9.59141e-05	10426	1	FALSE	NA	NA	NA	NA	NA	NA
NC_045512.2	3340	G	C	10423	4579	49	2	1	26	0.000191828	10426	1	FALSE	NA	NA	NA	NA	NA	NA
NC_045512.2	3342	A	G	10416	4658	50	2	2	34	0.000191975	10418	0.996835	FALSE	NA	NA	NA	NA	NA	NA
NC_045512.2	3343	T	G	10146	4445	49	1	1	27	9.85319e-05	10149	1	FALSE	NA	NA	NA	NA	NA	NA
NC_045512.2	3343	T	C	10146	4445	49	1	1	34	9.85319e-05	10149	0.999513	FALSE	NA	NA	NA	NA	NA	NA
NC_045512.2	3343	T	A	10146	4445	49	1	0	34	9.85319e-05	10149	0.999513	FALSE	NA	NA	NA	NA	NA	NA
NC_045512.2	3344	A	T	10215	4726	49	3	3	28	0.0002936	10218	1	FALSE	NA	NA	NA	NA	NA	NA
NC_045512.2	3345	G	T	10822	4819	50	3	2	40	0.000277085	10827	0.312448	FALSE	NA	NA	NA	NA	NA	NA
NC_045512.2	3345	G	C	10822	4819	50	2	1	27	0.000184723	10827	1	FALSE	NA	NA	NA	NA	NA	NA
NC_045512.2	3346	T	G	10729	4822	49	2	2	23	0.000186376	10731	1	FALSE	NA	NA	NA	NA	NA	NA
NC_045512.2	3347	T	C	10712	4991	50	2	2	29	0.000186672	10714	1	FALSE	NA	NA	NA	NA	NA	NA
NC_045512.2	3348	T	C	10728	4911	50	1	1	27	9.31966e-05	10730	1	FALSE	NA	NA	NA	NA	NA	NA
NC_045512.2	3348	T	A	10728	4911	50	1	1	34	9.31966e-05	10730	0.999513	FALSE	NA	NA	NA	NA	NA	NA
NC_045512.2	3350	A	T	10662	4921	51	2	2	26	0.000187529	10665	1	FALSE	NA	NA	NA	NA	NA	NA
NC_045512.2	3350	A	C	10662	4921	51	1	0	34	9.37647e-05	10665	0.999513	FALSE	NA	NA	NA	NA	NA	NA
NC_045512.2	3351	G	T	10522	4815	51	1	1	26	9.50299e-05	10523	1	FALSE	NA	NA	NA	NA	NA	NA
NC_045512.2	3352	T	G	10575	4893	51	1	1	27	9.45358e-05	10578	1	FALSE	NA	NA	NA	NA	NA	NA
NC_045512.2	3352	T	C	10575	4893	51	2	1	47	0.000189072	10578	0.5	FALSE	NA	NA	NA	NA	NA	NA
NC_045512.2	3353	G	T	10528	4842	51	1	0	27	9.49758e-05	10529	1	FALSE	NA	NA	NA	NA	NA	NA
NC_045512.2	3354	G	T	10216	4645	51	1	1	34	9.78282e-05	10222	0.999512	FALSE	NA	NA	NA	NA	NA	NA
NC_045512.2	3354	G	C	10216	4645	51	3	1	29	0.000293485	10222	1	FALSE	NA	NA	NA	NA	NA	NA
NC_045512.2	3354	G	A	10216	4645	51	2	1	47	0.000195656	10222	0.49989	FALSE	NA	NA	NA	NA	NA	NA
NC_045512.2	3355	T	G	10199	4696	52	1	1	26	9.802e-05	10202	1	FALSE	NA	NA	NA	NA	NA	NA
NC_045512.2	3355	T	C	10199	4696	52	1	1	34	9.802e-05	10202	0.999513	FALSE	NA	NA	NA	NA	NA	NA
NC_045512.2	3355	T	A	10199	4696	52	1	1	34	9.802e-05	10202	0.999513	FALSE	NA	NA	NA	NA	NA	NA
NC_045512.2	3356	T	G	10210	4767	52	1	0	34	9.79144e-05	10213	0.999513	FALSE	NA	NA	NA	NA	NA	NA
NC_045512.2	3356	T	A	10210	4767	52	2	1	30	0.000195829	10213	0.996833	FALSE	NA	NA	NA	NA	NA	NA
NC_045512.2	3357	A	C	10740	5029	52	1	1	34	9.31012e-05	10741	0.999513	FALSE	NA	NA	NA	NA	NA	NA
NC_045512.2	3358	T	G	10550	4835	51	1	1	26	9.47688e-05	10552	1	FALSE	NA	NA	NA	NA	NA	NA
NC_045512.2	3358	T	C	10550	4835	51	1	1	68	9.47688e-05	10552	0.5	FALSE	NA	NA	NA	NA	NA	NA
NC_045512.2	3359	T	G	10456	4786	50	3	3	26	0.000286807	10460	1	FALSE	NA	NA	NA	NA	NA	NA
NC_045512.2	3359	T	A	10456	4786	50	1	0	26	9.56023e-05	10460	1	FALSE	NA	NA	NA	NA	NA	NA
NC_045512.2	3362	A	G	10649	5232	52	1	1	24	9.38967e-05	10650	1	FALSE	NA	NA	NA	NA	NA	NA
NC_045512.2	3363	A	T	10059	5197	49	1	1	27	9.93838e-05	10062	1	FALSE	NA	NA	NA	NA	NA	NA
NC_045512.2	3363	A	C	10059	5197	49	2	0	23	0.000198768	10062	1	FALSE	NA	NA	NA	NA	NA	NA
NC_045512.2	3364	A	T	10586	5213	51	1	1	34	9.44555e-05	10587	0.999513	FALSE	NA	NA	NA	NA	NA	NA
NC_045512.2	3365	C	T	10913	5339	52	1	0	68	9.16086e-05	10916	0.499977	FALSE	NA	NA	NA	NA	NA	NA
NC_045512.2	3365	C	G	10913	5339	52	2	0	26	0.000183217	10916	1	FALSE	NA	NA	NA	NA	NA	NA
NC_045512.2	3366	T	G	10457	4951	52	2	2	23	0.000191186	10461	1	FALSE	NA	NA	NA	NA	NA	NA
NC_045512.2	3366	T	C	10457	4951	52	2	1	47	0.000191186	10461	0.499964	FALSE	NA	NA	NA	NA	NA	NA
NC_045512.2	3367	T	C	10485	4997	52	1	1	27	9.53652e-05	10486	1	FALSE	NA	NA	NA	NA	NA	NA
NC_045512.2	3368	A	T	10436	4986	52	1	1	68	9.57854e-05	10440	0.499952	FALSE	NA	NA	NA	NA	NA	NA
NC_045512.2	3368	A	G	10436	4986	52	1	0	27	9.57854e-05	10440	1	FALSE	NA	NA	NA	NA	NA	NA
NC_045512.2	3368	A	C	10436	4986	52	2	0	27	0.000191571	10440	1	FALSE	NA	NA	NA	NA	NA	NA
NC_045512.2	3369	C	T	10456	5082	52	1	0	34	9.56206e-05	10458	0.999513	FALSE	NA	NA	NA	NA	NA	NA
NC_045512.2	3369	C	A	10456	5082	52	1	0	34	9.56206e-05	10458	0.999513	FALSE	NA	NA	NA	NA	NA	NA
NC_045512.2	3370	T	C	10549	5043	52	1	0	68	9.47777e-05	10551	0.5	FALSE	NA	NA	NA	NA	NA	NA
NC_045512.2	3370	T	A	10549	5043	52	1	1	26	9.47777e-05	10551	1	FALSE	NA	NA	NA	NA	NA	NA
NC_045512.2	3372	A	G	10669	5102	52	2	1	68	0.000187424	10671	0.250012	FALSE	NA	NA	NA	NA	NA	NA
NC_045512.2	3373	C	G	10723	5136	52	1	0	27	9.32488e-05	10724	1	FALSE	NA	NA	NA	NA	NA	NA
NC_045512.2	3374	A	T	10615	4976	52	1	0	24	9.41886e-05	10617	1	FALSE	NA	NA	NA	NA	NA	NA
NC_045512.2	3374	A	C	10615	4976	52	1	0	68	9.41886e-05	10617	0.5	FALSE	NA	NA	NA	NA	NA	NA
NC_045512.2	3377	G	C	11012	5173	51	1	0	26	9.08018e-05	11013	1	FALSE	NA	NA	NA	NA	NA	NA
NC_045512.2	3379	A	C	10997	5233	52	1	0	26	9.09256e-05	10998	1	FALSE	NA	NA	NA	NA	NA	NA
NC_045512.2	3380	T	G	11090	5198	52	1	1	26	9.01632e-05	11091	1	FALSE	NA	NA	NA	NA	NA	NA
NC_045512.2	3382	C	+A	11335	5254	51	1	0	20	8.82223e-05	11335	1	FALSE	NA	NA	NA	NA	NA	NA
NC_045512.2	3383	A	T	11286	5191	52	1	0	34	8.85818e-05	11289	0.999756	FALSE	NA	NA	NA	NA	NA	NA
NC_045512.2	3383	A	G	11286	5191	52	2	1	68	0.000177164	11289	0.249989	FALSE	NA	NA	NA	NA	NA	NA
NC_045512.2	3383	A	+T	11286	5191	52	7	0	20	0.000620073	11289	1	FALSE	NA	NA	NA	NA	NA	NA
NC_045512.2	3383	A	+G	11286	5191	52	4	0	20	0.000354327	11289	1	FALSE	NA	NA	NA	NA	NA	NA
NC_045512.2	3384	T	G	10941	4921	51	1	1	26	9.13826e-05	10943	1	FALSE	NA	NA	NA	NA	NA	NA
NC_045512.2	3384	T	C	10941	4921	51	1	1	27	9.13826e-05	10943	1	FALSE	NA	NA	NA	NA	NA	NA
NC_045512.2	3384	T	+C	10941	4921	51	1	0	20	9.13826e-05	10943	1	FALSE	NA	NA	NA	NA	NA	NA
NC_045512.2	3384	T	+A	10941	4921	51	1	0	20	9.13826e-05	10943	1	FALSE	NA	NA	NA	NA	NA	NA
NC_045512.2	3385	T	A	11004	5011	52	44	21	36	0.00398262	11048	4.25137e-06	TRUE	NA	NA	NA	NA	NA	NA
NC_045512.2	3385	T	-A	11004	5011	52	1	0	20	9.05141e-05	11048	1	FALSE	NA	NA	NA	NA	NA	NA
NC_045512.2	3385	T	+C	11004	5011	52	1	0	20	9.05141e-05	11048	1	FALSE	NA	NA	NA	NA	NA	NA
NC_045512.2	3385	T	+A	11004	5011	52	3069	0	20	0.277788	11048	0	TRUE	NA	NA	NA	NA	NA	NA
NC_045512.2	3386	A	+T	10929	4974	52	3	0	20	0.000274474	10930	1	FALSE	NA	NA	NA	NA	NA	NA
NC_045512.2	3386	A	+G	10929	4974	52	1	0	20	9.14913e-05	10930	1	FALSE	NA	NA	NA	NA	NA	NA
NC_045512.2	3386	A	+C	10929	4974	52	3	0	20	0.000274474	10930	1	FALSE	NA	NA	NA	NA	NA	NA
NC_045512.2	3387	A	C	10853	5048	51	1	0	26	9.21319e-05	10854	1	FALSE	NA	NA	NA	NA	NA	NA
NC_045512.2	3387	A	+T	10853	5048	51	1	0	20	9.21319e-05	10854	1	FALSE	NA	NA	NA	NA	NA	NA
NC_045512.2	3387	A	+G	10853	5048	51	1	0	20	9.21319e-05	10854	1	FALSE	NA	NA	NA	NA	NA	NA
NC_045512.2	3387	A	+C	10853	5048	51	1	0	20	9.21319e-05	10854	1	FALSE	NA	NA	NA	NA	NA	NA
NC_045512.2	3388	A	G	10897	5054	52	1	0	34	9.176e-05	10898	0.999513	FALSE	NA	NA	NA	NA	NA	NA
NC_045512.2	3388	A	+G	10897	5054	52	1	0	20	9.176e-05	10898	1	FALSE	NA	NA	NA	NA	NA	NA
NC_045512.2	3388	A	+C	10897	5054	52	4	0	20	0.00036704	10898	1	FALSE	NA	NA	NA	NA	NA	NA
NC_045512.2	3389	A	+T	10943	5082	51	1	0	20	9.13826e-05	10943	1	FALSE	NA	NA	NA	NA	NA	NA
NC_045512.2	3389	A	+G	10943	5082	51	1	0	20	9.13826e-05	10943	1	FALSE	NA	NA	NA	NA	NA	NA
NC_045512.2	3389	A	+C	10943	5082	51	6	0	20	0.000548296	10943	1	FALSE	NA	NA	NA	NA	NA	NA
NC_045512.2	3390	A	+T	11017	5151	51	2	0	20	0.000181538	11017	1	FALSE	NA	NA	NA	NA	NA	NA
NC_045512.2	3390	A	+C	11017	5151	51	2	0	20	0.000181538	11017	1	FALSE	NA	NA	NA	NA	NA	NA
NC_045512.2	3391	T	C	10689	4856	52	1	1	27	9.24813e-05	10813	1	FALSE	NA	NA	NA	NA	NA	NA
NC_045512.2	3391	T	A	10689	4856	52	123	94	46	0.0113752	10813	4.16946e-36	TRUE	NA	NA	NA	NA	NA	NA
NC_045512.2	3392	G	T	10505	4762	51	2	2	30	0.000190313	10509	0.996832	FALSE	NA	NA	NA	NA	NA	NA
NC_045512.2	3392	G	C	10505	4762	51	2	1	30	0.000190313	10509	0.996832	FALSE	NA	NA	NA	NA	NA	NA
NC_045512.2	3392	G	+T	10505	4762	51	1	0	20	9.51565e-05	10509	1	FALSE	NA	NA	NA	NA	NA	NA
NC_045512.2	3393	C	T	10403	4899	50	2	0	34	0.000192141	10409	0.996828	FALSE	NA	NA	NA	NA	NA	NA
NC_045512.2	3393	C	G	10403	4899	50	1	1	34	9.60707e-05	10409	0.999512	FALSE	NA	NA	NA	NA	NA	NA
NC_045512.2	3393	C	A	10403	4899	50	3	1	42	0.000288212	10409	0.31241	FALSE	NA	NA	NA	NA	NA	NA
NC_045512.2	3394	A	G	10561	4880	52	2	0	47	0.000189304	10565	0.499964	FALSE	NA	NA	NA	NA	NA	NA
NC_045512.2	3394	A	C	10561	4880	52	2	1	26	0.000189304	10565	1	FALSE	NA	NA	NA	NA	NA	NA
NC_045512.2	3395	G	T	10620	4860	52	2	2	23	0.000188271	10623	1	FALSE	NA	NA	NA	NA	NA	NA
NC_045512.2	3395	G	C	10620	4860	52	1	1	27	9.41354e-05	10623	1	FALSE	NA	NA	NA	NA	NA	NA
NC_045512.2	3396	A	T	10633	4893	52	1	1	20	9.4038e-05	10634	1	FALSE	NA	NA	NA	NA	NA	NA
NC_045512.2	3397	C	G	10803	5021	52	2	0	30	0.000185082	10806	0.996833	FALSE	NA	NA	NA	NA	NA	NA
NC_045512.2	3397	C	A	10803	5021	52	1	0	34	9.25412e-05	10806	0.999513	FALSE	NA	NA	NA	NA	NA	NA
NC_045512.2	3398	A	T	10723	5044	51	2	0	26	0.00018648	10725	1	FALSE	NA	NA	NA	NA	NA	NA
NC_045512.2	3399	T	A	10686	4966	51	1	0	34	9.35716e-05	10687	0.999513	FALSE	NA	NA	NA	NA	NA	NA
NC_045512.2	3400	T	A	10912	5049	52	2	0	30	0.000183251	10914	0.996834	FALSE	NA	NA	NA	NA	NA	NA
NC_045512.2	3401	G	T	11071	5047	52	1	1	26	9.03016e-05	11074	1	FALSE	NA	NA	NA	NA	NA	NA
NC_045512.2	3401	G	C	11071	5047	52	2	2	26	0.000180603	11074	1	FALSE	NA	NA	NA	NA	NA	NA
NC_045512.2	3402	T	A	11080	5138	52	3	1	31	0.000270685	11083	0.993547	FALSE	NA	NA	NA	NA	NA	NA
NC_045512.2	3403	G	C	11084	5151	52	1	1	27	9.0212e-05	11085	1	FALSE	NA	NA	NA	NA	NA	NA
NC_045512.2	3404	G	T	10958	5167	51	1	1	27	9.12326e-05	10961	1	FALSE	NA	NA	NA	NA	NA	NA
NC_045512.2	3404	G	C	10958	5167	51	2	1	26	0.000182465	10961	1	FALSE	NA	NA	NA	NA	NA	NA
NC_045512.2	3405	A	G	11120	5287	52	1	0	68	8.992e-05	11121	0.500022	FALSE	NA	NA	NA	NA	NA	NA
NC_045512.2	3406	A	T	10834	5179	52	2	1	26	0.000184553	10837	1	FALSE	NA	NA	NA	NA	NA	NA
NC_045512.2	3406	A	G	10834	5179	52	1	0	68	9.22765e-05	10837	0.499977	FALSE	NA	NA	NA	NA	NA	NA
NC_045512.2	3409	A	T	10680	5170	51	2	0	27	0.000187196	10684	1	FALSE	NA	NA	NA	NA	NA	NA
NC_045512.2	3409	A	G	10680	5170	51	1	1	68	9.35979e-05	10684	0.499953	FALSE	NA	NA	NA	NA	NA	NA
NC_045512.2	3409	A	C	10680	5170	51	1	0	26	9.35979e-05	10684	1	FALSE	NA	NA	NA	NA	NA	NA
NC_045512.2	3410	G	T	10719	5030	51	5	5	31	0.000466244	10724	0.940851	FALSE	NA	NA	NA	NA	NA	NA
NC_045512.2	3411	C	G	10718	5355	51	1	1	26	9.32836e-05	10720	1	FALSE	NA	NA	NA	NA	NA	NA
NC_045512.2	3411	C	A	10718	5355	51	1	0	26	9.32836e-05	10720	1	FALSE	NA	NA	NA	NA	NA	NA
NC_045512.2	3412	T	G	10819	5362	53	1	1	20	9.24214e-05	10820	1	FALSE	NA	NA	NA	NA	NA	NA
NC_045512.2	3412	T	-A	10819	5362	53	3	0	20	0.000277264	10820	1	FALSE	NA	NA	NA	NA	NA	NA
NC_045512.2	3413	A	T	10898	5482	53	1	1	34	9.17431e-05	10900	0.999512	FALSE	NA	NA	NA	NA	NA	NA
NC_045512.2	3413	A	C	10898	5482	53	1	0	26	9.17431e-05	10900	1	FALSE	NA	NA	NA	NA	NA	NA
NC_045512.2	3414	A	G	10791	5522	52	2	1	25	0.000185288	10794	1	FALSE	NA	NA	NA	NA	NA	NA
NC_045512.2	3414	A	C	10791	5522	52	1	0	26	9.26441e-05	10794	1	FALSE	NA	NA	NA	NA	NA	NA
NC_045512.2	3415	A	T	10763	5557	52	1	0	26	9.28764e-05	10767	1	FALSE	NA	NA	NA	NA	NA	NA
NC_045512.2	3415	A	C	10763	5557	52	3	0	21	0.000278629	10767	1	FALSE	NA	NA	NA	NA	NA	NA
NC_045512.2	3416	A	+C	10697	5526	52	1	0	20	9.34842e-05	10697	1	FALSE	NA	NA	NA	NA	NA	NA
NC_045512.2	3417	A	T	10710	5568	51	2	2	23	0.000186672	10714	1	FALSE	NA	NA	NA	NA	NA	NA
NC_045512.2	3417	A	G	10710	5568	51	1	1	68	9.33358e-05	10714	0.499953	FALSE	NA	NA	NA	NA	NA	NA
NC_045512.2	3417	A	C	10710	5568	51	1	1	27	9.33358e-05	10714	1	FALSE	NA	NA	NA	NA	NA	NA
NC_045512.2	3418	G	C	10973	5521	52	2	1	23	0.000182216	10976	1	FALSE	NA	NA	NA	NA	NA	NA
NC_045512.2	3418	G	A	10973	5521	52	1	1	68	9.11079e-05	10976	0.499977	FALSE	NA	NA	NA	NA	NA	NA
NC_045512.2	3419	G	C	10830	5527	51	1	1	27	9.23276e-05	10831	1	FALSE	NA	NA	NA	NA	NA	NA
NC_045512.2	3420	T	G	10819	5441	52	1	0	34	9.24044e-05	10822	0.999513	FALSE	NA	NA	NA	NA	NA	NA
NC_045512.2	3420	T	A	10819	5441	52	2	2	23	0.000184809	10822	1	FALSE	NA	NA	NA	NA	NA	NA
NC_045512.2	3421	A	T	11056	5681	53	1	1	27	9.04323e-05	11058	1	FALSE	NA	NA	NA	NA	NA	NA
NC_045512.2	3421	A	C	11056	5681	53	1	0	27	9.04323e-05	11058	1	FALSE	NA	NA	NA	NA	NA	NA
NC_045512.2	3422	A	T	10992	5629	53	2	0	26	0.000181901	10995	1	FALSE	NA	NA	NA	NA	NA	NA
NC_045512.2	3422	A	G	10992	5629	53	1	1	34	9.09504e-05	10995	0.999513	FALSE	NA	NA	NA	NA	NA	NA
NC_045512.2	3423	A	T	11093	5637	49	1	1	34	9.01144e-05	11097	0.999756	FALSE	NA	NA	NA	NA	NA	NA
NC_045512.2	3423	A	G	11093	5637	49	2	2	25	0.000180229	11097	1	FALSE	NA	NA	NA	NA	NA	NA
NC_045512.2	3423	A	C	11093	5637	49	1	1	26	9.01144e-05	11097	1	FALSE	NA	NA	NA	NA	NA	NA
NC_045512.2	3424	A	C	11108	5447	50	1	1	26	9.00171e-05	11109	1	FALSE	NA	NA	NA	NA	NA	NA
NC_045512.2	3426	C	T	11465	5908	52	1	0	24	8.71992e-05	11468	1	FALSE	NA	NA	NA	NA	NA	NA
NC_045512.2	3426	C	A	11465	5908	52	2	0	23	0.000174398	11468	1	FALSE	NA	NA	NA	NA	NA	NA
NC_045512.2	3428	A	G	10934	5802	49	2	0	27	0.000182648	10950	1	FALSE	NA	NA	NA	NA	NA	NA
NC_045512.2	3428	A	C	10934	5802	49	14	0	28	0.00127854	10950	1	FALSE	NA	NA	NA	NA	NA	NA
NC_045512.2	3430	A	T	11261	5770	51	3	1	24	0.000266264	11267	1	FALSE	NA	NA	NA	NA	NA	NA
NC_045512.2	3430	A	G	11261	5770	51	2	0	34	0.00017751	11267	0.998293	FALSE	NA	NA	NA	NA	NA	NA
NC_045512.2	3430	A	C	11261	5770	51	1	0	34	8.87548e-05	11267	0.999756	FALSE	NA	NA	NA	NA	NA	NA
NC_045512.2	3432	T	G	10853	5314	51	6	6	29	0.000552537	10859	1	FALSE	NA	NA	NA	NA	NA	NA
NC_045512.2	3432	T	-G	10853	5314	51	1	0	20	9.20895e-05	10859	1	FALSE	NA	NA	NA	NA	NA	NA
NC_045512.2	3434	G	T	11026	5458	52	3	3	24	0.000271936	11032	1	FALSE	NA	NA	NA	NA	NA	NA
NC_045512.2	3434	G	C	11026	5458	52	1	0	26	9.06454e-05	11032	1	FALSE	NA	NA	NA	NA	NA	NA
NC_045512.2	3434	G	A	11026	5458	52	2	1	68	0.000181291	11032	0.249921	FALSE	NA	NA	NA	NA	NA	NA
NC_045512.2	3435	T	G	10789	5273	52	6	6	26	0.000555607	10799	1	FALSE	NA	NA	NA	NA	NA	NA
NC_045512.2	3435	T	C	10789	5273	52	1	0	27	9.26012e-05	10799	1	FALSE	NA	NA	NA	NA	NA	NA
NC_045512.2	3435	T	A	10789	5273	52	3	1	34	0.000277804	10799	0.98876	FALSE	NA	NA	NA	NA	NA	NA
NC_045512.2	3436	T	A	11067	5573	52	2	1	51	0.000180685	11069	0.250011	FALSE	NA	NA	NA	NA	NA	NA
NC_045512.2	3437	G	A	11073	5633	52	1	1	34	9.03016e-05	11074	0.999757	FALSE	NA	NA	NA	NA	NA	NA
NC_045512.2	3437	G	-T	11073	5633	52	1	0	20	9.03016e-05	11074	1	FALSE	NA	NA	NA	NA	NA	NA
NC_045512.2	3438	T	G	10693	5246	49	3	3	24	0.000280452	10697	1	FALSE	NA	NA	NA	NA	NA	NA
NC_045512.2	3438	T	C	10693	5246	49	1	1	24	9.34842e-05	10697	1	FALSE	NA	NA	NA	NA	NA	NA
NC_045512.2	3439	T	A	10940	5550	51	1	1	34	9.13993e-05	10941	0.999513	FALSE	NA	NA	NA	NA	NA	NA
NC_045512.2	3440	A	T	10787	5449	51	2	1	26	0.000185374	10789	1	FALSE	NA	NA	NA	NA	NA	NA
NC_045512.2	3441	A	G	10660	5490	51	1	1	38	9.37822e-05	10663	0.999513	FALSE	NA	NA	NA	NA	NA	NA
NC_045512.2	3441	A	C	10660	5490	51	2	0	27	0.000187564	10663	1	FALSE	NA	NA	NA	NA	NA	NA
NC_045512.2	3442	T	G	10775	5394	52	1	1	26	9.27902e-05	10777	1	FALSE	NA	NA	NA	NA	NA	NA
NC_045512.2	3442	T	C	10775	5394	52	1	1	68	9.27902e-05	10777	0.5	FALSE	NA	NA	NA	NA	NA	NA
NC_045512.2	3443	G	T	10672	5423	51	1	1	27	9.36768e-05	10675	1	FALSE	NA	NA	NA	NA	NA	NA
NC_045512.2	3443	G	C	10672	5423	51	2	2	27	0.000187354	10675	1	FALSE	NA	NA	NA	NA	NA	NA
NC_045512.2	3444	C	T	10639	5552	51	1	1	26	9.3985e-05	10640	1	FALSE	NA	NA	NA	NA	NA	NA
NC_045512.2	3445	A	G	10772	5458	52	1	0	34	9.28074e-05	10775	0.999513	FALSE	NA	NA	NA	NA	NA	NA
NC_045512.2	3445	A	C	10772	5458	52	2	0	26	0.000185615	10775	1	FALSE	NA	NA	NA	NA	NA	NA
NC_045512.2	3446	G	T	10879	5489	52	2	2	26	0.000183807	10881	1	FALSE	NA	NA	NA	NA	NA	NA
NC_045512.2	3448	C	G	10832	5653	51	1	0	34	9.22935e-05	10835	0.999513	FALSE	NA	NA	NA	NA	NA	NA
NC_045512.2	3448	C	A	10832	5653	51	2	0	26	0.000184587	10835	1	FALSE	NA	NA	NA	NA	NA	NA
NC_045512.2	3449	A	G	10878	5624	51	1	1	34	9.19202e-05	10879	0.999513	FALSE	NA	NA	NA	NA	NA	NA
NC_045512.2	3452	G	T	11280	5707	51	1	1	27	8.86446e-05	11281	1	FALSE	NA	NA	NA	NA	NA	NA
NC_045512.2	3453	T	G	10182	4558	46	7	6	34	0.000686948	10190	0.833949	FALSE	NA	NA	NA	NA	NA	NA
NC_045512.2	3453	T	C	10182	4558	46	1	0	26	9.81354e-05	10190	1	FALSE	NA	NA	NA	NA	NA	NA
NC_045512.2	3454	T	A	11167	5764	52	1	1	34	8.95415e-05	11168	0.999757	FALSE	NA	NA	NA	NA	NA	NA
NC_045512.2	3455	T	G	11064	5705	52	2	2	26	0.000180717	11067	1	FALSE	NA	NA	NA	NA	NA	NA
NC_045512.2	3455	T	C	11064	5705	52	1	1	34	9.03587e-05	11067	0.999756	FALSE	NA	NA	NA	NA	NA	NA
NC_045512.2	3456	A	G	11074	5719	51	1	0	27	9.0269e-05	11078	1	FALSE	NA	NA	NA	NA	NA	NA
NC_045512.2	3456	A	C	11074	5719	51	3	0	26	0.000270807	11078	1	FALSE	NA	NA	NA	NA	NA	NA
NC_045512.2	3457	C	A	11264	5725	51	1	0	24	8.87705e-05	11265	1	FALSE	NA	NA	NA	NA	NA	NA
NC_045512.2	3458	C	G	11194	5840	51	1	0	27	8.93017e-05	11198	1	FALSE	NA	NA	NA	NA	NA	NA
NC_045512.2	3458	C	A	11194	5840	51	3	0	24	0.000267905	11198	1	FALSE	NA	NA	NA	NA	NA	NA
NC_045512.2	3459	T	G	10472	4990	49	7	7	26	0.000667875	10481	1	FALSE	NA	NA	NA	NA	NA	NA
NC_045512.2	3459	T	C	10472	4990	49	2	0	34	0.000190821	10481	0.996824	FALSE	NA	NA	NA	NA	NA	NA
NC_045512.2	3460	T	G	10764	5446	51	2	0	23	0.000185718	10769	1	FALSE	NA	NA	NA	NA	NA	NA
NC_045512.2	3460	T	C	10764	5446	51	1	1	34	9.28591e-05	10769	0.999512	FALSE	NA	NA	NA	NA	NA	NA
NC_045512.2	3460	T	A	10764	5446	51	2	0	26	0.000185718	10769	1	FALSE	NA	NA	NA	NA	NA	NA
NC_045512.2	3460	T	-A	10764	5446	51	1	0	20	9.28591e-05	10769	1	FALSE	NA	NA	NA	NA	NA	NA
NC_045512.2	3461	A	G	10758	5457	51	2	2	40	0.000185874	10760	0.5	FALSE	NA	NA	NA	NA	NA	NA
NC_045512.2	3462	A	T	10660	5555	50	2	1	36	0.000187529	10665	0.99683	FALSE	NA	NA	NA	NA	NA	NA
NC_045512.2	3462	A	C	10660	5555	50	3	2	24	0.000281294	10665	1	FALSE	NA	NA	NA	NA	NA	NA
NC_045512.2	3463	A	T	9808	5638	46	1	1	20	0.000101874	9816	1	FALSE	NA	NA	NA	NA	NA	NA
NC_045512.2	3463	A	G	9808	5638	46	1	1	26	0.000101874	9816	1	FALSE	NA	NA	NA	NA	NA	NA
NC_045512.2	3463	A	C	9808	5638	46	6	0	28	0.000611247	9816	1	FALSE	NA	NA	NA	NA	NA	NA
NC_045512.2	3464	C	G	10774	5726	51	1	0	24	9.28074e-05	10775	1	FALSE	NA	NA	NA	NA	NA	NA
NC_045512.2	3465	A	C	10441	5500	51	1	1	34	9.57671e-05	10442	0.999513	FALSE	NA	NA	NA	NA	NA	NA
NC_045512.2	3466	T	G	10261	5453	51	1	0	26	9.74374e-05	10263	1	FALSE	NA	NA	NA	NA	NA	NA
NC_045512.2	3466	T	C	10261	5453	51	1	1	27	9.74374e-05	10263	1	FALSE	NA	NA	NA	NA	NA	NA
NC_045512.2	3467	G	C	10432	5514	52	4	0	26	0.000383289	10436	1	FALSE	NA	NA	NA	NA	NA	NA
NC_045512.2	3468	G	T	10420	5604	51	1	1	34	9.59325e-05	10424	0.999512	FALSE	NA	NA	NA	NA	NA	NA
NC_045512.2	3468	G	C	10420	5604	51	3	2	26	0.000287797	10424	1	FALSE	NA	NA	NA	NA	NA	NA
NC_045512.2	3469	A	T	10437	5569	52	1	1	34	9.57763e-05	10441	0.999512	FALSE	NA	NA	NA	NA	NA	NA
NC_045512.2	3469	A	G	10437	5569	52	3	1	46	0.000287329	10441	0.312482	FALSE	NA	NA	NA	NA	NA	NA
NC_045512.2	3470	G	T	10424	5517	52	2	2	34	0.00019181	10427	0.996833	FALSE	NA	NA	NA	NA	NA	NA
NC_045512.2	3470	G	C	10424	5517	52	1	1	27	9.59049e-05	10427	1	FALSE	NA	NA	NA	NA	NA	NA
NC_045512.2	3471	G	C	10343	5612	51	4	0	26	0.000386585	10347	1	FALSE	NA	NA	NA	NA	NA	NA
NC_045512.2	3472	A	T	10262	5468	52	1	1	26	9.74279e-05	10264	1	FALSE	NA	NA	NA	NA	NA	NA
NC_045512.2	3472	A	G	10262	5468	52	1	0	34	9.74279e-05	10264	0.999513	FALSE	NA	NA	NA	NA	NA	NA
NC_045512.2	3473	G	C	10053	5287	52	1	1	34	9.94629e-05	10054	0.999513	FALSE	NA	NA	NA	NA	NA	NA
NC_045512.2	3474	G	T	9646	5069	49	1	0	26	0.000103627	9650	1	FALSE	NA	NA	NA	NA	NA	NA
NC_045512.2	3474	G	C	9646	5069	49	2	0	23	0.000207254	9650	1	FALSE	NA	NA	NA	NA	NA	NA
NC_045512.2	3474	G	A	9646	5069	49	1	0	34	0.000103627	9650	0.999025	FALSE	NA	NA	NA	NA	NA	NA
NC_045512.2	3475	T	A	9817	5194	51	1	1	26	0.000101854	9818	1	FALSE	NA	NA	NA	NA	NA	NA
NC_045512.2	3476	G	C	9884	5248	51	3	2	26	0.000303429	9887	1	FALSE	NA	NA	NA	NA	NA	NA
NC_045512.2	3477	T	G	9525	4961	51	4	4	30	0.000419727	9530	0.953912	FALSE	NA	NA	NA	NA	NA	NA
NC_045512.2	3477	T	C	9525	4961	51	1	0	68	0.000104932	9530	0.499921	FALSE	NA	NA	NA	NA	NA	NA
NC_045512.2	3478	T	C	9782	5253	51	1	1	68	0.000102218	9783	0.500026	FALSE	NA	NA	NA	NA	NA	NA
NC_045512.2	3479	G	C	9375	4895	50	1	1	34	0.000106655	9376	0.999026	FALSE	NA	NA	NA	NA	NA	NA
NC_045512.2	3480	C	T	9679	5565	49	1	1	26	0.000103242	9686	1	FALSE	NA	NA	NA	NA	NA	NA
NC_045512.2	3480	C	G	9679	5565	49	2	2	26	0.000206484	9686	1	FALSE	NA	NA	NA	NA	NA	NA
NC_045512.2	3480	C	A	9679	5565	49	4	0	26	0.000412967	9686	1	FALSE	NA	NA	NA	NA	NA	NA
NC_045512.2	3481	A	G	9734	5555	51	5	2	61	0.0005134	9739	0.031242	FALSE	NA	NA	NA	NA	NA	NA
NC_045512.2	3482	G	T	9369	5180	50	4	3	25	0.000426712	9374	1	FALSE	NA	NA	NA	NA	NA	NA
NC_045512.2	3482	G	A	9369	5180	50	1	1	34	0.000106678	9374	0.999024	FALSE	NA	NA	NA	NA	NA	NA
NC_045512.2	3483	G	T	9188	5178	49	1	0	26	0.00010879	9192	1	FALSE	NA	NA	NA	NA	NA	NA
NC_045512.2	3483	G	C	9188	5178	49	2	0	30	0.000217581	9192	0.994149	FALSE	NA	NA	NA	NA	NA	NA
NC_045512.2	3483	G	A	9188	5178	49	1	0	34	0.00010879	9192	0.999025	FALSE	NA	NA	NA	NA	NA	NA
NC_045512.2	3484	A	T	9030	5236	48	3	0	24	0.000332116	9033	1	FALSE	NA	NA	NA	NA	NA	NA
NC_045512.2	3485	G	A	8996	4945	50	4	3	51	0.000444444	9000	0.0624931	FALSE	NA	NA	NA	NA	NA	NA
NC_045512.2	3486	C	T	11350	6000	47	1	1	68	8.8098e-05	11351	0.500022	FALSE	NA	NA	NA	NA	NA	NA
NC_045512.2	3487	C	A	11537	6154	48	1	0	27	8.66701e-05	11538	1	FALSE	NA	NA	NA	NA	NA	NA
NC_045512.2	3489	T	G	11393	6053	47	2	2	30	0.0001755	11396	0.998295	FALSE	NA	NA	NA	NA	NA	NA
NC_045512.2	3489	T	C	11393	6053	47	1	1	34	8.77501e-05	11396	0.999756	FALSE	NA	NA	NA	NA	NA	NA
NC_045512.2	3490	A	T	11831	6233	48	1	0	24	8.45094e-05	11833	1	FALSE	NA	NA	NA	NA	NA	NA
NC_045512.2	3490	A	G	11831	6233	48	1	0	68	8.45094e-05	11833	0.5	FALSE	NA	NA	NA	NA	NA	NA
NC_045512.2	3491	A	C	11576	6296	46	6	0	27	0.000518045	11582	1	FALSE	NA	NA	NA	NA	NA	NA
NC_045512.2	3492	A	C	11580	6335	47	1	0	26	8.63483e-05	11581	1	FALSE	NA	NA	NA	NA	NA	NA
NC_045512.2	3493	T	G	11848	6293	48	1	0	27	8.43953e-05	11849	1	FALSE	NA	NA	NA	NA	NA	NA
NC_045512.2	3494	A	T	11188	5759	47	1	1	26	8.93735e-05	11189	1	FALSE	NA	NA	NA	NA	NA	NA
NC_045512.2	3495	A	T	11206	5869	47	2	0	30	0.000178396	11211	0.998294	FALSE	NA	NA	NA	NA	NA	NA
NC_045512.2	3495	A	G	11206	5869	47	2	2	68	0.000178396	11211	0.249944	FALSE	NA	NA	NA	NA	NA	NA
NC_045512.2	3495	A	C	11206	5869	47	1	0	68	8.91981e-05	11211	0.499933	FALSE	NA	NA	NA	NA	NA	NA
NC_045512.2	3496	G	T	11179	5770	47	1	0	34	8.94374e-05	11181	0.999757	FALSE	NA	NA	NA	NA	NA	NA
NC_045512.2	3496	G	C	11179	5770	47	1	1	27	8.94374e-05	11181	1	FALSE	NA	NA	NA	NA	NA	NA
NC_045512.2	3497	G	A	11474	5974	47	2	1	47	0.000174277	11476	0.500033	FALSE	NA	NA	NA	NA	NA	NA
NC_045512.2	3499	T	G	11344	5840	48	1	0	20	8.81368e-05	11346	1	FALSE	NA	NA	NA	NA	NA	NA
NC_045512.2	3499	T	C	11344	5840	48	1	0	60	8.81368e-05	11346	0.5	FALSE	NA	NA	NA	NA	NA	NA
NC_045512.2	3500	A	G	11381	5869	47	1	0	24	8.78503e-05	11383	1	FALSE	NA	NA	NA	NA	NA	NA
NC_045512.2	3500	A	C	11381	5869	47	1	0	34	8.78503e-05	11383	0.999757	FALSE	NA	NA	NA	NA	NA	NA
NC_045512.2	3502	T	C	11698	5887	47	2	2	29	0.00017094	11700	1	FALSE	NA	NA	NA	NA	NA	NA
NC_045512.2	3503	A	G	11867	6032	48	1	1	34	8.42531e-05	11869	0.999757	FALSE	NA	NA	NA	NA	NA	NA
NC_045512.2	3503	A	C	11867	6032	48	1	1	34	8.42531e-05	11869	0.999757	FALSE	NA	NA	NA	NA	NA	NA
NC_045512.2	3504	A	T	11459	6053	46	1	1	26	8.72296e-05	11464	1	FALSE	NA	NA	NA	NA	NA	NA
NC_045512.2	3504	A	C	11459	6053	46	4	0	28	0.000348918	11464	1	FALSE	NA	NA	NA	NA	NA	NA
NC_045512.2	3505	C	T	10276	5009	47	1	0	68	9.73047e-05	10277	0.500024	FALSE	NA	NA	NA	NA	NA	NA
NC_045512.2	3506	A	G	10336	5003	47	1	0	68	9.67399e-05	10337	0.500024	FALSE	NA	NA	NA	NA	NA	NA
NC_045512.2	3507	A	C	10359	5028	47	1	1	27	9.65251e-05	10360	1	FALSE	NA	NA	NA	NA	NA	NA
NC_045512.2	3508	T	C	10319	5053	47	3	2	65	0.000290641	10322	0.125	FALSE	NA	NA	NA	NA	NA	NA
NC_045512.2	3509	G	C	10322	5086	47	1	1	26	9.68711e-05	10323	1	FALSE	NA	NA	NA	NA	NA	NA
NC_045512.2	3510	C	G	10306	5102	47	1	1	26	9.70214e-05	10307	1	FALSE	NA	NA	NA	NA	NA	NA
NC_045512.2	3512	A	G	10494	5285	47	1	0	24	9.52653e-05	10497	1	FALSE	NA	NA	NA	NA	NA	NA
NC_045512.2	3512	A	C	10494	5285	47	2	0	30	0.000190531	10497	0.996833	FALSE	NA	NA	NA	NA	NA	NA
NC_045512.2	3514	G	T	10417	5438	48	1	1	27	9.59785e-05	10419	1	FALSE	NA	NA	NA	NA	NA	NA
NC_045512.2	3514	G	C	10417	5438	48	1	0	26	9.59785e-05	10419	1	FALSE	NA	NA	NA	NA	NA	NA
NC_045512.2	3515	C	G	10483	5599	48	3	1	26	0.000286041	10488	1	FALSE	NA	NA	NA	NA	NA	NA
NC_045512.2	3515	C	A	10483	5599	48	2	0	30	0.000190694	10488	0.99683	FALSE	NA	NA	NA	NA	NA	NA
NC_045512.2	3516	A	T	10505	5610	48	1	1	26	9.51746e-05	10507	1	FALSE	NA	NA	NA	NA	NA	NA
NC_045512.2	3516	A	C	10505	5610	48	1	0	26	9.51746e-05	10507	1	FALSE	NA	NA	NA	NA	NA	NA
NC_045512.2	3517	A	G	10759	5685	48	1	0	27	9.29282e-05	10761	1	FALSE	NA	NA	NA	NA	NA	NA
NC_045512.2	3517	A	C	10759	5685	48	1	1	26	9.29282e-05	10761	1	FALSE	NA	NA	NA	NA	NA	NA
NC_045512.2	3518	G	T	10628	5499	48	1	1	34	9.40822e-05	10629	0.999513	FALSE	NA	NA	NA	NA	NA	NA
NC_045512.2	3519	T	G	9922	4795	46	11	11	28	0.0011072	9935	1	FALSE	NA	NA	NA	NA	NA	NA
NC_045512.2	3519	T	C	9922	4795	46	2	1	51	0.000201309	9935	0.249736	FALSE	NA	NA	NA	NA	NA	NA
NC_045512.2	3520	T	G	10566	5454	48	1	1	34	9.46253e-05	10568	0.999513	FALSE	NA	NA	NA	NA	NA	NA
NC_045512.2	3520	T	A	10566	5454	48	1	0	20	9.46253e-05	10568	1	FALSE	NA	NA	NA	NA	NA	NA
NC_045512.2	3521	G	T	10783	5677	48	3	3	26	0.000278138	10786	1	FALSE	NA	NA	NA	NA	NA	NA
NC_045512.2	3522	A	T	10865	5718	48	1	1	34	9.19709e-05	10873	0.999511	FALSE	NA	NA	NA	NA	NA	NA
NC_045512.2	3522	A	G	10865	5718	48	2	2	36	0.000183942	10873	0.996825	FALSE	NA	NA	NA	NA	NA	NA
NC_045512.2	3522	A	C	10865	5718	48	5	5	31	0.000459855	10873	0.940786	FALSE	NA	NA	NA	NA	NA	NA
NC_045512.2	3523	A	T	10753	5757	47	2	0	26	0.000185925	10757	1	FALSE	NA	NA	NA	NA	NA	NA
NC_045512.2	3523	A	C	10753	5757	47	2	1	34	0.000185925	10757	0.996831	FALSE	NA	NA	NA	NA	NA	NA
NC_045512.2	3525	C	A	10824	5856	48	1	0	34	9.23788e-05	10825	0.999513	FALSE	NA	NA	NA	NA	NA	NA
NC_045512.2	3526	T	G	10771	5764	48	1	0	34	9.28074e-05	10775	0.999512	FALSE	NA	NA	NA	NA	NA	NA
NC_045512.2	3526	T	A	10771	5764	48	3	3	28	0.000278422	10775	1	FALSE	NA	NA	NA	NA	NA	NA
NC_045512.2	3527	G	T	10923	5840	47	2	2	30	0.000182999	10929	0.996828	FALSE	NA	NA	NA	NA	NA	NA
NC_045512.2	3527	G	C	10923	5840	47	2	1	26	0.000182999	10929	1	FALSE	NA	NA	NA	NA	NA	NA
NC_045512.2	3527	G	A	10923	5840	47	2	1	34	0.000182999	10929	0.996828	FALSE	NA	NA	NA	NA	NA	NA
NC_045512.2	3528	A	G	11055	5945	48	1	0	38	9.04486e-05	11056	0.999757	FALSE	NA	NA	NA	NA	NA	NA
NC_045512.2	3531	A	T	11253	6016	48	1	1	60	8.88494e-05	11255	0.5	FALSE	NA	NA	NA	NA	NA	NA
NC_045512.2	3531	A	G	11253	6016	48	1	1	34	8.88494e-05	11255	0.999757	FALSE	NA	NA	NA	NA	NA	NA
NC_045512.2	3532	T	C	11369	5987	48	2	1	51	0.000175871	11372	0.249989	FALSE	NA	NA	NA	NA	NA	NA
NC_045512.2	3532	T	A	11369	5987	48	1	1	20	8.79353e-05	11372	1	FALSE	NA	NA	NA	NA	NA	NA
NC_045512.2	3533	T	A	11432	6108	48	1	0	68	8.74661e-05	11433	0.500022	FALSE	NA	NA	NA	NA	NA	NA
NC_045512.2	3534	A	G	11380	6098	47	1	0	46	8.78657e-05	11381	0.750033	FALSE	NA	NA	NA	NA	NA	NA
NC_045512.2	3535	C	T	11417	6141	47	1	0	68	8.7581e-05	11418	0.500022	FALSE	NA	NA	NA	NA	NA	NA
NC_045512.2	3536	A	T	11297	6049	48	1	1	34	8.85034e-05	11299	0.999757	FALSE	NA	NA	NA	NA	NA	NA
NC_045512.2	3536	A	G	11297	6049	48	1	1	34	8.85034e-05	11299	0.999757	FALSE	NA	NA	NA	NA	NA	NA
NC_045512.2	3537	T	A	11329	6022	48	2	0	47	0.000176507	11331	0.500033	FALSE	NA	NA	NA	NA	NA	NA
NC_045512.2	3538	A	G	11177	5928	48	1	1	34	8.94614e-05	11178	0.999757	FALSE	NA	NA	NA	NA	NA	NA
NC_045512.2	3540	C	G	11497	6016	47	1	0	20	8.69641e-05	11499	1	FALSE	NA	NA	NA	NA	NA	NA
NC_045512.2	3540	C	A	11497	6016	47	1	0	27	8.69641e-05	11499	1	FALSE	NA	NA	NA	NA	NA	NA
NC_045512.2	3541	T	C	11407	5814	47	3	1	35	0.000262927	11410	0.993546	FALSE	NA	NA	NA	NA	NA	NA
NC_045512.2	3542	A	T	11453	5866	47	1	0	20	8.72905e-05	11456	1	FALSE	NA	NA	NA	NA	NA	NA
NC_045512.2	3542	A	G	11453	5866	47	2	1	30	0.000174581	11456	0.998295	FALSE	NA	NA	NA	NA	NA	NA
NC_045512.2	3543	C	A	11767	5964	47	1	0	27	8.49762e-05	11768	1	FALSE	NA	NA	NA	NA	NA	NA
NC_045512.2	3544	T	C	11460	5600	46	1	1	34	8.72144e-05	11466	0.999756	FALSE	NA	NA	NA	NA	NA	NA
NC_045512.2	3544	T	A	11460	5600	46	5	5	27	0.000436072	11466	1	FALSE	NA	NA	NA	NA	NA	NA
NC_045512.2	3545	A	G	11750	5931	47	1	0	27	8.50991e-05	11751	1	FALSE	NA	NA	NA	NA	NA	NA
NC_045512.2	3546	A	T	11418	5877	46	1	1	26	8.7558e-05	11421	1	FALSE	NA	NA	NA	NA	NA	NA
NC_045512.2	3546	A	C	11418	5877	46	2	1	25	0.000175116	11421	1	FALSE	NA	NA	NA	NA	NA	NA
NC_045512.2	3547	T	G	11481	5652	46	1	1	27	8.70928e-05	11482	1	FALSE	NA	NA	NA	NA	NA	NA
NC_045512.2	3548	G	C	11055	5385	46	2	2	30	0.000180881	11057	0.998296	FALSE	NA	NA	NA	NA	NA	NA
NC_045512.2	3549	G	T	11243	5728	47	2	2	30	0.000177825	11247	0.998294	FALSE	NA	NA	NA	NA	NA	NA
NC_045512.2	3549	G	C	11243	5728	47	1	0	27	8.89126e-05	11247	1	FALSE	NA	NA	NA	NA	NA	NA
NC_045512.2	3549	G	A	11243	5728	47	1	1	68	8.89126e-05	11247	0.499956	FALSE	NA	NA	NA	NA	NA	NA
NC_045512.2	3550	A	G	11423	5897	48	4	3	42	0.000350048	11427	0.1875	FALSE	NA	NA	NA	NA	NA	NA
NC_045512.2	3550	A	-C	11423	5897	48	1	0	20	8.7512e-05	11427	1	FALSE	NA	NA	NA	NA	NA	NA
NC_045512.2	3552	C	G	11013	5713	47	2	2	27	0.000181571	11015	1	FALSE	NA	NA	NA	NA	NA	NA
NC_045512.2	3553	A	T	11391	5771	47	5	5	27	0.000438596	11400	1	FALSE	NA	NA	NA	NA	NA	NA
NC_045512.2	3553	A	G	11391	5771	47	1	1	60	8.77193e-05	11400	0.499846	FALSE	NA	NA	NA	NA	NA	NA
NC_045512.2	3553	A	C	11391	5771	47	3	0	26	0.000263158	11400	1	FALSE	NA	NA	NA	NA	NA	NA
NC_045512.2	3553	A	+G	11391	5771	47	1	0	20	8.77193e-05	11400	1	FALSE	NA	NA	NA	NA	NA	NA
NC_045512.2	3554	C	G	11714	5782	47	3	0	34	0.000255995	11719	0.99354	FALSE	NA	NA	NA	NA	NA	NA
NC_045512.2	3554	C	A	11714	5782	47	2	0	29	0.000170663	11719	1	FALSE	NA	NA	NA	NA	NA	NA
NC_045512.2	3555	T	G	11486	5474	46	7	7	26	0.000609013	11494	1	FALSE	NA	NA	NA	NA	NA	NA
NC_045512.2	3555	T	C	11486	5474	46	1	1	68	8.70019e-05	11494	0.499869	FALSE	NA	NA	NA	NA	NA	NA
NC_045512.2	3556	T	G	11779	5866	47	1	1	27	8.48752e-05	11782	1	FALSE	NA	NA	NA	NA	NA	NA
NC_045512.2	3556	T	C	11779	5866	47	1	1	34	8.48752e-05	11782	0.999756	FALSE	NA	NA	NA	NA	NA	NA
NC_045512.2	3556	T	A	11779	5866	47	1	0	26	8.48752e-05	11782	1	FALSE	NA	NA	NA	NA	NA	NA
NC_045512.2	3557	A	T	11686	5906	47	1	0	26	8.55432e-05	11690	1	FALSE	NA	NA	NA	NA	NA	NA
NC_045512.2	3557	A	C	11686	5906	47	3	0	26	0.00025663	11690	1	FALSE	NA	NA	NA	NA	NA	NA
NC_045512.2	3559	A	T	11172	5819	45	2	1	26	0.000178859	11182	1	FALSE	NA	NA	NA	NA	NA	NA
NC_045512.2	3559	A	G	11172	5819	45	2	1	34	0.000178859	11182	0.998289	FALSE	NA	NA	NA	NA	NA	NA
NC_045512.2	3559	A	C	11172	5819	45	6	0	27	0.000536577	11182	1	FALSE	NA	NA	NA	NA	NA	NA
NC_045512.2	3560	G	T	11845	5929	47	1	0	26	8.44096e-05	11847	1	FALSE	NA	NA	NA	NA	NA	NA
NC_045512.2	3560	G	C	11845	5929	47	1	0	26	8.44096e-05	11847	1	FALSE	NA	NA	NA	NA	NA	NA
NC_045512.2	3561	T	G	10695	4787	44	11	11	26	0.00102737	10707	1	FALSE	NA	NA	NA	NA	NA	NA
NC_045512.2	3561	T	A	10695	4787	44	1	0	27	9.33968e-05	10707	1	FALSE	NA	NA	NA	NA	NA	NA
NC_045512.2	3562	G	T	11325	5375	47	1	1	27	8.82924e-05	11326	1	FALSE	NA	NA	NA	NA	NA	NA
NC_045512.2	3563	G	T	11094	5264	48	1	1	34	9.01144e-05	11097	0.999756	FALSE	NA	NA	NA	NA	NA	NA
NC_045512.2	3563	G	C	11094	5264	48	2	1	26	0.000180229	11097	1	FALSE	NA	NA	NA	NA	NA	NA
NC_045512.2	3564	G	C	11212	5354	48	1	0	34	8.91822e-05	11213	0.999757	FALSE	NA	NA	NA	NA	NA	NA
NC_045512.2	3566	G	T	11270	5491	49	1	1	27	8.87154e-05	11272	1	FALSE	NA	NA	NA	NA	NA	NA
NC_045512.2	3566	G	A	11270	5491	49	1	1	34	8.87154e-05	11272	0.999757	FALSE	NA	NA	NA	NA	NA	NA
NC_045512.2	3567	G	C	11380	5544	49	1	1	26	8.78657e-05	11381	1	FALSE	NA	NA	NA	NA	NA	NA
NC_045512.2	3568	T	G	11455	5635	49	1	1	27	8.72905e-05	11456	1	FALSE	NA	NA	NA	NA	NA	NA
NC_045512.2	3569	A	G	11419	5709	49	2	1	34	0.000175116	11421	0.998296	FALSE	NA	NA	NA	NA	NA	NA
NC_045512.2	3570	G	T	11572	5719	49	1	1	60	8.6408e-05	11573	0.500022	FALSE	NA	NA	NA	NA	NA	NA
NC_045512.2	3571	T	C	11394	5559	49	2	1	34	0.000175454	11399	0.998294	FALSE	NA	NA	NA	NA	NA	NA
NC_045512.2	3571	T	A	11394	5559	49	3	1	25	0.000263181	11399	1	FALSE	NA	NA	NA	NA	NA	NA
NC_045512.2	3575	G	A	11456	5628	48	1	1	68	8.72829e-05	11457	0.500022	FALSE	NA	NA	NA	NA	NA	NA
NC_045512.2	3576	T	G	11402	5565	49	1	1	27	8.76962e-05	11403	1	FALSE	NA	NA	NA	NA	NA	NA
NC_045512.2	3580	A	T	11253	5521	49	2	2	51	0.000177699	11255	0.250011	FALSE	NA	NA	NA	NA	NA	NA
NC_045512.2	3581	A	C	11138	5606	48	4	0	27	0.000359002	11142	1	FALSE	NA	NA	NA	NA	NA	NA
NC_045512.2	3583	C	T	11151	5644	48	1	0	34	8.9662e-05	11153	0.999757	FALSE	NA	NA	NA	NA	NA	NA
NC_045512.2	3583	C	G	11151	5644	48	1	1	26	8.9662e-05	11153	1	FALSE	NA	NA	NA	NA	NA	NA
NC_045512.2	3584	G	A	11071	5422	48	1	0	34	9.03179e-05	11072	0.999757	FALSE	NA	NA	NA	NA	NA	NA
NC_045512.2	3585	G	C	11436	5596	48	2	0	30	0.000174856	11438	0.998296	FALSE	NA	NA	NA	NA	NA	NA
NC_045512.2	3588	A	T	11429	5733	48	2	1	30	0.000174963	11431	0.998296	FALSE	NA	NA	NA	NA	NA	NA
NC_045512.2	3589	C	T	11684	5760	48	2	1	34	0.000171101	11689	0.998293	FALSE	NA	NA	NA	NA	NA	NA
NC_045512.2	3589	C	G	11684	5760	48	2	1	23	0.000171101	11689	1	FALSE	NA	NA	NA	NA	NA	NA
NC_045512.2	3589	C	A	11684	5760	48	1	0	27	8.55505e-05	11689	1	FALSE	NA	NA	NA	NA	NA	NA
NC_045512.2	3590	A	C	11607	5695	48	1	0	46	8.61475e-05	11608	0.750032	FALSE	NA	NA	NA	NA	NA	NA
NC_045512.2	3591	A	T	11699	5739	48	1	0	27	8.54701e-05	11700	1	FALSE	NA	NA	NA	NA	NA	NA
NC_045512.2	3592	T	C	11373	5355	46	2	1	51	0.000175793	11377	0.249967	FALSE	NA	NA	NA	NA	NA	NA
NC_045512.2	3592	T	A	11373	5355	46	2	0	23	0.000175793	11377	1	FALSE	NA	NA	NA	NA	NA	NA
NC_045512.2	3593	C	T	11733	5852	49	1	0	60	8.52224e-05	11734	0.500021	FALSE	NA	NA	NA	NA	NA	NA
NC_045512.2	3594	T	G	11592	5790	50	1	1	27	8.62589e-05	11593	1	FALSE	NA	NA	NA	NA	NA	NA
NC_045512.2	3595	T	C	11523	5826	50	2	2	34	0.000173536	11525	0.998296	FALSE	NA	NA	NA	NA	NA	NA
NC_045512.2	3596	G	T	11911	5822	49	1	0	26	8.39419e-05	11913	1	FALSE	NA	NA	NA	NA	NA	NA
NC_045512.2	3596	G	C	11911	5822	49	1	0	34	8.39419e-05	11913	0.999757	FALSE	NA	NA	NA	NA	NA	NA
NC_045512.2	3597	C	A	11914	6062	49	2	0	34	0.000167842	11916	0.998296	FALSE	NA	NA	NA	NA	NA	NA
NC_045512.2	3598	T	G	11813	5817	49	1	1	27	8.46382e-05	11815	1	FALSE	NA	NA	NA	NA	NA	NA
NC_045512.2	3598	T	C	11813	5817	49	1	1	34	8.46382e-05	11815	0.999757	FALSE	NA	NA	NA	NA	NA	NA
NC_045512.2	3599	A	G	11886	5902	50	1	1	68	8.41255e-05	11887	0.500021	FALSE	NA	NA	NA	NA	NA	NA
NC_045512.2	3600	A	G	11537	5797	49	1	1	27	8.66626e-05	11539	1	FALSE	NA	NA	NA	NA	NA	NA
NC_045512.2	3600	A	C	11537	5797	49	1	0	27	8.66626e-05	11539	1	FALSE	NA	NA	NA	NA	NA	NA
NC_045512.2	3601	A	G	11761	5926	49	3	1	40	0.000254994	11765	0.312484	FALSE	NA	NA	NA	NA	NA	NA
NC_045512.2	3601	A	C	11761	5926	49	1	1	27	8.49979e-05	11765	1	FALSE	NA	NA	NA	NA	NA	NA
NC_045512.2	3602	C	G	11850	5983	49	1	1	27	8.43668e-05	11853	1	FALSE	NA	NA	NA	NA	NA	NA
NC_045512.2	3602	C	A	11850	5983	49	2	0	34	0.000168734	11853	0.998295	FALSE	NA	NA	NA	NA	NA	NA
NC_045512.2	3603	A	G	11735	5855	49	1	1	26	8.52079e-05	11736	1	FALSE	NA	NA	NA	NA	NA	NA
NC_045512.2	3603	A	-C	11735	5855	49	1	0	20	8.52079e-05	11736	1	FALSE	NA	NA	NA	NA	NA	NA
NC_045512.2	3604	C	A	11806	6052	49	3	1	31	0.000254044	11809	0.993546	FALSE	NA	NA	NA	NA	NA	NA
NC_045512.2	3605	T	C	11164	5714	50	3	2	34	0.000268601	11169	0.993541	FALSE	NA	NA	NA	NA	NA	NA
NC_045512.2	3605	T	A	11164	5714	50	2	1	30	0.000179067	11169	0.998294	FALSE	NA	NA	NA	NA	NA	NA
NC_045512.2	3608	C	A	12288	6142	51	1	0	34	8.13736e-05	12289	0.999878	FALSE	NA	NA	NA	NA	NA	NA
NC_045512.2	3609	T	G	12111	5887	50	10	10	29	0.000825014	12121	1	FALSE	NA	NA	NA	NA	NA	NA
NC_045512.2	3610	T	A	12023	5986	51	2	0	26	0.00016632	12025	1	FALSE	NA	NA	NA	NA	NA	NA
NC_045512.2	3611	C	G	11977	5948	51	1	1	27	8.34725e-05	11980	1	FALSE	NA	NA	NA	NA	NA	NA
NC_045512.2	3611	C	A	11977	5948	51	2	0	26	0.000166945	11980	1	FALSE	NA	NA	NA	NA	NA	NA
NC_045512.2	3611	C	-A	11977	5948	51	2	0	20	0.000166945	11980	1	FALSE	NA	NA	NA	NA	NA	NA
NC_045512.2	3612	A	T	11964	6026	51	1	1	27	8.35701e-05	11966	1	FALSE	NA	NA	NA	NA	NA	NA
NC_045512.2	3612	A	C	11964	6026	51	1	0	26	8.35701e-05	11966	1	FALSE	NA	NA	NA	NA	NA	NA
NC_045512.2	3613	T	C	12026	6018	52	3	2	31	0.000249397	12029	0.996318	FALSE	NA	NA	NA	NA	NA	NA
NC_045512.2	3614	G	C	11845	5982	51	2	0	26	0.000168819	11847	1	FALSE	NA	NA	NA	NA	NA	NA
NC_045512.2	3615	T	G	10665	5092	53	7	5	28	0.000655861	10673	1	FALSE	NA	NA	NA	NA	NA	NA
NC_045512.2	3615	T	A	10665	5092	53	1	0	34	9.36944e-05	10673	0.999511	FALSE	NA	NA	NA	NA	NA	NA
NC_045512.2	3616	T	C	10612	5056	52	1	0	68	9.42063e-05	10615	0.499976	FALSE	NA	NA	NA	NA	NA	NA
NC_045512.2	3616	T	A	10612	5056	52	2	1	24	0.000188413	10615	1	FALSE	NA	NA	NA	NA	NA	NA
NC_045512.2	3617	G	C	10665	5119	53	1	0	20	9.37559e-05	10666	1	FALSE	NA	NA	NA	NA	NA	NA
NC_045512.2	3618	T	G	10618	5189	53	1	0	27	9.41531e-05	10621	1	FALSE	NA	NA	NA	NA	NA	NA
NC_045512.2	3618	T	C	10618	5189	53	2	1	47	0.000188306	10621	0.5	FALSE	NA	NA	NA	NA	NA	NA
NC_045512.2	3619	C	T	10672	5425	54	3	1	56	0.00028103	10675	0.125	FALSE	NA	NA	NA	NA	NA	NA
NC_045512.2	3620	G	T	10550	5288	53	2	1	51	0.000189502	10554	0.249964	FALSE	NA	NA	NA	NA	NA	NA
NC_045512.2	3620	G	C	10550	5288	53	2	2	26	0.000189502	10554	1	FALSE	NA	NA	NA	NA	NA	NA
NC_045512.2	3622	C	G	11041	5596	54	1	1	34	9.05551e-05	11043	0.999757	FALSE	NA	NA	NA	NA	NA	NA
NC_045512.2	3622	C	A	11041	5596	54	1	0	34	9.05551e-05	11043	0.999757	FALSE	NA	NA	NA	NA	NA	NA
NC_045512.2	3623	C	A	11015	5632	54	1	0	27	9.07771e-05	11016	1	FALSE	NA	NA	NA	NA	NA	NA
NC_045512.2	3624	C	G	10958	5734	54	3	1	29	0.000273698	10961	1	FALSE	NA	NA	NA	NA	NA	NA
NC_045512.2	3625	A	G	11012	5730	54	2	2	47	0.000181571	11015	0.5	FALSE	NA	NA	NA	NA	NA	NA
NC_045512.2	3625	A	C	11012	5730	54	1	1	27	9.07853e-05	11015	1	FALSE	NA	NA	NA	NA	NA	NA
NC_045512.2	3626	A	T	11077	5737	54	1	1	26	9.0269e-05	11078	1	FALSE	NA	NA	NA	NA	NA	NA
NC_045512.2	3627	A	G	10948	5661	53	1	0	27	9.13159e-05	10951	1	FALSE	NA	NA	NA	NA	NA	NA
NC_045512.2	3627	A	C	10948	5661	53	2	0	20	0.000182632	10951	1	FALSE	NA	NA	NA	NA	NA	NA
NC_045512.2	3630	T	G	10409	5072	51	9	9	26	0.000863807	10419	1	FALSE	NA	NA	NA	NA	NA	NA
NC_045512.2	3630	T	C	10409	5072	51	1	0	68	9.59785e-05	10419	0.499808	FALSE	NA	NA	NA	NA	NA	NA
NC_045512.2	3631	T	G	10853	5511	54	1	0	27	9.21319e-05	10854	1	FALSE	NA	NA	NA	NA	NA	NA
NC_045512.2	3631	T	-A	10853	5511	54	2	0	20	0.000184264	10854	1	FALSE	NA	NA	NA	NA	NA	NA
NC_045512.2	3632	A	G	10872	5583	54	2	0	47	0.000183925	10874	0.5	FALSE	NA	NA	NA	NA	NA	NA
NC_045512.2	3633	A	C	10727	5671	52	3	0	24	0.00027959	10730	1	FALSE	NA	NA	NA	NA	NA	NA
NC_045512.2	3634	C	-A	10869	5661	54	1	0	20	9.20048e-05	10869	1	FALSE	NA	NA	NA	NA	NA	NA
NC_045512.2	3635	A	T	10890	5630	55	1	0	27	9.18105e-05	10892	1	FALSE	NA	NA	NA	NA	NA	NA
NC_045512.2	3635	A	G	10890	5630	55	1	0	38	9.18105e-05	10892	0.999513	FALSE	NA	NA	NA	NA	NA	NA
NC_045512.2	3637	A	G	10390	5698	50	1	1	26	9.62186e-05	10393	1	FALSE	NA	NA	NA	NA	NA	NA
NC_045512.2	3637	A	C	10390	5698	50	2	0	27	0.000192437	10393	1	FALSE	NA	NA	NA	NA	NA	NA
NC_045512.2	3638	G	T	11401	5839	53	2	2	23	0.000175392	11403	1	FALSE	NA	NA	NA	NA	NA	NA
NC_045512.2	3640	T	G	11298	5966	55	2	1	30	0.00017696	11302	0.998294	FALSE	NA	NA	NA	NA	NA	NA
NC_045512.2	3640	T	A	11298	5966	55	2	1	29	0.00017696	11302	1	FALSE	NA	NA	NA	NA	NA	NA
NC_045512.2	3640	T	-G	11298	5966	55	1	0	20	8.84799e-05	11302	1	FALSE	NA	NA	NA	NA	NA	NA
NC_045512.2	3642	A	T	11476	6314	55	1	1	26	8.71232e-05	11478	1	FALSE	NA	NA	NA	NA	NA	NA
NC_045512.2	3642	A	G	11476	6314	55	1	0	46	8.71232e-05	11478	0.750011	FALSE	NA	NA	NA	NA	NA	NA
NC_045512.2	3643	A	T	11419	6458	54	1	1	20	8.75044e-05	11428	1	FALSE	NA	NA	NA	NA	NA	NA
NC_045512.2	3643	A	G	11419	6458	54	3	1	68	0.000262513	11428	0.124902	FALSE	NA	NA	NA	NA	NA	NA
NC_045512.2	3643	A	C	11419	6458	54	5	0	26	0.000437522	11428	1	FALSE	NA	NA	NA	NA	NA	NA
NC_045512.2	3644	G	T	11467	6375	55	1	1	34	8.71916e-05	11469	0.999757	FALSE	NA	NA	NA	NA	NA	NA
NC_045512.2	3644	G	A	11467	6375	55	1	1	34	8.71916e-05	11469	0.999757	FALSE	NA	NA	NA	NA	NA	NA
NC_045512.2	3645	A	G	11566	6498	54	1	0	20	8.64528e-05	11567	1	FALSE	NA	NA	NA	NA	NA	NA
NC_045512.2	3647	A	T	11180	6246	55	1	0	27	8.94374e-05	11181	1	FALSE	NA	NA	NA	NA	NA	NA
NC_045512.2	3650	C	A	11240	6322	56	2	1	27	0.000177904	11242	1	FALSE	NA	NA	NA	NA	NA	NA
NC_045512.2	3651	A	T	11206	6324	55	2	2	23	0.000178428	11209	1	FALSE	NA	NA	NA	NA	NA	NA
NC_045512.2	3651	A	G	11206	6324	55	1	1	68	8.9214e-05	11209	0.499978	FALSE	NA	NA	NA	NA	NA	NA
NC_045512.2	3652	A	T	10931	6432	51	1	1	27	9.14411e-05	10936	1	FALSE	NA	NA	NA	NA	NA	NA
NC_045512.2	3652	A	C	10931	6432	51	4	0	25	0.000365764	10936	1	FALSE	NA	NA	NA	NA	NA	NA
NC_045512.2	3653	C	G	11561	6563	55	1	1	20	8.64902e-05	11562	1	FALSE	NA	NA	NA	NA	NA	NA
NC_045512.2	3654	T	G	11444	6417	55	1	1	27	8.73591e-05	11447	1	FALSE	NA	NA	NA	NA	NA	NA
NC_045512.2	3654	T	A	11444	6417	55	2	2	23	0.000174718	11447	1	FALSE	NA	NA	NA	NA	NA	NA
NC_045512.2	3655	T	C	11926	6323	51	1	1	27	8.38364e-05	11928	1	FALSE	NA	NA	NA	NA	NA	NA
NC_045512.2	3655	T	A	11926	6323	51	1	0	20	8.38364e-05	11928	1	FALSE	NA	NA	NA	NA	NA	NA
NC_045512.2	3656	C	G	12280	6694	55	2	2	30	0.000162827	12283	0.999087	FALSE	NA	NA	NA	NA	NA	NA
NC_045512.2	3656	C	A	12280	6694	55	1	0	52	8.14133e-05	12283	0.49998	FALSE	NA	NA	NA	NA	NA	NA
NC_045512.2	3657	T	G	12247	6639	55	2	1	27	0.000163265	12250	1	FALSE	NA	NA	NA	NA	NA	NA
NC_045512.2	3657	T	A	12247	6639	55	1	0	34	8.16327e-05	12250	0.999878	FALSE	NA	NA	NA	NA	NA	NA
NC_045512.2	3658	T	C	12344	6743	55	1	1	68	8.10045e-05	12345	0.50002	FALSE	NA	NA	NA	NA	NA	NA
NC_045512.2	3659	A	T	12193	6682	54	2	2	26	0.000163975	12197	1	FALSE	NA	NA	NA	NA	NA	NA
NC_045512.2	3659	A	G	12193	6682	54	1	0	27	8.19874e-05	12197	1	FALSE	NA	NA	NA	NA	NA	NA
NC_045512.2	3659	A	C	12193	6682	54	1	1	26	8.19874e-05	12197	1	FALSE	NA	NA	NA	NA	NA	NA
NC_045512.2	3660	A	G	12282	6827	55	1	1	68	8.14067e-05	12284	0.5	FALSE	NA	NA	NA	NA	NA	NA
NC_045512.2	3660	A	C	12282	6827	55	1	0	20	8.14067e-05	12284	1	FALSE	NA	NA	NA	NA	NA	NA
NC_045512.2	3662	A	T	11871	6535	53	1	1	34	8.42247e-05	11873	0.999757	FALSE	NA	NA	NA	NA	NA	NA
NC_045512.2	3662	A	G	11871	6535	53	1	0	27	8.42247e-05	11873	1	FALSE	NA	NA	NA	NA	NA	NA
NC_045512.2	3663	G	A	11962	6455	55	2	0	43	0.000167168	11964	0.500031	FALSE	NA	NA	NA	NA	NA	NA
NC_045512.2	3664	T	G	10953	5715	56	2	2	30	0.000182565	10955	0.996834	FALSE	NA	NA	NA	NA	NA	NA
NC_045512.2	3666	C	G	10976	5856	56	1	1	27	9.10996e-05	10977	1	FALSE	NA	NA	NA	NA	NA	NA
NC_045512.2	3667	T	G	10862	5778	55	1	0	34	9.20387e-05	10865	0.999513	FALSE	NA	NA	NA	NA	NA	NA
NC_045512.2	3667	T	C	10862	5778	55	1	1	68	9.20387e-05	10865	0.499977	FALSE	NA	NA	NA	NA	NA	NA
NC_045512.2	3667	T	A	10862	5778	55	1	1	27	9.20387e-05	10865	1	FALSE	NA	NA	NA	NA	NA	NA
NC_045512.2	3668	T	G	10992	5895	56	1	0	24	9.0967e-05	10993	1	FALSE	NA	NA	NA	NA	NA	NA
NC_045512.2	3669	A	C	10952	5930	56	1	0	20	9.12992e-05	10953	1	FALSE	NA	NA	NA	NA	NA	NA
NC_045512.2	3670	T	G	10952	5855	56	2	1	27	0.000182548	10956	1	FALSE	NA	NA	NA	NA	NA	NA
NC_045512.2	3670	T	C	10952	5855	56	2	2	27	0.000182548	10956	1	FALSE	NA	NA	NA	NA	NA	NA
NC_045512.2	3672	A	T	10957	5913	56	1	1	34	9.12492e-05	10959	0.999513	FALSE	NA	NA	NA	NA	NA	NA
NC_045512.2	3672	A	G	10957	5913	56	1	0	27	9.12492e-05	10959	1	FALSE	NA	NA	NA	NA	NA	NA
NC_045512.2	3673	A	C	10971	5950	57	1	0	26	9.11411e-05	10972	1	FALSE	NA	NA	NA	NA	NA	NA
NC_045512.2	3674	A	G	10946	5904	56	4	1	35	0.000365297	10950	0.971364	FALSE	NA	NA	NA	NA	NA	NA
NC_045512.2	3675	A	G	11018	5980	56	1	1	34	9.07359e-05	11021	0.999756	FALSE	NA	NA	NA	NA	NA	NA
NC_045512.2	3675	A	C	11018	5980	56	2	1	23	0.000181472	11021	1	FALSE	NA	NA	NA	NA	NA	NA
NC_045512.2	3676	T	G	11026	5935	57	1	1	26	9.06618e-05	11030	1	FALSE	NA	NA	NA	NA	NA	NA
NC_045512.2	3676	T	C	11026	5935	57	3	2	40	0.000271985	11030	0.312483	FALSE	NA	NA	NA	NA	NA	NA
NC_045512.2	3677	T	G	11019	5971	56	4	2	28	0.000362812	11025	1	FALSE	NA	NA	NA	NA	NA	NA
NC_045512.2	3677	T	A	11019	5971	56	2	0	26	0.000181406	11025	1	FALSE	NA	NA	NA	NA	NA	NA
NC_045512.2	3678	T	G	10963	5948	55	1	1	27	9.11993e-05	10965	1	FALSE	NA	NA	NA	NA	NA	NA
NC_045512.2	3678	T	C	10963	5948	55	1	1	27	9.11993e-05	10965	1	FALSE	NA	NA	NA	NA	NA	NA
NC_045512.2	3679	T	C	11040	6034	56	1	1	27	9.05715e-05	11041	1	FALSE	NA	NA	NA	NA	NA	NA
NC_045512.2	3680	A	T	11071	6082	56	2	2	26	0.000180603	11074	1	FALSE	NA	NA	NA	NA	NA	NA
NC_045512.2	3680	A	G	11071	6082	56	1	0	34	9.03016e-05	11074	0.999756	FALSE	NA	NA	NA	NA	NA	NA
NC_045512.2	3683	C	G	11004	6212	56	1	1	27	9.08513e-05	11007	1	FALSE	NA	NA	NA	NA	NA	NA
NC_045512.2	3683	C	A	11004	6212	56	2	0	25	0.000181703	11007	1	FALSE	NA	NA	NA	NA	NA	NA
NC_045512.2	3684	A	T	10876	6100	56	1	0	27	9.19287e-05	10878	1	FALSE	NA	NA	NA	NA	NA	NA
NC_045512.2	3684	A	G	10876	6100	56	1	1	68	9.19287e-05	10878	0.5	FALSE	NA	NA	NA	NA	NA	NA
NC_045512.2	3685	G	C	11022	6104	56	1	0	27	9.07112e-05	11024	1	FALSE	NA	NA	NA	NA	NA	NA
NC_045512.2	3685	G	A	11022	6104	56	1	1	68	9.07112e-05	11024	0.5	FALSE	NA	NA	NA	NA	NA	NA
NC_045512.2	3686	C	G	11040	6245	54	1	0	34	9.05387e-05	11045	0.999756	FALSE	NA	NA	NA	NA	NA	NA
NC_045512.2	3686	C	A	11040	6245	54	4	0	30	0.000362155	11045	0.982452	FALSE	NA	NA	NA	NA	NA	NA
NC_045512.2	3688	C	G	11081	6223	55	2	0	23	0.000180457	11083	1	FALSE	NA	NA	NA	NA	NA	NA
NC_045512.2	3691	A	G	11573	6587	52	1	0	34	8.63558e-05	11580	0.999756	FALSE	NA	NA	NA	NA	NA	NA
NC_045512.2	3691	A	C	11573	6587	52	6	1	25	0.000518135	11580	1	FALSE	NA	NA	NA	NA	NA	NA
NC_045512.2	3692	G	T	12888	6748	54	1	0	26	7.75855e-05	12889	1	FALSE	NA	NA	NA	NA	NA	NA
NC_045512.2	3693	T	C	12979	6853	54	2	1	35	0.000154059	12982	0.999087	FALSE	NA	NA	NA	NA	NA	NA
NC_045512.2	3693	T	A	12979	6853	54	1	1	26	7.70297e-05	12982	1	FALSE	NA	NA	NA	NA	NA	NA
NC_045512.2	3694	T	C	12539	6570	51	1	1	27	7.97385e-05	12541	1	FALSE	NA	NA	NA	NA	NA	NA
NC_045512.2	3694	T	A	12539	6570	51	1	0	20	7.97385e-05	12541	1	FALSE	NA	NA	NA	NA	NA	NA
NC_045512.2	3695	C	T	12715	6743	54	1	1	27	7.86287e-05	12718	1	FALSE	NA	NA	NA	NA	NA	NA
NC_045512.2	3695	C	G	12715	6743	54	1	1	27	7.86287e-05	12718	1	FALSE	NA	NA	NA	NA	NA	NA
NC_045512.2	3695	C	A	12715	6743	54	1	1	27	7.86287e-05	12718	1	FALSE	NA	NA	NA	NA	NA	NA
NC_045512.2	3697	A	C	12808	6758	53	1	0	27	7.80701e-05	12809	1	FALSE	NA	NA	NA	NA	NA	NA
NC_045512.2	3698	C	T	12815	6867	53	1	0	60	7.7997e-05	12821	0.499922	FALSE	NA	NA	NA	NA	NA	NA
NC_045512.2	3698	C	G	12815	6867	53	5	0	29	0.000389985	12821	1	FALSE	NA	NA	NA	NA	NA	NA
NC_045512.2	3699	T	C	12569	6615	54	1	0	26	7.95545e-05	12570	1	FALSE	NA	NA	NA	NA	NA	NA
NC_045512.2	3700	T	G	12372	6481	53	1	1	27	8.08016e-05	12376	1	FALSE	NA	NA	NA	NA	NA	NA
NC_045512.2	3700	T	C	12372	6481	53	2	2	27	0.000161603	12376	1	FALSE	NA	NA	NA	NA	NA	NA
NC_045512.2	3700	T	A	12372	6481	53	1	0	20	8.08016e-05	12376	1	FALSE	NA	NA	NA	NA	NA	NA
NC_045512.2	3701	G	C	11937	6137	54	1	0	27	8.37521e-05	11940	1	FALSE	NA	NA	NA	NA	NA	NA
NC_045512.2	3701	G	A	11937	6137	54	2	2	30	0.000167504	11940	0.998295	FALSE	NA	NA	NA	NA	NA	NA
NC_045512.2	3702	C	G	12010	6319	54	1	0	34	8.32432e-05	12013	0.999878	FALSE	NA	NA	NA	NA	NA	NA
NC_045512.2	3702	C	A	12010	6319	54	2	0	26	0.000166486	12013	1	FALSE	NA	NA	NA	NA	NA	NA
NC_045512.2	3703	A	T	11907	6426	52	2	0	30	0.000167912	11911	0.998294	FALSE	NA	NA	NA	NA	NA	NA
NC_045512.2	3703	A	C	11907	6426	52	2	0	30	0.000167912	11911	0.998294	FALSE	NA	NA	NA	NA	NA	NA
NC_045512.2	3704	C	T	12331	6517	52	1	1	26	8.10898e-05	12332	1	FALSE	NA	NA	NA	NA	NA	NA
NC_045512.2	3705	C	G	12297	6516	52	2	1	23	0.000162615	12299	1	FALSE	NA	NA	NA	NA	NA	NA
NC_045512.2	3707	T	A	13157	6911	52	3	2	24	0.000227964	13160	1	FALSE	NA	NA	NA	NA	NA	NA
NC_045512.2	3708	T	G	13204	7003	53	1	0	68	7.57174e-05	13207	0.499981	FALSE	NA	NA	NA	NA	NA	NA
NC_045512.2	3708	T	A	13204	7003	53	2	1	27	0.000151435	13207	1	FALSE	NA	NA	NA	NA	NA	NA
NC_045512.2	3709	A	T	13434	7175	52	2	0	26	0.000148854	13436	1	FALSE	NA	NA	NA	NA	NA	NA
NC_045512.2	3710	T	G	13494	7071	54	1	1	27	7.40576e-05	13503	1	FALSE	NA	NA	NA	NA	NA	NA
NC_045512.2	3710	T	C	13494	7071	54	3	2	46	0.000222173	13503	0.312347	FALSE	NA	NA	NA	NA	NA	NA
NC_045512.2	3710	T	A	13494	7071	54	5	3	33	0.000370288	13503	0.984567	FALSE	NA	NA	NA	NA	NA	NA
NC_045512.2	3711	T	C	13450	7165	54	1	1	34	7.43439e-05	13451	0.999939	FALSE	NA	NA	NA	NA	NA	NA
NC_045512.2	3712	A	T	13417	7170	53	1	1	26	7.45268e-05	13418	1	FALSE	NA	NA	NA	NA	NA	NA
NC_045512.2	3713	T	G	13123	6990	54	1	0	27	7.61789e-05	13127	1	FALSE	NA	NA	NA	NA	NA	NA
NC_045512.2	3713	T	C	13123	6990	54	2	0	51	0.000152358	13127	0.249971	FALSE	NA	NA	NA	NA	NA	NA
NC_045512.2	3713	T	A	13123	6990	54	1	0	68	7.61789e-05	13127	0.499962	FALSE	NA	NA	NA	NA	NA	NA
NC_045512.2	3714	C	T	13031	6941	53	1	1	34	7.66989e-05	13038	0.999939	FALSE	NA	NA	NA	NA	NA	NA
NC_045512.2	3714	C	G	13031	6941	53	5	5	25	0.000383494	13038	1	FALSE	NA	NA	NA	NA	NA	NA
NC_045512.2	3714	C	A	13031	6941	53	1	0	27	7.66989e-05	13038	1	FALSE	NA	NA	NA	NA	NA	NA
NC_045512.2	3715	A	T	12442	6479	54	2	0	27	0.000160694	12446	1	FALSE	NA	NA	NA	NA	NA	NA
NC_045512.2	3715	A	G	12442	6479	54	1	0	34	8.03471e-05	12446	0.999878	FALSE	NA	NA	NA	NA	NA	NA
NC_045512.2	3715	A	C	12442	6479	54	1	1	68	8.03471e-05	12446	0.49996	FALSE	NA	NA	NA	NA	NA	NA
NC_045512.2	3716	G	T	12412	6465	54	2	2	26	0.000161108	12414	1	FALSE	NA	NA	NA	NA	NA	NA
NC_045512.2	3717	C	G	12438	6606	54	1	1	27	8.03859e-05	12440	1	FALSE	NA	NA	NA	NA	NA	NA
NC_045512.2	3717	C	A	12438	6606	54	1	1	24	8.03859e-05	12440	1	FALSE	NA	NA	NA	NA	NA	NA
NC_045512.2	3719	G	A	12247	6356	53	1	1	24	8.1646e-05	12248	1	FALSE	NA	NA	NA	NA	NA	NA
NC_045512.2	3720	G	T	12317	6400	54	2	2	40	0.000162311	12322	0.499939	FALSE	NA	NA	NA	NA	NA	NA
NC_045512.2	3720	G	C	12317	6400	54	3	2	42	0.000243467	12322	0.312454	FALSE	NA	NA	NA	NA	NA	NA
NC_045512.2	3721	T	A	12212	6559	54	1	0	27	8.188e-05	12213	1	FALSE	NA	NA	NA	NA	NA	NA
NC_045512.2	3722	A	T	12580	6930	56	1	1	27	7.94849e-05	12581	1	FALSE	NA	NA	NA	NA	NA	NA
NC_045512.2	3722	A	-T	12580	6930	56	4	0	20	0.00031794	12581	1	FALSE	NA	NA	NA	NA	NA	NA
NC_045512.2	3723	T	G	12370	6699	54	4	4	24	0.000323258	12374	1	FALSE	NA	NA	NA	NA	NA	NA
NC_045512.2	3724	T	G	12673	6966	56	2	2	26	0.000157766	12677	1	FALSE	NA	NA	NA	NA	NA	NA
NC_045512.2	3724	T	C	12673	6966	56	1	1	27	7.8883e-05	12677	1	FALSE	NA	NA	NA	NA	NA	NA
NC_045512.2	3724	T	A	12673	6966	56	1	0	27	7.8883e-05	12677	1	FALSE	NA	NA	NA	NA	NA	NA
NC_045512.2	3725	T	G	12622	6927	56	1	1	27	7.92205e-05	12623	1	FALSE	NA	NA	NA	NA	NA	NA
NC_045512.2	3726	T	G	12288	6565	52	7	7	28	0.000569245	12297	1	FALSE	NA	NA	NA	NA	NA	NA
NC_045512.2	3726	T	C	12288	6565	52	2	1	25	0.000162641	12297	1	FALSE	NA	NA	NA	NA	NA	NA
NC_045512.2	3730	T	G	12658	6941	55	1	1	27	7.89827e-05	12661	1	FALSE	NA	NA	NA	NA	NA	NA
NC_045512.2	3730	T	C	12658	6941	55	1	0	27	7.89827e-05	12661	1	FALSE	NA	NA	NA	NA	NA	NA
NC_045512.2	3730	T	A	12658	6941	55	1	1	34	7.89827e-05	12661	0.999878	FALSE	NA	NA	NA	NA	NA	NA
NC_045512.2	3731	G	T	12605	6873	55	2	2	23	0.000158642	12607	1	FALSE	NA	NA	NA	NA	NA	NA
NC_045512.2	3732	C	G	12659	7041	55	1	1	27	7.89827e-05	12661	1	FALSE	NA	NA	NA	NA	NA	NA
NC_045512.2	3732	C	A	12659	7041	55	1	0	34	7.89827e-05	12661	0.999878	FALSE	NA	NA	NA	NA	NA	NA
NC_045512.2	3733	T	A	12665	6976	56	1	1	20	7.89515e-05	12666	1	FALSE	NA	NA	NA	NA	NA	NA
NC_045512.2	3734	G	T	12812	6992	55	1	0	68	7.80396e-05	12814	0.5	FALSE	NA	NA	NA	NA	NA	NA
NC_045512.2	3734	G	A	12812	6992	55	1	0	68	7.80396e-05	12814	0.5	FALSE	NA	NA	NA	NA	NA	NA
NC_045512.2	3735	A	T	13272	7162	56	2	2	26	0.00015067	13274	1	FALSE	NA	NA	NA	NA	NA	NA
NC_045512.2	3736	C	G	13719	7396	54	1	1	27	7.28863e-05	13720	1	FALSE	NA	NA	NA	NA	NA	NA
NC_045512.2	3737	C	T	13684	7369	54	1	1	27	7.3062e-05	13687	1	FALSE	NA	NA	NA	NA	NA	NA
NC_045512.2	3737	C	G	13684	7369	54	1	1	26	7.3062e-05	13687	1	FALSE	NA	NA	NA	NA	NA	NA
NC_045512.2	3737	C	A	13684	7369	54	1	0	26	7.3062e-05	13687	1	FALSE	NA	NA	NA	NA	NA	NA
NC_045512.2	3738	C	G	13628	7330	54	1	1	20	7.33676e-05	13630	1	FALSE	NA	NA	NA	NA	NA	NA
NC_045512.2	3738	C	A	13628	7330	54	1	0	27	7.33676e-05	13630	1	FALSE	NA	NA	NA	NA	NA	NA
NC_045512.2	3739	T	C	13732	7324	55	1	1	27	7.28067e-05	13735	1	FALSE	NA	NA	NA	NA	NA	NA
NC_045512.2	3739	T	A	13732	7324	55	2	0	25	0.000145613	13735	1	FALSE	NA	NA	NA	NA	NA	NA
NC_045512.2	3740	A	G	13877	7405	55	1	1	34	7.20461e-05	13880	0.999939	FALSE	NA	NA	NA	NA	NA	NA
NC_045512.2	3740	A	C	13877	7405	55	2	2	27	0.000144092	13880	1	FALSE	NA	NA	NA	NA	NA	NA
NC_045512.2	3741	T	G	13758	7277	54	3	3	26	0.000217976	13763	1	FALSE	NA	NA	NA	NA	NA	NA
NC_045512.2	3741	T	C	13758	7277	54	1	1	24	7.26586e-05	13763	1	FALSE	NA	NA	NA	NA	NA	NA
NC_045512.2	3741	T	A	13758	7277	54	1	0	20	7.26586e-05	13763	1	FALSE	NA	NA	NA	NA	NA	NA
NC_045512.2	3742	A	T	13827	7434	55	1	1	27	7.2317e-05	13828	1	FALSE	NA	NA	NA	NA	NA	NA
NC_045512.2	3745	T	G	13135	6849	54	1	1	20	7.61209e-05	13137	1	FALSE	NA	NA	NA	NA	NA	NA
NC_045512.2	3745	T	A	13135	6849	54	1	1	34	7.61209e-05	13137	0.999939	FALSE	NA	NA	NA	NA	NA	NA
NC_045512.2	3746	T	A	13038	6840	55	2	1	23	0.000153374	13040	1	FALSE	NA	NA	NA	NA	NA	NA
NC_045512.2	3747	C	G	14000	7089	54	3	2	27	0.00021424	14003	1	FALSE	NA	NA	NA	NA	NA	NA
NC_045512.2	3748	T	G	13578	6698	52	6	6	27	0.000441599	13587	1	FALSE	NA	NA	NA	NA	NA	NA
NC_045512.2	3748	T	C	13578	6698	52	2	2	57	0.0001472	13587	0.24988	FALSE	NA	NA	NA	NA	NA	NA
NC_045512.2	3748	T	A	13578	6698	52	1	0	68	7.35998e-05	13587	0.499871	FALSE	NA	NA	NA	NA	NA	NA
NC_045512.2	3749	T	G	13613	6795	53	8	8	28	0.000587199	13624	1	FALSE	NA	NA	NA	NA	NA	NA
NC_045512.2	3749	T	C	13613	6795	53	3	1	23	0.0002202	13624	1	FALSE	NA	NA	NA	NA	NA	NA
NC_045512.2	3750	T	A	13763	6940	54	1	0	20	7.26533e-05	13764	1	FALSE	NA	NA	NA	NA	NA	NA
NC_045512.2	3751	A	T	13781	6945	54	1	1	26	7.25426e-05	13785	1	FALSE	NA	NA	NA	NA	NA	NA
NC_045512.2	3751	A	C	13781	6945	54	3	1	29	0.000217628	13785	1	FALSE	NA	NA	NA	NA	NA	NA
NC_045512.2	3752	A	G	13749	7122	53	1	1	68	7.27114e-05	13753	0.499964	FALSE	NA	NA	NA	NA	NA	NA
NC_045512.2	3752	A	C	13749	7122	53	3	0	24	0.000218134	13753	1	FALSE	NA	NA	NA	NA	NA	NA
NC_045512.2	3753	G	T	13918	7119	54	1	1	26	7.18442e-05	13919	1	FALSE	NA	NA	NA	NA	NA	NA
NC_045512.2	3754	A	G	13677	7090	52	2	1	23	0.00014621	13679	1	FALSE	NA	NA	NA	NA	NA	NA
NC_045512.2	3755	G	C	13918	7084	54	2	2	27	0.000143678	13920	1	FALSE	NA	NA	NA	NA	NA	NA
NC_045512.2	3756	T	G	11336	4444	44	10	10	26	0.000881213	11348	1	FALSE	NA	NA	NA	NA	NA	NA
NC_045512.2	3756	T	C	11336	4444	44	1	1	34	8.81213e-05	11348	0.999755	FALSE	NA	NA	NA	NA	NA	NA
NC_045512.2	3756	T	A	11336	4444	44	1	0	26	8.81213e-05	11348	1	FALSE	NA	NA	NA	NA	NA	NA
NC_045512.2	3757	T	C	12870	6561	54	1	1	27	7.7694e-05	12871	1	FALSE	NA	NA	NA	NA	NA	NA
NC_045512.2	3758	T	A	12879	6572	54	1	0	26	7.76398e-05	12880	1	FALSE	NA	NA	NA	NA	NA	NA
NC_045512.2	3760	T	G	13708	6794	53	1	0	60	7.29341e-05	13711	0.499982	FALSE	NA	NA	NA	NA	NA	NA
NC_045512.2	3760	T	C	13708	6794	53	2	2	40	0.000145868	13711	0.5	FALSE	NA	NA	NA	NA	NA	NA
NC_045512.2	3761	G	T	13827	6820	54	1	1	27	7.2317e-05	13828	1	FALSE	NA	NA	NA	NA	NA	NA
NC_045512.2	3762	T	C	13838	6914	53	1	0	34	7.22596e-05	13839	0.999939	FALSE	NA	NA	NA	NA	NA	NA
NC_045512.2	3763	A	G	13774	6979	55	1	1	68	7.25953e-05	13775	0.500018	FALSE	NA	NA	NA	NA	NA	NA
NC_045512.2	3765	A	T	13889	6986	54	1	1	27	7.19891e-05	13891	1	FALSE	NA	NA	NA	NA	NA	NA
NC_045512.2	3765	A	C	13889	6986	54	1	1	27	7.19891e-05	13891	1	FALSE	NA	NA	NA	NA	NA	NA
NC_045512.2	3766	T	C	13892	6967	55	2	0	47	0.000143937	13895	0.5	FALSE	NA	NA	NA	NA	NA	NA
NC_045512.2	3766	T	A	13892	6967	55	1	1	34	7.19683e-05	13895	0.999939	FALSE	NA	NA	NA	NA	NA	NA
NC_045512.2	3767	A	T	13775	6943	54	2	1	27	0.000145169	13777	1	FALSE	NA	NA	NA	NA	NA	NA
NC_045512.2	3768	C	T	13832	7022	55	1	0	34	7.22804e-05	13835	0.999939	FALSE	NA	NA	NA	NA	NA	NA
NC_045512.2	3768	C	G	13832	7022	55	2	1	30	0.000144561	13835	0.999513	FALSE	NA	NA	NA	NA	NA	NA
NC_045512.2	3769	T	C	12923	6290	54	2	0	57	0.000154727	12926	0.24999	FALSE	NA	NA	NA	NA	NA	NA
NC_045512.2	3769	T	A	12923	6290	54	1	0	68	7.73635e-05	12926	0.499981	FALSE	NA	NA	NA	NA	NA	NA
NC_045512.2	3770	G	C	13007	6376	55	1	1	27	7.68758e-05	13008	1	FALSE	NA	NA	NA	NA	NA	NA
NC_045512.2	3771	T	G	12229	5513	50	17	17	26	0.0013881	12247	1	FALSE	NA	NA	NA	NA	NA	NA
NC_045512.2	3771	T	C	12229	5513	50	1	0	68	8.16526e-05	12247	0.499673	FALSE	NA	NA	NA	NA	NA	NA
NC_045512.2	3773	C	T	12736	6198	56	3	2	53	0.000235497	12739	0.125	FALSE	NA	NA	NA	NA	NA	NA
NC_045512.2	3774	G	T	12630	6078	55	1	0	26	7.91515e-05	12634	1	FALSE	NA	NA	NA	NA	NA	NA
NC_045512.2	3774	G	A	12630	6078	55	3	2	45	0.000237454	12634	0.312485	FALSE	NA	NA	NA	NA	NA	NA
NC_045512.2	3775	C	G	12605	6205	56	2	1	23	0.000158642	12607	1	FALSE	NA	NA	NA	NA	NA	NA
NC_045512.2	3777	C	T	12656	6211	56	1	0	46	7.90077e-05	12657	0.75003	FALSE	NA	NA	NA	NA	NA	NA
NC_045512.2	3778	A	G	12655	6173	56	1	1	68	7.90139e-05	12656	0.50002	FALSE	NA	NA	NA	NA	NA	NA
NC_045512.2	3779	A	T	12589	6124	56	2	2	27	0.000158818	12593	1	FALSE	NA	NA	NA	NA	NA	NA
NC_045512.2	3779	A	G	12589	6124	56	1	1	34	7.94092e-05	12593	0.999878	FALSE	NA	NA	NA	NA	NA	NA
NC_045512.2	3779	A	C	12589	6124	56	1	1	27	7.94092e-05	12593	1	FALSE	NA	NA	NA	NA	NA	NA
NC_045512.2	3780	A	G	12302	6216	52	1	0	46	8.12612e-05	12306	0.74997	FALSE	NA	NA	NA	NA	NA	NA
NC_045512.2	3780	A	C	12302	6216	52	3	1	25	0.000243784	12306	1	FALSE	NA	NA	NA	NA	NA	NA
NC_045512.2	3781	T	C	12586	6201	56	2	1	34	0.000158881	12588	0.999087	FALSE	NA	NA	NA	NA	NA	NA
NC_045512.2	3782	G	T	12513	6201	55	1	0	27	7.99041e-05	12515	1	FALSE	NA	NA	NA	NA	NA	NA
NC_045512.2	3782	G	C	12513	6201	55	1	0	27	7.99041e-05	12515	1	FALSE	NA	NA	NA	NA	NA	NA
NC_045512.2	3784	C	G	12383	6095	56	2	0	27	0.000161473	12386	1	FALSE	NA	NA	NA	NA	NA	NA
NC_045512.2	3784	C	A	12383	6095	56	1	0	27	8.07363e-05	12386	1	FALSE	NA	NA	NA	NA	NA	NA
NC_045512.2	3786	A	T	12119	6172	53	2	2	44	0.000164976	12123	0.499969	FALSE	NA	NA	NA	NA	NA	NA
NC_045512.2	3786	A	C	12119	6172	53	2	0	27	0.000164976	12123	1	FALSE	NA	NA	NA	NA	NA	NA
NC_045512.2	3787	C	T	12286	6207	56	1	1	60	8.13802e-05	12288	0.5	FALSE	NA	NA	NA	NA	NA	NA
NC_045512.2	3787	C	G	12286	6207	56	1	1	34	8.13802e-05	12288	0.999878	FALSE	NA	NA	NA	NA	NA	NA
NC_045512.2	3788	T	G	11421	5332	51	5	5	27	0.00043756	11427	1	FALSE	NA	NA	NA	NA	NA	NA
NC_045512.2	3788	T	C	11421	5332	51	1	1	34	8.7512e-05	11427	0.999756	FALSE	NA	NA	NA	NA	NA	NA
NC_045512.2	3789	T	G	11735	5784	56	1	0	27	8.51861e-05	11739	1	FALSE	NA	NA	NA	NA	NA	NA
NC_045512.2	3789	T	C	11735	5784	56	2	2	46	0.000170372	11739	0.499968	FALSE	NA	NA	NA	NA	NA	NA
NC_045512.2	3789	T	A	11735	5784	56	1	0	20	8.51861e-05	11739	1	FALSE	NA	NA	NA	NA	NA	NA
NC_045512.2	3790	A	G	11482	5584	57	1	1	68	8.70853e-05	11483	0.500022	FALSE	NA	NA	NA	NA	NA	NA
NC_045512.2	3792	C	T	11404	5620	56	1	0	34	8.76808e-05	11405	0.999757	FALSE	NA	NA	NA	NA	NA	NA
NC_045512.2	3793	T	C	10920	5193	57	2	1	46	0.000183117	10922	0.500034	FALSE	NA	NA	NA	NA	NA	NA
NC_045512.2	3794	G	T	10917	5225	57	1	1	27	9.15919e-05	10918	1	FALSE	NA	NA	NA	NA	NA	NA
NC_045512.2	3798	T	C	10333	4848	55	1	0	34	9.6768e-05	10334	0.999513	FALSE	NA	NA	NA	NA	NA	NA
NC_045512.2	3799	T	C	12411	5765	54	2	1	51	0.000161121	12413	0.25001	FALSE	NA	NA	NA	NA	NA	NA
NC_045512.2	3800	G	T	12374	5729	54	2	2	27	0.000161603	12376	1	FALSE	NA	NA	NA	NA	NA	NA
NC_045512.2	3801	A	G	12519	5818	55	2	0	27	0.000159719	12522	1	FALSE	NA	NA	NA	NA	NA	NA
NC_045512.2	3801	A	C	12519	5818	55	1	0	27	7.98594e-05	12522	1	FALSE	NA	NA	NA	NA	NA	NA
NC_045512.2	3804	A	G	12345	5767	54	1	0	27	8.09979e-05	12346	1	FALSE	NA	NA	NA	NA	NA	NA
NC_045512.2	3805	A	G	12278	5761	53	3	3	56	0.00024426	12282	0.124985	FALSE	NA	NA	NA	NA	NA	NA
NC_045512.2	3805	A	C	12278	5761	53	1	0	20	8.142e-05	12282	1	FALSE	NA	NA	NA	NA	NA	NA
NC_045512.2	3806	A	G	12344	5877	53	1	1	26	8.10045e-05	12345	1	FALSE	NA	NA	NA	NA	NA	NA
NC_045512.2	3808	T	C	12052	5561	50	1	1	68	8.29669e-05	12053	0.500021	FALSE	NA	NA	NA	NA	NA	NA
NC_045512.2	3809	C	G	12430	5920	53	1	1	26	8.04441e-05	12431	1	FALSE	NA	NA	NA	NA	NA	NA
NC_045512.2	3810	T	C	12209	5715	53	1	0	34	8.19001e-05	12210	0.999878	FALSE	NA	NA	NA	NA	NA	NA
NC_045512.2	3811	C	G	12281	5809	53	2	0	27	0.000162813	12284	1	FALSE	NA	NA	NA	NA	NA	NA
NC_045512.2	3811	C	A	12281	5809	53	1	1	26	8.14067e-05	12284	1	FALSE	NA	NA	NA	NA	NA	NA
NC_045512.2	3814	T	G	12271	5682	53	1	0	34	8.1473e-05	12274	0.999878	FALSE	NA	NA	NA	NA	NA	NA
NC_045512.2	3814	T	C	12271	5682	53	1	1	24	8.1473e-05	12274	1	FALSE	NA	NA	NA	NA	NA	NA
NC_045512.2	3814	T	A	12271	5682	53	1	1	20	8.1473e-05	12274	1	FALSE	NA	NA	NA	NA	NA	NA
NC_045512.2	3815	G	C	12314	5778	53	1	0	34	8.12018e-05	12315	0.999878	FALSE	NA	NA	NA	NA	NA	NA
NC_045512.2	3817	C	T	12350	5863	53	1	0	34	8.09651e-05	12351	0.999878	FALSE	NA	NA	NA	NA	NA	NA
NC_045512.2	3820	A	T	11268	5621	49	3	3	29	0.000266099	11274	1	FALSE	NA	NA	NA	NA	NA	NA
NC_045512.2	3820	A	G	11268	5621	49	1	0	27	8.86997e-05	11274	1	FALSE	NA	NA	NA	NA	NA	NA
NC_045512.2	3820	A	C	11268	5621	49	2	0	26	0.000177399	11274	1	FALSE	NA	NA	NA	NA	NA	NA
NC_045512.2	3821	C	G	11973	5642	53	3	0	26	0.00025048	11977	1	FALSE	NA	NA	NA	NA	NA	NA
NC_045512.2	3821	C	A	11973	5642	53	1	0	26	8.34934e-05	11977	1	FALSE	NA	NA	NA	NA	NA	NA
NC_045512.2	3823	T	A	11765	5498	52	1	0	34	8.49907e-05	11766	0.999757	FALSE	NA	NA	NA	NA	NA	NA
NC_045512.2	3824	G	T	10428	5027	50	1	1	27	9.58865e-05	10429	1	FALSE	NA	NA	NA	NA	NA	NA
NC_045512.2	3825	T	C	10440	5030	50	1	0	68	9.57763e-05	10441	0.500024	FALSE	NA	NA	NA	NA	NA	NA
NC_045512.2	3826	T	G	10269	4867	49	1	1	27	9.7352e-05	10272	1	FALSE	NA	NA	NA	NA	NA	NA
NC_045512.2	3826	T	C	10269	4867	49	2	0	51	0.000194704	10272	0.249988	FALSE	NA	NA	NA	NA	NA	NA
NC_045512.2	3827	T	A	10514	5154	51	1	0	26	9.51022e-05	10515	1	FALSE	NA	NA	NA	NA	NA	NA
NC_045512.2	3828	C	G	10453	5124	50	1	0	34	9.56297e-05	10457	0.999512	FALSE	NA	NA	NA	NA	NA	NA
NC_045512.2	3828	C	A	10453	5124	50	3	3	28	0.000286889	10457	1	FALSE	NA	NA	NA	NA	NA	NA
NC_045512.2	3829	A	C	10495	5135	51	2	1	43	0.000190531	10497	0.500036	FALSE	NA	NA	NA	NA	NA	NA
NC_045512.2	3830	A	C	10294	5169	50	1	0	26	9.71345e-05	10295	1	FALSE	NA	NA	NA	NA	NA	NA
NC_045512.2	3831	G	A	10485	5102	50	1	1	34	9.53652e-05	10486	0.999513	FALSE	NA	NA	NA	NA	NA	NA
NC_045512.2	3832	C	G	10412	5126	50	1	1	27	9.60061e-05	10416	1	FALSE	NA	NA	NA	NA	NA	NA
NC_045512.2	3832	C	A	10412	5126	50	3	2	27	0.000288018	10416	1	FALSE	NA	NA	NA	NA	NA	NA
NC_045512.2	3832	C	-T	10412	5126	50	3	0	20	0.000288018	10416	1	FALSE	NA	NA	NA	NA	NA	NA
NC_045512.2	3833	T	C	10349	4993	49	2	1	51	0.000193218	10351	0.24994	FALSE	NA	NA	NA	NA	NA	NA
NC_045512.2	3834	T	G	10432	5188	50	1	0	24	9.58497e-05	10433	1	FALSE	NA	NA	NA	NA	NA	NA
NC_045512.2	3835	T	G	10481	5149	50	1	1	24	9.54016e-05	10482	1	FALSE	NA	NA	NA	NA	NA	NA
NC_045512.2	3836	T	G	10504	5166	50	1	1	20	9.51928e-05	10505	1	FALSE	NA	NA	NA	NA	NA	NA
NC_045512.2	3837	T	G	10578	5301	51	1	0	68	9.4518e-05	10580	0.5	FALSE	NA	NA	NA	NA	NA	NA
NC_045512.2	3837	T	C	10578	5301	51	1	1	68	9.4518e-05	10580	0.5	FALSE	NA	NA	NA	NA	NA	NA
NC_045512.2	3838	G	T	10535	5258	51	1	1	26	9.49037e-05	10537	1	FALSE	NA	NA	NA	NA	NA	NA
NC_045512.2	3838	G	C	10535	5258	51	1	1	27	9.49037e-05	10537	1	FALSE	NA	NA	NA	NA	NA	NA
NC_045512.2	3839	G	T	10517	5270	51	1	1	27	9.50751e-05	10518	1	FALSE	NA	NA	NA	NA	NA	NA
NC_045512.2	3840	A	G	10674	5385	52	1	1	34	9.36768e-05	10675	0.999513	FALSE	NA	NA	NA	NA	NA	NA
NC_045512.2	3841	A	G	10576	5466	51	1	1	38	9.45358e-05	10578	0.999513	FALSE	NA	NA	NA	NA	NA	NA
NC_045512.2	3841	A	C	10576	5466	51	1	0	34	9.45358e-05	10578	0.999513	FALSE	NA	NA	NA	NA	NA	NA
NC_045512.2	3842	A	C	10568	5526	51	1	0	34	9.46163e-05	10569	0.999513	FALSE	NA	NA	NA	NA	NA	NA
NC_045512.2	3843	T	G	10612	5577	51	1	0	34	9.42241e-05	10613	0.999513	FALSE	NA	NA	NA	NA	NA	NA
NC_045512.2	3846	A	T	10563	5695	50	1	1	20	9.46342e-05	10567	1	FALSE	NA	NA	NA	NA	NA	NA
NC_045512.2	3846	A	G	10563	5695	50	3	2	30	0.000283903	10567	0.988789	FALSE	NA	NA	NA	NA	NA	NA
NC_045512.2	3847	G	A	10710	5640	50	1	1	34	9.3362e-05	10711	0.999513	FALSE	NA	NA	NA	NA	NA	NA
NC_045512.2	3847	G	+C	10710	5640	50	4	0	20	0.000373448	10711	1	FALSE	NA	NA	NA	NA	NA	NA
NC_045512.2	3848	A	T	10745	5685	50	1	1	20	9.30579e-05	10746	1	FALSE	NA	NA	NA	NA	NA	NA
NC_045512.2	3850	T	C	11040	5787	51	2	1	34	0.000181127	11042	0.998296	FALSE	NA	NA	NA	NA	NA	NA
NC_045512.2	3850	T	+G	11040	5787	51	4	0	20	0.000362253	11042	1	FALSE	NA	NA	NA	NA	NA	NA
NC_045512.2	3851	G	C	10981	5710	51	2	0	23	0.0001821	10983	1	FALSE	NA	NA	NA	NA	NA	NA
NC_045512.2	3852	A	G	11072	5802	51	1	1	24	9.03098e-05	11073	1	FALSE	NA	NA	NA	NA	NA	NA
NC_045512.2	3855	A	C	10822	5904	49	1	0	27	9.23958e-05	10823	1	FALSE	NA	NA	NA	NA	NA	NA
NC_045512.2	3857	C	T	10904	5977	49	2	1	64	0.000183385	10906	0.250011	FALSE	NA	NA	NA	NA	NA	NA
NC_045512.2	3858	A	T	9615	4944	50	1	1	27	0.000103961	9619	1	FALSE	NA	NA	NA	NA	NA	NA
NC_045512.2	3858	A	G	9615	4944	50	2	1	51	0.000207922	9619	0.249961	FALSE	NA	NA	NA	NA	NA	NA
NC_045512.2	3858	A	C	9615	4944	50	1	1	34	0.000103961	9619	0.999025	FALSE	NA	NA	NA	NA	NA	NA
NC_045512.2	3859	A	C	9592	5007	50	1	0	34	0.000104243	9593	0.999026	FALSE	NA	NA	NA	NA	NA	NA
NC_045512.2	3861	T	C	9550	4960	49	1	0	60	0.000104701	9551	0.500026	FALSE	NA	NA	NA	NA	NA	NA
NC_045512.2	3863	G	T	9520	4805	50	1	1	27	0.000105031	9521	1	FALSE	NA	NA	NA	NA	NA	NA
NC_045512.2	3863	G	-A	9520	4805	50	2	0	20	0.000210062	9521	1	FALSE	NA	NA	NA	NA	NA	NA
NC_045512.2	3864	A	G	9455	4805	50	1	0	68	0.000105753	9456	0.499974	FALSE	NA	NA	NA	NA	NA	NA
NC_045512.2	3865	A	G	9380	4838	49	1	0	34	0.000106598	9381	0.999026	FALSE	NA	NA	NA	NA	NA	NA
NC_045512.2	3865	A	+C	9380	4838	49	1	0	20	0.000106598	9381	1	FALSE	NA	NA	NA	NA	NA	NA
NC_045512.2	3866	C	+A	9431	4833	50	1	0	20	0.000106033	9431	1	FALSE	NA	NA	NA	NA	NA	NA
NC_045512.2	3867	A	G	9139	4610	49	1	0	34	0.000109409	9140	0.999026	FALSE	NA	NA	NA	NA	NA	NA
NC_045512.2	3868	A	G	9209	4607	50	1	1	34	0.000108578	9210	0.999026	FALSE	NA	NA	NA	NA	NA	NA
NC_045512.2	3869	A	C	8866	4512	49	1	0	26	0.000112778	8867	1	FALSE	NA	NA	NA	NA	NA	NA
NC_045512.2	3870	A	G	9074	4564	49	3	2	42	0.000330506	9077	0.125	FALSE	NA	NA	NA	NA	NA	NA
NC_045512.2	3872	A	C	7479	3478	48	1	1	68	0.00013369	7480	0.500033	FALSE	NA	NA	NA	NA	NA	NA
NC_045512.2	3873	T	G	7555	3489	49	1	0	34	0.000132345	7556	0.996103	FALSE	NA	NA	NA	NA	NA	NA
NC_045512.2	3874	C	G	7472	3485	49	1	1	20	0.000133815	7473	1	FALSE	NA	NA	NA	NA	NA	NA
NC_045512.2	3875	G	C	7406	3443	48	1	1	27	0.000135007	7407	1	FALSE	NA	NA	NA	NA	NA	NA
NC_045512.2	3876	C	G	7361	3508	48	2	2	27	0.000271592	7364	1	FALSE	NA	NA	NA	NA	NA	NA
NC_045512.2	3876	C	A	7361	3508	48	1	0	34	0.000135796	7364	0.996099	FALSE	NA	NA	NA	NA	NA	NA
NC_045512.2	3877	T	G	7429	3434	49	1	0	34	0.00013459	7430	0.996103	FALSE	NA	NA	NA	NA	NA	NA
NC_045512.2	3881	A	T	7114	3563	46	2	0	27	0.000281057	7116	1	FALSE	NA	NA	NA	NA	NA	NA
NC_045512.2	3884	C	T	7627	3578	48	1	0	68	0.000131096	7628	0.500033	FALSE	NA	NA	NA	NA	NA	NA
NC_045512.2	3885	C	A	7514	3884	47	5	0	28	0.000664982	7519	1	FALSE	NA	NA	NA	NA	NA	NA
NC_045512.2	3888	A	C	7322	3827	45	2	0	30	0.000273075	7324	0.980507	FALSE	NA	NA	NA	NA	NA	NA
NC_045512.2	3889	A	G	7225	3848	45	1	0	27	0.000138274	7232	1	FALSE	NA	NA	NA	NA	NA	NA
NC_045512.2	3889	A	C	7225	3848	45	6	0	27	0.000829646	7232	1	FALSE	NA	NA	NA	NA	NA	NA
NC_045512.2	3892	G	T	7513	3782	47	1	1	26	0.000133085	7514	1	FALSE	NA	NA	NA	NA	NA	NA
NC_045512.2	3893	G	C	7299	3768	46	2	1	23	0.000273935	7301	1	FALSE	NA	NA	NA	NA	NA	NA
NC_045512.2	3895	A	T	7467	3866	46	1	1	27	0.000133743	7477	1	FALSE	NA	NA	NA	NA	NA	NA
NC_045512.2	3895	A	G	7467	3866	46	1	1	26	0.000133743	7477	1	FALSE	NA	NA	NA	NA	NA	NA
NC_045512.2	3895	A	C	7467	3866	46	8	2	29	0.00106995	7477	1	FALSE	NA	NA	NA	NA	NA	NA
NC_045512.2	3897	T	A	7681	3942	47	2	1	23	0.000260315	7683	1	FALSE	NA	NA	NA	NA	NA	NA
NC_045512.2	3898	T	G	7646	4182	46	1	0	27	0.00013077	7647	1	FALSE	NA	NA	NA	NA	NA	NA
NC_045512.2	3899	A	T	7408	4002	46	2	2	30	0.000269906	7410	0.980507	FALSE	NA	NA	NA	NA	NA	NA
NC_045512.2	3900	A	T	7169	4087	44	1	0	27	0.000139334	7177	1	FALSE	NA	NA	NA	NA	NA	NA
NC_045512.2	3900	A	G	7169	4087	44	1	1	24	0.000139334	7177	1	FALSE	NA	NA	NA	NA	NA	NA
NC_045512.2	3900	A	C	7169	4087	44	6	0	29	0.000836004	7177	1	FALSE	NA	NA	NA	NA	NA	NA
NC_045512.2	3901	G	T	7411	3979	46	1	0	27	0.000134862	7415	1	FALSE	NA	NA	NA	NA	NA	NA
NC_045512.2	3901	G	C	7411	3979	46	1	0	26	0.000134862	7415	1	FALSE	NA	NA	NA	NA	NA	NA
NC_045512.2	3901	G	A	7411	3979	46	2	1	34	0.000269724	7415	0.980488	FALSE	NA	NA	NA	NA	NA	NA
NC_045512.2	3902	C	T	7325	3974	45	1	1	68	0.0001365	7326	0.500034	FALSE	NA	NA	NA	NA	NA	NA
NC_045512.2	3904	A	G	7578	3893	46	1	0	34	0.000131944	7579	0.996103	FALSE	NA	NA	NA	NA	NA	NA
NC_045512.2	3906	T	G	7501	3870	46	1	0	34	0.000133262	7504	0.996099	FALSE	NA	NA	NA	NA	NA	NA
NC_045512.2	3906	T	C	7501	3870	46	1	1	34	0.000133262	7504	0.996099	FALSE	NA	NA	NA	NA	NA	NA
NC_045512.2	3906	T	A	7501	3870	46	1	0	34	0.000133262	7504	0.996099	FALSE	NA	NA	NA	NA	NA	NA
NC_045512.2	3909	T	C	7457	3923	46	2	1	51	0.000268132	7459	0.250017	FALSE	NA	NA	NA	NA	NA	NA
NC_045512.2	3910	A	C	7434	4024	45	1	1	34	0.000134499	7435	0.996103	FALSE	NA	NA	NA	NA	NA	NA
NC_045512.2	3911	A	T	7414	4030	45	1	0	26	0.000134862	7415	1	FALSE	NA	NA	NA	NA	NA	NA
NC_045512.2	3912	C	A	7363	4075	45	1	0	26	0.000135796	7364	1	FALSE	NA	NA	NA	NA	NA	NA
NC_045512.2	3913	T	G	6614	3390	46	5	4	29	0.000755401	6619	1	FALSE	NA	NA	NA	NA	NA	NA
NC_045512.2	3914	G	T	6605	3468	45	1	1	34	0.000151378	6606	0.992204	FALSE	NA	NA	NA	NA	NA	NA
NC_045512.2	3916	A	C	6794	3508	46	1	0	20	0.000147167	6795	1	FALSE	NA	NA	NA	NA	NA	NA
NC_045512.2	3917	A	G	6847	3554	46	1	0	68	0.000146028	6848	0.500037	FALSE	NA	NA	NA	NA	NA	NA
NC_045512.2	3919	T	G	6858	3623	46	1	1	26	0.000145794	6859	1	FALSE	NA	NA	NA	NA	NA	NA
NC_045512.2	3920	A	C	6804	3556	46	1	1	27	0.000146951	6805	1	FALSE	NA	NA	NA	NA	NA	NA
NC_045512.2	3921	A	T	6840	3600	47	2	0	30	0.000292312	6842	0.9649	FALSE	NA	NA	NA	NA	NA	NA
NC_045512.2	3922	A	T	6290	3641	43	1	1	20	0.000158856	6295	1	FALSE	NA	NA	NA	NA	NA	NA
NC_045512.2	3922	A	G	6290	3641	43	1	1	34	0.000158856	6295	0.992188	FALSE	NA	NA	NA	NA	NA	NA
NC_045512.2	3922	A	C	6290	3641	43	3	2	27	0.000476569	6295	1	FALSE	NA	NA	NA	NA	NA	NA
NC_045512.2	3924	C	T	6885	3613	46	1	1	34	0.000145201	6887	0.992199	FALSE	NA	NA	NA	NA	NA	NA
NC_045512.2	3924	C	A	6885	3613	46	1	0	26	0.000145201	6887	1	FALSE	NA	NA	NA	NA	NA	NA
NC_045512.2	3925	T	C	6637	3313	47	1	1	34	0.000150625	6639	0.9922	FALSE	NA	NA	NA	NA	NA	NA
NC_045512.2	3925	T	A	6637	3313	47	1	1	34	0.000150625	6639	0.9922	FALSE	NA	NA	NA	NA	NA	NA
NC_045512.2	3926	T	G	6493	3259	47	1	1	26	0.000153988	6494	1	FALSE	NA	NA	NA	NA	NA	NA
NC_045512.2	3927	C	A	6830	3374	47	1	0	26	0.000146391	6831	1	FALSE	NA	NA	NA	NA	NA	NA
NC_045512.2	3928	A	T	6754	3398	47	1	0	34	0.000147995	6757	0.992196	FALSE	NA	NA	NA	NA	NA	NA
NC_045512.2	3928	A	C	6754	3398	47	2	0	27	0.000295989	6757	1	FALSE	NA	NA	NA	NA	NA	NA
NC_045512.2	3932	G	T	6570	3306	47	1	1	34	0.000152138	6573	0.992196	FALSE	NA	NA	NA	NA	NA	NA
NC_045512.2	3932	G	A	6570	3306	47	2	1	47	0.000304275	6573	0.249981	FALSE	NA	NA	NA	NA	NA	NA
NC_045512.2	3933	A	C	6550	3390	47	2	1	26	0.00030525	6552	1	FALSE	NA	NA	NA	NA	NA	NA
NC_045512.2	3936	A	G	6307	3274	47	1	0	26	0.000158529	6308	1	FALSE	NA	NA	NA	NA	NA	NA
NC_045512.2	3937	G	T	6497	3227	47	1	1	34	0.000153894	6498	0.992204	FALSE	NA	NA	NA	NA	NA	NA
NC_045512.2	3941	A	G	6593	3260	48	3	0	31	0.000454821	6596	0.910268	FALSE	NA	NA	NA	NA	NA	NA
NC_045512.2	3942	A	G	6584	3248	48	1	0	26	0.00015186	6585	1	FALSE	NA	NA	NA	NA	NA	NA
NC_045512.2	3943	A	G	6436	3265	47	1	1	34	0.000155304	6439	0.992196	FALSE	NA	NA	NA	NA	NA	NA
NC_045512.2	3943	A	C	6436	3265	47	2	0	23	0.000310607	6439	1	FALSE	NA	NA	NA	NA	NA	NA
NC_045512.2	3945	A	C	6547	3244	48	1	1	27	0.000152718	6548	1	FALSE	NA	NA	NA	NA	NA	NA
NC_045512.2	3946	A	T	6328	3092	48	1	0	26	0.000158003	6329	1	FALSE	NA	NA	NA	NA	NA	NA
NC_045512.2	3947	G	C	6362	3070	48	1	1	34	0.000157159	6363	0.992205	FALSE	NA	NA	NA	NA	NA	NA
NC_045512.2	3948	A	C	6250	3112	46	2	2	30	0.000319898	6252	0.964905	FALSE	NA	NA	NA	NA	NA	NA
NC_045512.2	3949	T	A	6328	3062	47	1	0	24	0.000158003	6329	1	FALSE	NA	NA	NA	NA	NA	NA
NC_045512.2	3950	G	T	6221	2987	48	1	1	26	0.000160694	6223	1	FALSE	NA	NA	NA	NA	NA	NA
NC_045512.2	3950	G	C	6221	2987	48	1	0	27	0.000160694	6223	1	FALSE	NA	NA	NA	NA	NA	NA
NC_045512.2	3951	A	G	6268	3068	48	1	0	24	0.00015949	6270	1	FALSE	NA	NA	NA	NA	NA	NA
NC_045512.2	3951	A	C	6268	3068	48	1	1	34	0.00015949	6270	0.992201	FALSE	NA	NA	NA	NA	NA	NA
NC_045512.2	3953	A	C	6226	3048	48	2	2	27	0.00032113	6228	1	FALSE	NA	NA	NA	NA	NA	NA
NC_045512.2	3954	A	T	6215	3069	48	1	0	27	0.000160875	6216	1	FALSE	NA	NA	NA	NA	NA	NA
NC_045512.2	3956	A	G	6110	3053	47	2	0	44	0.000327225	6112	0.25002	FALSE	NA	NA	NA	NA	NA	NA
NC_045512.2	3957	A	T	6271	3041	48	2	1	30	0.000318725	6275	0.96487	FALSE	NA	NA	NA	NA	NA	NA
NC_045512.2	3957	A	C	6271	3041	48	2	0	27	0.000318725	6275	1	FALSE	NA	NA	NA	NA	NA	NA
NC_045512.2	3960	T	C	6534	3071	48	1	0	34	0.000153022	6535	0.992204	FALSE	NA	NA	NA	NA	NA	NA
NC_045512.2	3961	C	A	6533	3115	48	1	0	34	0.000153046	6534	0.992204	FALSE	NA	NA	NA	NA	NA	NA
NC_045512.2	3963	A	C	6322	3154	47	2	0	26	0.000316256	6324	1	FALSE	NA	NA	NA	NA	NA	NA
NC_045512.2	3964	A	C	6351	3099	46	4	2	30	0.000629426	6355	0.828286	FALSE	NA	NA	NA	NA	NA	NA
NC_045512.2	3966	C	G	6500	3138	47	2	2	27	0.000307598	6502	1	FALSE	NA	NA	NA	NA	NA	NA
NC_045512.2	3967	T	C	6464	3043	47	2	2	30	0.00030931	6466	0.964903	FALSE	NA	NA	NA	NA	NA	NA
NC_045512.2	3968	T	A	6321	2979	47	1	0	24	0.000158178	6322	1	FALSE	NA	NA	NA	NA	NA	NA
NC_045512.2	3969	G	A	6531	2973	47	1	1	68	0.000153092	6532	0.500038	FALSE	NA	NA	NA	NA	NA	NA
NC_045512.2	3970	T	C	6572	3056	47	1	1	34	0.000152114	6574	0.9922	FALSE	NA	NA	NA	NA	NA	NA
NC_045512.2	3970	T	A	6572	3056	47	1	0	26	0.000152114	6574	1	FALSE	NA	NA	NA	NA	NA	NA
NC_045512.2	3971	G	C	6582	3031	47	2	2	30	0.000303767	6584	0.964902	FALSE	NA	NA	NA	NA	NA	NA
NC_045512.2	3973	T	A	6581	3161	48	1	0	34	0.00015193	6582	0.992204	FALSE	NA	NA	NA	NA	NA	NA
NC_045512.2	3974	G	T	6584	3135	48	1	1	34	0.000151837	6586	0.9922	FALSE	NA	NA	NA	NA	NA	NA
NC_045512.2	3974	G	A	6584	3135	48	1	0	34	0.000151837	6586	0.9922	FALSE	NA	NA	NA	NA	NA	NA
NC_045512.2	3974	G	-A	6584	3135	48	1	0	20	0.000151837	6586	1	FALSE	NA	NA	NA	NA	NA	NA
NC_045512.2	3975	A	C	6625	3437	49	1	1	27	0.000150921	6626	1	FALSE	NA	NA	NA	NA	NA	NA
NC_045512.2	3976	A	T	6706	3529	50	1	0	20	0.000149076	6708	1	FALSE	NA	NA	NA	NA	NA	NA
NC_045512.2	3976	A	C	6706	3529	50	1	0	20	0.000149076	6708	1	FALSE	NA	NA	NA	NA	NA	NA
NC_045512.2	3978	A	T	6403	3381	48	2	2	30	0.000312256	6405	0.964904	FALSE	NA	NA	NA	NA	NA	NA
NC_045512.2	3979	A	G	7000	3529	50	1	0	34	0.000142816	7002	0.996102	FALSE	NA	NA	NA	NA	NA	NA
NC_045512.2	3979	A	C	7000	3529	50	1	0	26	0.000142816	7002	1	FALSE	NA	NA	NA	NA	NA	NA
NC_045512.2	3980	G	T	7041	3512	50	1	1	27	0.000142005	7042	1	FALSE	NA	NA	NA	NA	NA	NA
NC_045512.2	3981	T	C	6976	3464	50	1	1	27	0.000143328	6977	1	FALSE	NA	NA	NA	NA	NA	NA
NC_045512.2	3984	C	A	7233	3639	51	2	0	26	0.000276434	7235	1	FALSE	NA	NA	NA	NA	NA	NA
NC_045512.2	3986	A	T	7170	3678	50	1	1	34	0.000139392	7174	0.996097	FALSE	NA	NA	NA	NA	NA	NA
NC_045512.2	3986	A	G	7170	3678	50	1	0	34	0.000139392	7174	0.996097	FALSE	NA	NA	NA	NA	NA	NA
NC_045512.2	3986	A	C	7170	3678	50	2	2	30	0.000278784	7174	0.980488	FALSE	NA	NA	NA	NA	NA	NA
NC_045512.2	3988	A	G	6876	3371	51	1	0	27	0.000145412	6877	1	FALSE	NA	NA	NA	NA	NA	NA
NC_045512.2	3989	A	C	6845	3407	50	2	0	20	0.000292099	6847	1	FALSE	NA	NA	NA	NA	NA	NA
NC_045512.2	3990	C	G	6995	3498	50	1	0	26	0.000142939	6996	1	FALSE	NA	NA	NA	NA	NA	NA
NC_045512.2	3991	T	G	6919	3320	50	1	0	34	0.000144488	6921	0.992199	FALSE	NA	NA	NA	NA	NA	NA
NC_045512.2	3991	T	A	6919	3320	50	1	0	27	0.000144488	6921	1	FALSE	NA	NA	NA	NA	NA	NA
NC_045512.2	3992	C	G	7028	3473	51	1	0	34	0.000142268	7029	0.996104	FALSE	NA	NA	NA	NA	NA	NA
NC_045512.2	3993	T	A	6878	3321	51	1	1	24	0.00014537	6879	1	FALSE	NA	NA	NA	NA	NA	NA
NC_045512.2	3994	G	T	6886	3300	50	2	2	30	0.000290234	6891	0.964852	FALSE	NA	NA	NA	NA	NA	NA
NC_045512.2	3994	G	C	6886	3300	50	2	2	23	0.000290234	6891	1	FALSE	NA	NA	NA	NA	NA	NA
NC_045512.2	3994	G	A	6886	3300	50	1	0	68	0.000145117	6891	0.499891	FALSE	NA	NA	NA	NA	NA	NA
NC_045512.2	3995	G	T	6975	3439	51	1	0	26	0.000143349	6976	1	FALSE	NA	NA	NA	NA	NA	NA
NC_045512.2	3998	G	T	7000	3463	52	1	1	27	0.000142837	7001	1	FALSE	NA	NA	NA	NA	NA	NA
NC_045512.2	3999	A	T	6874	3438	49	2	1	29	0.000290824	6877	1	FALSE	NA	NA	NA	NA	NA	NA
NC_045512.2	3999	A	C	6874	3438	49	1	1	34	0.000145412	6877	0.992195	FALSE	NA	NA	NA	NA	NA	NA
NC_045512.2	4000	A	T	7040	3480	51	1	0	26	0.000142025	7041	1	FALSE	NA	NA	NA	NA	NA	NA
NC_045512.2	4001	A	C	7070	3487	51	3	0	29	0.000424148	7073	1	FALSE	NA	NA	NA	NA	NA	NA
NC_045512.2	4002	C	A	7177	3517	51	1	0	26	0.000139315	7178	1	FALSE	NA	NA	NA	NA	NA	NA
NC_045512.2	4003	T	G	7080	3417	51	1	1	26	0.000141183	7083	1	FALSE	NA	NA	NA	NA	NA	NA
NC_045512.2	4003	T	C	7080	3417	51	1	1	46	0.000141183	7083	0.499965	FALSE	NA	NA	NA	NA	NA	NA
NC_045512.2	4003	T	A	7080	3417	51	1	1	27	0.000141183	7083	1	FALSE	NA	NA	NA	NA	NA	NA
NC_045512.2	4004	A	T	7145	3452	51	1	1	26	0.000139938	7146	1	FALSE	NA	NA	NA	NA	NA	NA
NC_045512.2	4005	A	C	7006	3496	50	3	0	24	0.000428021	7009	1	FALSE	NA	NA	NA	NA	NA	NA
NC_045512.2	4006	G	A	7247	3512	51	1	0	27	0.000137969	7248	1	FALSE	NA	NA	NA	NA	NA	NA
NC_045512.2	4007	T	A	7207	3534	51	2	2	51	0.000277431	7209	0.250017	FALSE	NA	NA	NA	NA	NA	NA
NC_045512.2	4008	T	G	7087	3479	52	2	1	30	0.000282127	7089	0.980508	FALSE	NA	NA	NA	NA	NA	NA
NC_045512.2	4010	C	T	6962	3457	52	1	1	68	0.000143616	6963	0.500036	FALSE	NA	NA	NA	NA	NA	NA
NC_045512.2	4011	T	C	6991	3435	52	1	1	68	0.000143	6993	0.5	FALSE	NA	NA	NA	NA	NA	NA
NC_045512.2	4011	T	A	6991	3435	52	1	0	27	0.000143	6993	1	FALSE	NA	NA	NA	NA	NA	NA
NC_045512.2	4012	C	G	6971	3430	52	1	1	26	0.000143431	6972	1	FALSE	NA	NA	NA	NA	NA	NA
NC_045512.2	4013	A	C	6906	3414	52	1	0	26	0.000144781	6907	1	FALSE	NA	NA	NA	NA	NA	NA
NC_045512.2	4014	C	T	7056	3489	52	1	1	68	0.000141703	7057	0.500035	FALSE	NA	NA	NA	NA	NA	NA
NC_045512.2	4015	A	C	6975	3464	52	1	1	27	0.000143349	6976	1	FALSE	NA	NA	NA	NA	NA	NA
NC_045512.2	4016	G	T	7050	3431	52	1	1	34	0.000141804	7052	0.996102	FALSE	NA	NA	NA	NA	NA	NA
NC_045512.2	4016	G	A	7050	3431	52	1	0	34	0.000141804	7052	0.996102	FALSE	NA	NA	NA	NA	NA	NA
NC_045512.2	4018	A	T	7023	3550	51	3	1	29	0.000426985	7026	1	FALSE	NA	NA	NA	NA	NA	NA
NC_045512.2	4019	A	C	6975	3588	51	2	0	30	0.000286656	6977	0.964899	FALSE	NA	NA	NA	NA	NA	NA
NC_045512.2	4020	A	C	6968	3857	49	2	0	27	0.000286944	6970	1	FALSE	NA	NA	NA	NA	NA	NA
NC_045512.2	4021	C	G	7360	3903	53	2	2	30	0.000271665	7362	0.980507	FALSE	NA	NA	NA	NA	NA	NA
NC_045512.2	4022	T	G	7144	3736	52	2	2	26	0.000279877	7146	1	FALSE	NA	NA	NA	NA	NA	NA
NC_045512.2	4025	T	C	7168	3788	53	1	1	34	0.000139489	7169	0.996104	FALSE	NA	NA	NA	NA	NA	NA
NC_045512.2	4027	A	T	7270	3755	51	1	1	20	0.000137533	7271	1	FALSE	NA	NA	NA	NA	NA	NA
NC_045512.2	4028	C	T	7375	3848	53	1	1	68	0.000135556	7377	0.5	FALSE	NA	NA	NA	NA	NA	NA
NC_045512.2	4028	C	G	7375	3848	53	1	1	27	0.000135556	7377	1	FALSE	NA	NA	NA	NA	NA	NA
NC_045512.2	4029	T	G	6927	3401	50	5	5	26	0.000721189	6933	1	FALSE	NA	NA	NA	NA	NA	NA
NC_045512.2	4029	T	A	6927	3401	50	1	0	20	0.000144238	6933	1	FALSE	NA	NA	NA	NA	NA	NA
NC_045512.2	4030	T	C	7268	3761	53	1	0	34	0.000137571	7269	0.996103	FALSE	NA	NA	NA	NA	NA	NA
NC_045512.2	4031	T	C	7235	3745	53	1	0	68	0.000138198	7236	0.500035	FALSE	NA	NA	NA	NA	NA	NA
NC_045512.2	4032	A	C	7459	3819	53	1	1	27	0.000134048	7460	1	FALSE	NA	NA	NA	NA	NA	NA
NC_045512.2	4033	T	G	7367	3732	52	1	1	27	0.000135704	7369	1	FALSE	NA	NA	NA	NA	NA	NA
NC_045512.2	4033	T	A	7367	3732	52	1	1	27	0.000135704	7369	1	FALSE	NA	NA	NA	NA	NA	NA
NC_045512.2	4034	A	T	7458	3871	53	1	0	34	0.00013403	7461	0.996099	FALSE	NA	NA	NA	NA	NA	NA
NC_045512.2	4034	A	G	7458	3871	53	1	1	24	0.00013403	7461	1	FALSE	NA	NA	NA	NA	NA	NA
NC_045512.2	4034	A	C	7458	3871	53	1	1	27	0.00013403	7461	1	FALSE	NA	NA	NA	NA	NA	NA
NC_045512.2	4035	T	G	7021	3364	49	13	13	27	0.0018479	7035	1	FALSE	NA	NA	NA	NA	NA	NA
NC_045512.2	4035	T	C	7021	3364	49	1	0	34	0.000142146	7035	0.996075	FALSE	NA	NA	NA	NA	NA	NA
NC_045512.2	4038	A	T	7147	3701	53	1	1	26	0.000139899	7148	1	FALSE	NA	NA	NA	NA	NA	NA
NC_045512.2	4039	C	G	7373	3749	53	1	0	38	0.000135612	7374	0.996103	FALSE	NA	NA	NA	NA	NA	NA
NC_045512.2	4040	A	T	7399	3792	53	1	1	27	0.000135135	7400	1	FALSE	NA	NA	NA	NA	NA	NA
NC_045512.2	4041	T	G	6741	3191	50	9	9	27	0.00133333	6750	1	FALSE	NA	NA	NA	NA	NA	NA
NC_045512.2	4042	T	C	7111	3596	53	1	1	27	0.000140568	7114	1	FALSE	NA	NA	NA	NA	NA	NA
NC_045512.2	4042	T	A	7111	3596	53	2	2	30	0.000281136	7114	0.980498	FALSE	NA	NA	NA	NA	NA	NA
NC_045512.2	4043	A	T	7151	3623	53	1	1	34	0.000139821	7152	0.996104	FALSE	NA	NA	NA	NA	NA	NA
NC_045512.2	4045	T	G	7192	3638	53	1	1	34	0.000139024	7193	0.996104	FALSE	NA	NA	NA	NA	NA	NA
NC_045512.2	4046	G	C	7195	3696	53	1	1	27	0.000138966	7196	1	FALSE	NA	NA	NA	NA	NA	NA
NC_045512.2	4047	G	A	7128	3689	52	1	0	34	0.000140272	7129	0.996104	FALSE	NA	NA	NA	NA	NA	NA
NC_045512.2	4048	C	T	6931	3557	53	1	1	68	0.000144259	6932	0.500036	FALSE	NA	NA	NA	NA	NA	NA
NC_045512.2	4050	A	G	6971	3625	53	1	0	34	0.000143431	6972	0.992203	FALSE	NA	NA	NA	NA	NA	NA
NC_045512.2	4051	T	C	6946	3527	51	1	0	60	0.000143947	6947	0.500036	FALSE	NA	NA	NA	NA	NA	NA
NC_045512.2	4052	C	G	7059	3738	53	3	3	26	0.000424689	7064	1	FALSE	NA	NA	NA	NA	NA	NA
NC_045512.2	4052	C	A	7059	3738	53	2	0	30	0.000283126	7064	0.980479	FALSE	NA	NA	NA	NA	NA	NA
NC_045512.2	4053	T	G	7131	3771	54	1	1	27	0.000140193	7133	1	FALSE	NA	NA	NA	NA	NA	NA
NC_045512.2	4053	T	C	7131	3771	54	1	1	34	0.000140193	7133	0.996101	FALSE	NA	NA	NA	NA	NA	NA
NC_045512.2	4054	T	A	6952	3699	52	3	0	27	0.000431344	6955	1	FALSE	NA	NA	NA	NA	NA	NA
NC_045512.2	4056	A	C	6916	3824	52	1	0	27	0.000144571	6917	1	FALSE	NA	NA	NA	NA	NA	NA
NC_045512.2	4057	T	G	7011	3847	53	1	0	27	0.000142592	7013	1	FALSE	NA	NA	NA	NA	NA	NA
NC_045512.2	4057	T	A	7011	3847	53	1	0	34	0.000142592	7013	0.996102	FALSE	NA	NA	NA	NA	NA	NA
NC_045512.2	4058	C	G	6920	3820	52	1	0	24	0.000144488	6921	1	FALSE	NA	NA	NA	NA	NA	NA
NC_045512.2	4059	C	G	6906	3831	52	1	0	20	0.000144718	6910	1	FALSE	NA	NA	NA	NA	NA	NA
NC_045512.2	4059	C	A	6906	3831	52	3	0	26	0.000434153	6910	1	FALSE	NA	NA	NA	NA	NA	NA
NC_045512.2	4060	A	T	6749	3744	52	1	1	46	0.000148126	6751	0.5	FALSE	NA	NA	NA	NA	NA	NA
NC_045512.2	4060	A	C	6749	3744	52	1	0	27	0.000148126	6751	1	FALSE	NA	NA	NA	NA	NA	NA
NC_045512.2	4061	G	A	6758	3674	52	1	1	68	0.000147951	6759	0.500037	FALSE	NA	NA	NA	NA	NA	NA
NC_045512.2	4062	A	T	6759	3727	52	2	2	27	0.00029577	6762	1	FALSE	NA	NA	NA	NA	NA	NA
NC_045512.2	4062	A	G	6759	3727	52	1	0	68	0.000147885	6762	0.499963	FALSE	NA	NA	NA	NA	NA	NA
NC_045512.2	4063	T	C	6764	3679	52	1	1	27	0.000147798	6766	1	FALSE	NA	NA	NA	NA	NA	NA
NC_045512.2	4063	T	A	6764	3679	52	1	1	27	0.000147798	6766	1	FALSE	NA	NA	NA	NA	NA	NA
NC_045512.2	4064	T	A	6740	3731	52	1	0	27	0.000148346	6741	1	FALSE	NA	NA	NA	NA	NA	NA
NC_045512.2	4065	C	G	6693	3772	52	1	0	20	0.000149388	6694	1	FALSE	NA	NA	NA	NA	NA	NA
NC_045512.2	4066	T	G	6655	3685	52	1	1	26	0.000150218	6657	1	FALSE	NA	NA	NA	NA	NA	NA
NC_045512.2	4066	T	C	6655	3685	52	1	1	34	0.000150218	6657	0.9922	FALSE	NA	NA	NA	NA	NA	NA
NC_045512.2	4067	G	C	6593	3669	52	2	1	26	0.000303214	6596	1	FALSE	NA	NA	NA	NA	NA	NA
NC_045512.2	4067	G	A	6593	3669	52	1	1	34	0.000151607	6596	0.992196	FALSE	NA	NA	NA	NA	NA	NA
NC_045512.2	4069	C	T	6636	3758	52	1	1	68	0.000150648	6638	0.5	FALSE	NA	NA	NA	NA	NA	NA
NC_045512.2	4069	C	G	6636	3758	52	1	0	34	0.000150648	6638	0.9922	FALSE	NA	NA	NA	NA	NA	NA
NC_045512.2	4071	C	A	6519	3703	52	1	0	26	0.000153374	6520	1	FALSE	NA	NA	NA	NA	NA	NA
NC_045512.2	4072	T	G	6394	3573	51	1	0	26	0.000156348	6396	1	FALSE	NA	NA	NA	NA	NA	NA
NC_045512.2	4072	T	A	6394	3573	51	1	1	24	0.000156348	6396	1	FALSE	NA	NA	NA	NA	NA	NA
NC_045512.2	4074	T	G	6261	3501	51	5	4	26	0.00079783	6267	1	FALSE	NA	NA	NA	NA	NA	NA
NC_045512.2	4074	T	A	6261	3501	51	1	1	34	0.000159566	6267	0.992183	FALSE	NA	NA	NA	NA	NA	NA
NC_045512.2	4075	T	C	6354	3611	52	1	1	68	0.000157356	6355	0.500039	FALSE	NA	NA	NA	NA	NA	NA
NC_045512.2	4076	G	C	6326	3570	51	1	1	26	0.000158028	6328	1	FALSE	NA	NA	NA	NA	NA	NA
NC_045512.2	4076	G	A	6326	3570	51	1	0	34	0.000158028	6328	0.9922	FALSE	NA	NA	NA	NA	NA	NA
NC_045512.2	4077	T	G	5974	3223	50	3	3	26	0.00050184	5978	1	FALSE	NA	NA	NA	NA	NA	NA
NC_045512.2	4077	T	A	5974	3223	50	1	0	27	0.00016728	5978	1	FALSE	NA	NA	NA	NA	NA	NA
NC_045512.2	4078	T	G	6303	3686	51	2	1	30	0.000317058	6308	0.964852	FALSE	NA	NA	NA	NA	NA	NA
NC_045512.2	4078	T	C	6303	3686	51	3	2	40	0.000475587	6308	0.124941	FALSE	NA	NA	NA	NA	NA	NA
NC_045512.2	4079	A	T	6200	3639	51	1	0	34	0.000161264	6201	0.992205	FALSE	NA	NA	NA	NA	NA	NA
NC_045512.2	4080	G	C	6165	3595	51	1	1	34	0.00016218	6166	0.992205	FALSE	NA	NA	NA	NA	NA	NA
NC_045512.2	4081	T	G	6862	3792	49	1	1	20	0.000145688	6864	1	FALSE	NA	NA	NA	NA	NA	NA
NC_045512.2	4081	T	C	6862	3792	49	1	1	20	0.000145688	6864	1	FALSE	NA	NA	NA	NA	NA	NA
NC_045512.2	4082	G	C	6800	3749	50	1	1	26	0.000147037	6801	1	FALSE	NA	NA	NA	NA	NA	NA
NC_045512.2	4083	A	G	6842	3783	49	1	1	34	0.000146135	6843	0.992203	FALSE	NA	NA	NA	NA	NA	NA
NC_045512.2	4085	A	T	6830	3744	49	1	0	27	0.000146391	6831	1	FALSE	NA	NA	NA	NA	NA	NA
NC_045512.2	4086	T	G	6370	3272	47	2	2	30	0.000313873	6372	0.964904	FALSE	NA	NA	NA	NA	NA	NA
NC_045512.2	4088	G	T	6866	3817	49	1	1	27	0.000145603	6868	1	FALSE	NA	NA	NA	NA	NA	NA
NC_045512.2	4088	G	C	6866	3817	49	1	0	27	0.000145603	6868	1	FALSE	NA	NA	NA	NA	NA	NA
NC_045512.2	4091	A	G	6804	3793	48	1	0	27	0.000146951	6805	1	FALSE	NA	NA	NA	NA	NA	NA
NC_045512.2	4092	T	A	6747	3809	49	1	0	24	0.000148192	6748	1	FALSE	NA	NA	NA	NA	NA	NA
NC_045512.2	4093	C	G	6641	3785	48	2	0	30	0.000301023	6644	0.964885	FALSE	NA	NA	NA	NA	NA	NA
NC_045512.2	4093	C	A	6641	3785	48	1	0	27	0.000150512	6644	1	FALSE	NA	NA	NA	NA	NA	NA
NC_045512.2	4094	A	C	6670	3753	49	1	0	27	0.000149903	6671	1	FALSE	NA	NA	NA	NA	NA	NA
NC_045512.2	4095	C	A	6634	3772	48	1	0	26	0.000150716	6635	1	FALSE	NA	NA	NA	NA	NA	NA
NC_045512.2	4096	T	C	6597	3752	49	1	0	68	0.000151561	6598	0.500038	FALSE	NA	NA	NA	NA	NA	NA
NC_045512.2	4097	T	C	6604	3769	49	2	2	51	0.000302755	6606	0.250019	FALSE	NA	NA	NA	NA	NA	NA
NC_045512.2	4098	T	G	6385	3553	47	1	0	27	0.000156568	6387	1	FALSE	NA	NA	NA	NA	NA	NA
NC_045512.2	4098	T	A	6385	3553	47	1	0	27	0.000156568	6387	1	FALSE	NA	NA	NA	NA	NA	NA
NC_045512.2	4100	T	G	6451	3591	48	1	1	26	0.000154943	6454	1	FALSE	NA	NA	NA	NA	NA	NA
NC_045512.2	4100	T	C	6451	3591	48	1	0	24	0.000154943	6454	1	FALSE	NA	NA	NA	NA	NA	NA
NC_045512.2	4100	T	A	6451	3591	48	1	1	34	0.000154943	6454	0.992196	FALSE	NA	NA	NA	NA	NA	NA
NC_045512.2	4101	T	G	6525	3703	49	2	1	26	0.000306373	6528	1	FALSE	NA	NA	NA	NA	NA	NA
NC_045512.2	4101	T	A	6525	3703	49	1	1	46	0.000153186	6528	0.499962	FALSE	NA	NA	NA	NA	NA	NA
NC_045512.2	4102	A	T	6574	3748	49	1	1	26	0.000152091	6575	1	FALSE	NA	NA	NA	NA	NA	NA
NC_045512.2	4103	A	T	6500	3758	48	1	1	26	0.000153799	6502	1	FALSE	NA	NA	NA	NA	NA	NA
NC_045512.2	4103	A	G	6500	3758	48	1	1	68	0.000153799	6502	0.5	FALSE	NA	NA	NA	NA	NA	NA
NC_045512.2	4104	A	C	6367	3808	47	3	0	31	0.000470958	6370	0.910272	FALSE	NA	NA	NA	NA	NA	NA
NC_045512.2	4105	G	C	6610	3772	49	1	0	20	0.000151263	6611	1	FALSE	NA	NA	NA	NA	NA	NA
NC_045512.2	4106	A	C	6607	3826	49	1	0	27	0.000151332	6608	1	FALSE	NA	NA	NA	NA	NA	NA
NC_045512.2	4108	A	G	6632	3850	49	1	0	68	0.000150761	6633	0.500038	FALSE	NA	NA	NA	NA	NA	NA
NC_045512.2	4109	G	T	6588	3878	48	1	0	20	0.000151699	6592	1	FALSE	NA	NA	NA	NA	NA	NA
NC_045512.2	4109	G	C	6588	3878	48	3	1	31	0.000455097	6592	0.910231	FALSE	NA	NA	NA	NA	NA	NA
NC_045512.2	4110	A	T	6503	3940	47	2	0	27	0.000307456	6505	1	FALSE	NA	NA	NA	NA	NA	NA
NC_045512.2	4113	C	G	6572	3978	46	2	0	30	0.000304229	6574	0.964902	FALSE	NA	NA	NA	NA	NA	NA
NC_045512.2	4114	T	A	6748	3916	48	1	0	27	0.00014817	6749	1	FALSE	NA	NA	NA	NA	NA	NA
NC_045512.2	4115	C	G	7170	4045	47	1	0	27	0.000139451	7171	1	FALSE	NA	NA	NA	NA	NA	NA
NC_045512.2	4116	C	G	7312	4045	47	2	2	26	0.000273448	7314	1	FALSE	NA	NA	NA	NA	NA	NA
NC_045512.2	4117	A	C	7634	4172	46	4	0	28	0.000523697	7638	1	FALSE	NA	NA	NA	NA	NA	NA
NC_045512.2	4118	T	G	7713	4199	47	1	0	20	0.000129634	7714	1	FALSE	NA	NA	NA	NA	NA	NA
NC_045512.2	4119	A	C	7754	4272	47	1	1	34	0.000128949	7755	0.996103	FALSE	NA	NA	NA	NA	NA	NA
NC_045512.2	4120	T	A	7740	4226	47	1	1	27	0.000129182	7741	1	FALSE	NA	NA	NA	NA	NA	NA
NC_045512.2	4121	A	G	7700	4252	48	1	1	24	0.000129836	7702	1	FALSE	NA	NA	NA	NA	NA	NA
NC_045512.2	4121	A	C	7700	4252	48	1	0	27	0.000129836	7702	1	FALSE	NA	NA	NA	NA	NA	NA
NC_045512.2	4122	T	C	7677	4235	47	1	1	34	0.000130191	7681	0.996097	FALSE	NA	NA	NA	NA	NA	NA
NC_045512.2	4122	T	A	7677	4235	47	3	3	31	0.000390574	7681	0.94537	FALSE	NA	NA	NA	NA	NA	NA
NC_045512.2	4123	A	C	7329	3913	47	1	0	34	0.000136426	7330	0.996103	FALSE	NA	NA	NA	NA	NA	NA
NC_045512.2	4124	G	T	7402	4003	48	1	0	26	0.000135062	7404	1	FALSE	NA	NA	NA	NA	NA	NA
NC_045512.2	4124	G	C	7402	4003	48	1	0	20	0.000135062	7404	1	FALSE	NA	NA	NA	NA	NA	NA
NC_045512.2	4125	T	G	6126	2863	44	13	13	27	0.00211692	6141	1	FALSE	NA	NA	NA	NA	NA	NA
NC_045512.2	4125	T	A	6126	2863	44	2	0	30	0.00032568	6141	0.964674	FALSE	NA	NA	NA	NA	NA	NA
NC_045512.2	4127	G	C	6617	3217	47	1	1	27	0.000151103	6618	1	FALSE	NA	NA	NA	NA	NA	NA
NC_045512.2	4130	G	T	6626	3371	47	3	3	24	0.000452557	6629	1	FALSE	NA	NA	NA	NA	NA	NA
NC_045512.2	4131	A	G	6752	3498	47	1	0	68	0.000148082	6753	0.500037	FALSE	NA	NA	NA	NA	NA	NA
NC_045512.2	4133	G	T	6739	3479	47	1	1	27	0.000148368	6740	1	FALSE	NA	NA	NA	NA	NA	NA
NC_045512.2	4136	G	T	6966	3465	47	5	4	25	0.000717257	6971	1	FALSE	NA	NA	NA	NA	NA	NA
NC_045512.2	4137	T	G	6883	3474	48	2	2	20	0.000290402	6887	1	FALSE	NA	NA	NA	NA	NA	NA
NC_045512.2	4137	T	C	6883	3474	48	2	1	30	0.000290402	6887	0.964868	FALSE	NA	NA	NA	NA	NA	NA
NC_045512.2	4138	T	C	7082	3776	50	1	0	46	0.000141183	7083	0.500035	FALSE	NA	NA	NA	NA	NA	NA
NC_045512.2	4139	C	G	7020	3770	49	2	0	23	0.000284779	7023	1	FALSE	NA	NA	NA	NA	NA	NA
NC_045512.2	4139	C	A	7020	3770	49	1	1	24	0.000142389	7023	1	FALSE	NA	NA	NA	NA	NA	NA
NC_045512.2	4140	A	T	5700	2981	48	1	1	34	0.000175377	5702	0.984396	FALSE	NA	NA	NA	NA	NA	NA
NC_045512.2	4140	A	C	5700	2981	48	1	0	34	0.000175377	5702	0.984396	FALSE	NA	NA	NA	NA	NA	NA
NC_045512.2	4143	A	T	5794	3032	47	2	2	23	0.000345006	5797	1	FALSE	NA	NA	NA	NA	NA	NA
NC_045512.2	4143	A	G	5794	3032	47	1	1	34	0.000172503	5797	0.984387	FALSE	NA	NA	NA	NA	NA	NA
NC_045512.2	4144	G	A	5970	3026	49	1	0	68	0.000167476	5971	0.500042	FALSE	NA	NA	NA	NA	NA	NA
NC_045512.2	4147	T	G	6244	3321	51	1	1	20	0.000160128	6245	1	FALSE	NA	NA	NA	NA	NA	NA
NC_045512.2	4148	G	C	6336	3274	50	2	1	30	0.000315557	6338	0.964904	FALSE	NA	NA	NA	NA	NA	NA
NC_045512.2	4152	T	G	6467	3476	51	1	1	20	0.000154607	6468	1	FALSE	NA	NA	NA	NA	NA	NA
NC_045512.2	4153	A	G	6451	3457	51	4	1	33	0.000619675	6455	0.828284	FALSE	NA	NA	NA	NA	NA	NA
NC_045512.2	4155	C	T	6464	3494	50	1	1	68	0.000154655	6466	0.5	FALSE	NA	NA	NA	NA	NA	NA
NC_045512.2	4155	C	A	6464	3494	50	1	0	27	0.000154655	6466	1	FALSE	NA	NA	NA	NA	NA	NA
NC_045512.2	4157	G	C	6650	3540	50	1	0	34	0.000150353	6651	0.992204	FALSE	NA	NA	NA	NA	NA	NA
NC_045512.2	4158	C	G	6630	3563	50	1	1	26	0.000150807	6631	1	FALSE	NA	NA	NA	NA	NA	NA
NC_045512.2	4159	T	C	6729	3617	51	2	1	34	0.000297133	6731	0.964901	FALSE	NA	NA	NA	NA	NA	NA
NC_045512.2	4160	G	T	6745	3603	51	1	1	24	0.000148236	6746	1	FALSE	NA	NA	NA	NA	NA	NA
NC_045512.2	4161	T	G	6778	3663	51	1	1	27	0.000147449	6782	1	FALSE	NA	NA	NA	NA	NA	NA
NC_045512.2	4161	T	C	6778	3663	51	1	1	27	0.000147449	6782	1	FALSE	NA	NA	NA	NA	NA	NA
NC_045512.2	4161	T	A	6778	3663	51	2	1	47	0.000294898	6782	0.249945	FALSE	NA	NA	NA	NA	NA	NA
NC_045512.2	4162	G	A	7620	3841	51	1	0	34	0.000131216	7621	0.996103	FALSE	NA	NA	NA	NA	NA	NA
NC_045512.2	4163	G	T	7659	3846	50	1	1	27	0.000130531	7661	1	FALSE	NA	NA	NA	NA	NA	NA
NC_045512.2	4163	G	C	7659	3846	50	1	0	26	0.000130531	7661	1	FALSE	NA	NA	NA	NA	NA	NA
NC_045512.2	4167	T	G	7774	4022	52	1	1	27	0.000128617	7775	1	FALSE	NA	NA	NA	NA	NA	NA
NC_045512.2	4168	A	T	7613	4022	50	1	1	26	0.000131337	7614	1	FALSE	NA	NA	NA	NA	NA	NA
NC_045512.2	4169	C	T	7710	4028	51	1	1	68	0.000129651	7713	0.499968	FALSE	NA	NA	NA	NA	NA	NA
NC_045512.2	4169	C	G	7710	4028	51	1	1	27	0.000129651	7713	1	FALSE	NA	NA	NA	NA	NA	NA
NC_045512.2	4169	C	A	7710	4028	51	1	1	26	0.000129651	7713	1	FALSE	NA	NA	NA	NA	NA	NA
NC_045512.2	4171	T	C	7081	3462	53	1	1	68	0.000141203	7082	0.500035	FALSE	NA	NA	NA	NA	NA	NA
NC_045512.2	4172	A	G	6921	3415	51	1	1	60	0.000144446	6923	0.5	FALSE	NA	NA	NA	NA	NA	NA
NC_045512.2	4172	A	C	6921	3415	51	1	0	26	0.000144446	6923	1	FALSE	NA	NA	NA	NA	NA	NA
NC_045512.2	4181	G	C	7247	3579	52	3	0	31	0.000413793	7250	0.945397	FALSE	NA	NA	NA	NA	NA	NA
NC_045512.2	4183	T	C	7223	3523	52	1	1	24	0.000138427	7224	1	FALSE	NA	NA	NA	NA	NA	NA
NC_045512.2	4184	G	A	2	0	51	7265	3578	52	0.999725	7267	0	TRUE	NA	NA	NA	NA	NA	NA
NC_045512.2	4186	T	G	7205	3587	51	1	1	20	0.000138754	7207	1	FALSE	NA	NA	NA	NA	NA	NA
NC_045512.2	4186	T	A	7205	3587	51	1	0	26	0.000138754	7207	1	FALSE	NA	NA	NA	NA	NA	NA
NC_045512.2	4187	G	C	7269	3585	52	1	1	27	0.000137552	7270	1	FALSE	NA	NA	NA	NA	NA	NA
NC_045512.2	4188	G	C	7245	3583	52	1	0	27	0.000138007	7246	1	FALSE	NA	NA	NA	NA	NA	NA
NC_045512.2	4191	C	T	7226	3585	52	1	0	34	0.00013837	7227	0.996103	FALSE	NA	NA	NA	NA	NA	NA
NC_045512.2	4192	T	C	7271	3589	52	2	1	47	0.000274952	7274	0.249983	FALSE	NA	NA	NA	NA	NA	NA
NC_045512.2	4192	T	A	7271	3589	52	1	1	24	0.000137476	7274	1	FALSE	NA	NA	NA	NA	NA	NA
NC_045512.2	4194	C	A	7475	3679	52	3	1	26	0.000401177	7478	1	FALSE	NA	NA	NA	NA	NA	NA
NC_045512.2	4195	T	C	7468	3653	53	2	1	35	0.000267738	7470	0.980506	FALSE	NA	NA	NA	NA	NA	NA
NC_045512.2	4196	G	T	7440	3654	53	1	1	27	0.000134391	7441	1	FALSE	NA	NA	NA	NA	NA	NA
NC_045512.2	4199	A	G	7408	3766	54	1	0	34	0.000134971	7409	0.996103	FALSE	NA	NA	NA	NA	NA	NA
NC_045512.2	4200	T	C	7268	3625	54	1	0	46	0.000137552	7270	0.5	FALSE	NA	NA	NA	NA	NA	NA
NC_045512.2	4200	T	A	7268	3625	54	1	0	27	0.000137552	7270	1	FALSE	NA	NA	NA	NA	NA	NA
NC_045512.2	4201	G	A	7235	3659	54	2	1	64	0.000276358	7237	0.250017	FALSE	NA	NA	NA	NA	NA	NA
NC_045512.2	4202	C	T	6968	3525	55	1	0	34	0.000143451	6971	0.992195	FALSE	NA	NA	NA	NA	NA	NA
NC_045512.2	4202	C	G	6968	3525	55	1	1	68	0.000143451	6971	0.499964	FALSE	NA	NA	NA	NA	NA	NA
NC_045512.2	4202	C	A	6968	3525	55	1	0	26	0.000143451	6971	1	FALSE	NA	NA	NA	NA	NA	NA
NC_045512.2	4203	T	C	6928	3442	55	1	1	34	0.0001443	6930	0.992199	FALSE	NA	NA	NA	NA	NA	NA
NC_045512.2	4203	T	A	6928	3442	55	1	1	27	0.0001443	6930	1	FALSE	NA	NA	NA	NA	NA	NA
NC_045512.2	4204	A	G	7037	3511	56	1	0	34	0.000142086	7038	0.996104	FALSE	NA	NA	NA	NA	NA	NA
NC_045512.2	4207	G	A	6991	3487	55	1	0	27	0.000143021	6992	1	FALSE	NA	NA	NA	NA	NA	NA
NC_045512.2	4208	A	G	7036	3536	55	1	0	24	0.000142106	7037	1	FALSE	NA	NA	NA	NA	NA	NA
NC_045512.2	4209	A	G	6977	3521	55	5	4	53	0.000716127	6982	0.0312388	FALSE	NA	NA	NA	NA	NA	NA
NC_045512.2	4212	C	A	7046	3558	54	1	0	27	0.000141904	7047	1	FALSE	NA	NA	NA	NA	NA	NA
NC_045512.2	4213	T	G	6932	3418	54	1	1	26	0.000144238	6933	1	FALSE	NA	NA	NA	NA	NA	NA
NC_045512.2	4214	T	C	7001	3511	55	1	1	34	0.000142796	7003	0.996102	FALSE	NA	NA	NA	NA	NA	NA
NC_045512.2	4214	T	A	7001	3511	55	1	1	24	0.000142796	7003	1	FALSE	NA	NA	NA	NA	NA	NA
NC_045512.2	4216	G	T	7004	3529	55	1	0	34	0.000142735	7006	0.996102	FALSE	NA	NA	NA	NA	NA	NA
NC_045512.2	4216	G	C	7004	3529	55	1	1	34	0.000142735	7006	0.996102	FALSE	NA	NA	NA	NA	NA	NA
NC_045512.2	4217	A	T	7035	3555	55	1	1	27	0.000142106	7037	1	FALSE	NA	NA	NA	NA	NA	NA
NC_045512.2	4217	A	G	7035	3555	55	1	0	46	0.000142106	7037	0.5	FALSE	NA	NA	NA	NA	NA	NA
NC_045512.2	4218	G	T	7025	3523	55	1	1	26	0.000142308	7027	1	FALSE	NA	NA	NA	NA	NA	NA
NC_045512.2	4218	G	A	7025	3523	55	1	1	68	0.000142308	7027	0.5	FALSE	NA	NA	NA	NA	NA	NA
NC_045512.2	4220	A	T	6908	3470	55	1	1	26	0.000144718	6910	1	FALSE	NA	NA	NA	NA	NA	NA
NC_045512.2	4220	A	C	6908	3470	55	1	0	20	0.000144718	6910	1	FALSE	NA	NA	NA	NA	NA	NA
NC_045512.2	4222	A	G	6892	3499	55	2	1	31	0.000290107	6894	0.964899	FALSE	NA	NA	NA	NA	NA	NA
NC_045512.2	4224	T	C	6886	3516	54	1	0	68	0.000145201	6887	0.500036	FALSE	NA	NA	NA	NA	NA	NA
NC_045512.2	4226	C	A	6855	3539	54	1	1	34	0.000145858	6856	0.992203	FALSE	NA	NA	NA	NA	NA	NA
NC_045512.2	4228	A	T	6885	3519	55	1	0	27	0.000145222	6886	1	FALSE	NA	NA	NA	NA	NA	NA
NC_045512.2	4229	A	C	6497	3609	50	5	0	28	0.000768994	6502	1	FALSE	NA	NA	NA	NA	NA	NA
NC_045512.2	4230	C	G	6887	3540	54	2	1	29	0.000290276	6890	1	FALSE	NA	NA	NA	NA	NA	NA
NC_045512.2	4230	C	A	6887	3540	54	1	1	24	0.000145138	6890	1	FALSE	NA	NA	NA	NA	NA	NA
NC_045512.2	4235	A	G	7043	3594	54	1	0	27	0.000141965	7044	1	FALSE	NA	NA	NA	NA	NA	NA
NC_045512.2	4236	A	T	7050	3649	53	1	1	26	0.000141764	7054	1	FALSE	NA	NA	NA	NA	NA	NA
NC_045512.2	4236	A	G	7050	3649	53	2	2	34	0.000283527	7054	0.980489	FALSE	NA	NA	NA	NA	NA	NA
NC_045512.2	4236	A	C	7050	3649	53	1	0	27	0.000141764	7054	1	FALSE	NA	NA	NA	NA	NA	NA
NC_045512.2	4237	T	C	7275	3672	54	1	0	38	0.000137438	7276	0.996103	FALSE	NA	NA	NA	NA	NA	NA
NC_045512.2	4238	T	G	7231	3683	53	1	0	34	0.000138274	7232	0.996103	FALSE	NA	NA	NA	NA	NA	NA
NC_045512.2	4239	A	T	7310	3715	54	1	0	20	0.000136743	7313	1	FALSE	NA	NA	NA	NA	NA	NA
NC_045512.2	4239	A	G	7310	3715	54	2	2	51	0.000273486	7313	0.249983	FALSE	NA	NA	NA	NA	NA	NA
NC_045512.2	4240	T	A	7179	3513	52	2	2	30	0.000278513	7181	0.980508	FALSE	NA	NA	NA	NA	NA	NA
NC_045512.2	4242	T	C	7246	3647	53	1	1	68	0.000137969	7248	0.5	FALSE	NA	NA	NA	NA	NA	NA
NC_045512.2	4242	T	A	7246	3647	53	1	1	26	0.000137969	7248	1	FALSE	NA	NA	NA	NA	NA	NA
NC_045512.2	4244	A	T	6900	3364	52	1	1	20	0.000144865	6903	1	FALSE	NA	NA	NA	NA	NA	NA
NC_045512.2	4244	A	G	6900	3364	52	1	0	27	0.000144865	6903	1	FALSE	NA	NA	NA	NA	NA	NA
NC_045512.2	4244	A	C	6900	3364	52	1	0	27	0.000144865	6903	1	FALSE	NA	NA	NA	NA	NA	NA
NC_045512.2	4247	A	C	6886	3345	52	4	1	25	0.000580552	6890	1	FALSE	NA	NA	NA	NA	NA	NA
NC_045512.2	4249	T	G	6900	3290	53	1	1	27	0.000144886	6902	1	FALSE	NA	NA	NA	NA	NA	NA
NC_045512.2	4249	T	C	6900	3290	53	1	1	27	0.000144886	6902	1	FALSE	NA	NA	NA	NA	NA	NA
NC_045512.2	4251	A	T	6742	3331	51	2	2	23	0.000296516	6745	1	FALSE	NA	NA	NA	NA	NA	NA
NC_045512.2	4251	A	C	6742	3331	51	1	0	26	0.000148258	6745	1	FALSE	NA	NA	NA	NA	NA	NA
NC_045512.2	4253	C	A	6869	3291	52	1	0	26	0.00014556	6870	1	FALSE	NA	NA	NA	NA	NA	NA
NC_045512.2	4254	C	A	6675	3154	53	2	1	26	0.000299536	6677	1	FALSE	NA	NA	NA	NA	NA	NA
NC_045512.2	4255	G	C	6567	3093	52	1	0	27	0.000152253	6568	1	FALSE	NA	NA	NA	NA	NA	NA
NC_045512.2	4256	G	T	6690	3092	52	2	2	30	0.00029882	6693	0.964885	FALSE	NA	NA	NA	NA	NA	NA
NC_045512.2	4256	G	C	6690	3092	52	1	1	26	0.00014941	6693	1	FALSE	NA	NA	NA	NA	NA	NA
NC_045512.2	4257	G	C	6720	3143	52	1	0	34	0.000148787	6721	0.992204	FALSE	NA	NA	NA	NA	NA	NA
NC_045512.2	4258	T	A	6564	3018	50	2	2	27	0.000304599	6566	1	FALSE	NA	NA	NA	NA	NA	NA
NC_045512.2	4260	A	G	6589	3174	52	1	0	68	0.000151722	6591	0.5	FALSE	NA	NA	NA	NA	NA	NA
NC_045512.2	4260	A	C	6589	3174	52	1	0	20	0.000151722	6591	1	FALSE	NA	NA	NA	NA	NA	NA
NC_045512.2	4261	G	T	6768	3069	51	1	1	46	0.00014771	6770	0.5	FALSE	NA	NA	NA	NA	NA	NA
NC_045512.2	4261	G	C	6768	3069	51	1	0	27	0.00014771	6770	1	FALSE	NA	NA	NA	NA	NA	NA
NC_045512.2	4262	G	A	6901	3155	52	1	0	34	0.000144886	6902	0.992203	FALSE	NA	NA	NA	NA	NA	NA
NC_045512.2	4263	G	T	6937	3141	52	117	62	52	0.0165863	7054	3.73653e-36	TRUE	NA	NA	NA	NA	NA	NA
NC_045512.2	4264	T	C	6781	3040	49	1	1	68	0.000147384	6785	0.499926	FALSE	NA	NA	NA	NA	NA	NA
NC_045512.2	4264	T	A	6781	3040	49	3	0	29	0.000442152	6785	1	FALSE	NA	NA	NA	NA	NA	NA
NC_045512.2	4266	T	A	6871	3330	51	1	1	34	0.000145518	6872	0.992203	FALSE	NA	NA	NA	NA	NA	NA
NC_045512.2	4267	A	G	6816	3384	50	1	1	68	0.000146671	6818	0.5	FALSE	NA	NA	NA	NA	NA	NA
NC_045512.2	4267	A	C	6816	3384	50	1	0	34	0.000146671	6818	0.9922	FALSE	NA	NA	NA	NA	NA	NA
NC_045512.2	4269	A	C	6539	3475	47	3	0	29	0.000458575	6542	1	FALSE	NA	NA	NA	NA	NA	NA
NC_045512.2	4270	T	C	6890	3374	49	1	1	68	0.000145096	6892	0.5	FALSE	NA	NA	NA	NA	NA	NA
NC_045512.2	4270	T	A	6890	3374	49	1	0	20	0.000145096	6892	1	FALSE	NA	NA	NA	NA	NA	NA
NC_045512.2	4271	G	C	6789	3305	49	1	0	34	0.000147275	6790	0.992204	FALSE	NA	NA	NA	NA	NA	NA
NC_045512.2	4272	G	-T	6667	3197	49	1	0	20	0.000149993	6667	1	FALSE	NA	NA	NA	NA	NA	NA
NC_045512.2	4274	T	G	6636	3127	49	1	1	20	0.000150648	6638	1	FALSE	NA	NA	NA	NA	NA	NA
NC_045512.2	4274	T	A	6636	3127	49	1	0	27	0.000150648	6638	1	FALSE	NA	NA	NA	NA	NA	NA
NC_045512.2	4275	A	T	6706	3219	47	1	0	26	0.000149098	6707	1	FALSE	NA	NA	NA	NA	NA	NA
NC_045512.2	4276	C	A	6729	3292	48	1	0	20	0.000148588	6730	1	FALSE	NA	NA	NA	NA	NA	NA
NC_045512.2	4277	A	G	6775	3298	48	1	0	46	0.000147558	6777	0.5	FALSE	NA	NA	NA	NA	NA	NA
NC_045512.2	4277	A	C	6775	3298	48	1	0	27	0.000147558	6777	1	FALSE	NA	NA	NA	NA	NA	NA
NC_045512.2	4278	C	G	7291	3384	47	2	0	26	0.000274198	7294	1	FALSE	NA	NA	NA	NA	NA	NA
NC_045512.2	4278	C	A	7291	3384	47	1	0	26	0.000137099	7294	1	FALSE	NA	NA	NA	NA	NA	NA
NC_045512.2	4280	G	A	7274	3143	47	1	0	34	0.000137457	7275	0.996103	FALSE	NA	NA	NA	NA	NA	NA
NC_045512.2	4281	T	A	7261	3139	47	1	0	34	0.000137703	7262	0.996103	FALSE	NA	NA	NA	NA	NA	NA
NC_045512.2	4282	A	G	7156	3150	46	1	0	38	0.000139645	7161	0.996095	FALSE	NA	NA	NA	NA	NA	NA
NC_045512.2	4282	A	C	7156	3150	46	4	1	32	0.000558581	7161	0.886809	FALSE	NA	NA	NA	NA	NA	NA
NC_045512.2	4287	A	G	6626	2815	47	1	0	26	0.000150898	6627	1	FALSE	NA	NA	NA	NA	NA	NA
NC_045512.2	4288	G	T	5122	2075	46	1983	748	47	0.27906	7106	0	TRUE	NA	NA	NA	NA	NA	NA
NC_045512.2	4288	G	A	5122	2075	46	1	1	34	0.000140726	7106	0.98703	FALSE	NA	NA	NA	NA	NA	NA
NC_045512.2	4289	G	C	6855	2678	46	1	1	34	0.000145858	6856	0.992203	FALSE	NA	NA	NA	NA	NA	NA
NC_045512.2	4290	C	T	6866	2732	47	1	1	27	0.000145624	6867	1	FALSE	NA	NA	NA	NA	NA	NA
NC_045512.2	4291	A	G	6882	2757	47	2	0	46	0.000290529	6884	0.250018	FALSE	NA	NA	NA	NA	NA	NA
NC_045512.2	4292	A	G	6971	2750	47	1	0	34	0.000143431	6972	0.992203	FALSE	NA	NA	NA	NA	NA	NA
NC_045512.2	4293	A	T	6336	2718	45	1	0	34	0.000157803	6337	0.992205	FALSE	NA	NA	NA	NA	NA	NA
NC_045512.2	4294	G	C	6869	2717	47	2	1	30	0.000291078	6871	0.964899	FALSE	NA	NA	NA	NA	NA	NA
NC_045512.2	4295	A	G	6696	2663	46	1	0	68	0.000149321	6697	0.500037	FALSE	NA	NA	NA	NA	NA	NA
NC_045512.2	4298	G	T	6160	2202	47	1	0	34	0.000162311	6161	0.992205	FALSE	NA	NA	NA	NA	NA	NA
NC_045512.2	4299	T	A	6062	2220	47	1	1	68	0.000164935	6063	0.500041	FALSE	NA	NA	NA	NA	NA	NA
NC_045512.2	4302	T	G	5990	2117	46	1	1	27	0.000166917	5991	1	FALSE	NA	NA	NA	NA	NA	NA
NC_045512.2	4303	T	A	6005	2155	46	2	1	51	0.000332945	6007	0.250021	FALSE	NA	NA	NA	NA	NA	NA
NC_045512.2	4304	A	C	5949	2191	46	1	0	26	0.000168067	5950	1	FALSE	NA	NA	NA	NA	NA	NA
NC_045512.2	4305	A	T	6007	2197	47	1	1	26	0.000166389	6010	1	FALSE	NA	NA	NA	NA	NA	NA
NC_045512.2	4305	A	G	6007	2197	47	1	0	27	0.000166389	6010	1	FALSE	NA	NA	NA	NA	NA	NA
NC_045512.2	4305	A	C	6007	2197	47	1	0	26	0.000166389	6010	1	FALSE	NA	NA	NA	NA	NA	NA
NC_045512.2	4306	A	C	5838	2227	46	1	0	26	0.000171262	5839	1	FALSE	NA	NA	NA	NA	NA	NA
NC_045512.2	4308	A	T	5764	2176	45	1	0	34	0.0001734	5767	0.984387	FALSE	NA	NA	NA	NA	NA	NA
NC_045512.2	4308	A	C	5764	2176	45	2	0	27	0.000346801	5767	1	FALSE	NA	NA	NA	NA	NA	NA
NC_045512.2	4309	G	T	5904	2176	46	1	1	34	0.000169348	5905	0.984403	FALSE	NA	NA	NA	NA	NA	NA
NC_045512.2	4311	G	A	5785	2088	46	2	2	68	0.000345602	5787	0.250022	FALSE	NA	NA	NA	NA	NA	NA
NC_045512.2	4314	A	T	5648	2274	45	1	0	26	0.00017696	5651	1	FALSE	NA	NA	NA	NA	NA	NA
NC_045512.2	4314	A	G	5648	2274	45	2	2	53	0.00035392	5651	0.249978	FALSE	NA	NA	NA	NA	NA	NA
NC_045512.2	4315	A	C	4920	2280	42	3	0	29	0.000609385	4923	1	FALSE	NA	NA	NA	NA	NA	NA
NC_045512.2	4316	A	C	5660	2287	45	1	0	26	0.000176647	5661	1	FALSE	NA	NA	NA	NA	NA	NA
NC_045512.2	4318	T	G	5494	2168	45	1	1	26	0.000181984	5495	1	FALSE	NA	NA	NA	NA	NA	NA
NC_045512.2	4319	G	A	5506	2165	46	1	1	68	0.000181587	5507	0.500045	FALSE	NA	NA	NA	NA	NA	NA
NC_045512.2	4319	G	-C	5506	2165	46	1	0	20	0.000181587	5507	1	FALSE	NA	NA	NA	NA	NA	NA
NC_045512.2	4320	C	G	5450	2198	46	1	0	52	0.000183385	5453	0.499954	FALSE	NA	NA	NA	NA	NA	NA
NC_045512.2	4320	C	A	5450	2198	46	2	1	30	0.000366771	5453	0.93756	FALSE	NA	NA	NA	NA	NA	NA
NC_045512.2	4321	C	T	0	0	0	5405	2088	45	0.99926	5409	0	TRUE	NA	NA	NA	NA	NA	NA
NC_045512.2	4321	C	G	0	0	0	4	4	26	0.000739508	5409	1.18824e-08	TRUE	NA	NA	NA	NA	NA	NA
NC_045512.2	4322	T	C	5532	2412	47	2	2	57	0.000361402	5534	0.250023	FALSE	NA	NA	NA	NA	NA	NA
NC_045512.2	4323	T	G	5252	2086	45	2	2	26	0.00038059	5255	1	FALSE	NA	NA	NA	NA	NA	NA
NC_045512.2	4323	T	C	5252	2086	45	1	0	34	0.000190295	5255	0.984388	FALSE	NA	NA	NA	NA	NA	NA
NC_045512.2	4325	T	G	6640	2965	47	1	1	34	0.00015058	6641	0.992204	FALSE	NA	NA	NA	NA	NA	NA
NC_045512.2	4327	C	A	6732	3048	47	1	1	68	0.000148522	6733	0.500037	FALSE	NA	NA	NA	NA	NA	NA
NC_045512.2	4329	T	G	6729	3017	47	1	0	26	0.000148566	6731	1	FALSE	NA	NA	NA	NA	NA	NA
NC_045512.2	4329	T	C	6729	3017	47	1	1	24	0.000148566	6731	1	FALSE	NA	NA	NA	NA	NA	NA
NC_045512.2	4330	T	A	6721	3016	47	1	0	26	0.000148765	6722	1	FALSE	NA	NA	NA	NA	NA	NA
NC_045512.2	4333	A	C	6872	3172	47	1	0	34	0.000145497	6873	0.992203	FALSE	NA	NA	NA	NA	NA	NA
NC_045512.2	4334	C	G	6857	3160	47	2	1	20	0.000291545	6860	1	FALSE	NA	NA	NA	NA	NA	NA
NC_045512.2	4334	C	A	6857	3160	47	1	0	34	0.000145773	6860	0.992195	FALSE	NA	NA	NA	NA	NA	NA
NC_045512.2	4339	T	C	7399	3405	49	1	1	60	0.00013508	7403	0.499932	FALSE	NA	NA	NA	NA	NA	NA
NC_045512.2	4339	T	A	7399	3405	49	3	3	27	0.000405241	7403	1	FALSE	NA	NA	NA	NA	NA	NA
NC_045512.2	4340	A	C	7317	3400	49	1	0	26	0.000136649	7318	1	FALSE	NA	NA	NA	NA	NA	NA
NC_045512.2	4341	T	G	7384	3379	49	1	1	27	0.000135391	7386	1	FALSE	NA	NA	NA	NA	NA	NA
NC_045512.2	4341	T	C	7384	3379	49	1	0	38	0.000135391	7386	0.996101	FALSE	NA	NA	NA	NA	NA	NA
NC_045512.2	4342	T	G	7235	3356	48	1	1	27	0.000138198	7236	1	FALSE	NA	NA	NA	NA	NA	NA
NC_045512.2	4343	A	C	7239	3363	48	2	2	30	0.000276205	7241	0.980508	FALSE	NA	NA	NA	NA	NA	NA
NC_045512.2	4344	T	A	7315	3316	47	1	0	26	0.000136687	7316	1	FALSE	NA	NA	NA	NA	NA	NA
NC_045512.2	4346	T	A	7373	3312	47	2	2	30	0.000271186	7375	0.980507	FALSE	NA	NA	NA	NA	NA	NA
NC_045512.2	4347	C	G	7198	3183	49	1	1	26	0.000138908	7199	1	FALSE	NA	NA	NA	NA	NA	NA
NC_045512.2	4348	T	C	7033	2972	47	2	1	32	0.000284131	7039	0.980469	FALSE	NA	NA	NA	NA	NA	NA
NC_045512.2	4348	T	A	7033	2972	47	4	4	26	0.000568263	7039	1	FALSE	NA	NA	NA	NA	NA	NA
NC_045512.2	4349	A	T	7153	3152	49	1	1	26	0.000139762	7155	1	FALSE	NA	NA	NA	NA	NA	NA
NC_045512.2	4349	A	G	7153	3152	49	1	1	34	0.000139762	7155	0.996101	FALSE	NA	NA	NA	NA	NA	NA
NC_045512.2	4350	A	C	6623	3093	47	5	3	27	0.000754375	6628	1	FALSE	NA	NA	NA	NA	NA	NA
NC_045512.2	4351	T	G	7080	3052	48	1	1	26	0.000141183	7083	1	FALSE	NA	NA	NA	NA	NA	NA
NC_045512.2	4351	T	C	7080	3052	48	2	1	35	0.000282366	7083	0.980499	FALSE	NA	NA	NA	NA	NA	NA
NC_045512.2	4352	G	T	7155	3177	49	1	1	27	0.000139704	7158	1	FALSE	NA	NA	NA	NA	NA	NA
NC_045512.2	4352	G	C	7155	3177	49	1	0	68	0.000139704	7158	0.499965	FALSE	NA	NA	NA	NA	NA	NA
NC_045512.2	4352	G	A	7155	3177	49	1	1	46	0.000139704	7158	0.499965	FALSE	NA	NA	NA	NA	NA	NA
NC_045512.2	4353	A	T	7119	3166	50	1	0	26	0.000140449	7120	1	FALSE	NA	NA	NA	NA	NA	NA
NC_045512.2	4354	G	T	6997	3054	50	1	1	27	0.000142898	6998	1	FALSE	NA	NA	NA	NA	NA	NA
NC_045512.2	4355	A	T	7071	3232	50	1	1	27	0.000141403	7072	1	FALSE	NA	NA	NA	NA	NA	NA
NC_045512.2	4356	A	G	7075	3252	51	1	0	68	0.000141303	7077	0.5	FALSE	NA	NA	NA	NA	NA	NA
NC_045512.2	4356	A	C	7075	3252	51	1	0	34	0.000141303	7077	0.996101	FALSE	NA	NA	NA	NA	NA	NA
NC_045512.2	4357	G	T	7045	3198	50	1	0	68	0.000141884	7048	0.499965	FALSE	NA	NA	NA	NA	NA	NA
NC_045512.2	4357	G	A	7045	3198	50	2	1	51	0.000283768	7048	0.249982	FALSE	NA	NA	NA	NA	NA	NA
NC_045512.2	4361	G	C	7098	3253	51	1	1	34	0.000140865	7099	0.996104	FALSE	NA	NA	NA	NA	NA	NA
NC_045512.2	4362	A	G	6949	3340	49	1	0	27	0.000143885	6950	1	FALSE	NA	NA	NA	NA	NA	NA
NC_045512.2	4363	A	T	7064	3346	50	1	1	26	0.000141503	7067	1	FALSE	NA	NA	NA	NA	NA	NA
NC_045512.2	4363	A	G	7064	3346	50	1	1	68	0.000141503	7067	0.499965	FALSE	NA	NA	NA	NA	NA	NA
NC_045512.2	4363	A	C	7064	3346	50	1	0	26	0.000141503	7067	1	FALSE	NA	NA	NA	NA	NA	NA
NC_045512.2	4364	A	G	7091	3373	51	1	1	46	0.000140984	7093	0.5	FALSE	NA	NA	NA	NA	NA	NA
NC_045512.2	4364	A	C	7091	3373	51	1	0	20	0.000140984	7093	1	FALSE	NA	NA	NA	NA	NA	NA
NC_045512.2	4365	T	G	7037	3268	50	1	1	34	0.000142066	7039	0.996102	FALSE	NA	NA	NA	NA	NA	NA
NC_045512.2	4365	T	C	7037	3268	50	1	0	24	0.000142066	7039	1	FALSE	NA	NA	NA	NA	NA	NA
NC_045512.2	4366	T	A	7015	3222	49	6	1	27	0.000854579	7021	1	FALSE	NA	NA	NA	NA	NA	NA
NC_045512.2	4367	C	G	7189	3401	51	1	1	27	0.000139082	7190	1	FALSE	NA	NA	NA	NA	NA	NA
NC_045512.2	4368	T	G	6931	3079	49	6	6	26	0.000864927	6937	1	FALSE	NA	NA	NA	NA	NA	NA
NC_045512.2	4369	T	G	7145	3390	51	1	1	27	0.000139919	7147	1	FALSE	NA	NA	NA	NA	NA	NA
NC_045512.2	4369	T	C	7145	3390	51	1	0	34	0.000139919	7147	0.996101	FALSE	NA	NA	NA	NA	NA	NA
NC_045512.2	4370	G	C	7166	3392	51	1	0	26	0.000139509	7168	1	FALSE	NA	NA	NA	NA	NA	NA
NC_045512.2	4370	G	A	7166	3392	51	1	0	68	0.000139509	7168	0.5	FALSE	NA	NA	NA	NA	NA	NA
NC_045512.2	4371	G	T	7228	3421	51	1	0	26	0.000138332	7229	1	FALSE	NA	NA	NA	NA	NA	NA
NC_045512.2	4372	A	T	7351	3551	53	1	0	34	0.000136017	7352	0.996103	FALSE	NA	NA	NA	NA	NA	NA
NC_045512.2	4373	A	C	7162	3546	51	1	0	26	0.000139606	7163	1	FALSE	NA	NA	NA	NA	NA	NA
NC_045512.2	4374	C	G	7318	3553	52	1	1	20	0.000136631	7319	1	FALSE	NA	NA	NA	NA	NA	NA
NC_045512.2	4375	T	G	7259	3483	52	3	1	29	0.000413052	7263	1	FALSE	NA	NA	NA	NA	NA	NA
NC_045512.2	4375	T	A	7259	3483	52	1	1	26	0.000137684	7263	1	FALSE	NA	NA	NA	NA	NA	NA
NC_045512.2	4377	T	G	7233	3430	51	1	1	26	0.000138217	7235	1	FALSE	NA	NA	NA	NA	NA	NA
NC_045512.2	4377	T	C	7233	3430	51	1	1	46	0.000138217	7235	0.5	FALSE	NA	NA	NA	NA	NA	NA
NC_045512.2	4378	T	G	7248	3496	51	2	2	25	0.000275824	7251	1	FALSE	NA	NA	NA	NA	NA	NA
NC_045512.2	4378	T	A	7248	3496	51	1	1	27	0.000137912	7251	1	FALSE	NA	NA	NA	NA	NA	NA
NC_045512.2	4379	T	A	7315	3516	51	1	0	34	0.000136687	7316	0.996103	FALSE	NA	NA	NA	NA	NA	NA
NC_045512.2	4381	T	G	7177	3375	51	4	4	25	0.00055687	7183	1	FALSE	NA	NA	NA	NA	NA	NA
NC_045512.2	4381	T	C	7177	3375	51	1	0	46	0.000139218	7183	0.499861	FALSE	NA	NA	NA	NA	NA	NA
NC_045512.2	4381	T	A	7177	3375	51	1	0	68	0.000139218	7183	0.499861	FALSE	NA	NA	NA	NA	NA	NA
NC_045512.2	4382	T	C	7307	3557	52	1	1	34	0.000136818	7309	0.996101	FALSE	NA	NA	NA	NA	NA	NA
NC_045512.2	4382	T	A	7307	3557	52	1	0	34	0.000136818	7309	0.996101	FALSE	NA	NA	NA	NA	NA	NA
NC_045512.2	4384	G	T	7249	3592	51	1	0	24	0.000137931	7250	1	FALSE	NA	NA	NA	NA	NA	NA
NC_045512.2	4385	A	C	7183	3550	52	1	1	27	0.000139198	7184	1	FALSE	NA	NA	NA	NA	NA	NA
NC_045512.2	4387	T	G	6478	2840	46	8	8	27	0.00123343	6486	1	FALSE	NA	NA	NA	NA	NA	NA
NC_045512.2	4388	T	G	7095	3588	52	1	0	27	0.000140924	7096	1	FALSE	NA	NA	NA	NA	NA	NA
NC_045512.2	4390	G	C	7069	3593	51	1	1	34	0.000141443	7070	0.996104	FALSE	NA	NA	NA	NA	NA	NA
NC_045512.2	4391	C	T	7023	3654	51	3	2	51	0.000426864	7028	0.124947	FALSE	NA	NA	NA	NA	NA	NA
NC_045512.2	4391	C	A	7023	3654	51	2	0	30	0.000284576	7028	0.980479	FALSE	NA	NA	NA	NA	NA	NA
NC_045512.2	4393	A	T	7145	3663	52	1	1	20	0.000139899	7148	1	FALSE	NA	NA	NA	NA	NA	NA
NC_045512.2	4393	A	G	7145	3663	52	1	0	34	0.000139899	7148	0.996099	FALSE	NA	NA	NA	NA	NA	NA
NC_045512.2	4393	A	C	7145	3663	52	1	1	34	0.000139899	7148	0.996099	FALSE	NA	NA	NA	NA	NA	NA
NC_045512.2	4395	A	G	6841	3718	47	1	1	26	0.000146156	6842	1	FALSE	NA	NA	NA	NA	NA	NA
NC_045512.2	4396	A	T	7100	3714	51	1	1	27	0.000140825	7101	1	FALSE	NA	NA	NA	NA	NA	NA
NC_045512.2	4397	A	T	7177	3756	52	1	0	24	0.000139315	7178	1	FALSE	NA	NA	NA	NA	NA	NA
NC_045512.2	4399	G	T	7284	3778	51	1	1	27	0.00013725	7286	1	FALSE	NA	NA	NA	NA	NA	NA
NC_045512.2	4399	G	C	7284	3778	51	1	0	20	0.00013725	7286	1	FALSE	NA	NA	NA	NA	NA	NA
NC_045512.2	4400	C	A	7267	3827	50	2	0	30	0.000275141	7269	0.980507	FALSE	NA	NA	NA	NA	NA	NA
NC_045512.2	4401	T	G	7325	3802	52	2	2	25	0.000272889	7329	1	FALSE	NA	NA	NA	NA	NA	NA
NC_045512.2	4401	T	C	7325	3802	52	2	0	51	0.000272889	7329	0.249949	FALSE	NA	NA	NA	NA	NA	NA
NC_045512.2	4402	T	G	7254	3767	51	1	1	26	0.000137836	7255	1	FALSE	NA	NA	NA	NA	NA	NA
NC_045512.2	4403	G	A	7294	3797	51	1	0	68	0.00013708	7295	0.500034	FALSE	NA	NA	NA	NA	NA	NA
NC_045512.2	4404	C	T	7233	3888	50	1	1	68	0.000138179	7237	0.499931	FALSE	NA	NA	NA	NA	NA	NA
NC_045512.2	4404	C	A	7233	3888	50	3	0	29	0.000414536	7237	1	FALSE	NA	NA	NA	NA	NA	NA
NC_045512.2	4405	A	C	7207	3904	50	2	0	26	0.000277431	7209	1	FALSE	NA	NA	NA	NA	NA	NA
NC_045512.2	4408	T	G	7077	3668	51	2	1	26	0.000282526	7079	1	FALSE	NA	NA	NA	NA	NA	NA
NC_045512.2	4409	G	C	7068	3717	51	1	0	20	0.000141443	7070	1	FALSE	NA	NA	NA	NA	NA	NA
NC_045512.2	4409	G	A	7068	3717	51	1	1	34	0.000141443	7070	0.996101	FALSE	NA	NA	NA	NA	NA	NA
NC_045512.2	4410	C	A	7087	3796	50	7	1	28	0.000986749	7094	1	FALSE	NA	NA	NA	NA	NA	NA
NC_045512.2	4411	A	C	7096	3794	51	1	0	26	0.000140905	7097	1	FALSE	NA	NA	NA	NA	NA	NA
NC_045512.2	4412	G	T	7199	3829	51	1	1	34	0.00013887	7201	0.996101	FALSE	NA	NA	NA	NA	NA	NA
NC_045512.2	4412	G	C	7199	3829	51	1	1	34	0.00013887	7201	0.996101	FALSE	NA	NA	NA	NA	NA	NA
NC_045512.2	4414	A	T	7150	3956	50	2	0	27	0.000279525	7155	1	FALSE	NA	NA	NA	NA	NA	NA
NC_045512.2	4414	A	G	7150	3956	50	2	1	34	0.000279525	7155	0.980479	FALSE	NA	NA	NA	NA	NA	NA
NC_045512.2	4414	A	C	7150	3956	50	1	0	34	0.000139762	7155	0.996095	FALSE	NA	NA	NA	NA	NA	NA
NC_045512.2	4415	G	C	7146	3886	50	1	1	27	0.000139919	7147	1	FALSE	NA	NA	NA	NA	NA	NA
NC_045512.2	4417	A	T	7098	3874	50	1	0	26	0.000140825	7101	1	FALSE	NA	NA	NA	NA	NA	NA
NC_045512.2	4417	A	G	7098	3874	50	1	0	24	0.000140825	7101	1	FALSE	NA	NA	NA	NA	NA	NA
NC_045512.2	4417	A	C	7098	3874	50	1	0	34	0.000140825	7101	0.996099	FALSE	NA	NA	NA	NA	NA	NA
NC_045512.2	4418	A	G	6986	3894	49	1	0	38	0.000143082	6989	0.992195	FALSE	NA	NA	NA	NA	NA	NA
NC_045512.2	4418	A	C	6986	3894	49	2	0	26	0.000286164	6989	1	FALSE	NA	NA	NA	NA	NA	NA
NC_045512.2	4419	C	T	7066	3880	50	2	0	68	0.000282925	7069	0.249982	FALSE	NA	NA	NA	NA	NA	NA
NC_045512.2	4419	C	A	7066	3880	50	1	0	27	0.000141463	7069	1	FALSE	NA	NA	NA	NA	NA	NA
NC_045512.2	4420	A	C	7037	3840	50	2	1	43	0.000284131	7039	0.250018	FALSE	NA	NA	NA	NA	NA	NA
NC_045512.2	4421	C	G	6947	3894	49	1	0	20	0.000143926	6948	1	FALSE	NA	NA	NA	NA	NA	NA
NC_045512.2	4422	G	C	6867	3850	49	1	1	34	0.000145582	6869	0.992199	FALSE	NA	NA	NA	NA	NA	NA
NC_045512.2	4422	G	A	6867	3850	49	1	0	34	0.000145582	6869	0.992199	FALSE	NA	NA	NA	NA	NA	NA
NC_045512.2	4422	G	+C	6867	3850	49	1	0	20	0.000145582	6869	1	FALSE	NA	NA	NA	NA	NA	NA
NC_045512.2	4424	A	C	6897	3975	49	2	1	30	0.000289897	6899	0.964899	FALSE	NA	NA	NA	NA	NA	NA
NC_045512.2	4426	A	C	5827	3460	45	6	0	28	0.00102863	5833	1	FALSE	NA	NA	NA	NA	NA	NA
NC_045512.2	4427	T	G	5918	3118	48	2	2	27	0.000337838	5920	1	FALSE	NA	NA	NA	NA	NA	NA
NC_045512.2	4428	T	A	6139	3488	48	2	0	23	0.00032568	6141	1	FALSE	NA	NA	NA	NA	NA	NA
NC_045512.2	4429	A	C	6150	3518	48	1	1	26	0.000162575	6151	1	FALSE	NA	NA	NA	NA	NA	NA
NC_045512.2	4430	A	T	6166	3644	47	2	2	26	0.000324149	6170	1	FALSE	NA	NA	NA	NA	NA	NA
NC_045512.2	4430	A	C	6166	3644	47	2	1	20	0.000324149	6170	1	FALSE	NA	NA	NA	NA	NA	NA
NC_045512.2	4431	T	G	6287	3706	48	1	1	34	0.000159033	6288	0.992205	FALSE	NA	NA	NA	NA	NA	NA
NC_045512.2	4433	C	G	6269	3755	47	1	1	26	0.000159464	6271	1	FALSE	NA	NA	NA	NA	NA	NA
NC_045512.2	4433	C	A	6269	3755	47	1	0	27	0.000159464	6271	1	FALSE	NA	NA	NA	NA	NA	NA
NC_045512.2	4434	C	G	6285	3931	46	1	0	26	0.000159084	6286	1	FALSE	NA	NA	NA	NA	NA	NA
NC_045512.2	4437	T	C	6411	3976	47	1	1	20	0.000155958	6412	1	FALSE	NA	NA	NA	NA	NA	NA
NC_045512.2	4438	C	G	6385	3982	46	1	0	34	0.000156593	6386	0.992205	FALSE	NA	NA	NA	NA	NA	NA
NC_045512.2	4439	T	G	6407	4000	47	1	0	34	0.000156031	6409	0.9922	FALSE	NA	NA	NA	NA	NA	NA
NC_045512.2	4439	T	A	6407	4000	47	1	1	26	0.000156031	6409	1	FALSE	NA	NA	NA	NA	NA	NA
NC_045512.2	4440	G	C	6417	3976	46	1	1	34	0.000155812	6418	0.992205	FALSE	NA	NA	NA	NA	NA	NA
NC_045512.2	4442	G	-T	6480	3975	46	1	0	20	0.000154321	6480	1	FALSE	NA	NA	NA	NA	NA	NA
NC_045512.2	4444	G	T	6471	3994	46	2	2	43	0.00030888	6475	0.249942	FALSE	NA	NA	NA	NA	NA	NA
NC_045512.2	4444	G	A	6471	3994	46	2	2	47	0.00030888	6475	0.249942	FALSE	NA	NA	NA	NA	NA	NA
NC_045512.2	4446	A	G	6577	4130	47	1	0	20	0.000152022	6578	1	FALSE	NA	NA	NA	NA	NA	NA
NC_045512.2	4448	A	C	6533	4166	46	1	0	26	0.000153046	6534	1	FALSE	NA	NA	NA	NA	NA	NA
NC_045512.2	4450	T	G	6676	4155	47	1	0	27	0.000149745	6678	1	FALSE	NA	NA	NA	NA	NA	NA
NC_045512.2	4450	T	A	6676	4155	47	1	0	27	0.000149745	6678	1	FALSE	NA	NA	NA	NA	NA	NA
NC_045512.2	4451	A	T	6710	4203	47	1	0	34	0.000149009	6711	0.992204	FALSE	NA	NA	NA	NA	NA	NA
NC_045512.2	4453	A	G	6619	4176	46	2	2	44	0.000301978	6623	0.249943	FALSE	NA	NA	NA	NA	NA	NA
NC_045512.2	4453	A	C	6619	4176	46	2	2	30	0.000301978	6623	0.964869	FALSE	NA	NA	NA	NA	NA	NA
NC_045512.2	4456	C	G	6618	4130	47	2	1	27	0.000302069	6621	1	FALSE	NA	NA	NA	NA	NA	NA
NC_045512.2	4456	C	A	6618	4130	47	1	1	27	0.000151035	6621	1	FALSE	NA	NA	NA	NA	NA	NA
NC_045512.2	4457	A	G	6613	4146	47	2	1	25	0.000302297	6616	1	FALSE	NA	NA	NA	NA	NA	NA
NC_045512.2	4457	A	C	6613	4146	47	1	0	34	0.000151149	6616	0.992196	FALSE	NA	NA	NA	NA	NA	NA
NC_045512.2	4458	T	C	6567	4068	47	1	1	68	0.000152253	6568	0.500038	FALSE	NA	NA	NA	NA	NA	NA
NC_045512.2	4459	A	T	6740	4197	46	1	0	26	0.000148346	6741	1	FALSE	NA	NA	NA	NA	NA	NA
NC_045512.2	4460	G	T	6734	4191	46	1	1	26	0.000148456	6736	1	FALSE	NA	NA	NA	NA	NA	NA
NC_045512.2	4460	G	A	6734	4191	46	1	1	68	0.000148456	6736	0.5	FALSE	NA	NA	NA	NA	NA	NA
NC_045512.2	4461	T	G	6529	4036	46	1	1	27	0.000153116	6531	1	FALSE	NA	NA	NA	NA	NA	NA
NC_045512.2	4461	T	C	6529	4036	46	1	0	68	0.000153116	6531	0.5	FALSE	NA	NA	NA	NA	NA	NA
NC_045512.2	4462	T	G	6659	4195	47	1	0	24	0.00015015	6660	1	FALSE	NA	NA	NA	NA	NA	NA
NC_045512.2	4463	T	G	6423	3936	46	3	3	31	0.000466853	6426	0.910271	FALSE	NA	NA	NA	NA	NA	NA
NC_045512.2	4464	C	T	7618	4326	46	1	0	34	0.000131251	7619	0.996103	FALSE	NA	NA	NA	NA	NA	NA
NC_045512.2	4465	A	T	7574	4302	46	1	1	34	0.000131996	7576	0.996101	FALSE	NA	NA	NA	NA	NA	NA
NC_045512.2	4465	A	C	7574	4302	46	1	0	26	0.000131996	7576	1	FALSE	NA	NA	NA	NA	NA	NA
NC_045512.2	4466	A	C	7286	4378	42	7	0	23	0.000959824	7293	1	FALSE	NA	NA	NA	NA	NA	NA
NC_045512.2	4467	C	A	7694	4376	46	1	0	26	0.000129955	7695	1	FALSE	NA	NA	NA	NA	NA	NA
NC_045512.2	4468	T	C	7509	4181	46	1	1	34	0.000133156	7510	0.996103	FALSE	NA	NA	NA	NA	NA	NA
NC_045512.2	4469	A	T	7561	4193	47	1	0	34	0.00013224	7562	0.996103	FALSE	NA	NA	NA	NA	NA	NA
NC_045512.2	4472	C	A	7422	4202	46	1	0	27	0.000134716	7423	1	FALSE	NA	NA	NA	NA	NA	NA
NC_045512.2	4474	G	T	6736	3397	46	1	1	34	0.00014839	6739	0.992196	FALSE	NA	NA	NA	NA	NA	NA
NC_045512.2	4474	G	C	6736	3397	46	1	0	27	0.00014839	6739	1	FALSE	NA	NA	NA	NA	NA	NA
NC_045512.2	4474	G	A	6736	3397	46	1	1	34	0.00014839	6739	0.992196	FALSE	NA	NA	NA	NA	NA	NA
NC_045512.2	4475	C	G	6535	3287	46	3	2	29	0.000458786	6539	1	FALSE	NA	NA	NA	NA	NA	NA
NC_045512.2	4475	C	A	6535	3287	46	1	0	27	0.000152929	6539	1	FALSE	NA	NA	NA	NA	NA	NA
NC_045512.2	4478	A	C	6327	3415	46	5	0	26	0.00078964	6332	1	FALSE	NA	NA	NA	NA	NA	NA
NC_045512.2	4479	A	T	6594	3506	48	2	2	30	0.000303214	6596	0.964902	FALSE	NA	NA	NA	NA	NA	NA
NC_045512.2	4480	A	T	6484	3751	44	1	1	26	0.000154107	6489	1	FALSE	NA	NA	NA	NA	NA	NA
NC_045512.2	4480	A	C	6484	3751	44	4	0	30	0.000616428	6489	0.82822	FALSE	NA	NA	NA	NA	NA	NA
NC_045512.2	4481	T	A	7207	3680	48	1	1	27	0.000138735	7208	1	FALSE	NA	NA	NA	NA	NA	NA
NC_045512.2	4483	T	C	6946	3504	48	1	1	34	0.000143906	6949	0.992195	FALSE	NA	NA	NA	NA	NA	NA
NC_045512.2	4483	T	A	6946	3504	48	2	2	34	0.000287811	6949	0.964883	FALSE	NA	NA	NA	NA	NA	NA
NC_045512.2	4484	A	T	6847	3430	47	3	2	31	0.000437956	6850	0.910264	FALSE	NA	NA	NA	NA	NA	NA
NC_045512.2	4487	G	C	6832	3449	47	3	1	26	0.000438917	6835	1	FALSE	NA	NA	NA	NA	NA	NA
NC_045512.2	4488	G	T	6821	3443	47	1	0	38	0.000146499	6826	0.992188	FALSE	NA	NA	NA	NA	NA	NA
NC_045512.2	4488	G	C	6821	3443	47	2	2	30	0.000292997	6826	0.964852	FALSE	NA	NA	NA	NA	NA	NA
NC_045512.2	4488	G	A	6821	3443	47	2	0	68	0.000292997	6826	0.249908	FALSE	NA	NA	NA	NA	NA	NA
NC_045512.2	4489	T	C	6267	2967	47	1	1	68	0.00015949	6270	0.49996	FALSE	NA	NA	NA	NA	NA	NA
NC_045512.2	4489	T	A	6267	2967	47	2	0	29	0.000318979	6270	1	FALSE	NA	NA	NA	NA	NA	NA
NC_045512.2	4490	A	G	6447	3180	48	1	0	26	0.000155039	6450	1	FALSE	NA	NA	NA	NA	NA	NA
NC_045512.2	4490	A	C	6447	3180	48	2	0	26	0.000310078	6450	1	FALSE	NA	NA	NA	NA	NA	NA
NC_045512.2	4491	T	G	6309	3033	47	1	1	27	0.000158479	6310	1	FALSE	NA	NA	NA	NA	NA	NA
NC_045512.2	4492	T	G	6449	3184	48	1	1	27	0.000155039	6450	1	FALSE	NA	NA	NA	NA	NA	NA
NC_045512.2	4496	A	G	6746	3263	47	1	0	46	0.000148214	6747	0.500037	FALSE	NA	NA	NA	NA	NA	NA
NC_045512.2	4497	T	G	6755	3233	48	1	1	27	0.000148017	6756	1	FALSE	NA	NA	NA	NA	NA	NA
NC_045512.2	4498	A	C	6768	3226	48	1	1	27	0.000147732	6769	1	FALSE	NA	NA	NA	NA	NA	NA
NC_045512.2	4500	A	C	6745	3227	47	1	1	34	0.000148236	6746	0.992204	FALSE	NA	NA	NA	NA	NA	NA
NC_045512.2	4501	A	T	6753	3260	47	2	1	64	0.000296077	6755	0.250019	FALSE	NA	NA	NA	NA	NA	NA
NC_045512.2	4502	G	T	6733	3250	47	1	1	20	0.0001485	6734	1	FALSE	NA	NA	NA	NA	NA	NA
NC_045512.2	4503	A	T	6639	3117	46	1	1	34	0.000150557	6642	0.992196	FALSE	NA	NA	NA	NA	NA	NA
NC_045512.2	4503	A	C	6639	3117	46	2	2	23	0.000301114	6642	1	FALSE	NA	NA	NA	NA	NA	NA
NC_045512.2	4505	G	T	6488	2866	47	1	0	60	0.000154107	6489	0.500039	FALSE	NA	NA	NA	NA	NA	NA
NC_045512.2	4508	G	C	6648	2883	47	1	1	27	0.000150399	6649	1	FALSE	NA	NA	NA	NA	NA	NA
NC_045512.2	4509	T	-G	6623	2898	47	1	0	20	0.000150989	6623	1	FALSE	NA	NA	NA	NA	NA	NA
NC_045512.2	4511	G	C	6798	2995	48	1	1	34	0.00014708	6799	0.992204	FALSE	NA	NA	NA	NA	NA	NA
NC_045512.2	4512	T	G	6162	2311	43	5	5	25	0.000810636	6168	1	FALSE	NA	NA	NA	NA	NA	NA
NC_045512.2	4512	T	C	6162	2311	43	1	1	27	0.000162127	6168	1	FALSE	NA	NA	NA	NA	NA	NA
NC_045512.2	4513	T	C	6840	2978	49	1	1	27	0.000146177	6841	1	FALSE	NA	NA	NA	NA	NA	NA
NC_045512.2	4515	A	T	6873	3271	51	1	1	27	0.000145476	6874	1	FALSE	NA	NA	NA	NA	NA	NA
NC_045512.2	4516	T	A	6889	3355	51	3	3	24	0.000435287	6892	1	FALSE	NA	NA	NA	NA	NA	NA
NC_045512.2	4517	T	C	6882	3409	52	1	1	60	0.000145264	6884	0.5	FALSE	NA	NA	NA	NA	NA	NA
NC_045512.2	4517	T	A	6882	3409	52	1	1	34	0.000145264	6884	0.992199	FALSE	NA	NA	NA	NA	NA	NA
NC_045512.2	4518	A	G	6872	3399	52	2	0	47	0.000290951	6874	0.250018	FALSE	NA	NA	NA	NA	NA	NA
NC_045512.2	4519	T	A	6866	3368	52	1	1	34	0.000145624	6867	0.992203	FALSE	NA	NA	NA	NA	NA	NA
NC_045512.2	4521	G	C	7011	3400	52	1	1	34	0.000142613	7012	0.996104	FALSE	NA	NA	NA	NA	NA	NA
NC_045512.2	4522	T	G	6894	3258	52	1	0	34	0.000145012	6896	0.992199	FALSE	NA	NA	NA	NA	NA	NA
NC_045512.2	4522	T	A	6894	3258	52	1	0	20	0.000145012	6896	1	FALSE	NA	NA	NA	NA	NA	NA
NC_045512.2	4523	G	T	6890	3268	52	1	1	27	0.000145075	6893	1	FALSE	NA	NA	NA	NA	NA	NA
NC_045512.2	4523	G	C	6890	3268	52	1	1	34	0.000145075	6893	0.992191	FALSE	NA	NA	NA	NA	NA	NA
NC_045512.2	4523	G	A	6890	3268	52	1	1	26	0.000145075	6893	1	FALSE	NA	NA	NA	NA	NA	NA
NC_045512.2	4525	T	G	6919	3291	52	2	2	34	0.000288976	6921	0.964899	FALSE	NA	NA	NA	NA	NA	NA
NC_045512.2	4526	A	G	6955	3334	52	1	0	46	0.000143761	6956	0.500036	FALSE	NA	NA	NA	NA	NA	NA
NC_045512.2	4528	A	T	6580	3432	47	2	2	27	0.000303859	6582	1	FALSE	NA	NA	NA	NA	NA	NA
NC_045512.2	4529	T	G	7051	3394	52	1	1	26	0.000141804	7052	1	FALSE	NA	NA	NA	NA	NA	NA
NC_045512.2	4530	T	G	6555	2935	49	3	3	23	0.000457387	6559	1	FALSE	NA	NA	NA	NA	NA	NA
NC_045512.2	4530	T	A	6555	2935	49	1	0	34	0.000152462	6559	0.992192	FALSE	NA	NA	NA	NA	NA	NA
NC_045512.2	4532	T	G	6816	3228	52	1	0	27	0.000146692	6817	1	FALSE	NA	NA	NA	NA	NA	NA
NC_045512.2	4533	A	C	6883	3277	53	2	0	26	0.000290487	6885	1	FALSE	NA	NA	NA	NA	NA	NA
NC_045512.2	4534	C	G	6939	3304	52	1	1	34	0.000144092	6940	0.992203	FALSE	NA	NA	NA	NA	NA	NA
NC_045512.2	4534	C	-T	6939	3304	52	1	0	20	0.000144092	6940	1	FALSE	NA	NA	NA	NA	NA	NA
NC_045512.2	4536	T	G	6505	2840	48	1	1	27	0.000153681	6507	1	FALSE	NA	NA	NA	NA	NA	NA
NC_045512.2	4536	T	C	6505	2840	48	1	1	34	0.000153681	6507	0.9922	FALSE	NA	NA	NA	NA	NA	NA
NC_045512.2	4537	T	C	6904	3245	53	1	0	68	0.000144802	6906	0.5	FALSE	NA	NA	NA	NA	NA	NA
NC_045512.2	4537	T	A	6904	3245	53	1	1	27	0.000144802	6906	1	FALSE	NA	NA	NA	NA	NA	NA
NC_045512.2	4538	T	A	6907	3270	53	1	1	26	0.00014476	6908	1	FALSE	NA	NA	NA	NA	NA	NA
NC_045512.2	4539	A	G	6933	3317	53	1	0	27	0.000144217	6934	1	FALSE	NA	NA	NA	NA	NA	NA
NC_045512.2	4540	C	T	6923	3317	53	1	0	68	0.000144404	6925	0.5	FALSE	NA	NA	NA	NA	NA	NA
NC_045512.2	4540	C	G	6923	3317	53	1	1	27	0.000144404	6925	1	FALSE	NA	NA	NA	NA	NA	NA
NC_045512.2	4542	C	A	6951	3323	53	1	0	26	0.000143843	6952	1	FALSE	NA	NA	NA	NA	NA	NA
NC_045512.2	4545	G	C	6915	3192	53	1	1	27	0.000144592	6916	1	FALSE	NA	NA	NA	NA	NA	NA
NC_045512.2	4546	T	A	6980	3294	53	1	0	34	0.000143246	6981	0.992203	FALSE	NA	NA	NA	NA	NA	NA
NC_045512.2	4549	A	T	6913	3327	51	1	1	24	0.000144613	6915	1	FALSE	NA	NA	NA	NA	NA	NA
NC_045512.2	4549	A	C	6913	3327	51	1	0	20	0.000144613	6915	1	FALSE	NA	NA	NA	NA	NA	NA
NC_045512.2	4550	A	G	7040	3324	52	1	0	68	0.000142025	7041	0.500036	FALSE	NA	NA	NA	NA	NA	NA
NC_045512.2	4551	C	G	7198	3374	53	2	1	26	0.000277739	7201	1	FALSE	NA	NA	NA	NA	NA	NA
NC_045512.2	4551	C	A	7198	3374	53	1	0	34	0.00013887	7201	0.996099	FALSE	NA	NA	NA	NA	NA	NA
NC_045512.2	4552	A	T	7151	3310	53	1	0	27	0.000139801	7153	1	FALSE	NA	NA	NA	NA	NA	NA
NC_045512.2	4552	A	G	7151	3310	53	1	0	26	0.000139801	7153	1	FALSE	NA	NA	NA	NA	NA	NA
NC_045512.2	4553	A	G	7169	3306	52	1	0	68	0.000139451	7171	0.5	FALSE	NA	NA	NA	NA	NA	NA
NC_045512.2	4553	A	C	7169	3306	52	1	0	27	0.000139451	7171	1	FALSE	NA	NA	NA	NA	NA	NA
NC_045512.2	4554	C	G	7250	3371	52	1	0	27	0.000137912	7251	1	FALSE	NA	NA	NA	NA	NA	NA
NC_045512.2	4555	T	G	7248	3341	53	1	1	60	0.00013795	7249	0.500034	FALSE	NA	NA	NA	NA	NA	NA
NC_045512.2	4556	G	T	7191	3324	52	1	1	34	0.000139005	7194	0.996099	FALSE	NA	NA	NA	NA	NA	NA
NC_045512.2	4556	G	C	7191	3324	52	2	0	30	0.000278009	7194	0.980498	FALSE	NA	NA	NA	NA	NA	NA
NC_045512.2	4560	C	T	7030	3269	52	1	1	34	0.000142207	7032	0.996102	FALSE	NA	NA	NA	NA	NA	NA
NC_045512.2	4560	C	G	7030	3269	52	1	0	26	0.000142207	7032	1	FALSE	NA	NA	NA	NA	NA	NA
NC_045512.2	4561	G	T	7126	3282	53	1	0	34	0.000140311	7127	0.996104	FALSE	NA	NA	NA	NA	NA	NA
NC_045512.2	4564	A	C	7007	3265	52	1	0	26	0.000142694	7008	1	FALSE	NA	NA	NA	NA	NA	NA
NC_045512.2	4566	T	G	7278	3302	53	2	1	30	0.00027465	7282	0.980488	FALSE	NA	NA	NA	NA	NA	NA
NC_045512.2	4566	T	A	7278	3302	53	2	1	27	0.00027465	7282	1	FALSE	NA	NA	NA	NA	NA	NA
NC_045512.2	4568	A	T	7407	3456	53	1	1	27	0.000134971	7409	1	FALSE	NA	NA	NA	NA	NA	NA
NC_045512.2	4568	A	C	7407	3456	53	1	0	27	0.000134971	7409	1	FALSE	NA	NA	NA	NA	NA	NA
NC_045512.2	4572	A	G	7013	3502	49	1	0	27	0.000142491	7018	1	FALSE	NA	NA	NA	NA	NA	NA
NC_045512.2	4572	A	C	7013	3502	49	4	0	26	0.000569963	7018	1	FALSE	NA	NA	NA	NA	NA	NA
NC_045512.2	4573	C	A	7468	3454	53	1	0	34	0.000133887	7469	0.996103	FALSE	NA	NA	NA	NA	NA	NA
NC_045512.2	4574	A	G	7211	3284	52	1	1	60	0.000138658	7212	0.500035	FALSE	NA	NA	NA	NA	NA	NA
NC_045512.2	4574	A	+C	7211	3284	52	2	0	20	0.000277316	7212	1	FALSE	NA	NA	NA	NA	NA	NA
NC_045512.2	4575	C	T	7363	3384	52	1	1	46	0.000135759	7366	0.499966	FALSE	NA	NA	NA	NA	NA	NA
NC_045512.2	4575	C	G	7363	3384	52	2	2	26	0.000271518	7366	1	FALSE	NA	NA	NA	NA	NA	NA
NC_045512.2	4576	A	C	7183	3359	52	4	0	30	0.00055656	7187	0.886853	FALSE	NA	NA	NA	NA	NA	NA
NC_045512.2	4577	C	A	7313	3385	52	1	0	34	0.000136724	7314	0.996103	FALSE	NA	NA	NA	NA	NA	NA
NC_045512.2	4578	T	G	7057	3254	51	2	2	27	0.000283326	7059	1	FALSE	NA	NA	NA	NA	NA	NA
NC_045512.2	4579	T	A	7245	3567	54	1	1	26	0.000138007	7246	1	FALSE	NA	NA	NA	NA	NA	NA
NC_045512.2	4580	A	T	7244	3603	54	2	2	23	0.000275976	7247	1	FALSE	NA	NA	NA	NA	NA	NA
NC_045512.2	4580	A	C	7244	3603	54	1	0	27	0.000137988	7247	1	FALSE	NA	NA	NA	NA	NA	NA
NC_045512.2	4581	A	C	7004	3645	51	5	0	29	0.000713369	7009	1	FALSE	NA	NA	NA	NA	NA	NA
NC_045512.2	4582	C	T	7211	3619	54	1	0	60	0.000138658	7212	0.500035	FALSE	NA	NA	NA	NA	NA	NA
NC_045512.2	4583	G	C	7162	3601	53	2	1	30	0.000279174	7164	0.980508	FALSE	NA	NA	NA	NA	NA	NA
NC_045512.2	4584	A	G	7194	3559	55	1	0	24	0.000138985	7195	1	FALSE	NA	NA	NA	NA	NA	NA
NC_045512.2	4585	T	A	7138	3528	53	2	2	26	0.000280112	7140	1	FALSE	NA	NA	NA	NA	NA	NA
NC_045512.2	4586	C	G	7058	3541	53	1	0	27	0.000141603	7062	1	FALSE	NA	NA	NA	NA	NA	NA
NC_045512.2	4586	C	A	7058	3541	53	3	0	35	0.000424809	7062	0.945375	FALSE	NA	NA	NA	NA	NA	NA
NC_045512.2	4587	T	A	7092	3511	55	1	0	26	0.000140984	7093	1	FALSE	NA	NA	NA	NA	NA	NA
NC_045512.2	4587	T	-A	7092	3511	55	1	0	20	0.000140984	7093	1	FALSE	NA	NA	NA	NA	NA	NA
NC_045512.2	4589	A	C	7127	3591	53	1	0	26	0.000140292	7128	1	FALSE	NA	NA	NA	NA	NA	NA
NC_045512.2	4590	A	C	7160	3587	53	1	0	26	0.000139645	7161	1	FALSE	NA	NA	NA	NA	NA	NA
NC_045512.2	4591	T	G	7181	3558	53	1	1	26	0.000139198	7184	1	FALSE	NA	NA	NA	NA	NA	NA
NC_045512.2	4591	T	C	7181	3558	53	1	0	68	0.000139198	7184	0.499965	FALSE	NA	NA	NA	NA	NA	NA
NC_045512.2	4591	T	A	7181	3558	53	1	1	26	0.000139198	7184	1	FALSE	NA	NA	NA	NA	NA	NA
NC_045512.2	4592	G	C	7216	3660	53	1	0	26	0.000138562	7217	1	FALSE	NA	NA	NA	NA	NA	NA
NC_045512.2	4595	A	C	7098	3580	54	1	1	68	0.000140865	7099	0.500035	FALSE	NA	NA	NA	NA	NA	NA
NC_045512.2	4596	C	A	7189	3679	53	2	0	30	0.000278125	7191	0.980508	FALSE	NA	NA	NA	NA	NA	NA
NC_045512.2	4597	T	A	6872	3295	51	2	1	23	0.000290951	6874	1	FALSE	NA	NA	NA	NA	NA	NA
NC_045512.2	4598	C	T	7099	3557	53	1	0	34	0.000140805	7102	0.996099	FALSE	NA	NA	NA	NA	NA	NA
NC_045512.2	4598	C	G	7099	3557	53	2	2	30	0.000281611	7102	0.980498	FALSE	NA	NA	NA	NA	NA	NA
NC_045512.2	4598	C	-T	7099	3557	53	1	0	20	0.000140805	7102	1	FALSE	NA	NA	NA	NA	NA	NA
NC_045512.2	4600	T	G	7073	3552	53	1	0	24	0.000141343	7075	1	FALSE	NA	NA	NA	NA	NA	NA
NC_045512.2	4600	T	A	7073	3552	53	1	0	20	0.000141343	7075	1	FALSE	NA	NA	NA	NA	NA	NA
NC_045512.2	4601	G	T	7112	3572	53	2	1	34	0.000281096	7115	0.980498	FALSE	NA	NA	NA	NA	NA	NA
NC_045512.2	4601	G	C	7112	3572	53	1	1	27	0.000140548	7115	1	FALSE	NA	NA	NA	NA	NA	NA
NC_045512.2	4602	T	C	7167	3597	55	1	1	68	0.000139509	7168	0.500035	FALSE	NA	NA	NA	NA	NA	NA
NC_045512.2	4603	T	G	7181	3621	55	1	0	34	0.000139218	7183	0.996101	FALSE	NA	NA	NA	NA	NA	NA
NC_045512.2	4603	T	C	7181	3621	55	1	1	27	0.000139218	7183	1	FALSE	NA	NA	NA	NA	NA	NA
NC_045512.2	4604	A	T	7132	3625	53	1	1	68	0.000140154	7135	0.499965	FALSE	NA	NA	NA	NA	NA	NA
NC_045512.2	4604	A	G	7132	3625	53	2	1	53	0.000280308	7135	0.249982	FALSE	NA	NA	NA	NA	NA	NA
NC_045512.2	4605	C	G	7099	3627	53	1	0	27	0.000140805	7102	1	FALSE	NA	NA	NA	NA	NA	NA
NC_045512.2	4605	C	A	7099	3627	53	2	0	27	0.000281611	7102	1	FALSE	NA	NA	NA	NA	NA	NA
NC_045512.2	4608	T	G	7031	3494	54	1	1	34	0.000142187	7033	0.996102	FALSE	NA	NA	NA	NA	NA	NA
NC_045512.2	4608	T	A	7031	3494	54	1	0	27	0.000142187	7033	1	FALSE	NA	NA	NA	NA	NA	NA
NC_045512.2	4608	T	+C	7031	3494	54	1	0	20	0.000142187	7033	1	FALSE	NA	NA	NA	NA	NA	NA
NC_045512.2	4609	G	T	6984	3520	52	2	1	30	0.000286123	6990	0.964836	FALSE	NA	NA	NA	NA	NA	NA
NC_045512.2	4609	G	C	6984	3520	52	4	2	28	0.000572246	6990	1	FALSE	NA	NA	NA	NA	NA	NA
NC_045512.2	4610	C	G	7171	3698	52	1	0	27	0.000139412	7173	1	FALSE	NA	NA	NA	NA	NA	NA
NC_045512.2	4610	C	A	7171	3698	52	1	0	26	0.000139412	7173	1	FALSE	NA	NA	NA	NA	NA	NA
NC_045512.2	4611	C	G	7218	3673	53	2	0	30	0.00027697	7221	0.980498	FALSE	NA	NA	NA	NA	NA	NA
NC_045512.2	4611	C	A	7218	3673	53	1	1	34	0.000138485	7221	0.996099	FALSE	NA	NA	NA	NA	NA	NA
NC_045512.2	4612	A	G	7105	3742	51	1	0	60	0.000140627	7111	0.499859	FALSE	NA	NA	NA	NA	NA	NA
NC_045512.2	4612	A	C	7105	3742	51	5	1	25	0.000703136	7111	1	FALSE	NA	NA	NA	NA	NA	NA
NC_045512.2	4613	C	A	7142	3898	50	1	1	20	0.000139997	7143	1	FALSE	NA	NA	NA	NA	NA	NA
NC_045512.2	4614	T	G	6623	3389	47	8	8	27	0.00120609	6633	1	FALSE	NA	NA	NA	NA	NA	NA
NC_045512.2	4614	T	A	6623	3389	47	2	0	23	0.000301523	6633	1	FALSE	NA	NA	NA	NA	NA	NA
NC_045512.2	4617	G	C	7203	3935	51	1	0	27	0.000138812	7204	1	FALSE	NA	NA	NA	NA	NA	NA
NC_045512.2	4618	C	G	7182	3951	49	4	2	28	0.000556638	7186	1	FALSE	NA	NA	NA	NA	NA	NA
NC_045512.2	4619	T	G	7014	3812	50	1	0	34	0.000142552	7015	0.996104	FALSE	NA	NA	NA	NA	NA	NA
NC_045512.2	4620	A	T	7678	3975	50	1	0	68	0.000130225	7679	0.500033	FALSE	NA	NA	NA	NA	NA	NA
NC_045512.2	4621	T	A	7658	3941	50	1	1	27	0.000130565	7659	1	FALSE	NA	NA	NA	NA	NA	NA
NC_045512.2	4622	G	T	7696	3953	50	2	1	26	0.000259707	7701	1	FALSE	NA	NA	NA	NA	NA	NA
NC_045512.2	4622	G	C	7696	3953	50	2	2	27	0.000259707	7701	1	FALSE	NA	NA	NA	NA	NA	NA
NC_045512.2	4622	G	A	7696	3953	50	1	0	34	0.000129853	7701	0.996095	FALSE	NA	NA	NA	NA	NA	NA
NC_045512.2	4623	T	A	7757	3971	50	1	1	26	0.000128899	7758	1	FALSE	NA	NA	NA	NA	NA	NA
NC_045512.2	4624	A	G	7647	3929	50	3	0	24	0.000392157	7650	1	FALSE	NA	NA	NA	NA	NA	NA
NC_045512.2	4626	C	T	7583	3991	49	1	0	68	0.000131787	7588	0.499901	FALSE	NA	NA	NA	NA	NA	NA
NC_045512.2	4626	C	G	7583	3991	49	2	2	25	0.000263574	7588	1	FALSE	NA	NA	NA	NA	NA	NA
NC_045512.2	4626	C	A	7583	3991	49	2	1	30	0.000263574	7588	0.980478	FALSE	NA	NA	NA	NA	NA	NA
NC_045512.2	4627	A	C	7547	3943	49	1	0	20	0.000132485	7548	1	FALSE	NA	NA	NA	NA	NA	NA
NC_045512.2	4628	C	G	7517	3953	49	2	2	27	0.000265957	7520	1	FALSE	NA	NA	NA	NA	NA	NA
NC_045512.2	4628	C	A	7517	3953	49	1	0	34	0.000132979	7520	0.996099	FALSE	NA	NA	NA	NA	NA	NA
NC_045512.2	4629	A	-T	6881	3503	49	1	0	20	0.000145328	6881	1	FALSE	NA	NA	NA	NA	NA	NA
NC_045512.2	4631	G	T	6770	3506	49	1	1	68	0.000147667	6772	0.5	FALSE	NA	NA	NA	NA	NA	NA
NC_045512.2	4631	G	C	6770	3506	49	1	0	34	0.000147667	6772	0.9922	FALSE	NA	NA	NA	NA	NA	NA
NC_045512.2	4632	G	C	6853	3460	48	1	0	27	0.0001459	6854	1	FALSE	NA	NA	NA	NA	NA	NA
NC_045512.2	4633	C	T	6842	3536	48	2	1	47	0.000292099	6847	0.249909	FALSE	NA	NA	NA	NA	NA	NA
NC_045512.2	4633	C	G	6842	3536	48	3	0	26	0.000438148	6847	1	FALSE	NA	NA	NA	NA	NA	NA
NC_045512.2	4634	T	C	6770	3448	48	1	1	68	0.000147667	6772	0.5	FALSE	NA	NA	NA	NA	NA	NA
NC_045512.2	4634	T	A	6770	3448	48	1	0	20	0.000147667	6772	1	FALSE	NA	NA	NA	NA	NA	NA
NC_045512.2	4635	T	G	6833	3522	49	1	0	34	0.000146327	6834	0.992203	FALSE	NA	NA	NA	NA	NA	NA
NC_045512.2	4636	A	C	6755	3531	48	1	0	26	0.000148017	6756	1	FALSE	NA	NA	NA	NA	NA	NA
NC_045512.2	4637	A	C	6769	3538	48	2	0	23	0.000295377	6771	1	FALSE	NA	NA	NA	NA	NA	NA
NC_045512.2	4638	A	G	6661	3547	47	1	1	27	0.00015006	6664	1	FALSE	NA	NA	NA	NA	NA	NA
NC_045512.2	4638	A	C	6661	3547	47	2	0	26	0.00030012	6664	1	FALSE	NA	NA	NA	NA	NA	NA
NC_045512.2	4639	T	G	6624	3386	47	2	2	26	0.000301705	6629	1	FALSE	NA	NA	NA	NA	NA	NA
NC_045512.2	4639	T	A	6624	3386	47	3	0	27	0.000452557	6629	1	FALSE	NA	NA	NA	NA	NA	NA
NC_045512.2	4640	T	G	6601	3325	47	1	1	26	0.000151469	6602	1	FALSE	NA	NA	NA	NA	NA	NA
NC_045512.2	4641	T	G	6639	3392	49	2	2	30	0.000301159	6641	0.964901	FALSE	NA	NA	NA	NA	NA	NA
NC_045512.2	4643	G	T	6633	3428	49	1	1	24	0.000150739	6634	1	FALSE	NA	NA	NA	NA	NA	NA
NC_045512.2	4644	A	T	6676	3461	49	2	1	26	0.000299446	6679	1	FALSE	NA	NA	NA	NA	NA	NA
NC_045512.2	4644	A	C	6676	3461	49	1	0	26	0.000149723	6679	1	FALSE	NA	NA	NA	NA	NA	NA
NC_045512.2	4645	A	T	6680	3510	49	2	0	26	0.000299222	6684	1	FALSE	NA	NA	NA	NA	NA	NA
NC_045512.2	4645	A	G	6680	3510	49	1	1	68	0.000149611	6684	0.499925	FALSE	NA	NA	NA	NA	NA	NA
NC_045512.2	4645	A	C	6680	3510	49	1	1	34	0.000149611	6684	0.992192	FALSE	NA	NA	NA	NA	NA	NA
NC_045512.2	4646	G	T	6577	3550	48	1	0	34	0.000152022	6578	0.992204	FALSE	NA	NA	NA	NA	NA	NA
NC_045512.2	4647	A	G	6503	3560	47	2	0	24	0.000307409	6506	1	FALSE	NA	NA	NA	NA	NA	NA
NC_045512.2	4647	A	C	6503	3560	47	1	1	27	0.000153704	6506	1	FALSE	NA	NA	NA	NA	NA	NA
NC_045512.2	4648	A	T	6582	3550	48	1	0	26	0.000151837	6586	1	FALSE	NA	NA	NA	NA	NA	NA
NC_045512.2	4648	A	G	6582	3550	48	2	2	29	0.000303674	6586	1	FALSE	NA	NA	NA	NA	NA	NA
NC_045512.2	4648	A	C	6582	3550	48	1	1	34	0.000151837	6586	0.992192	FALSE	NA	NA	NA	NA	NA	NA
NC_045512.2	4649	G	C	6540	3563	47	2	0	30	0.000305717	6542	0.964902	FALSE	NA	NA	NA	NA	NA	NA
NC_045512.2	4653	C	G	6501	3647	48	2	0	30	0.00030755	6503	0.964903	FALSE	NA	NA	NA	NA	NA	NA
NC_045512.2	4654	T	G	6485	3590	47	2	2	34	0.000308261	6488	0.964886	FALSE	NA	NA	NA	NA	NA	NA
NC_045512.2	4654	T	A	6485	3590	47	1	0	34	0.000154131	6488	0.992196	FALSE	NA	NA	NA	NA	NA	NA
NC_045512.2	4655	C	G	6496	3631	48	1	0	26	0.000153917	6497	1	FALSE	NA	NA	NA	NA	NA	NA
NC_045512.2	4656	G	C	6479	3584	48	1	0	26	0.000154297	6481	1	FALSE	NA	NA	NA	NA	NA	NA
NC_045512.2	4656	G	A	6479	3584	48	1	1	34	0.000154297	6481	0.9922	FALSE	NA	NA	NA	NA	NA	NA
NC_045512.2	4657	G	A	6476	3609	48	1	0	27	0.000154392	6477	1	FALSE	NA	NA	NA	NA	NA	NA
NC_045512.2	4661	A	T	6292	3647	47	1	0	27	0.000158907	6293	1	FALSE	NA	NA	NA	NA	NA	NA
NC_045512.2	4662	T	G	8267	3842	43	1	1	27	0.000120948	8268	1	FALSE	NA	NA	NA	NA	NA	NA
NC_045512.2	4663	G	C	8441	4114	44	1	0	34	0.000118455	8442	0.998052	FALSE	NA	NA	NA	NA	NA	NA
NC_045512.2	4664	A	T	8354	4059	44	3	0	26	0.00035898	8357	1	FALSE	NA	NA	NA	NA	NA	NA
NC_045512.2	4665	G	T	8241	3938	44	2	2	30	0.000242601	8244	0.989276	FALSE	NA	NA	NA	NA	NA	NA
NC_045512.2	4665	G	C	8241	3938	44	1	0	27	0.0001213	8244	1	FALSE	NA	NA	NA	NA	NA	NA
NC_045512.2	4666	A	T	7007	3184	44	1	0	26	0.000142633	7011	1	FALSE	NA	NA	NA	NA	NA	NA
NC_045512.2	4666	A	G	7007	3184	44	1	1	20	0.000142633	7011	1	FALSE	NA	NA	NA	NA	NA	NA
NC_045512.2	4666	A	C	7007	3184	44	2	1	34	0.000285266	7011	0.980489	FALSE	NA	NA	NA	NA	NA	NA
NC_045512.2	4667	T	C	6633	2630	43	1	0	34	0.000150625	6639	0.992183	FALSE	NA	NA	NA	NA	NA	NA
NC_045512.2	4667	T	A	6633	2630	43	5	5	26	0.000753125	6639	1	FALSE	NA	NA	NA	NA	NA	NA
NC_045512.2	4668	C	A	7268	3211	46	1	0	26	0.000137571	7269	1	FALSE	NA	NA	NA	NA	NA	NA
NC_045512.2	4670	C	T	7310	3419	47	1	0	34	0.000136761	7312	0.996101	FALSE	NA	NA	NA	NA	NA	NA
NC_045512.2	4670	C	A	7310	3419	47	1	0	20	0.000136761	7312	1	FALSE	NA	NA	NA	NA	NA	NA
NC_045512.2	4671	T	C	7204	3290	47	1	1	68	0.000138773	7206	0.5	FALSE	NA	NA	NA	NA	NA	NA
NC_045512.2	4671	T	A	7204	3290	47	1	1	38	0.000138773	7206	0.996101	FALSE	NA	NA	NA	NA	NA	NA
NC_045512.2	4672	C	A	6814	3092	46	1	0	68	0.000146735	6815	0.500037	FALSE	NA	NA	NA	NA	NA	NA
NC_045512.2	4673	A	T	6732	3115	46	1	1	34	0.000148478	6735	0.992196	FALSE	NA	NA	NA	NA	NA	NA
NC_045512.2	4673	A	C	6732	3115	46	2	0	30	0.000296956	6735	0.964884	FALSE	NA	NA	NA	NA	NA	NA
NC_045512.2	4674	A	C	6696	3069	45	1	0	34	0.000149321	6697	0.992204	FALSE	NA	NA	NA	NA	NA	NA
NC_045512.2	4675	A	G	6491	3097	44	2	1	47	0.000308024	6493	0.250019	FALSE	NA	NA	NA	NA	NA	NA
NC_045512.2	4676	G	C	6887	3101	46	1	1	26	0.00014518	6888	1	FALSE	NA	NA	NA	NA	NA	NA
NC_045512.2	4677	T	G	6721	2940	45	5	5	28	0.000743273	6727	1	FALSE	NA	NA	NA	NA	NA	NA
NC_045512.2	4677	T	A	6721	2940	45	1	0	26	0.000148655	6727	1	FALSE	NA	NA	NA	NA	NA	NA
NC_045512.2	4678	G	T	6911	3123	46	1	1	26	0.000144676	6912	1	FALSE	NA	NA	NA	NA	NA	NA
NC_045512.2	4680	C	T	6999	3224	47	1	0	46	0.000142796	7003	0.499929	FALSE	NA	NA	NA	NA	NA	NA
NC_045512.2	4680	C	G	6999	3224	47	3	1	26	0.000428388	7003	1	FALSE	NA	NA	NA	NA	NA	NA
NC_045512.2	4681	A	T	7102	3265	47	1	1	24	0.000140786	7103	1	FALSE	NA	NA	NA	NA	NA	NA
NC_045512.2	4682	G	C	7063	3218	46	1	0	27	0.000141523	7066	1	FALSE	NA	NA	NA	NA	NA	NA
NC_045512.2	4682	G	A	7063	3218	46	2	1	68	0.000283046	7066	0.249982	FALSE	NA	NA	NA	NA	NA	NA
NC_045512.2	4684	T	A	7166	3357	47	2	1	26	0.000279018	7168	1	FALSE	NA	NA	NA	NA	NA	NA
NC_045512.2	4685	A	C	7124	3348	47	2	2	26	0.000280662	7126	1	FALSE	NA	NA	NA	NA	NA	NA
NC_045512.2	4686	C	G	7173	3396	47	1	1	34	0.000139392	7174	0.996104	FALSE	NA	NA	NA	NA	NA	NA
NC_045512.2	4687	A	+T	7138	3420	47	1	0	20	0.000140095	7138	1	FALSE	NA	NA	NA	NA	NA	NA
NC_045512.2	4689	T	G	6829	3056	45	6	6	30	0.000877835	6835	0.612942	FALSE	NA	NA	NA	NA	NA	NA
NC_045512.2	4690	T	A	7276	3528	47	2	2	30	0.000274801	7278	0.980507	FALSE	NA	NA	NA	NA	NA	NA
NC_045512.2	4691	T	A	7391	3593	48	1	0	26	0.000135281	7392	1	FALSE	NA	NA	NA	NA	NA	NA
NC_045512.2	4692	C	G	7335	3607	48	1	0	34	0.000136314	7336	0.996103	FALSE	NA	NA	NA	NA	NA	NA
NC_045512.2	4693	T	C	7372	3630	48	1	0	60	0.00013563	7373	0.500034	FALSE	NA	NA	NA	NA	NA	NA
NC_045512.2	4694	G	T	7351	3621	48	1	1	27	0.000135999	7353	1	FALSE	NA	NA	NA	NA	NA	NA
NC_045512.2	4694	G	A	7351	3621	48	1	0	68	0.000135999	7353	0.5	FALSE	NA	NA	NA	NA	NA	NA
NC_045512.2	4695	T	G	7299	3657	48	1	0	26	0.000136968	7301	1	FALSE	NA	NA	NA	NA	NA	NA
NC_045512.2	4695	T	C	7299	3657	48	1	1	27	0.000136968	7301	1	FALSE	NA	NA	NA	NA	NA	NA
NC_045512.2	4696	T	A	7543	3788	48	2	2	26	0.000265076	7545	1	FALSE	NA	NA	NA	NA	NA	NA
NC_045512.2	4697	T	C	7428	3665	47	1	1	46	0.000134608	7429	0.500034	FALSE	NA	NA	NA	NA	NA	NA
NC_045512.2	4698	C	G	7537	3815	49	3	1	26	0.000397878	7540	1	FALSE	NA	NA	NA	NA	NA	NA
NC_045512.2	4699	T	G	7457	3665	48	3	3	27	0.000402145	7460	1	FALSE	NA	NA	NA	NA	NA	NA
NC_045512.2	4700	T	+C	7584	3845	49	1	0	20	0.000131857	7584	1	FALSE	NA	NA	NA	NA	NA	NA
NC_045512.2	4701	C	G	7525	3878	48	1	0	26	0.000132873	7526	1	FALSE	NA	NA	NA	NA	NA	NA
NC_045512.2	4702	A	G	7535	3870	48	2	0	68	0.000265322	7538	0.249983	FALSE	NA	NA	NA	NA	NA	NA
NC_045512.2	4702	A	C	7535	3870	48	1	0	34	0.000132661	7538	0.996099	FALSE	NA	NA	NA	NA	NA	NA
NC_045512.2	4703	C	A	7689	3889	48	1	0	34	0.000130039	7690	0.996103	FALSE	NA	NA	NA	NA	NA	NA
NC_045512.2	4704	C	T	7689	4010	48	1	1	68	0.000130022	7691	0.5	FALSE	NA	NA	NA	NA	NA	NA
NC_045512.2	4704	C	A	7689	4010	48	1	1	68	0.000130022	7691	0.5	FALSE	NA	NA	NA	NA	NA	NA
NC_045512.2	4709	G	C	7655	3914	48	1	0	27	0.000130617	7656	1	FALSE	NA	NA	NA	NA	NA	NA
NC_045512.2	4710	C	T	8096	4070	48	1	0	68	0.000123503	8097	0.500031	FALSE	NA	NA	NA	NA	NA	NA
NC_045512.2	4712	G	T	8081	3958	48	1	0	34	0.000123701	8084	0.99805	FALSE	NA	NA	NA	NA	NA	NA
NC_045512.2	4712	G	C	8081	3958	48	2	0	26	0.000247402	8084	1	FALSE	NA	NA	NA	NA	NA	NA
NC_045512.2	4714	T	G	8160	4066	49	1	0	26	0.000122534	8161	1	FALSE	NA	NA	NA	NA	NA	NA
NC_045512.2	4715	A	T	8075	4036	48	1	1	24	0.000123824	8076	1	FALSE	NA	NA	NA	NA	NA	NA
NC_045512.2	4716	C	G	8063	4114	48	1	1	27	0.000123993	8065	1	FALSE	NA	NA	NA	NA	NA	NA
NC_045512.2	4716	C	A	8063	4114	48	1	0	34	0.000123993	8065	0.998051	FALSE	NA	NA	NA	NA	NA	NA
NC_045512.2	4717	A	T	7949	4049	48	1	0	20	0.00012577	7951	1	FALSE	NA	NA	NA	NA	NA	NA
NC_045512.2	4717	A	G	7949	4049	48	1	0	34	0.00012577	7951	0.996101	FALSE	NA	NA	NA	NA	NA	NA
NC_045512.2	4718	G	C	8287	4139	47	2	0	30	0.000241284	8289	0.989282	FALSE	NA	NA	NA	NA	NA	NA
NC_045512.2	4718	G	-C	8287	4139	47	1	0	20	0.000120642	8289	1	FALSE	NA	NA	NA	NA	NA	NA
NC_045512.2	4719	C	T	8015	4003	48	3	1	53	0.000374111	8019	0.124953	FALSE	NA	NA	NA	NA	NA	NA
NC_045512.2	4719	C	G	8015	4003	48	1	0	34	0.000124704	8019	0.998048	FALSE	NA	NA	NA	NA	NA	NA
NC_045512.2	4721	T	G	8871	4177	48	1	0	27	0.000112714	8872	1	FALSE	NA	NA	NA	NA	NA	NA
NC_045512.2	4722	A	T	8703	4214	47	2	1	26	0.000229727	8706	1	FALSE	NA	NA	NA	NA	NA	NA
NC_045512.2	4722	A	C	8703	4214	47	1	0	26	0.000114863	8706	1	FALSE	NA	NA	NA	NA	NA	NA
NC_045512.2	4723	T	G	8910	4173	48	1	1	27	0.000112183	8914	1	FALSE	NA	NA	NA	NA	NA	NA
NC_045512.2	4723	T	C	8910	4173	48	2	2	34	0.000224366	8914	0.98927	FALSE	NA	NA	NA	NA	NA	NA
NC_045512.2	4723	T	A	8910	4173	48	1	0	26	0.000112183	8914	1	FALSE	NA	NA	NA	NA	NA	NA
NC_045512.2	4724	A	G	8889	4195	48	1	1	34	0.000112486	8890	0.998052	FALSE	NA	NA	NA	NA	NA	NA
NC_045512.2	4725	A	T	8948	4323	48	1	0	26	0.000111732	8950	1	FALSE	NA	NA	NA	NA	NA	NA
NC_045512.2	4725	A	G	8948	4323	48	1	1	34	0.000111732	8950	0.998051	FALSE	NA	NA	NA	NA	NA	NA
NC_045512.2	4726	T	C	9076	4462	49	1	1	60	0.000110156	9078	0.5	FALSE	NA	NA	NA	NA	NA	NA
NC_045512.2	4726	T	A	9076	4462	49	1	0	68	0.000110156	9078	0.5	FALSE	NA	NA	NA	NA	NA	NA
NC_045512.2	4728	G	T	8799	4216	48	1	1	34	0.000113585	8804	0.998048	FALSE	NA	NA	NA	NA	NA	NA
NC_045512.2	4728	G	C	8799	4216	48	4	3	25	0.000454339	8804	1	FALSE	NA	NA	NA	NA	NA	NA
NC_045512.2	4729	T	C	7942	3698	49	2	1	30	0.000251762	7944	0.980504	FALSE	NA	NA	NA	NA	NA	NA
NC_045512.2	4732	T	A	8045	3578	47	1	1	26	0.000124285	8046	1	FALSE	NA	NA	NA	NA	NA	NA
NC_045512.2	4734	T	G	8141	3738	50	1	1	26	0.000122805	8143	1	FALSE	NA	NA	NA	NA	NA	NA
NC_045512.2	4734	T	C	8141	3738	50	1	1	27	0.000122805	8143	1	FALSE	NA	NA	NA	NA	NA	NA
NC_045512.2	4735	T	C	8076	3730	49	1	1	34	0.000123793	8078	0.998051	FALSE	NA	NA	NA	NA	NA	NA
NC_045512.2	4735	T	A	8076	3730	49	1	0	26	0.000123793	8078	1	FALSE	NA	NA	NA	NA	NA	NA
NC_045512.2	4736	A	G	8142	3759	50	4	2	41	0.000491039	8146	0.0624923	FALSE	NA	NA	NA	NA	NA	NA
NC_045512.2	4736	A	-CTT	8142	3759	50	2	0	20	0.000245519	8146	1	FALSE	NA	NA	NA	NA	NA	NA
NC_045512.2	4737	C	A	8102	3887	51	1	0	20	0.000123411	8103	1	FALSE	NA	NA	NA	NA	NA	NA
NC_045512.2	4738	T	C	8063	3813	50	3	2	47	0.000371932	8066	0.124954	FALSE	NA	NA	NA	NA	NA	NA
NC_045512.2	4739	T	A	8060	3849	50	2	1	26	0.000248077	8062	1	FALSE	NA	NA	NA	NA	NA	NA
NC_045512.2	4741	T	A	7927	3689	51	1	1	26	0.000126135	7928	1	FALSE	NA	NA	NA	NA	NA	NA
NC_045512.2	4744	T	A	7983	3786	51	1	0	26	0.000125251	7984	1	FALSE	NA	NA	NA	NA	NA	NA
NC_045512.2	4745	T	A	7975	3820	50	1	0	27	0.000125376	7976	1	FALSE	NA	NA	NA	NA	NA	NA
NC_045512.2	4746	C	A	7974	3874	51	2	1	26	0.000250752	7976	1	FALSE	NA	NA	NA	NA	NA	NA
NC_045512.2	4747	T	G	8031	3871	52	1	1	27	0.00012444	8036	1	FALSE	NA	NA	NA	NA	NA	NA
NC_045512.2	4747	T	C	8031	3871	52	2	1	32	0.00024888	8036	0.989266	FALSE	NA	NA	NA	NA	NA	NA
NC_045512.2	4747	T	A	8031	3871	52	2	1	27	0.00024888	8036	1	FALSE	NA	NA	NA	NA	NA	NA
NC_045512.2	4748	A	G	8032	3919	52	1	1	68	0.000124486	8033	0.500031	FALSE	NA	NA	NA	NA	NA	NA
NC_045512.2	4749	A	G	7949	3933	51	3	0	31	0.000377216	7953	0.945368	FALSE	NA	NA	NA	NA	NA	NA
NC_045512.2	4749	A	C	7949	3933	51	1	0	34	0.000125739	7953	0.996097	FALSE	NA	NA	NA	NA	NA	NA
NC_045512.2	4750	A	G	7945	3875	51	2	1	47	0.000251667	7947	0.250016	FALSE	NA	NA	NA	NA	NA	NA
NC_045512.2	4751	A	G	7963	3960	51	1	0	34	0.000125534	7966	0.996099	FALSE	NA	NA	NA	NA	NA	NA
NC_045512.2	4751	A	C	7963	3960	51	2	0	26	0.000251067	7966	1	FALSE	NA	NA	NA	NA	NA	NA
NC_045512.2	4752	C	G	8080	4043	51	1	1	27	0.000123747	8081	1	FALSE	NA	NA	NA	NA	NA	NA
NC_045512.2	4753	A	T	8001	3875	51	1	1	26	0.000124938	8004	1	FALSE	NA	NA	NA	NA	NA	NA
NC_045512.2	4753	A	C	8001	3875	51	2	2	26	0.000249875	8004	1	FALSE	NA	NA	NA	NA	NA	NA
NC_045512.2	4754	C	A	8082	3968	51	1	0	24	0.000123716	8083	1	FALSE	NA	NA	NA	NA	NA	NA
NC_045512.2	4755	C	A	8090	4061	51	1	0	26	0.000123594	8091	1	FALSE	NA	NA	NA	NA	NA	NA
NC_045512.2	4756	T	G	7974	3888	51	3	3	26	0.000376034	7978	1	FALSE	NA	NA	NA	NA	NA	NA
NC_045512.2	4756	T	C	7974	3888	51	1	0	68	0.000125345	7978	0.499937	FALSE	NA	NA	NA	NA	NA	NA
NC_045512.2	4757	G	T	8141	4015	51	1	1	34	0.00012282	8142	0.998052	FALSE	NA	NA	NA	NA	NA	NA
NC_045512.2	4757	G	-A	8141	4015	51	1	0	20	0.00012282	8142	1	FALSE	NA	NA	NA	NA	NA	NA
NC_045512.2	4758	A	C	8108	4064	51	1	1	34	0.00012332	8109	0.998051	FALSE	NA	NA	NA	NA	NA	NA
NC_045512.2	4759	A	T	8151	4120	51	1	0	68	0.000122624	8155	0.499939	FALSE	NA	NA	NA	NA	NA	NA
NC_045512.2	4759	A	G	8151	4120	51	1	0	38	0.000122624	8155	0.998049	FALSE	NA	NA	NA	NA	NA	NA
NC_045512.2	4759	A	C	8151	4120	51	2	0	26	0.000245248	8155	1	FALSE	NA	NA	NA	NA	NA	NA
NC_045512.2	4760	G	T	8155	4068	51	1	1	26	0.000122579	8158	1	FALSE	NA	NA	NA	NA	NA	NA
NC_045512.2	4760	G	C	8155	4068	51	1	1	34	0.000122579	8158	0.99805	FALSE	NA	NA	NA	NA	NA	NA
NC_045512.2	4760	G	A	8155	4068	51	1	0	27	0.000122579	8158	1	FALSE	NA	NA	NA	NA	NA	NA
NC_045512.2	4761	A	T	8032	4080	51	2	1	23	0.000248942	8034	1	FALSE	NA	NA	NA	NA	NA	NA
NC_045512.2	4763	C	A	8111	4084	51	1	0	20	0.000123274	8112	1	FALSE	NA	NA	NA	NA	NA	NA
NC_045512.2	4765	T	G	8177	4096	52	1	1	34	0.000122279	8178	0.998052	FALSE	NA	NA	NA	NA	NA	NA
NC_045512.2	4766	T	G	7792	3808	49	1	1	26	0.000128287	7795	1	FALSE	NA	NA	NA	NA	NA	NA
NC_045512.2	4766	T	C	7792	3808	49	2	1	29	0.000256575	7795	1	FALSE	NA	NA	NA	NA	NA	NA
NC_045512.2	4767	T	G	8094	4070	52	1	1	34	0.000123518	8096	0.998051	FALSE	NA	NA	NA	NA	NA	NA
NC_045512.2	4767	T	A	8094	4070	52	1	1	27	0.000123518	8096	1	FALSE	NA	NA	NA	NA	NA	NA
NC_045512.2	4768	T	C	7970	3977	50	2	1	53	0.000250815	7974	0.249953	FALSE	NA	NA	NA	NA	NA	NA
NC_045512.2	4768	T	A	7970	3977	50	2	2	26	0.000250815	7974	1	FALSE	NA	NA	NA	NA	NA	NA
NC_045512.2	4770	T	G	8016	3954	50	5	5	25	0.000623286	8022	1	FALSE	NA	NA	NA	NA	NA	NA
NC_045512.2	4770	T	C	8016	3954	50	1	1	27	0.000124657	8022	1	FALSE	NA	NA	NA	NA	NA	NA
NC_045512.2	4771	T	G	7977	4243	50	1	1	20	0.000125345	7978	1	FALSE	NA	NA	NA	NA	NA	NA
NC_045512.2	4772	G	T	8051	4331	51	1	1	20	0.000124193	8052	1	FALSE	NA	NA	NA	NA	NA	NA
NC_045512.2	4773	A	G	7978	4331	51	1	0	68	0.000125329	7979	0.500031	FALSE	NA	NA	NA	NA	NA	NA
NC_045512.2	4774	A	G	7983	4262	51	2	1	43	0.00025047	7985	0.250016	FALSE	NA	NA	NA	NA	NA	NA
NC_045512.2	4775	A	G	7956	4313	51	2	0	51	0.000251319	7958	0.250016	FALSE	NA	NA	NA	NA	NA	NA
NC_045512.2	4777	C	A	8173	4414	51	1	0	26	0.000122339	8174	1	FALSE	NA	NA	NA	NA	NA	NA
NC_045512.2	4779	T	A	7885	4129	50	2	2	26	0.000253582	7887	1	FALSE	NA	NA	NA	NA	NA	NA
NC_045512.2	4780	C	A	8073	4422	51	2	0	34	0.000247678	8075	0.989282	FALSE	NA	NA	NA	NA	NA	NA
NC_045512.2	4782	C	G	8213	4457	51	2	1	23	0.000243427	8216	1	FALSE	NA	NA	NA	NA	NA	NA
NC_045512.2	4782	C	A	8213	4457	51	1	0	26	0.000121714	8216	1	FALSE	NA	NA	NA	NA	NA	NA
NC_045512.2	4783	A	C	7854	4434	48	2	0	34	0.000254582	7856	0.980505	FALSE	NA	NA	NA	NA	NA	NA
NC_045512.2	4784	C	A	8191	4438	51	1	0	34	0.00012207	8192	0.998052	FALSE	NA	NA	NA	NA	NA	NA
NC_045512.2	4785	T	G	7833	4144	50	3	3	28	0.000382848	7836	1	FALSE	NA	NA	NA	NA	NA	NA
NC_045512.2	4786	T	G	7923	4223	51	1	1	26	0.000126167	7926	1	FALSE	NA	NA	NA	NA	NA	NA
NC_045512.2	4786	T	C	7923	4223	51	2	2	51	0.000252334	7926	0.249984	FALSE	NA	NA	NA	NA	NA	NA
NC_045512.2	4787	G	C	7976	4269	51	1	1	26	0.000125345	7978	1	FALSE	NA	NA	NA	NA	NA	NA
NC_045512.2	4787	G	A	7976	4269	51	1	0	34	0.000125345	7978	0.996101	FALSE	NA	NA	NA	NA	NA	NA
NC_045512.2	4788	C	G	7934	4327	51	2	0	26	0.000252016	7936	1	FALSE	NA	NA	NA	NA	NA	NA
NC_045512.2	4788	C	-T	7934	4327	51	1	0	20	0.000126008	7936	1	FALSE	NA	NA	NA	NA	NA	NA
NC_045512.2	4789	T	C	7871	4223	52	22	11	48	0.00278693	7894	2.3495e-07	TRUE	NA	NA	NA	NA	NA	NA
NC_045512.2	4789	T	A	7871	4223	52	1	0	20	0.000126678	7894	1	FALSE	NA	NA	NA	NA	NA	NA
NC_045512.2	4790	G	C	7987	4345	52	1	0	34	0.000125188	7988	0.996103	FALSE	NA	NA	NA	NA	NA	NA
NC_045512.2	4791	G	T	7856	4260	53	1	1	26	0.000127275	7857	1	FALSE	NA	NA	NA	NA	NA	NA
NC_045512.2	4792	T	G	7725	4120	51	3	3	26	0.000388199	7728	1	FALSE	NA	NA	NA	NA	NA	NA
NC_045512.2	4793	T	C	7904	4297	53	2	2	34	0.00025294	7907	0.980495	FALSE	NA	NA	NA	NA	NA	NA
NC_045512.2	4793	T	A	7904	4297	53	1	0	26	0.00012647	7907	1	FALSE	NA	NA	NA	NA	NA	NA
NC_045512.2	4794	C	G	7803	4245	52	2	0	23	0.000256148	7808	1	FALSE	NA	NA	NA	NA	NA	NA
NC_045512.2	4794	C	A	7803	4245	52	3	0	24	0.000384221	7808	1	FALSE	NA	NA	NA	NA	NA	NA
NC_045512.2	4795	C	A	7957	4306	53	1	0	27	0.00012566	7958	1	FALSE	NA	NA	NA	NA	NA	NA
NC_045512.2	4796	T	C	7978	4279	53	3	1	56	0.000375846	7982	0.124977	FALSE	NA	NA	NA	NA	NA	NA
NC_045512.2	4796	T	A	7978	4279	53	1	0	27	0.000125282	7982	1	FALSE	NA	NA	NA	NA	NA	NA
NC_045512.2	4797	A	G	8012	4322	53	1	0	68	0.000124797	8013	0.500031	FALSE	NA	NA	NA	NA	NA	NA
NC_045512.2	4798	T	G	7972	4283	53	1	1	26	0.000125423	7973	1	FALSE	NA	NA	NA	NA	NA	NA
NC_045512.2	4799	A	G	7922	4304	52	1	0	27	0.000126215	7923	1	FALSE	NA	NA	NA	NA	NA	NA
NC_045512.2	4800	A	G	7958	4302	53	2	0	43	0.000251256	7960	0.250016	FALSE	NA	NA	NA	NA	NA	NA
NC_045512.2	4801	A	G	7906	4308	52	1	1	26	0.000126422	7910	1	FALSE	NA	NA	NA	NA	NA	NA
NC_045512.2	4801	A	C	7906	4308	52	3	0	29	0.000379267	7910	1	FALSE	NA	NA	NA	NA	NA	NA
NC_045512.2	4802	G	C	7849	4215	51	3	0	27	0.000382068	7852	1	FALSE	NA	NA	NA	NA	NA	NA
NC_045512.2	4804	T	G	7729	4101	52	1	1	27	0.000129366	7730	1	FALSE	NA	NA	NA	NA	NA	NA
NC_045512.2	4809	C	T	7990	4631	49	1	1	68	0.000125125	7992	0.5	FALSE	NA	NA	NA	NA	NA	NA
NC_045512.2	4809	C	G	7990	4631	49	1	1	27	0.000125125	7992	1	FALSE	NA	NA	NA	NA	NA	NA
NC_045512.2	4810	C	A	7922	4683	48	1	1	34	0.000126215	7923	0.996103	FALSE	NA	NA	NA	NA	NA	NA
NC_045512.2	4811	T	C	7857	4542	49	3	3	45	0.000381679	7860	0.125	FALSE	NA	NA	NA	NA	NA	NA
NC_045512.2	4812	A	C	8326	4667	48	1	0	27	0.000120091	8327	1	FALSE	NA	NA	NA	NA	NA	NA
NC_045512.2	4812	A	-T	8326	4667	48	1	0	20	0.000120091	8327	1	FALSE	NA	NA	NA	NA	NA	NA
NC_045512.2	4815	C	A	8367	4738	49	1	0	26	0.000119503	8368	1	FALSE	NA	NA	NA	NA	NA	NA
NC_045512.2	4816	T	G	7695	4046	49	2	2	30	0.000259808	7698	0.980496	FALSE	NA	NA	NA	NA	NA	NA
NC_045512.2	4816	T	A	7695	4046	49	1	0	20	0.000129904	7698	1	FALSE	NA	NA	NA	NA	NA	NA
NC_045512.2	4818	G	C	7969	4303	50	1	1	27	0.000125471	7970	1	FALSE	NA	NA	NA	NA	NA	NA
NC_045512.2	4820	C	T	7971	4372	50	1	0	34	0.000125439	7972	0.996103	FALSE	NA	NA	NA	NA	NA	NA
NC_045512.2	4823	T	C	7663	3992	50	1	0	38	0.000130463	7665	0.996101	FALSE	NA	NA	NA	NA	NA	NA
NC_045512.2	4823	T	A	7663	3992	50	1	0	34	0.000130463	7665	0.996101	FALSE	NA	NA	NA	NA	NA	NA
NC_045512.2	4825	T	G	8126	4299	51	1	1	27	0.000123016	8129	1	FALSE	NA	NA	NA	NA	NA	NA
NC_045512.2	4825	T	C	8126	4299	51	2	1	46	0.000246033	8129	0.249985	FALSE	NA	NA	NA	NA	NA	NA
NC_045512.2	4826	A	G	7904	4201	49	1	1	46	0.000126502	7905	0.500032	FALSE	NA	NA	NA	NA	NA	NA
NC_045512.2	4827	C	T	8039	4323	51	1	0	34	0.000124378	8040	0.998052	FALSE	NA	NA	NA	NA	NA	NA
NC_045512.2	4828	A	T	8048	4317	51	1	0	34	0.000124239	8049	0.998052	FALSE	NA	NA	NA	NA	NA	NA
NC_045512.2	4828	A	+T	8048	4317	51	1	0	20	0.000124239	8049	1	FALSE	NA	NA	NA	NA	NA	NA
NC_045512.2	4828	A	+C	8048	4317	51	1	0	20	0.000124239	8049	1	FALSE	NA	NA	NA	NA	NA	NA
NC_045512.2	4830	A	T	8201	4255	51	2	2	23	0.000243813	8203	1	FALSE	NA	NA	NA	NA	NA	NA
NC_045512.2	4831	A	T	8235	4211	50	1	1	27	0.000121418	8236	1	FALSE	NA	NA	NA	NA	NA	NA
NC_045512.2	4832	C	T	8302	4315	51	1	1	60	0.000120424	8304	0.5	FALSE	NA	NA	NA	NA	NA	NA
NC_045512.2	4832	C	A	8302	4315	51	1	0	20	0.000120424	8304	1	FALSE	NA	NA	NA	NA	NA	NA
NC_045512.2	4833	T	G	7855	3955	50	3	3	26	0.000381777	7858	1	FALSE	NA	NA	NA	NA	NA	NA
NC_045512.2	4833	T	-A	7855	3955	50	1	0	20	0.000127259	7858	1	FALSE	NA	NA	NA	NA	NA	NA
NC_045512.2	4834	A	T	8024	4234	51	1	0	34	0.000124595	8026	0.99805	FALSE	NA	NA	NA	NA	NA	NA
NC_045512.2	4834	A	C	8024	4234	51	1	0	27	0.000124595	8026	1	FALSE	NA	NA	NA	NA	NA	NA
NC_045512.2	4835	G	T	8025	4146	51	3	3	40	0.000373646	8029	0.124977	FALSE	NA	NA	NA	NA	NA	NA
NC_045512.2	4835	G	C	8025	4146	51	1	1	27	0.000124549	8029	1	FALSE	NA	NA	NA	NA	NA	NA
NC_045512.2	4836	G	T	8584	4387	51	1	0	26	0.000116482	8585	1	FALSE	NA	NA	NA	NA	NA	NA
NC_045512.2	4837	T	C	8622	4449	52	1	1	46	0.000115969	8623	0.500029	FALSE	NA	NA	NA	NA	NA	NA
NC_045512.2	4838	A	C	8447	4348	52	2	2	30	0.000236714	8449	0.989281	FALSE	NA	NA	NA	NA	NA	NA
NC_045512.2	4839	T	G	8430	4329	52	1	1	26	0.00011861	8431	1	FALSE	NA	NA	NA	NA	NA	NA
NC_045512.2	4842	A	T	8271	4222	51	2	2	30	0.000241721	8274	0.989276	FALSE	NA	NA	NA	NA	NA	NA
NC_045512.2	4842	A	G	8271	4222	51	1	1	34	0.000120861	8274	0.99805	FALSE	NA	NA	NA	NA	NA	NA
NC_045512.2	4843	A	T	8313	4318	53	1	0	27	0.000120279	8314	1	FALSE	NA	NA	NA	NA	NA	NA
NC_045512.2	4844	T	G	8229	4256	53	1	1	27	0.000121507	8230	1	FALSE	NA	NA	NA	NA	NA	NA
NC_045512.2	4845	T	G	7834	3966	53	1	1	20	0.000127616	7836	1	FALSE	NA	NA	NA	NA	NA	NA
NC_045512.2	4845	T	A	7834	3966	53	1	0	27	0.000127616	7836	1	FALSE	NA	NA	NA	NA	NA	NA
NC_045512.2	4847	C	G	7984	4070	52	1	1	20	0.000125235	7985	1	FALSE	NA	NA	NA	NA	NA	NA
NC_045512.2	4848	T	G	7903	3912	52	2	2	27	0.000252972	7906	1	FALSE	NA	NA	NA	NA	NA	NA
NC_045512.2	4848	T	C	7903	3912	52	1	0	68	0.000126486	7906	0.499968	FALSE	NA	NA	NA	NA	NA	NA
NC_045512.2	4849	T	G	8049	4079	53	1	1	27	0.000124193	8052	1	FALSE	NA	NA	NA	NA	NA	NA
NC_045512.2	4849	T	C	8049	4079	53	1	1	34	0.000124193	8052	0.99805	FALSE	NA	NA	NA	NA	NA	NA
NC_045512.2	4849	T	A	8049	4079	53	1	1	26	0.000124193	8052	1	FALSE	NA	NA	NA	NA	NA	NA
NC_045512.2	4850	A	T	7992	4184	53	1	1	20	0.000125109	7993	1	FALSE	NA	NA	NA	NA	NA	NA
NC_045512.2	4851	A	T	8028	4336	54	1	0	26	0.000124517	8031	1	FALSE	NA	NA	NA	NA	NA	NA
NC_045512.2	4851	A	C	8028	4336	54	2	0	27	0.000249035	8031	1	FALSE	NA	NA	NA	NA	NA	NA
NC_045512.2	4853	A	G	8029	4362	53	1	1	24	0.000124533	8030	1	FALSE	NA	NA	NA	NA	NA	NA
NC_045512.2	4854	G	-A	8070	4344	54	1	0	20	0.000123916	8070	1	FALSE	NA	NA	NA	NA	NA	NA
NC_045512.2	4855	A	T	7837	4230	53	1	0	34	0.000127567	7839	0.996097	FALSE	NA	NA	NA	NA	NA	NA
NC_045512.2	4855	A	G	7837	4230	53	1	1	24	0.000127567	7839	1	FALSE	NA	NA	NA	NA	NA	NA
NC_045512.2	4857	G	T	8173	4329	53	2	0	27	0.000244559	8178	1	FALSE	NA	NA	NA	NA	NA	NA
NC_045512.2	4857	G	C	8173	4329	53	3	2	27	0.000366838	8178	1	FALSE	NA	NA	NA	NA	NA	NA
NC_045512.2	4858	T	C	8291	4355	53	1	0	24	0.000120584	8293	1	FALSE	NA	NA	NA	NA	NA	NA
NC_045512.2	4858	T	A	8291	4355	53	1	1	27	0.000120584	8293	1	FALSE	NA	NA	NA	NA	NA	NA
NC_045512.2	4859	G	A	8409	4462	54	2	0	68	0.000237784	8411	0.250015	FALSE	NA	NA	NA	NA	NA	NA
NC_045512.2	4861	T	G	8439	4605	53	1	1	24	0.000118483	8440	1	FALSE	NA	NA	NA	NA	NA	NA
NC_045512.2	4862	A	T	8406	4606	53	2	0	26	0.000237869	8408	1	FALSE	NA	NA	NA	NA	NA	NA
NC_045512.2	4863	A	G	8479	4660	54	1	0	34	0.000117925	8480	0.998052	FALSE	NA	NA	NA	NA	NA	NA
NC_045512.2	4864	A	T	8341	4620	51	2	2	26	0.000239722	8343	1	FALSE	NA	NA	NA	NA	NA	NA
NC_045512.2	4866	G	C	8602	4631	53	1	0	27	0.000116239	8603	1	FALSE	NA	NA	NA	NA	NA	NA
NC_045512.2	4867	T	G	8421	4553	53	1	1	27	0.000118708	8424	1	FALSE	NA	NA	NA	NA	NA	NA
NC_045512.2	4867	T	A	8421	4553	53	2	0	30	0.000237417	8424	0.989276	FALSE	NA	NA	NA	NA	NA	NA
NC_045512.2	4868	G	T	8716	4626	53	1	1	26	0.000114705	8718	1	FALSE	NA	NA	NA	NA	NA	NA
NC_045512.2	4868	G	A	8716	4626	53	1	1	68	0.000114705	8718	0.5	FALSE	NA	NA	NA	NA	NA	NA
NC_045512.2	4869	T	G	8720	4752	53	1	0	27	0.000114666	8721	1	FALSE	NA	NA	NA	NA	NA	NA
NC_045512.2	4870	A	T	9361	5121	54	1	0	26	0.000106815	9362	1	FALSE	NA	NA	NA	NA	NA	NA
NC_045512.2	4871	T	A	9048	5021	51	3	3	29	0.000331455	9051	1	FALSE	NA	NA	NA	NA	NA	NA
NC_045512.2	4873	T	A	9226	5187	52	2	2	27	0.000216732	9228	1	FALSE	NA	NA	NA	NA	NA	NA
NC_045512.2	4874	T	G	9131	5133	52	5	5	25	0.000547285	9136	1	FALSE	NA	NA	NA	NA	NA	NA
NC_045512.2	4876	C	A	9152	5227	53	1	1	26	0.000109254	9153	1	FALSE	NA	NA	NA	NA	NA	NA
NC_045512.2	4877	A	T	8915	5042	53	1	1	27	0.000112145	8917	1	FALSE	NA	NA	NA	NA	NA	NA
NC_045512.2	4877	A	C	8915	5042	53	1	0	20	0.000112145	8917	1	FALSE	NA	NA	NA	NA	NA	NA
NC_045512.2	4877	A	+T	8915	5042	53	1	0	20	0.000112145	8917	1	FALSE	NA	NA	NA	NA	NA	NA
NC_045512.2	4878	C	T	9419	5197	53	1	1	26	0.000106157	9420	1	FALSE	NA	NA	NA	NA	NA	NA
NC_045512.2	4881	G	C	9158	4880	53	3	3	29	0.000327439	9162	1	FALSE	NA	NA	NA	NA	NA	NA
NC_045512.2	4881	G	A	9158	4880	53	1	1	46	0.000109146	9162	0.499945	FALSE	NA	NA	NA	NA	NA	NA
NC_045512.2	4883	A	T	9190	5085	54	1	0	68	0.00010879	9192	0.5	FALSE	NA	NA	NA	NA	NA	NA
NC_045512.2	4883	A	C	9190	5085	54	1	1	27	0.00010879	9192	1	FALSE	NA	NA	NA	NA	NA	NA
NC_045512.2	4884	A	G	9129	5054	54	1	1	68	0.000109529	9130	0.500027	FALSE	NA	NA	NA	NA	NA	NA
NC_045512.2	4885	T	A	9427	5109	53	2	1	22	0.000212112	9429	1	FALSE	NA	NA	NA	NA	NA	NA
NC_045512.2	4886	C	G	9420	5156	54	1	1	26	0.000106146	9421	1	FALSE	NA	NA	NA	NA	NA	NA
NC_045512.2	4887	C	T	9136	4942	55	1	1	26	0.000109433	9138	1	FALSE	NA	NA	NA	NA	NA	NA
NC_045512.2	4887	C	A	9136	4942	55	1	1	68	0.000109433	9138	0.5	FALSE	NA	NA	NA	NA	NA	NA
NC_045512.2	4888	T	C	9081	4852	55	2	1	51	0.000220192	9083	0.250014	FALSE	NA	NA	NA	NA	NA	NA
NC_045512.2	4891	C	G	9157	5112	57	2	2	30	0.000218364	9159	0.994155	FALSE	NA	NA	NA	NA	NA	NA
NC_045512.2	4894	A	T	9198	5195	58	1	1	34	0.000108707	9199	0.999026	FALSE	NA	NA	NA	NA	NA	NA
NC_045512.2	4895	T	G	9104	5103	57	1	1	26	0.000109794	9108	1	FALSE	NA	NA	NA	NA	NA	NA
NC_045512.2	4895	T	C	9104	5103	57	3	1	68	0.000329381	9108	0.124979	FALSE	NA	NA	NA	NA	NA	NA
NC_045512.2	4897	C	G	9161	5244	57	1	1	34	0.000109146	9162	0.999026	FALSE	NA	NA	NA	NA	NA	NA
NC_045512.2	4898	C	A	9182	5284	59	1	0	27	0.000108897	9183	1	FALSE	NA	NA	NA	NA	NA	NA
NC_045512.2	4900	C	G	9179	5249	58	2	1	23	0.000217841	9181	1	FALSE	NA	NA	NA	NA	NA	NA
NC_045512.2	4902	T	G	8673	4701	53	23	23	26	0.00264337	8701	1	FALSE	NA	NA	NA	NA	NA	NA
NC_045512.2	4902	T	C	8673	4701	53	2	1	51	0.000229859	8701	0.249267	FALSE	NA	NA	NA	NA	NA	NA
NC_045512.2	4902	T	A	8673	4701	53	3	0	31	0.000344788	8701	0.966992	FALSE	NA	NA	NA	NA	NA	NA
NC_045512.2	4903	A	C	9105	5250	59	1	0	34	0.000109818	9106	0.999026	FALSE	NA	NA	NA	NA	NA	NA
NC_045512.2	4904	G	T	9108	5236	58	1	0	27	0.000109782	9109	1	FALSE	NA	NA	NA	NA	NA	NA
NC_045512.2	4905	A	T	9139	5260	57	1	1	26	0.000109409	9140	1	FALSE	NA	NA	NA	NA	NA	NA
NC_045512.2	4906	T	G	9104	5204	58	1	1	20	0.00010983	9105	1	FALSE	NA	NA	NA	NA	NA	NA
NC_045512.2	4907	G	C	9041	5160	58	1	0	34	0.000110595	9042	0.999026	FALSE	NA	NA	NA	NA	NA	NA
NC_045512.2	4909	T	C	9096	5224	59	1	0	68	0.000109914	9098	0.5	FALSE	NA	NA	NA	NA	NA	NA
NC_045512.2	4909	T	A	9096	5224	59	1	0	20	0.000109914	9098	1	FALSE	NA	NA	NA	NA	NA	NA
NC_045512.2	4910	G	T	9055	5183	59	1	1	27	0.000110412	9057	1	FALSE	NA	NA	NA	NA	NA	NA
NC_045512.2	4910	G	C	9055	5183	59	1	1	27	0.000110412	9057	1	FALSE	NA	NA	NA	NA	NA	NA
NC_045512.2	4912	A	G	9122	5280	58	1	0	68	0.000109601	9124	0.5	FALSE	NA	NA	NA	NA	NA	NA
NC_045512.2	4912	A	C	9122	5280	58	1	0	20	0.000109601	9124	1	FALSE	NA	NA	NA	NA	NA	NA
NC_045512.2	4913	G	T	9352	5348	59	2	1	29	0.000213789	9355	1	FALSE	NA	NA	NA	NA	NA	NA
NC_045512.2	4913	G	C	9352	5348	59	1	1	27	0.000106895	9355	1	FALSE	NA	NA	NA	NA	NA	NA
NC_045512.2	4915	T	C	9237	5271	59	1	1	68	0.000108237	9239	0.5	FALSE	NA	NA	NA	NA	NA	NA
NC_045512.2	4915	T	A	9237	5271	59	1	0	34	0.000108237	9239	0.999026	FALSE	NA	NA	NA	NA	NA	NA
NC_045512.2	4916	A	G	9240	5316	58	1	0	27	0.000108213	9241	1	FALSE	NA	NA	NA	NA	NA	NA
NC_045512.2	4918	C	T	9163	5267	59	1	1	24	0.000109087	9167	1	FALSE	NA	NA	NA	NA	NA	NA
NC_045512.2	4918	C	G	9163	5267	59	1	1	27	0.000109087	9167	1	FALSE	NA	NA	NA	NA	NA	NA
NC_045512.2	4918	C	A	9163	5267	59	2	0	23	0.000218174	9167	1	FALSE	NA	NA	NA	NA	NA	NA
NC_045512.2	4919	A	C	9221	5283	59	1	1	27	0.000108436	9222	1	FALSE	NA	NA	NA	NA	NA	NA
NC_045512.2	4920	C	T	9276	5307	58	1	1	60	0.000107782	9278	0.5	FALSE	NA	NA	NA	NA	NA	NA
NC_045512.2	4920	C	G	9276	5307	58	1	1	26	0.000107782	9278	1	FALSE	NA	NA	NA	NA	NA	NA
NC_045512.2	4922	T	G	8822	4931	58	4	4	24	0.000453155	8827	1	FALSE	NA	NA	NA	NA	NA	NA
NC_045512.2	4922	T	A	8822	4931	58	1	0	20	0.000113289	8827	1	FALSE	NA	NA	NA	NA	NA	NA
NC_045512.2	4923	T	G	8749	4856	55	4	1	31	0.000456882	8755	0.927043	FALSE	NA	NA	NA	NA	NA	NA
NC_045512.2	4923	T	C	8749	4856	55	2	2	30	0.000228441	8755	0.98926	FALSE	NA	NA	NA	NA	NA	NA
NC_045512.2	4924	T	A	8984	5082	60	1	1	27	0.000111297	8985	1	FALSE	NA	NA	NA	NA	NA	NA
NC_045512.2	4926	A	G	8969	5156	59	2	1	68	0.000222891	8973	0.249958	FALSE	NA	NA	NA	NA	NA	NA
NC_045512.2	4926	A	C	8969	5156	59	2	0	27	0.000222891	8973	1	FALSE	NA	NA	NA	NA	NA	NA
NC_045512.2	4927	C	T	8963	5156	59	1	1	68	0.000111545	8965	0.5	FALSE	NA	NA	NA	NA	NA	NA
NC_045512.2	4927	C	G	8963	5156	59	1	0	27	0.000111545	8965	1	FALSE	NA	NA	NA	NA	NA	NA
NC_045512.2	4927	C	-A	8963	5156	59	1	0	20	0.000111545	8965	1	FALSE	NA	NA	NA	NA	NA	NA
NC_045512.2	4928	A	T	8862	5101	58	2	2	29	0.000225581	8866	1	FALSE	NA	NA	NA	NA	NA	NA
NC_045512.2	4928	A	G	8862	5101	58	2	0	36	0.000225581	8866	0.98927	FALSE	NA	NA	NA	NA	NA	NA
NC_045512.2	4929	A	C	8708	4910	58	1	1	26	0.000114824	8709	1	FALSE	NA	NA	NA	NA	NA	NA
NC_045512.2	4930	T	A	8965	4992	57	1	1	26	0.000111532	8966	1	FALSE	NA	NA	NA	NA	NA	NA
NC_045512.2	4931	C	-T	9146	5225	59	1	0	20	0.000109337	9146	1	FALSE	NA	NA	NA	NA	NA	NA
NC_045512.2	4932	T	G	8841	4865	57	6	5	34	0.000678043	8849	0.787994	FALSE	NA	NA	NA	NA	NA	NA
NC_045512.2	4932	T	A	8841	4865	57	2	0	26	0.000226014	8849	1	FALSE	NA	NA	NA	NA	NA	NA
NC_045512.2	4933	T	C	9036	5115	59	1	1	24	0.000110656	9037	1	FALSE	NA	NA	NA	NA	NA	NA
NC_045512.2	4934	A	T	9107	5189	59	1	1	34	0.000109794	9108	0.999026	FALSE	NA	NA	NA	NA	NA	NA
NC_045512.2	4935	A	C	9142	5235	59	2	0	27	0.000218723	9144	1	FALSE	NA	NA	NA	NA	NA	NA
NC_045512.2	4937	A	T	9100	5217	57	1	0	27	0.000109866	9102	1	FALSE	NA	NA	NA	NA	NA	NA
NC_045512.2	4937	A	G	9100	5217	57	1	1	68	0.000109866	9102	0.5	FALSE	NA	NA	NA	NA	NA	NA
NC_045512.2	4938	C	G	9090	5208	59	2	0	27	0.000219974	9092	1	FALSE	NA	NA	NA	NA	NA	NA
NC_045512.2	4939	A	T	8630	4847	60	2	2	25	0.000231669	8633	1	FALSE	NA	NA	NA	NA	NA	NA
NC_045512.2	4939	A	C	8630	4847	60	1	1	27	0.000115835	8633	1	FALSE	NA	NA	NA	NA	NA	NA
NC_045512.2	4941	T	G	8483	4775	60	1	1	26	0.000117841	8486	1	FALSE	NA	NA	NA	NA	NA	NA
NC_045512.2	4941	T	A	8483	4775	60	2	2	51	0.000235682	8486	0.249985	FALSE	NA	NA	NA	NA	NA	NA
NC_045512.2	4942	T	A	8453	4772	58	1	0	27	0.000118287	8454	1	FALSE	NA	NA	NA	NA	NA	NA
NC_045512.2	4943	C	A	8472	4802	59	1	0	27	0.000118022	8473	1	FALSE	NA	NA	NA	NA	NA	NA
NC_045512.2	4945	T	C	8464	4789	60	1	1	68	0.000118133	8465	0.50003	FALSE	NA	NA	NA	NA	NA	NA
NC_045512.2	4947	C	A	8410	4821	59	1	1	27	0.000118892	8411	1	FALSE	NA	NA	NA	NA	NA	NA
NC_045512.2	4948	T	G	8241	4650	57	3	1	24	0.000363901	8244	1	FALSE	NA	NA	NA	NA	NA	NA
NC_045512.2	4949	T	G	8267	4711	58	2	2	30	0.00024175	8273	0.98926	FALSE	NA	NA	NA	NA	NA	NA
NC_045512.2	4949	T	C	8267	4711	58	3	2	28	0.000362625	8273	1	FALSE	NA	NA	NA	NA	NA	NA
NC_045512.2	4949	T	A	8267	4711	58	1	0	26	0.000120875	8273	1	FALSE	NA	NA	NA	NA	NA	NA
NC_045512.2	4950	T	G	8273	4701	59	1	1	34	0.000120861	8274	0.998052	FALSE	NA	NA	NA	NA	NA	NA
NC_045512.2	4951	G	C	8294	4745	59	1	0	27	0.00012054	8296	1	FALSE	NA	NA	NA	NA	NA	NA
NC_045512.2	4951	G	A	8294	4745	59	1	0	68	0.00012054	8296	0.5	FALSE	NA	NA	NA	NA	NA	NA
NC_045512.2	4952	A	G	8319	4776	59	1	0	24	0.000120192	8320	1	FALSE	NA	NA	NA	NA	NA	NA
NC_045512.2	4953	G	T	8284	4755	59	1	1	26	0.0001207	8285	1	FALSE	NA	NA	NA	NA	NA	NA
NC_045512.2	4954	A	T	8278	4808	56	1	0	27	0.000120773	8280	1	FALSE	NA	NA	NA	NA	NA	NA
NC_045512.2	4954	A	G	8278	4808	56	1	0	27	0.000120773	8280	1	FALSE	NA	NA	NA	NA	NA	NA
NC_045512.2	4955	G	T	8272	4743	59	1	1	26	0.000120831	8276	1	FALSE	NA	NA	NA	NA	NA	NA
NC_045512.2	4955	G	C	8272	4743	59	2	1	36	0.000241663	8276	0.989271	FALSE	NA	NA	NA	NA	NA	NA
NC_045512.2	4955	G	A	8272	4743	59	1	0	68	0.000120831	8276	0.49994	FALSE	NA	NA	NA	NA	NA	NA
NC_045512.2	4956	A	T	8218	4783	55	1	0	27	0.000121669	8219	1	FALSE	NA	NA	NA	NA	NA	NA
NC_045512.2	4957	A	T	8260	4872	58	1	0	26	0.000121051	8261	1	FALSE	NA	NA	NA	NA	NA	NA
NC_045512.2	4958	G	C	8247	4924	58	1	0	34	0.000121242	8248	0.998052	FALSE	NA	NA	NA	NA	NA	NA
NC_045512.2	4961	A	G	8219	4903	58	1	0	38	0.000121655	8220	0.998052	FALSE	NA	NA	NA	NA	NA	NA
NC_045512.2	4962	G	T	8133	4826	58	2	1	25	0.000245851	8135	1	FALSE	NA	NA	NA	NA	NA	NA
NC_045512.2	4963	G	T	8106	5002	56	1	1	26	0.00012335	8107	1	FALSE	NA	NA	NA	NA	NA	NA
NC_045512.2	4964	A	G	8076	4979	57	1	1	68	0.000123808	8077	0.500031	FALSE	NA	NA	NA	NA	NA	NA
NC_045512.2	4965	C	A	8056	4970	56	1	0	26	0.000124116	8057	1	FALSE	NA	NA	NA	NA	NA	NA
NC_045512.2	4966	T	A	7758	4705	55	1	0	26	0.000128883	7759	1	FALSE	NA	NA	NA	NA	NA	NA
NC_045512.2	4967	A	G	7863	4841	57	2	1	36	0.000254291	7865	0.980504	FALSE	NA	NA	NA	NA	NA	NA
NC_045512.2	4968	T	G	7690	4671	55	4	4	28	0.000519886	7694	1	FALSE	NA	NA	NA	NA	NA	NA
NC_045512.2	4969	T	G	7808	4808	55	1	0	24	0.000128057	7809	1	FALSE	NA	NA	NA	NA	NA	NA
NC_045512.2	4970	A	T	8157	4952	54	2	1	34	0.000245128	8159	0.989282	FALSE	NA	NA	NA	NA	NA	NA
NC_045512.2	4971	A	G	7919	4913	50	3	1	68	0.000378549	7925	0.124929	FALSE	NA	NA	NA	NA	NA	NA
NC_045512.2	4971	A	C	7919	4913	50	3	0	22	0.000378549	7925	1	FALSE	NA	NA	NA	NA	NA	NA
NC_045512.2	4972	G	T	7989	4839	56	1	1	26	0.000125109	7993	1	FALSE	NA	NA	NA	NA	NA	NA
NC_045512.2	4972	G	C	7989	4839	56	2	0	30	0.000250219	7993	0.980486	FALSE	NA	NA	NA	NA	NA	NA
NC_045512.2	4972	G	A	7989	4839	56	1	1	34	0.000125109	7993	0.996097	FALSE	NA	NA	NA	NA	NA	NA
NC_045512.2	4974	T	C	7024	4218	56	1	0	46	0.000142328	7026	0.5	FALSE	NA	NA	NA	NA	NA	NA
NC_045512.2	4974	T	A	7024	4218	56	1	0	20	0.000142328	7026	1	FALSE	NA	NA	NA	NA	NA	NA
NC_045512.2	4975	G	A	7070	4295	55	2	2	51	0.000282805	7072	0.250018	FALSE	NA	NA	NA	NA	NA	NA
NC_045512.2	4976	T	G	5929	3221	50	2	2	26	0.000337098	5933	1	FALSE	NA	NA	NA	NA	NA	NA
NC_045512.2	4976	T	C	5929	3221	50	2	1	25	0.000337098	5933	1	FALSE	NA	NA	NA	NA	NA	NA
NC_045512.2	4977	T	C	6792	4116	55	1	0	60	0.00014721	6793	0.500037	FALSE	NA	NA	NA	NA	NA	NA
NC_045512.2	4979	A	G	6752	4121	55	1	0	34	0.000148082	6753	0.992204	FALSE	NA	NA	NA	NA	NA	NA
NC_045512.2	4984	A	G	6087	3680	54	1	1	68	0.000164258	6088	0.500041	FALSE	NA	NA	NA	NA	NA	NA
NC_045512.2	4985	G	T	6072	3674	54	1	0	34	0.000164609	6075	0.992197	FALSE	NA	NA	NA	NA	NA	NA
NC_045512.2	4985	G	A	6072	3674	54	2	1	68	0.000329218	6075	0.249979	FALSE	NA	NA	NA	NA	NA	NA
NC_045512.2	4986	T	A	5947	3628	53	1	0	27	0.000168124	5948	1	FALSE	NA	NA	NA	NA	NA	NA
NC_045512.2	4991	A	C	5699	3501	53	2	2	27	0.000350816	5701	1	FALSE	NA	NA	NA	NA	NA	NA
NC_045512.2	4995	T	A	3684	2208	49	1	0	27	0.00027137	3685	1	FALSE	NA	NA	NA	NA	NA	NA
NC_045512.2	4997	A	T	3718	2265	49	1	0	24	0.000268889	3719	1	FALSE	NA	NA	NA	NA	NA	NA
NC_045512.2	4998	A	C	3678	2281	48	1	0	34	0.000271813	3679	0.937585	FALSE	NA	NA	NA	NA	NA	NA
NC_045512.2	4999	C	G	3741	2282	50	1	0	27	0.000267237	3742	1	FALSE	NA	NA	NA	NA	NA	NA
NC_045512.2	5001	T	C	3754	2297	50	1	1	68	0.000266312	3755	0.500067	FALSE	NA	NA	NA	NA	NA	NA
NC_045512.2	5001	T	-C	3754	2297	50	1	0	20	0.000266312	3755	1	FALSE	NA	NA	NA	NA	NA	NA
NC_045512.2	5003	C	A	3742	2290	50	1	1	34	0.000267165	3743	0.937583	FALSE	NA	NA	NA	NA	NA	NA
NC_045512.2	5005	C	G	3757	2300	50	2	0	27	0.000532056	3759	1	FALSE	NA	NA	NA	NA	NA	NA
NC_045512.2	5007	C	G	3772	2315	50	1	1	34	0.000265041	3773	0.937583	FALSE	NA	NA	NA	NA	NA	NA
NC_045512.2	5008	G	A	3753	2315	50	1	1	68	0.000266383	3754	0.500067	FALSE	NA	NA	NA	NA	NA	NA
NC_045512.2	5010	A	T	3750	2334	49	1	1	27	0.000266596	3751	1	FALSE	NA	NA	NA	NA	NA	NA
NC_045512.2	5012	G	C	3818	2327	50	1	0	20	0.000261849	3819	1	FALSE	NA	NA	NA	NA	NA	NA
NC_045512.2	5015	G	T	3855	2348	50	1	0	27	0.000259336	3856	1	FALSE	NA	NA	NA	NA	NA	NA
NC_045512.2	5016	T	C	3793	2299	50	1	0	34	0.000263505	3795	0.937549	FALSE	NA	NA	NA	NA	NA	NA
NC_045512.2	5016	T	A	3793	2299	50	1	0	68	0.000263505	3795	0.5	FALSE	NA	NA	NA	NA	NA	NA
NC_045512.2	5019	A	G	3866	2370	50	1	1	26	0.000258598	3867	1	FALSE	NA	NA	NA	NA	NA	NA
NC_045512.2	5022	T	G	3851	2372	50	2	1	34	0.000519076	3853	0.812662	FALSE	NA	NA	NA	NA	NA	NA
NC_045512.2	5026	A	T	3723	2327	50	3	0	31	0.000805153	3726	0.656439	FALSE	NA	NA	NA	NA	NA	NA
NC_045512.2	5027	A	C	3613	2402	45	4	0	25	0.00110589	3617	1	FALSE	NA	NA	NA	NA	NA	NA
NC_045512.2	5028	T	G	3749	2347	49	1	1	27	0.000266667	3750	1	FALSE	NA	NA	NA	NA	NA	NA
NC_045512.2	5029	G	C	3720	2431	48	2	1	27	0.000537346	3722	1	FALSE	NA	NA	NA	NA	NA	NA
NC_045512.2	5031	C	A	3543	2259	48	2	2	26	0.000564175	3545	1	FALSE	NA	NA	NA	NA	NA	NA
NC_045512.2	5033	T	G	3193	1999	47	2	0	30	0.000625978	3195	0.812696	FALSE	NA	NA	NA	NA	NA	NA
NC_045512.2	5035	T	G	3232	2026	48	1	1	27	0.00030931	3233	1	FALSE	NA	NA	NA	NA	NA	NA
NC_045512.2	5036	G	T	3184	2024	47	3	3	31	0.000941324	3187	0.656471	FALSE	NA	NA	NA	NA	NA	NA
NC_045512.2	5041	A	C	2381	1390	47	1	0	34	0.000419815	2382	0.875157	FALSE	NA	NA	NA	NA	NA	NA
NC_045512.2	5042	C	G	2373	1393	47	1	0	34	0.000421053	2375	0.875079	FALSE	NA	NA	NA	NA	NA	NA
NC_045512.2	5042	C	A	2373	1393	47	1	1	27	0.000421053	2375	1	FALSE	NA	NA	NA	NA	NA	NA
NC_045512.2	5044	G	T	2101	1173	47	1	1	20	0.000475737	2102	1	FALSE	NA	NA	NA	NA	NA	NA
NC_045512.2	5044	G	-T	2101	1173	47	1	0	20	0.000475737	2102	1	FALSE	NA	NA	NA	NA	NA	NA
NC_045512.2	5045	T	G	1658	819	45	2	2	26	0.00120482	1660	0.99993	FALSE	NA	NA	NA	NA	NA	NA
NC_045512.2	5051	C	G	1401	629	47	1	0	68	0.000713267	1402	0.500178	FALSE	NA	NA	NA	NA	NA	NA
NC_045512.2	5058	A	C	1373	678	50	1	0	27	0.000727802	1374	0.999941	FALSE	NA	NA	NA	NA	NA	NA
NC_045512.2	5060	T	G	1397	683	50	1	1	26	0.000715308	1398	0.999941	FALSE	NA	NA	NA	NA	NA	NA
NC_045512.2	5061	T	G	1376	658	49	1	1	27	0.000726216	1377	0.999941	FALSE	NA	NA	NA	NA	NA	NA
NC_045512.2	5063	G	A	1412	690	50	1	0	68	0.000707714	1413	0.500177	FALSE	NA	NA	NA	NA	NA	NA
NC_045512.2	5066	G	C	1399	688	49	1	1	27	0.000714286	1400	0.999971	FALSE	NA	NA	NA	NA	NA	NA
NC_045512.2	5074	T	C	1488	757	51	1	0	34	0.000671592	1489	0.750252	FALSE	NA	NA	NA	NA	NA	NA
NC_045512.2	5078	A	C	1328	642	52	1	1	27	0.000752445	1329	0.999941	FALSE	NA	NA	NA	NA	NA	NA
NC_045512.2	5082	A	C	1324	652	52	1	0	27	0.000754717	1325	0.999941	FALSE	NA	NA	NA	NA	NA	NA
NC_045512.2	5084	A	C	1362	663	52	1	0	34	0.000733676	1363	0.750275	FALSE	NA	NA	NA	NA	NA	NA
NC_045512.2	5085	T	A	1359	658	52	1	1	27	0.000735294	1360	0.999941	FALSE	NA	NA	NA	NA	NA	NA
NC_045512.2	5093	C	T	1318	630	52	1	0	68	0.00075815	1319	0.50019	FALSE	NA	NA	NA	NA	NA	NA
NC_045512.2	5094	A	C	1315	645	52	1	0	34	0.000759878	1316	0.750285	FALSE	NA	NA	NA	NA	NA	NA
NC_045512.2	5098	T	G	1275	592	49	1	1	26	0.000783699	1276	0.999882	FALSE	NA	NA	NA	NA	NA	NA
NC_045512.2	5099	T	C	1294	629	53	1	1	24	0.000772201	1295	0.999882	FALSE	NA	NA	NA	NA	NA	NA
NC_045512.2	5100	C	A	1274	641	52	2	0	30	0.0015674	1276	0.500294	FALSE	NA	NA	NA	NA	NA	NA
NC_045512.2	5105	G	T	1294	651	53	1	1	26	0.000772201	1295	0.999882	FALSE	NA	NA	NA	NA	NA	NA
NC_045512.2	5107	A	C	1276	642	54	1	0	26	0.000783085	1277	0.999882	FALSE	NA	NA	NA	NA	NA	NA
NC_045512.2	5117	T	C	1204	609	50	1	1	24	0.000829876	1205	0.999882	FALSE	NA	NA	NA	NA	NA	NA
NC_045512.2	5121	A	T	1227	651	53	1	0	34	0.000814332	1228	0.750305	FALSE	NA	NA	NA	NA	NA	NA
NC_045512.2	5131	T	C	1199	640	51	2	2	34	0.00166389	1202	0.5	FALSE	NA	NA	NA	NA	NA	NA
NC_045512.2	5131	T	A	1199	640	51	1	1	27	0.000831947	1202	0.999881	FALSE	NA	NA	NA	NA	NA	NA
NC_045512.2	5137	T	C	1287	697	51	1	1	46	0.000776398	1288	0.500194	FALSE	NA	NA	NA	NA	NA	NA
NC_045512.2	5145	T	G	1268	665	50	1	1	34	0.000788022	1269	0.750296	FALSE	NA	NA	NA	NA	NA	NA
NC_045512.2	5146	A	T	1273	672	49	1	1	20	0.000784929	1274	0.999882	FALSE	NA	NA	NA	NA	NA	NA
NC_045512.2	5148	G	C	1295	693	50	1	0	26	0.000771605	1296	0.999882	FALSE	NA	NA	NA	NA	NA	NA
NC_045512.2	5152	T	C	1246	658	51	1	1	34	0.000801925	1247	0.750301	FALSE	NA	NA	NA	NA	NA	NA
NC_045512.2	5158	T	+A	1232	652	51	1	0	20	0.000811688	1232	0.999883	FALSE	NA	NA	NA	NA	NA	NA
NC_045512.2	5166	A	G	1253	692	52	1	0	34	0.000797448	1254	0.750299	FALSE	NA	NA	NA	NA	NA	NA
NC_045512.2	5167	C	A	1320	701	51	1	0	26	0.000757002	1321	0.999941	FALSE	NA	NA	NA	NA	NA	NA
NC_045512.2	5168	T	G	1318	692	51	2	2	30	0.00151515	1320	0.500284	FALSE	NA	NA	NA	NA	NA	NA
NC_045512.2	5177	A	T	1312	669	51	1	1	26	0.000761615	1313	0.999941	FALSE	NA	NA	NA	NA	NA	NA
NC_045512.2	5178	C	A	1320	685	51	1	0	27	0.000757002	1321	0.999941	FALSE	NA	NA	NA	NA	NA	NA
NC_045512.2	5179	T	A	1253	627	51	1	1	26	0.000797448	1254	0.999882	FALSE	NA	NA	NA	NA	NA	NA
NC_045512.2	5181	A	C	1256	656	50	1	0	27	0.000795545	1257	0.999882	FALSE	NA	NA	NA	NA	NA	NA
NC_045512.2	5184	C	G	1235	651	51	1	0	20	0.000809061	1236	0.999882	FALSE	NA	NA	NA	NA	NA	NA
NC_045512.2	5188	T	C	1213	612	49	1	0	68	0.000823723	1214	0.500206	FALSE	NA	NA	NA	NA	NA	NA
NC_045512.2	5200	G	C	1355	683	50	1	1	27	0.000737463	1356	0.999941	FALSE	NA	NA	NA	NA	NA	NA
NC_045512.2	5202	A	G	1358	685	50	1	0	34	0.000735835	1359	0.750276	FALSE	NA	NA	NA	NA	NA	NA
NC_045512.2	5207	T	C	1318	659	52	1	1	60	0.00075815	1319	0.50019	FALSE	NA	NA	NA	NA	NA	NA
NC_045512.2	5209	A	C	1210	572	53	1	1	34	0.000825764	1211	0.75031	FALSE	NA	NA	NA	NA	NA	NA
NC_045512.2	5213	T	+A	1231	570	52	1	0	20	0.000812348	1231	0.999883	FALSE	NA	NA	NA	NA	NA	NA
NC_045512.2	5216	A	G	1200	596	50	1	1	68	0.000832639	1201	0.500208	FALSE	NA	NA	NA	NA	NA	NA
NC_045512.2	5224	T	C	1170	565	53	1	0	34	0.000853971	1171	0.75032	FALSE	NA	NA	NA	NA	NA	NA
NC_045512.2	5224	T	-A	1170	565	53	1	0	20	0.000853971	1171	0.999764	FALSE	NA	NA	NA	NA	NA	NA
NC_045512.2	5227	A	C	1182	589	53	1	0	26	0.000845309	1183	0.999764	FALSE	NA	NA	NA	NA	NA	NA
NC_045512.2	5230	G	C	1179	599	53	1	0	34	0.000847458	1180	0.750318	FALSE	NA	NA	NA	NA	NA	NA
NC_045512.2	5232	G	T	1173	581	53	1	0	27	0.000851789	1174	0.999764	FALSE	NA	NA	NA	NA	NA	NA
NC_045512.2	5233	G	T	1162	586	53	1	1	34	0.000859845	1163	0.750323	FALSE	NA	NA	NA	NA	NA	NA
NC_045512.2	5234	A	G	1167	596	53	1	0	24	0.000856164	1168	0.999764	FALSE	NA	NA	NA	NA	NA	NA
NC_045512.2	5238	A	G	1143	606	51	1	0	24	0.000874126	1144	0.999764	FALSE	NA	NA	NA	NA	NA	NA
NC_045512.2	5240	C	T	1156	597	53	1	1	34	0.000864304	1157	0.750324	FALSE	NA	NA	NA	NA	NA	NA
NC_045512.2	5243	C	A	1152	602	52	1	0	26	0.000867303	1153	0.999764	FALSE	NA	NA	NA	NA	NA	NA
NC_045512.2	5247	T	G	1000	456	47	1	1	20	0.000999001	1001	0.999528	FALSE	NA	NA	NA	NA	NA	NA
NC_045512.2	5250	A	C	1065	560	51	1	0	27	0.000938086	1066	0.999527	FALSE	NA	NA	NA	NA	NA	NA
NC_045512.2	5258	A	C	1010	541	51	3	0	26	0.0029615	1013	0.989027	FALSE	NA	NA	NA	NA	NA	NA
NC_045512.2	5259	C	G	1028	542	53	1	0	27	0.000971817	1029	0.999527	FALSE	NA	NA	NA	NA	NA	NA
NC_045512.2	5268	A	C	1201	612	48	1	0	34	0.000831947	1202	0.750312	FALSE	NA	NA	NA	NA	NA	NA
NC_045512.2	5271	G	C	1194	592	50	1	0	26	0.00083682	1195	0.999764	FALSE	NA	NA	NA	NA	NA	NA
NC_045512.2	5272	G	T	1187	592	49	1	1	68	0.000841751	1188	0.500211	FALSE	NA	NA	NA	NA	NA	NA
NC_045512.2	5281	C	G	1274	644	49	1	0	34	0.000784314	1275	0.750294	FALSE	NA	NA	NA	NA	NA	NA
NC_045512.2	5284	C	A	1292	676	48	1	0	20	0.000773395	1293	0.999882	FALSE	NA	NA	NA	NA	NA	NA
NC_045512.2	5290	T	A	1023	420	44	1	1	26	0.000976562	1024	0.999527	FALSE	NA	NA	NA	NA	NA	NA
NC_045512.2	5300	G	C	940	465	47	1	0	34	0.0010627	941	0.500266	FALSE	NA	NA	NA	NA	NA	NA
NC_045512.2	5312	C	G	1034	529	48	1	0	34	0.000966184	1035	0.750362	FALSE	NA	NA	NA	NA	NA	NA
NC_045512.2	5320	A	G	1044	540	47	1	0	27	0.000956938	1045	0.999527	FALSE	NA	NA	NA	NA	NA	NA
NC_045512.2	5321	A	C	1022	561	46	2	0	30	0.00195312	1024	0.500367	FALSE	NA	NA	NA	NA	NA	NA
NC_045512.2	5324	G	C	1072	558	47	1	0	26	0.000931966	1073	0.999527	FALSE	NA	NA	NA	NA	NA	NA
NC_045512.2	5326	G	C	1056	538	46	1	0	24	0.000946074	1057	0.999527	FALSE	NA	NA	NA	NA	NA	NA
NC_045512.2	5327	T	G	911	384	41	3	3	27	0.00328228	914	0.981108	FALSE	NA	NA	NA	NA	NA	NA
NC_045512.2	5335	T	C	1062	539	46	1	1	27	0.000940734	1063	0.999527	FALSE	NA	NA	NA	NA	NA	NA
NC_045512.2	5337	A	G	1067	555	47	1	0	34	0.00093633	1068	0.750351	FALSE	NA	NA	NA	NA	NA	NA
NC_045512.2	5348	C	A	1032	529	47	1	0	34	0.000968054	1033	0.750363	FALSE	NA	NA	NA	NA	NA	NA
NC_045512.2	5354	G	T	983	507	45	1	0	27	0.00101626	984	0.99905	FALSE	NA	NA	NA	NA	NA	NA
NC_045512.2	5357	G	C	1055	506	45	1	0	20	0.00094697	1056	0.999527	FALSE	NA	NA	NA	NA	NA	NA
NC_045512.2	5364	A	T	1053	523	45	1	0	26	0.000948767	1054	0.999527	FALSE	NA	NA	NA	NA	NA	NA
NC_045512.2	5365	C	A	1063	526	45	2	0	27	0.00187793	1065	0.996909	FALSE	NA	NA	NA	NA	NA	NA
NC_045512.2	5367	G	T	1029	470	45	1	1	20	0.000970874	1030	0.999527	FALSE	NA	NA	NA	NA	NA	NA
NC_045512.2	5372	A	T	997	451	46	1	1	26	0.001002	998	0.99905	FALSE	NA	NA	NA	NA	NA	NA
NC_045512.2	5373	G	T	1004	453	46	1	0	34	0.000995025	1005	0.750373	FALSE	NA	NA	NA	NA	NA	NA
NC_045512.2	5397	G	T	934	422	48	1	0	34	0.00106952	935	0.500268	FALSE	NA	NA	NA	NA	NA	NA
NC_045512.2	5400	C	T	938	431	48	1	1	46	0.00106383	940	0.5	FALSE	NA	NA	NA	NA	NA	NA
NC_045512.2	5400	C	A	938	431	48	1	0	34	0.00106383	940	0.5	FALSE	NA	NA	NA	NA	NA	NA
NC_045512.2	5402	C	G	926	425	47	1	0	26	0.00107875	927	0.999052	FALSE	NA	NA	NA	NA	NA	NA
NC_045512.2	5403	T	G	915	414	47	2	2	26	0.00218103	917	0.994286	FALSE	NA	NA	NA	NA	NA	NA
NC_045512.2	5408	T	G	968	434	49	1	1	27	0.00103199	969	0.999051	FALSE	NA	NA	NA	NA	NA	NA
NC_045512.2	5411	G	T	981	452	50	1	0	34	0.00101729	983	0.5	FALSE	NA	NA	NA	NA	NA	NA
NC_045512.2	5411	G	C	981	452	50	1	1	26	0.00101729	983	0.999046	FALSE	NA	NA	NA	NA	NA	NA
NC_045512.2	5415	A	T	919	414	50	2	2	34	0.0021692	922	0.249864	FALSE	NA	NA	NA	NA	NA	NA
NC_045512.2	5415	A	C	919	414	50	1	0	26	0.0010846	922	0.999042	FALSE	NA	NA	NA	NA	NA	NA
NC_045512.2	5416	C	G	940	414	50	1	1	34	0.0010627	941	0.500266	FALSE	NA	NA	NA	NA	NA	NA
NC_045512.2	5419	T	A	971	397	48	1	1	27	0.00102881	972	0.999051	FALSE	NA	NA	NA	NA	NA	NA
NC_045512.2	5423	A	G	975	444	50	1	1	26	0.00102459	976	0.999051	FALSE	NA	NA	NA	NA	NA	NA
NC_045512.2	5425	G	C	1001	439	51	1	1	27	0.000998004	1002	0.999528	FALSE	NA	NA	NA	NA	NA	NA
NC_045512.2	5429	G	T	990	415	50	1	0	34	0.00100908	991	0.500252	FALSE	NA	NA	NA	NA	NA	NA
NC_045512.2	5433	G	T	1031	490	52	1	1	26	0.000968992	1032	0.999527	FALSE	NA	NA	NA	NA	NA	NA
NC_045512.2	5434	T	G	987	449	51	2	2	30	0.00202224	989	0.250126	FALSE	NA	NA	NA	NA	NA	NA
NC_045512.2	5435	G	C	1029	473	52	1	1	27	0.000970874	1030	0.999527	FALSE	NA	NA	NA	NA	NA	NA
NC_045512.2	5438	T	C	996	444	50	1	1	68	0.00100301	997	0.500251	FALSE	NA	NA	NA	NA	NA	NA
NC_045512.2	5444	G	T	997	438	52	1	1	26	0.001002	998	0.99905	FALSE	NA	NA	NA	NA	NA	NA
NC_045512.2	5446	T	A	1013	450	53	1	1	20	0.000986193	1014	0.999527	FALSE	NA	NA	NA	NA	NA	NA
NC_045512.2	5449	T	G	1009	469	53	1	0	26	0.000990099	1010	0.999528	FALSE	NA	NA	NA	NA	NA	NA
NC_045512.2	5455	A	G	991	456	53	1	0	60	0.00100806	992	0.500252	FALSE	NA	NA	NA	NA	NA	NA
NC_045512.2	5461	G	C	1021	482	52	1	0	26	0.000978474	1022	0.999527	FALSE	NA	NA	NA	NA	NA	NA
NC_045512.2	5462	A	C	1010	474	52	2	2	27	0.00197628	1012	0.996913	FALSE	NA	NA	NA	NA	NA	NA
NC_045512.2	5468	T	C	1000	470	52	1	0	24	0.000999001	1001	0.999528	FALSE	NA	NA	NA	NA	NA	NA
NC_045512.2	5478	A	T	959	473	53	1	1	20	0.00104167	960	0.999051	FALSE	NA	NA	NA	NA	NA	NA
NC_045512.2	5483	A	C	957	494	53	1	0	26	0.00104384	958	0.999051	FALSE	NA	NA	NA	NA	NA	NA
NC_045512.2	5492	T	A	943	475	51	1	0	27	0.00105932	944	0.999052	FALSE	NA	NA	NA	NA	NA	NA
NC_045512.2	5499	A	C	955	498	53	1	0	27	0.00104603	956	0.999051	FALSE	NA	NA	NA	NA	NA	NA
NC_045512.2	5507	T	G	991	539	51	1	1	26	0.00100806	992	0.99905	FALSE	NA	NA	NA	NA	NA	NA
NC_045512.2	5511	A	C	973	553	50	1	0	26	0.00102669	974	0.999051	FALSE	NA	NA	NA	NA	NA	NA
NC_045512.2	5514	T	G	934	504	50	1	1	34	0.00106952	935	0.500268	FALSE	NA	NA	NA	NA	NA	NA
NC_045512.2	5519	T	A	993	552	51	1	0	24	0.00100604	994	0.99905	FALSE	NA	NA	NA	NA	NA	NA
NC_045512.2	5522	A	C	993	568	50	1	0	26	0.00100604	994	0.99905	FALSE	NA	NA	NA	NA	NA	NA
NC_045512.2	5523	A	T	989	571	50	1	0	34	0.00100908	991	0.5	FALSE	NA	NA	NA	NA	NA	NA
NC_045512.2	5523	A	G	989	571	50	1	0	24	0.00100908	991	0.999045	FALSE	NA	NA	NA	NA	NA	NA
NC_045512.2	5530	T	G	934	519	49	1	1	26	0.00106952	935	0.999052	FALSE	NA	NA	NA	NA	NA	NA
NC_045512.2	5537	C	T	957	544	48	1	0	60	0.00104384	958	0.500261	FALSE	NA	NA	NA	NA	NA	NA
NC_045512.2	5550	T	G	984	480	46	3	3	24	0.00303644	988	0.980998	FALSE	NA	NA	NA	NA	NA	NA
NC_045512.2	5550	T	A	984	480	46	1	0	26	0.00101215	988	0.999036	FALSE	NA	NA	NA	NA	NA	NA
NC_045512.2	5553	A	C	1006	544	47	3	0	26	0.00297324	1009	0.989028	FALSE	NA	NA	NA	NA	NA	NA
NC_045512.2	5556	G	+C	1012	511	48	1	0	20	0.000988142	1012	0.99953	FALSE	NA	NA	NA	NA	NA	NA
NC_045512.2	5561	G	C	936	456	48	1	1	27	0.00106724	937	0.999052	FALSE	NA	NA	NA	NA	NA	NA
NC_045512.2	5576	A	C	760	375	48	2	2	30	0.00262467	762	0.250164	FALSE	NA	NA	NA	NA	NA	NA
NC_045512.2	5580	G	A	739	357	47	1	0	34	0.00135135	740	0.500338	FALSE	NA	NA	NA	NA	NA	NA
NC_045512.2	5593	T	C	945	444	45	2	1	34	0.00211193	947	0.250132	FALSE	NA	NA	NA	NA	NA	NA
NC_045512.2	5594	G	T	967	466	45	1	1	34	0.00103306	968	0.500258	FALSE	NA	NA	NA	NA	NA	NA
NC_045512.2	5604	A	G	1008	519	47	1	0	34	0.00099108	1009	0.750372	FALSE	NA	NA	NA	NA	NA	NA
NC_045512.2	5608	A	G	982	500	47	1	0	34	0.00101729	983	0.500254	FALSE	NA	NA	NA	NA	NA	NA
NC_045512.2	5609	G	T	986	487	47	2	1	26	0.00202429	988	0.994276	FALSE	NA	NA	NA	NA	NA	NA
NC_045512.2	5610	G	C	1020	533	48	1	1	34	0.000979432	1021	0.750367	FALSE	NA	NA	NA	NA	NA	NA
NC_045512.2	5613	T	C	1016	516	47	1	1	26	0.000983284	1017	0.999527	FALSE	NA	NA	NA	NA	NA	NA
NC_045512.2	5625	G	C	1003	472	48	1	1	26	0.000996016	1004	0.999528	FALSE	NA	NA	NA	NA	NA	NA
NC_045512.2	5634	G	T	1041	511	49	1	0	26	0.000959693	1042	0.999527	FALSE	NA	NA	NA	NA	NA	NA
NC_045512.2	5638	A	C	943	529	46	1	0	26	0.00105932	944	0.999052	FALSE	NA	NA	NA	NA	NA	NA
NC_045512.2	5639	C	G	1039	523	50	1	0	27	0.000960615	1041	0.999525	FALSE	NA	NA	NA	NA	NA	NA
NC_045512.2	5639	C	A	1039	523	50	1	0	68	0.000960615	1041	0.5	FALSE	NA	NA	NA	NA	NA	NA
NC_045512.2	5650	A	C	1056	531	50	1	0	27	0.000946074	1057	0.999527	FALSE	NA	NA	NA	NA	NA	NA
NC_045512.2	5651	T	A	1062	523	50	1	1	26	0.000940734	1063	0.999527	FALSE	NA	NA	NA	NA	NA	NA
NC_045512.2	5662	A	C	1077	528	50	1	0	27	0.000927644	1078	0.999527	FALSE	NA	NA	NA	NA	NA	NA
NC_045512.2	5663	C	A	1070	529	49	1	0	20	0.000933707	1071	0.999527	FALSE	NA	NA	NA	NA	NA	NA
NC_045512.2	5664	A	G	1067	523	49	1	0	34	0.00093633	1068	0.750351	FALSE	NA	NA	NA	NA	NA	NA
NC_045512.2	5666	G	T	1034	508	49	1	0	34	0.000966184	1035	0.750362	FALSE	NA	NA	NA	NA	NA	NA
NC_045512.2	5668	G	T	1051	513	50	1	1	26	0.00095057	1052	0.999527	FALSE	NA	NA	NA	NA	NA	NA
NC_045512.2	5674	T	C	1024	530	50	1	1	68	0.00097561	1025	0.500244	FALSE	NA	NA	NA	NA	NA	NA
NC_045512.2	5680	T	G	1041	544	50	1	1	20	0.000959693	1042	0.999527	FALSE	NA	NA	NA	NA	NA	NA
NC_045512.2	5686	G	C	1052	549	49	1	0	27	0.000949668	1053	0.999527	FALSE	NA	NA	NA	NA	NA	NA
NC_045512.2	5694	C	A	1011	534	48	1	0	26	0.000988142	1012	0.999527	FALSE	NA	NA	NA	NA	NA	NA
NC_045512.2	5710	A	C	990	577	45	1	0	26	0.00100908	991	0.99905	FALSE	NA	NA	NA	NA	NA	NA
NC_045512.2	5715	A	G	935	492	49	1	1	68	0.00106838	936	0.500267	FALSE	NA	NA	NA	NA	NA	NA
NC_045512.2	5727	T	C	906	482	49	1	0	34	0.00110254	907	0.500276	FALSE	NA	NA	NA	NA	NA	NA
NC_045512.2	5734	T	A	854	429	50	1	1	34	0.00116959	855	0.500293	FALSE	NA	NA	NA	NA	NA	NA
NC_045512.2	5743	G	C	893	431	50	15	11	43	0.0165198	908	2.90295e-05	TRUE	NA	NA	NA	NA	NA	NA
NC_045512.2	5744	T	C	897	445	50	15	12	41	0.0164474	912	2.90359e-05	TRUE	NA	NA	NA	NA	NA	NA
NC_045512.2	5745	A	C	906	458	50	1	0	27	0.00110254	907	0.999053	FALSE	NA	NA	NA	NA	NA	NA
NC_045512.2	5757	A	T	895	419	50	1	1	27	0.00111607	896	0.998096	FALSE	NA	NA	NA	NA	NA	NA
NC_045512.2	5759	C	A	908	437	49	1	0	34	0.00110011	909	0.500275	FALSE	NA	NA	NA	NA	NA	NA
NC_045512.2	5765	G	A	818	361	49	1	0	34	0.001221	819	0.500305	FALSE	NA	NA	NA	NA	NA	NA
NC_045512.2	5766	G	C	830	400	50	2	0	34	0.00240385	832	0.25015	FALSE	NA	NA	NA	NA	NA	NA
NC_045512.2	5769	A	C	811	388	50	2	1	27	0.00246002	813	0.9895	FALSE	NA	NA	NA	NA	NA	NA
NC_045512.2	5771	T	C	895	417	49	1	0	68	0.00111607	896	0.500279	FALSE	NA	NA	NA	NA	NA	NA
NC_045512.2	5776	A	C	788	437	45	3	0	24	0.00379267	791	0.94609	FALSE	NA	NA	NA	NA	NA	NA
NC_045512.2	5791	A	C	856	391	51	1	0	27	0.00116686	857	0.998098	FALSE	NA	NA	NA	NA	NA	NA
NC_045512.2	5795	A	T	871	392	52	1	1	27	0.00114679	872	0.998097	FALSE	NA	NA	NA	NA	NA	NA
NC_045512.2	5796	C	A	863	405	52	1	0	26	0.00115741	864	0.998097	FALSE	NA	NA	NA	NA	NA	NA
NC_045512.2	5797	T	G	836	364	48	1	1	34	0.00119474	837	0.500299	FALSE	NA	NA	NA	NA	NA	NA
NC_045512.2	5806	C	A	924	424	52	1	0	34	0.00108108	925	0.50027	FALSE	NA	NA	NA	NA	NA	NA
NC_045512.2	5808	T	G	919	421	51	1	1	26	0.00108578	921	0.999047	FALSE	NA	NA	NA	NA	NA	NA
NC_045512.2	5808	T	C	919	421	51	1	1	27	0.00108578	921	0.999047	FALSE	NA	NA	NA	NA	NA	NA
NC_045512.2	5810	G	C	925	438	52	1	0	26	0.00107991	926	0.999052	FALSE	NA	NA	NA	NA	NA	NA
NC_045512.2	5818	T	A	923	417	51	1	0	20	0.00108225	924	0.999052	FALSE	NA	NA	NA	NA	NA	NA
NC_045512.2	5821	A	T	939	428	52	1	0	20	0.00106383	940	0.999052	FALSE	NA	NA	NA	NA	NA	NA
NC_045512.2	5824	T	C	906	387	52	1	0	68	0.00110254	907	0.500276	FALSE	NA	NA	NA	NA	NA	NA
NC_045512.2	5826	C	T	901	395	52	1	0	68	0.00110865	902	0.500277	FALSE	NA	NA	NA	NA	NA	NA
NC_045512.2	5837	G	T	932	401	51	1	1	27	0.00107181	933	0.999052	FALSE	NA	NA	NA	NA	NA	NA
NC_045512.2	5859	A	C	834	375	51	1	1	27	0.0011976	835	0.998099	FALSE	NA	NA	NA	NA	NA	NA
NC_045512.2	5862	T	G	814	376	50	1	0	26	0.00122699	815	0.9981	FALSE	NA	NA	NA	NA	NA	NA
NC_045512.2	5864	T	G	829	387	51	1	0	34	0.00120482	830	0.500301	FALSE	NA	NA	NA	NA	NA	NA
NC_045512.2	5868	A	C	815	394	51	1	0	34	0.00122549	816	0.500307	FALSE	NA	NA	NA	NA	NA	NA
NC_045512.2	5872	A	C	787	394	49	1	0	27	0.00126904	788	0.996182	FALSE	NA	NA	NA	NA	NA	NA
NC_045512.2	5873	G	T	802	393	50	1	1	27	0.00124533	803	0.998101	FALSE	NA	NA	NA	NA	NA	NA
NC_045512.2	5875	A	C	802	395	51	1	0	27	0.00124533	803	0.998101	FALSE	NA	NA	NA	NA	NA	NA
NC_045512.2	5884	C	T	768	400	51	1	1	68	0.00130039	769	0.500325	FALSE	NA	NA	NA	NA	NA	NA
NC_045512.2	5889	C	A	710	377	50	1	0	27	0.00140647	711	0.996192	FALSE	NA	NA	NA	NA	NA	NA
NC_045512.2	5896	A	+C	691	371	49	1	0	20	0.00144718	691	0.992384	FALSE	NA	NA	NA	NA	NA	NA
NC_045512.2	5897	A	T	695	369	50	1	0	68	0.00143472	697	0.5	FALSE	NA	NA	NA	NA	NA	NA
NC_045512.2	5897	A	G	695	369	50	1	0	34	0.00143472	697	0.5	FALSE	NA	NA	NA	NA	NA	NA
NC_045512.2	5903	G	C	839	422	44	2	0	23	0.00237812	841	0.989492	FALSE	NA	NA	NA	NA	NA	NA
NC_045512.2	5924	G	T	882	435	44	1	1	26	0.0011325	883	0.998096	FALSE	NA	NA	NA	NA	NA	NA
NC_045512.2	5925	T	G	896	449	45	1	1	34	0.00111359	898	0.5	FALSE	NA	NA	NA	NA	NA	NA
NC_045512.2	5925	T	C	896	449	45	1	0	46	0.00111359	898	0.5	FALSE	NA	NA	NA	NA	NA	NA
NC_045512.2	5929	T	C	896	456	44	1	0	34	0.00111483	897	0.500279	FALSE	NA	NA	NA	NA	NA	NA
NC_045512.2	5931	G	C	723	320	43	1	1	34	0.00138122	724	0.500346	FALSE	NA	NA	NA	NA	NA	NA
NC_045512.2	5934	C	A	714	324	43	1	0	27	0.0013986	715	0.996191	FALSE	NA	NA	NA	NA	NA	NA
NC_045512.2	5940	T	G	701	271	41	1	1	26	0.0014245	702	0.996193	FALSE	NA	NA	NA	NA	NA	NA
NC_045512.2	5948	A	T	814	358	44	1	0	24	0.00122699	815	0.9981	FALSE	NA	NA	NA	NA	NA	NA
NC_045512.2	5951	T	G	776	335	42	1	1	34	0.001287	777	0.500322	FALSE	NA	NA	NA	NA	NA	NA
NC_045512.2	5954	G	C	823	382	45	2	1	34	0.00242424	825	0.250152	FALSE	NA	NA	NA	NA	NA	NA
NC_045512.2	5957	A	G	820	390	44	1	1	46	0.00121803	821	0.500305	FALSE	NA	NA	NA	NA	NA	NA
NC_045512.2	5958	A	C	825	394	44	1	0	27	0.00121065	826	0.9981	FALSE	NA	NA	NA	NA	NA	NA
NC_045512.2	5968	G	A	833	424	45	1	0	26	0.00119904	834	0.998099	FALSE	NA	NA	NA	NA	NA	NA
NC_045512.2	5976	A	G	845	442	45	1	0	34	0.00118203	846	0.500296	FALSE	NA	NA	NA	NA	NA	NA
NC_045512.2	5981	T	A	856	448	45	1	0	27	0.00116686	857	0.998098	FALSE	NA	NA	NA	NA	NA	NA
NC_045512.2	5992	G	T	869	465	45	1	1	34	0.00114943	870	0.500288	FALSE	NA	NA	NA	NA	NA	NA
NC_045512.2	6008	G	T	928	449	46	1	0	26	0.00107643	929	0.999052	FALSE	NA	NA	NA	NA	NA	NA
NC_045512.2	6009	T	A	949	475	47	1	0	46	0.00105263	950	0.500263	FALSE	NA	NA	NA	NA	NA	NA
NC_045512.2	6014	A	G	894	437	47	2	0	27	0.00223214	896	0.989478	FALSE	NA	NA	NA	NA	NA	NA
NC_045512.2	6017	C	G	866	410	49	1	1	27	0.0011534	867	0.998097	FALSE	NA	NA	NA	NA	NA	NA
NC_045512.2	6019	A	C	872	413	48	1	0	26	0.00114548	873	0.998097	FALSE	NA	NA	NA	NA	NA	NA
NC_045512.2	6022	A	C	903	428	50	1	0	27	0.00110619	904	0.999053	FALSE	NA	NA	NA	NA	NA	NA
NC_045512.2	6030	A	G	729	389	44	1	0	60	0.00136986	730	0.500343	FALSE	NA	NA	NA	NA	NA	NA
NC_045512.2	6042	A	C	821	415	49	1	0	34	0.00121655	822	0.500304	FALSE	NA	NA	NA	NA	NA	NA
NC_045512.2	6044	A	T	804	432	48	1	1	26	0.00124224	805	0.998101	FALSE	NA	NA	NA	NA	NA	NA
NC_045512.2	6047	T	C	797	385	49	1	1	26	0.00125313	798	0.996181	FALSE	NA	NA	NA	NA	NA	NA
NC_045512.2	6048	T	C	852	442	52	1	1	34	0.00117233	853	0.500293	FALSE	NA	NA	NA	NA	NA	NA
NC_045512.2	6054	T	G	878	460	51	1	1	26	0.00113766	879	0.998097	FALSE	NA	NA	NA	NA	NA	NA
NC_045512.2	6055	T	A	870	458	52	1	0	38	0.00114811	871	0.500287	FALSE	NA	NA	NA	NA	NA	NA
NC_045512.2	6057	T	G	900	473	52	1	1	34	0.00110988	901	0.500278	FALSE	NA	NA	NA	NA	NA	NA
NC_045512.2	6066	A	T	860	454	51	1	0	26	0.00116144	861	0.998098	FALSE	NA	NA	NA	NA	NA	NA
NC_045512.2	6067	T	C	857	434	51	1	0	68	0.0011655	858	0.500292	FALSE	NA	NA	NA	NA	NA	NA
NC_045512.2	6072	A	C	830	466	48	1	0	26	0.00120337	831	0.998099	FALSE	NA	NA	NA	NA	NA	NA
NC_045512.2	6073	A	C	848	480	49	2	0	23	0.00235294	850	0.989489	FALSE	NA	NA	NA	NA	NA	NA
NC_045512.2	6074	T	G	844	464	49	1	1	34	0.00118343	845	0.500296	FALSE	NA	NA	NA	NA	NA	NA
NC_045512.2	6076	T	A	846	467	51	1	1	34	0.00118064	847	0.500295	FALSE	NA	NA	NA	NA	NA	NA
NC_045512.2	6079	T	C	830	456	50	1	1	68	0.00120337	831	0.500301	FALSE	NA	NA	NA	NA	NA	NA
NC_045512.2	6080	G	T	832	459	50	1	1	68	0.00120048	833	0.5003	FALSE	NA	NA	NA	NA	NA	NA
NC_045512.2	6081	A	T	854	481	51	1	1	34	0.00116959	855	0.500293	FALSE	NA	NA	NA	NA	NA	NA
NC_045512.2	6095	T	A	839	419	48	1	0	20	0.00119048	840	0.998099	FALSE	NA	NA	NA	NA	NA	NA
NC_045512.2	6115	T	G	848	441	52	1	1	26	0.00117509	851	0.998078	FALSE	NA	NA	NA	NA	NA	NA
NC_045512.2	6115	T	C	848	441	52	2	1	30	0.00235018	851	0.249853	FALSE	NA	NA	NA	NA	NA	NA
NC_045512.2	6122	A	C	892	478	50	3	0	24	0.00335196	895	0.967824	FALSE	NA	NA	NA	NA	NA	NA
NC_045512.2	6123	G	C	913	469	52	1	1	27	0.00109409	914	0.999053	FALSE	NA	NA	NA	NA	NA	NA
NC_045512.2	6124	A	T	881	470	49	1	0	27	0.0011325	883	0.998087	FALSE	NA	NA	NA	NA	NA	NA
NC_045512.2	6124	A	C	881	470	49	1	1	20	0.0011325	883	0.998087	FALSE	NA	NA	NA	NA	NA	NA
NC_045512.2	6151	C	T	989	552	54	1	0	46	0.0010101	990	0.500253	FALSE	NA	NA	NA	NA	NA	NA
NC_045512.2	6155	A	C	986	578	53	1	0	24	0.00101317	987	0.99905	FALSE	NA	NA	NA	NA	NA	NA
NC_045512.2	6156	A	T	970	581	50	1	1	27	0.00102987	971	0.999051	FALSE	NA	NA	NA	NA	NA	NA
NC_045512.2	6161	G	T	945	544	53	1	1	20	0.00105708	946	0.999052	FALSE	NA	NA	NA	NA	NA	NA
NC_045512.2	6171	C	G	918	536	53	1	1	34	0.00108814	919	0.500272	FALSE	NA	NA	NA	NA	NA	NA
NC_045512.2	6173	A	G	910	535	53	1	1	34	0.00109769	911	0.500275	FALSE	NA	NA	NA	NA	NA	NA
NC_045512.2	6189	A	C	856	500	54	1	1	27	0.00116686	857	0.998098	FALSE	NA	NA	NA	NA	NA	NA
NC_045512.2	6198	C	G	720	403	54	1	0	27	0.00138696	721	0.996191	FALSE	NA	NA	NA	NA	NA	NA
NC_045512.2	6200	T	G	1169	519	44	1	1	34	0.000854701	1170	0.750321	FALSE	NA	NA	NA	NA	NA	NA
NC_045512.2	6202	T	A	1220	574	47	1	1	34	0.000819001	1221	0.750307	FALSE	NA	NA	NA	NA	NA	NA
NC_045512.2	6204	A	G	1197	586	46	1	0	27	0.000834725	1198	0.999764	FALSE	NA	NA	NA	NA	NA	NA
NC_045512.2	6205	G	C	1197	561	47	1	1	26	0.000834725	1198	0.999764	FALSE	NA	NA	NA	NA	NA	NA
NC_045512.2	6214	T	C	1261	634	50	1	1	68	0.000792393	1262	0.500198	FALSE	NA	NA	NA	NA	NA	NA
NC_045512.2	6222	T	C	1239	638	50	1	0	24	0.000806452	1240	0.999882	FALSE	NA	NA	NA	NA	NA	NA
NC_045512.2	6231	C	A	1389	713	52	1	0	27	0.000719424	1390	0.999941	FALSE	NA	NA	NA	NA	NA	NA
NC_045512.2	6234	T	A	1349	683	51	1	1	27	0.000740741	1350	0.999941	FALSE	NA	NA	NA	NA	NA	NA
NC_045512.2	6254	G	T	1267	643	50	1	1	27	0.000788644	1268	0.999882	FALSE	NA	NA	NA	NA	NA	NA
NC_045512.2	6258	C	G	1282	659	51	1	1	34	0.000779423	1283	0.750292	FALSE	NA	NA	NA	NA	NA	NA
NC_045512.2	6260	A	C	1330	677	51	1	1	27	0.000751315	1331	0.999941	FALSE	NA	NA	NA	NA	NA	NA
NC_045512.2	6267	C	G	1326	694	51	1	1	34	0.00075358	1327	0.750283	FALSE	NA	NA	NA	NA	NA	NA
NC_045512.2	6279	C	-A	1393	720	51	1	0	20	0.000717875	1393	0.999942	FALSE	NA	NA	NA	NA	NA	NA
NC_045512.2	6281	A	G	1356	701	50	1	0	60	0.000736377	1358	0.5	FALSE	NA	NA	NA	NA	NA	NA
NC_045512.2	6281	A	C	1356	701	50	1	0	27	0.000736377	1358	0.999941	FALSE	NA	NA	NA	NA	NA	NA
NC_045512.2	6284	A	T	1354	683	49	1	1	34	0.000738007	1355	0.750277	FALSE	NA	NA	NA	NA	NA	NA
NC_045512.2	6285	C	G	1384	711	50	1	1	27	0.000722022	1385	0.999941	FALSE	NA	NA	NA	NA	NA	NA
NC_045512.2	6288	G	C	1375	671	49	1	1	34	0.000726744	1376	0.750273	FALSE	NA	NA	NA	NA	NA	NA
NC_045512.2	6294	T	G	1429	677	50	1	1	27	0.000699301	1430	0.999971	FALSE	NA	NA	NA	NA	NA	NA
NC_045512.2	6296	C	T	1442	700	50	1	1	68	0.000693001	1443	0.500173	FALSE	NA	NA	NA	NA	NA	NA
NC_045512.2	6298	T	C	1305	585	51	4	0	32	0.00305577	1309	0.1875	FALSE	NA	NA	NA	NA	NA	NA
NC_045512.2	6310	C	G	1203	562	52	1	0	26	0.000830565	1204	0.999882	FALSE	NA	NA	NA	NA	NA	NA
NC_045512.2	6318	C	T	1152	523	53	1	0	68	0.000867303	1153	0.500217	FALSE	NA	NA	NA	NA	NA	NA
NC_045512.2	6321	T	G	1089	470	49	1	1	20	0.000917431	1090	0.999526	FALSE	NA	NA	NA	NA	NA	NA
NC_045512.2	6330	C	G	1090	525	53	1	0	34	0.00091659	1091	0.750344	FALSE	NA	NA	NA	NA	NA	NA
NC_045512.2	6332	A	C	1014	539	48	1	0	27	0.000985222	1015	0.999527	FALSE	NA	NA	NA	NA	NA	NA
NC_045512.2	6333	A	C	1035	531	50	1	0	34	0.000965251	1036	0.750362	FALSE	NA	NA	NA	NA	NA	NA
NC_045512.2	6335	T	A	1080	564	52	1	0	26	0.000925069	1081	0.999526	FALSE	NA	NA	NA	NA	NA	NA
NC_045512.2	6338	T	G	902	428	45	1	1	26	0.00110742	903	0.999053	FALSE	NA	NA	NA	NA	NA	NA
NC_045512.2	6339	T	G	963	488	49	1	1	20	0.00103734	964	0.999051	FALSE	NA	NA	NA	NA	NA	NA
NC_045512.2	6342	A	G	1048	567	51	1	1	38	0.000953289	1049	0.750358	FALSE	NA	NA	NA	NA	NA	NA
NC_045512.2	6347	C	A	1065	604	50	1	0	27	0.000938086	1066	0.999527	FALSE	NA	NA	NA	NA	NA	NA
NC_045512.2	6348	T	G	1070	598	51	2	1	26	0.00186567	1072	0.996908	FALSE	NA	NA	NA	NA	NA	NA
NC_045512.2	6352	G	A	1068	576	51	2	1	34	0.00186916	1070	0.500351	FALSE	NA	NA	NA	NA	NA	NA
NC_045512.2	6365	C	G	745	365	53	1	1	26	0.00134048	746	0.996187	FALSE	NA	NA	NA	NA	NA	NA
NC_045512.2	6366	A	G	726	358	51	1	0	68	0.00137363	728	0.5	FALSE	NA	NA	NA	NA	NA	NA
NC_045512.2	6366	A	C	726	358	51	1	0	27	0.00137363	728	0.996169	FALSE	NA	NA	NA	NA	NA	NA
NC_045512.2	6368	G	T	739	339	52	1	1	20	0.00135135	740	0.996188	FALSE	NA	NA	NA	NA	NA	NA
NC_045512.2	6369	G	T	757	347	52	1	1	34	0.00131752	759	0.5	FALSE	NA	NA	NA	NA	NA	NA
NC_045512.2	6369	G	C	757	347	52	1	0	27	0.00131752	759	0.996166	FALSE	NA	NA	NA	NA	NA	NA
NC_045512.2	6375	A	T	765	339	52	1	0	27	0.00130548	766	0.996185	FALSE	NA	NA	NA	NA	NA	NA
NC_045512.2	6394	T	A	714	289	48	1	1	27	0.0013986	715	0.996191	FALSE	NA	NA	NA	NA	NA	NA
NC_045512.2	6408	C	G	692	325	53	1	0	34	0.001443	693	0.500361	FALSE	NA	NA	NA	NA	NA	NA
NC_045512.2	6418	A	G	657	300	54	1	1	68	0.00151745	659	0.5	FALSE	NA	NA	NA	NA	NA	NA
NC_045512.2	6418	A	C	657	300	54	1	0	34	0.00151745	659	0.5	FALSE	NA	NA	NA	NA	NA	NA
NC_045512.2	6430	T	G	663	333	54	1	1	34	0.00150376	665	0.5	FALSE	NA	NA	NA	NA	NA	NA
NC_045512.2	6430	T	A	663	333	54	1	1	27	0.00150376	665	0.992311	FALSE	NA	NA	NA	NA	NA	NA
NC_045512.2	6460	T	A	659	323	50	1	0	26	0.00151515	660	0.992352	FALSE	NA	NA	NA	NA	NA	NA
NC_045512.2	6466	A	G	647	324	51	1	0	34	0.00154321	648	0.500386	FALSE	NA	NA	NA	NA	NA	NA
NC_045512.2	6481	A	G	615	326	50	1	1	46	0.00162338	616	0.500406	FALSE	NA	NA	NA	NA	NA	NA
NC_045512.2	6486	A	T	572	296	47	1	1	20	0.0017452	573	0.98466	FALSE	NA	NA	NA	NA	NA	NA
NC_045512.2	6499	A	C	552	317	42	2	0	34	0.00361011	554	0.250226	FALSE	NA	NA	NA	NA	NA	NA
NC_045512.2	6513	G	C	641	312	47	1	1	27	0.00155763	642	0.992357	FALSE	NA	NA	NA	NA	NA	NA
NC_045512.2	6521	A	C	631	324	46	1	0	27	0.00158228	632	0.99236	FALSE	NA	NA	NA	NA	NA	NA
NC_045512.2	6522	T	A	639	320	47	1	1	34	0.0015625	640	0.500391	FALSE	NA	NA	NA	NA	NA	NA
NC_045512.2	6532	G	T	535	266	45	1	1	27	0.00186567	536	0.98468	FALSE	NA	NA	NA	NA	NA	NA
NC_045512.2	6533	G	C	534	275	46	1	1	26	0.00186916	535	0.984681	FALSE	NA	NA	NA	NA	NA	NA
NC_045512.2	6547	T	A	656	308	45	1	1	26	0.00152207	657	0.992353	FALSE	NA	NA	NA	NA	NA	NA
NC_045512.2	6553	G	T	683	342	47	2	1	34	0.00291971	685	0.250183	FALSE	NA	NA	NA	NA	NA	NA
NC_045512.2	6575	A	C	731	349	47	1	1	27	0.00136612	732	0.996189	FALSE	NA	NA	NA	NA	NA	NA
NC_045512.2	6589	G	C	693	337	48	1	0	26	0.00144092	694	0.992344	FALSE	NA	NA	NA	NA	NA	NA
NC_045512.2	6591	A	C	688	345	49	1	0	26	0.00145138	689	0.992345	FALSE	NA	NA	NA	NA	NA	NA
NC_045512.2	6598	T	C	637	290	46	2	0	34	0.00312989	639	0.250196	FALSE	NA	NA	NA	NA	NA	NA
NC_045512.2	6599	G	C	715	366	48	1	0	26	0.0013947	717	0.99617	FALSE	NA	NA	NA	NA	NA	NA
NC_045512.2	6599	G	A	715	366	48	1	1	34	0.0013947	717	0.5	FALSE	NA	NA	NA	NA	NA	NA
NC_045512.2	6601	A	C	718	394	48	1	0	34	0.00139082	719	0.500348	FALSE	NA	NA	NA	NA	NA	NA
NC_045512.2	6602	T	C	702	372	48	1	1	68	0.00142248	703	0.500356	FALSE	NA	NA	NA	NA	NA	NA
NC_045512.2	6618	G	T	720	377	51	1	1	26	0.00138696	721	0.996191	FALSE	NA	NA	NA	NA	NA	NA
NC_045512.2	6619	T	G	663	324	47	1	1	34	0.00150602	664	0.500377	FALSE	NA	NA	NA	NA	NA	NA
NC_045512.2	6657	A	C	768	426	52	1	0	34	0.00130039	769	0.500325	FALSE	NA	NA	NA	NA	NA	NA
NC_045512.2	6659	A	G	745	398	52	1	1	68	0.00134048	746	0.500335	FALSE	NA	NA	NA	NA	NA	NA
NC_045512.2	6676	T	C	708	326	53	1	1	68	0.00141044	709	0.500353	FALSE	NA	NA	NA	NA	NA	NA
NC_045512.2	6682	T	A	698	318	52	1	0	20	0.00143062	699	0.992343	FALSE	NA	NA	NA	NA	NA	NA
NC_045512.2	6693	A	T	674	308	50	1	0	34	0.00148148	675	0.500371	FALSE	NA	NA	NA	NA	NA	NA
NC_045512.2	6698	T	C	666	324	50	1	1	46	0.00149925	667	0.500375	FALSE	NA	NA	NA	NA	NA	NA
NC_045512.2	6700	T	C	657	314	50	1	1	34	0.00151976	658	0.50038	FALSE	NA	NA	NA	NA	NA	NA
NC_045512.2	6702	T	G	637	285	49	1	1	27	0.0015674	638	0.992358	FALSE	NA	NA	NA	NA	NA	NA
NC_045512.2	6718	T	G	669	344	51	1	1	20	0.00149254	670	0.99235	FALSE	NA	NA	NA	NA	NA	NA
NC_045512.2	6720	C	A	655	357	50	1	0	34	0.00152439	656	0.500381	FALSE	NA	NA	NA	NA	NA	NA
NC_045512.2	6722	A	G	640	349	50	1	0	68	0.00156006	641	0.50039	FALSE	NA	NA	NA	NA	NA	NA
NC_045512.2	6727	T	G	617	339	51	1	0	27	0.00161812	618	0.992364	FALSE	NA	NA	NA	NA	NA	NA
NC_045512.2	6736	T	G	587	331	51	1	1	26	0.00170068	588	0.984653	FALSE	NA	NA	NA	NA	NA	NA
NC_045512.2	6743	T	-G	538	308	53	1	0	20	0.00185874	538	0.984764	FALSE	NA	NA	NA	NA	NA	NA
NC_045512.2	6748	A	T	533	312	53	1	1	34	0.00187266	534	0.500469	FALSE	NA	NA	NA	NA	NA	NA
NC_045512.2	6754	T	A	617	285	47	1	0	34	0.00161812	618	0.500405	FALSE	NA	NA	NA	NA	NA	NA
NC_045512.2	6755	G	T	627	284	46	1	1	20	0.00159236	628	0.992361	FALSE	NA	NA	NA	NA	NA	NA
NC_045512.2	6767	T	C	654	301	47	1	0	26	0.00152672	655	0.992354	FALSE	NA	NA	NA	NA	NA	NA
NC_045512.2	6787	T	G	575	226	44	1	1	27	0.00173611	576	0.984659	FALSE	NA	NA	NA	NA	NA	NA
NC_045512.2	6788	T	C	595	246	46	1	1	34	0.00167785	596	0.50042	FALSE	NA	NA	NA	NA	NA	NA
NC_045512.2	6791	T	C	591	253	46	1	1	26	0.00168919	592	0.984651	FALSE	NA	NA	NA	NA	NA	NA
NC_045512.2	6793	G	T	582	244	45	1	1	26	0.00171527	583	0.984655	FALSE	NA	NA	NA	NA	NA	NA
NC_045512.2	6802	G	A	638	273	44	1	1	68	0.00156495	639	0.500392	FALSE	NA	NA	NA	NA	NA	NA
NC_045512.2	6808	T	G	595	262	44	1	1	34	0.00167785	596	0.50042	FALSE	NA	NA	NA	NA	NA	NA
NC_045512.2	6832	A	T	595	285	43	1	1	20	0.00167504	597	0.984571	FALSE	NA	NA	NA	NA	NA	NA
NC_045512.2	6832	A	G	595	285	43	1	1	27	0.00167504	597	0.984571	FALSE	NA	NA	NA	NA	NA	NA
NC_045512.2	6838	A	C	599	301	44	1	0	26	0.00166667	600	0.992324	FALSE	NA	NA	NA	NA	NA	NA
NC_045512.2	6843	C	G	632	317	44	1	1	20	0.00157978	633	0.992359	FALSE	NA	NA	NA	NA	NA	NA
NC_045512.2	6857	A	C	617	267	48	1	1	27	0.00161812	618	0.992364	FALSE	NA	NA	NA	NA	NA	NA
NC_045512.2	6858	T	G	625	264	48	1	0	34	0.00159744	626	0.5004	FALSE	NA	NA	NA	NA	NA	NA
NC_045512.2	6859	A	G	617	267	48	1	0	34	0.00161812	618	0.500405	FALSE	NA	NA	NA	NA	NA	NA
NC_045512.2	6864	A	C	554	278	46	1	1	52	0.0018018	555	0.500451	FALSE	NA	NA	NA	NA	NA	NA
NC_045512.2	6865	G	T	674	280	47	2	1	25	0.00295858	676	0.965409	FALSE	NA	NA	NA	NA	NA	NA
NC_045512.2	6874	T	G	781	342	49	1	0	34	0.00127714	783	0.5	FALSE	NA	NA	NA	NA	NA	NA
NC_045512.2	6874	T	A	781	342	49	1	0	20	0.00127714	783	0.996163	FALSE	NA	NA	NA	NA	NA	NA
NC_045512.2	6876	A	C	727	364	48	1	0	26	0.00137363	728	0.99619	FALSE	NA	NA	NA	NA	NA	NA
NC_045512.2	6894	G	C	690	328	50	1	1	20	0.00144718	691	0.992345	FALSE	NA	NA	NA	NA	NA	NA
NC_045512.2	6899	G	A	672	316	50	1	1	34	0.00148588	673	0.500372	FALSE	NA	NA	NA	NA	NA	NA
NC_045512.2	6909	T	G	655	314	47	1	1	27	0.00152439	656	0.992353	FALSE	NA	NA	NA	NA	NA	NA
NC_045512.2	6913	T	C	686	352	52	1	1	27	0.0014556	687	0.992346	FALSE	NA	NA	NA	NA	NA	NA
NC_045512.2	6917	T	G	652	337	48	2	2	26	0.0030581	654	0.965428	FALSE	NA	NA	NA	NA	NA	NA
NC_045512.2	6930	A	G	687	389	51	1	1	34	0.00145349	688	0.500364	FALSE	NA	NA	NA	NA	NA	NA
NC_045512.2	6938	A	T	692	386	51	1	1	34	0.001443	693	0.500361	FALSE	NA	NA	NA	NA	NA	NA
NC_045512.2	6939	A	C	691	397	50	1	0	26	0.00144509	692	0.992345	FALSE	NA	NA	NA	NA	NA	NA
NC_045512.2	6949	T	A	732	406	50	1	1	26	0.00136426	733	0.996189	FALSE	NA	NA	NA	NA	NA	NA
NC_045512.2	6953	A	T	703	409	49	1	0	24	0.00142045	704	0.996193	FALSE	NA	NA	NA	NA	NA	NA
NC_045512.2	6961	G	-T	689	387	50	1	0	20	0.00145138	689	0.992384	FALSE	NA	NA	NA	NA	NA	NA
NC_045512.2	6968	C	A	712	422	51	1	0	27	0.00140252	713	0.996192	FALSE	NA	NA	NA	NA	NA	NA
NC_045512.2	6969	T	A	714	423	51	1	1	27	0.0013986	715	0.996191	FALSE	NA	NA	NA	NA	NA	NA
NC_045512.2	6971	T	C	695	396	50	1	0	68	0.00143678	696	0.500359	FALSE	NA	NA	NA	NA	NA	NA
NC_045512.2	6975	G	C	742	435	50	1	0	27	0.0013459	743	0.996188	FALSE	NA	NA	NA	NA	NA	NA
NC_045512.2	6976	T	A	717	438	52	1	0	20	0.00139276	718	0.996191	FALSE	NA	NA	NA	NA	NA	NA
NC_045512.2	6982	C	G	677	411	51	1	1	24	0.00147493	678	0.992348	FALSE	NA	NA	NA	NA	NA	NA
NC_045512.2	6985	A	G	655	396	52	1	1	34	0.00152439	656	0.500381	FALSE	NA	NA	NA	NA	NA	NA
NC_045512.2	6986	G	T	662	393	53	1	1	20	0.0015083	663	0.992352	FALSE	NA	NA	NA	NA	NA	NA
NC_045512.2	7007	G	C	601	372	51	1	0	26	0.00166113	602	0.992368	FALSE	NA	NA	NA	NA	NA	NA
NC_045512.2	7016	G	T	574	361	49	3	3	34	0.00497512	603	0.116904	FALSE	NA	NA	NA	NA	NA	NA
NC_045512.2	7016	G	C	574	361	49	2	2	34	0.00331675	603	0.238874	FALSE	NA	NA	NA	NA	NA	NA
NC_045512.2	7016	G	A	574	361	49	24	20	38	0.039801	603	4.34413e-08	TRUE	NA	NA	NA	NA	NA	NA
NC_045512.2	7018	T	C	593	376	50	1	1	34	0.0016835	594	0.500421	FALSE	NA	NA	NA	NA	NA	NA
NC_045512.2	7037	G	T	552	345	50	1	0	34	0.00180832	553	0.500452	FALSE	NA	NA	NA	NA	NA	NA
NC_045512.2	7038	G	T	559	354	49	1	0	24	0.00178571	560	0.984667	FALSE	NA	NA	NA	NA	NA	NA
NC_045512.2	7053	G	C	495	311	50	1	0	27	0.00201613	496	0.969222	FALSE	NA	NA	NA	NA	NA	NA
NC_045512.2	7062	A	G	613	340	47	1	0	34	0.00162866	614	0.500407	FALSE	NA	NA	NA	NA	NA	NA
NC_045512.2	7063	C	T	621	342	46	1	1	68	0.00160772	622	0.500402	FALSE	NA	NA	NA	NA	NA	NA
NC_045512.2	7076	T	A	608	317	47	1	0	27	0.00164204	609	0.992366	FALSE	NA	NA	NA	NA	NA	NA
NC_045512.2	7080	A	C	539	317	43	1	0	27	0.00185185	540	0.984678	FALSE	NA	NA	NA	NA	NA	NA
NC_045512.2	7083	C	A	637	319	47	1	1	26	0.0015674	638	0.992358	FALSE	NA	NA	NA	NA	NA	NA
NC_045512.2	7086	C	G	633	317	47	1	0	34	0.00157729	634	0.500395	FALSE	NA	NA	NA	NA	NA	NA
NC_045512.2	7098	T	C	536	258	46	1	1	27	0.0018622	537	0.984679	FALSE	NA	NA	NA	NA	NA	NA
NC_045512.2	7110	G	T	600	279	45	1	1	20	0.00166389	601	0.992369	FALSE	NA	NA	NA	NA	NA	NA
NC_045512.2	7130	A	T	658	294	47	1	1	26	0.00151745	659	0.992353	FALSE	NA	NA	NA	NA	NA	NA
NC_045512.2	7140	T	C	634	249	45	1	0	34	0.0015748	635	0.500394	FALSE	NA	NA	NA	NA	NA	NA
NC_045512.2	7147	T	G	645	258	46	1	1	26	0.00154799	646	0.992356	FALSE	NA	NA	NA	NA	NA	NA
NC_045512.2	7154	T	C	673	302	50	1	1	34	0.00148368	674	0.500371	FALSE	NA	NA	NA	NA	NA	NA
NC_045512.2	7168	T	C	698	317	50	1	1	27	0.00143062	699	0.992343	FALSE	NA	NA	NA	NA	NA	NA
NC_045512.2	7170	C	G	695	325	50	1	0	34	0.00143678	696	0.500359	FALSE	NA	NA	NA	NA	NA	NA
NC_045512.2	7171	T	C	658	299	51	1	0	34	0.00151745	659	0.50038	FALSE	NA	NA	NA	NA	NA	NA
NC_045512.2	7173	C	-T	649	287	51	1	0	20	0.00154083	649	0.992396	FALSE	NA	NA	NA	NA	NA	NA
NC_045512.2	7183	T	C	666	287	51	1	0	68	0.00149925	667	0.500375	FALSE	NA	NA	NA	NA	NA	NA
NC_045512.2	7212	G	C	605	282	52	1	0	27	0.00165017	606	0.992367	FALSE	NA	NA	NA	NA	NA	NA
NC_045512.2	7220	A	C	619	290	51	1	1	34	0.0016129	620	0.500404	FALSE	NA	NA	NA	NA	NA	NA
NC_045512.2	7223	G	C	609	272	51	1	0	26	0.00163934	610	0.992366	FALSE	NA	NA	NA	NA	NA	NA
NC_045512.2	7224	C	T	591	278	50	1	0	34	0.00168919	592	0.500423	FALSE	NA	NA	NA	NA	NA	NA
NC_045512.2	7245	G	A	583	267	50	1	0	34	0.00171233	584	0.500428	FALSE	NA	NA	NA	NA	NA	NA
NC_045512.2	7246	G	-T	589	268	50	1	0	20	0.00169779	589	0.984731	FALSE	NA	NA	NA	NA	NA	NA
NC_045512.2	7258	T	C	590	277	49	1	1	20	0.00169205	591	0.984652	FALSE	NA	NA	NA	NA	NA	NA
NC_045512.2	7260	T	C	586	278	50	1	0	34	0.00170068	588	0.5	FALSE	NA	NA	NA	NA	NA	NA
NC_045512.2	7260	T	A	586	278	50	1	0	26	0.00170068	588	0.984574	FALSE	NA	NA	NA	NA	NA	NA
NC_045512.2	7273	G	T	548	301	49	1	0	20	0.00182149	549	0.984673	FALSE	NA	NA	NA	NA	NA	NA
NC_045512.2	7276	T	G	549	302	49	1	1	27	0.00181818	550	0.984672	FALSE	NA	NA	NA	NA	NA	NA
NC_045512.2	7286	C	G	554	301	48	1	0	34	0.0018018	555	0.500451	FALSE	NA	NA	NA	NA	NA	NA
NC_045512.2	7299	C	T	544	278	48	1	1	34	0.00183486	545	0.500459	FALSE	NA	NA	NA	NA	NA	NA
NC_045512.2	7309	A	T	496	245	49	1	1	34	0.00201207	497	0.500504	FALSE	NA	NA	NA	NA	NA	NA
NC_045512.2	7315	T	G	496	258	49	1	0	34	0.00201207	497	0.500504	FALSE	NA	NA	NA	NA	NA	NA
NC_045512.2	7322	T	A	487	256	48	1	1	27	0.00204918	488	0.969229	FALSE	NA	NA	NA	NA	NA	NA
NC_045512.2	7326	T	G	492	265	50	1	0	34	0.0020284	493	0.500508	FALSE	NA	NA	NA	NA	NA	NA
NC_045512.2	7329	C	A	481	269	48	1	0	27	0.00207469	482	0.969235	FALSE	NA	NA	NA	NA	NA	NA
NC_045512.2	7340	A	C	558	316	47	1	1	27	0.00178891	559	0.984667	FALSE	NA	NA	NA	NA	NA	NA
NC_045512.2	7346	A	C	566	319	47	1	0	27	0.00176367	567	0.984663	FALSE	NA	NA	NA	NA	NA	NA
NC_045512.2	7352	T	A	598	329	47	1	0	34	0.00166945	599	0.500418	FALSE	NA	NA	NA	NA	NA	NA
NC_045512.2	7360	G	T	604	322	47	1	0	27	0.00165289	605	0.992367	FALSE	NA	NA	NA	NA	NA	NA
NC_045512.2	7368	T	C	612	336	48	1	1	27	0.00163132	613	0.992365	FALSE	NA	NA	NA	NA	NA	NA
NC_045512.2	7373	A	T	617	330	48	1	1	26	0.00161812	618	0.992364	FALSE	NA	NA	NA	NA	NA	NA
NC_045512.2	7374	A	G	608	347	45	1	1	68	0.00164204	609	0.500411	FALSE	NA	NA	NA	NA	NA	NA
NC_045512.2	7376	C	G	617	340	47	1	1	27	0.00161812	618	0.992364	FALSE	NA	NA	NA	NA	NA	NA
NC_045512.2	7379	G	T	613	331	47	9	4	40	0.0144695	622	0.00191086	TRUE	NA	NA	NA	NA	NA	NA
NC_045512.2	7382	C	A	619	337	47	1	1	34	0.0016129	620	0.500404	FALSE	NA	NA	NA	NA	NA	NA
NC_045512.2	7394	A	T	554	272	47	1	1	34	0.0018018	555	0.500451	FALSE	NA	NA	NA	NA	NA	NA
NC_045512.2	7397	T	G	551	275	47	1	1	27	0.00181159	552	0.984671	FALSE	NA	NA	NA	NA	NA	NA
NC_045512.2	7407	T	C	597	283	46	2	1	26	0.0033389	599	0.938321	FALSE	NA	NA	NA	NA	NA	NA
NC_045512.2	7410	G	C	638	313	47	1	1	27	0.00156495	639	0.992358	FALSE	NA	NA	NA	NA	NA	NA
NC_045512.2	7415	T	A	678	343	47	1	0	34	0.00147275	679	0.500368	FALSE	NA	NA	NA	NA	NA	NA
NC_045512.2	7418	A	+C	691	343	49	1	0	20	0.00144718	691	0.992384	FALSE	NA	NA	NA	NA	NA	NA
NC_045512.2	7419	T	A	688	340	46	1	1	27	0.00145138	689	0.992345	FALSE	NA	NA	NA	NA	NA	NA
NC_045512.2	7420	C	G	683	352	47	1	1	27	0.00146199	684	0.992347	FALSE	NA	NA	NA	NA	NA	NA
NC_045512.2	7426	T	G	635	321	48	1	1	34	0.00157233	636	0.500393	FALSE	NA	NA	NA	NA	NA	NA
NC_045512.2	7434	T	G	638	310	48	1	1	20	0.00156495	639	0.992358	FALSE	NA	NA	NA	NA	NA	NA
NC_045512.2	7439	T	G	693	363	50	1	1	27	0.00143885	695	0.992305	FALSE	NA	NA	NA	NA	NA	NA
NC_045512.2	7439	T	C	693	363	50	1	1	27	0.00143885	695	0.992305	FALSE	NA	NA	NA	NA	NA	NA
NC_045512.2	7440	A	+G	697	371	49	1	0	20	0.00143472	697	0.992382	FALSE	NA	NA	NA	NA	NA	NA
NC_045512.2	7442	G	T	656	337	51	1	1	26	0.00152207	657	0.992353	FALSE	NA	NA	NA	NA	NA	NA
NC_045512.2	7447	G	C	681	358	49	1	1	27	0.00146628	682	0.992347	FALSE	NA	NA	NA	NA	NA	NA
NC_045512.2	7458	T	G	697	347	49	2	2	23	0.00286123	699	0.96539	FALSE	NA	NA	NA	NA	NA	NA
NC_045512.2	7461	A	T	675	340	51	1	1	27	0.00147929	676	0.992349	FALSE	NA	NA	NA	NA	NA	NA
NC_045512.2	7466	G	A	716	355	52	1	0	60	0.0013947	717	0.500349	FALSE	NA	NA	NA	NA	NA	NA
NC_045512.2	7471	C	G	719	365	52	1	0	27	0.00138889	720	0.996191	FALSE	NA	NA	NA	NA	NA	NA
NC_045512.2	7487	A	C	648	359	47	2	0	27	0.00307692	650	0.965431	FALSE	NA	NA	NA	NA	NA	NA
NC_045512.2	7488	C	G	723	357	53	2	2	23	0.00275862	725	0.980855	FALSE	NA	NA	NA	NA	NA	NA
NC_045512.2	7495	G	T	734	384	55	1	1	26	0.00135685	737	0.996147	FALSE	NA	NA	NA	NA	NA	NA
NC_045512.2	7495	G	A	734	384	55	2	0	68	0.0027137	737	0.24983	FALSE	NA	NA	NA	NA	NA	NA
NC_045512.2	7500	G	T	721	371	55	1	0	34	0.00138504	722	0.500347	FALSE	NA	NA	NA	NA	NA	NA
NC_045512.2	7504	C	A	718	382	55	1	1	34	0.00139082	719	0.500348	FALSE	NA	NA	NA	NA	NA	NA
NC_045512.2	7508	C	G	746	393	55	1	1	27	0.00133869	747	0.996187	FALSE	NA	NA	NA	NA	NA	NA
NC_045512.2	7519	A	G	734	383	58	1	1	68	0.00136054	735	0.50034	FALSE	NA	NA	NA	NA	NA	NA
NC_045512.2	7526	G	C	737	397	57	1	1	34	0.00135501	738	0.500339	FALSE	NA	NA	NA	NA	NA	NA
NC_045512.2	7527	T	G	682	342	51	2	2	26	0.00292398	684	0.965402	FALSE	NA	NA	NA	NA	NA	NA
NC_045512.2	7530	A	C	727	410	51	1	0	27	0.00137363	728	0.99619	FALSE	NA	NA	NA	NA	NA	NA
NC_045512.2	7538	A	C	778	444	56	1	0	27	0.0012837	779	0.996183	FALSE	NA	NA	NA	NA	NA	NA
NC_045512.2	7546	T	A	768	427	57	1	0	24	0.00130039	769	0.996185	FALSE	NA	NA	NA	NA	NA	NA
NC_045512.2	7550	G	T	740	404	58	1	1	34	0.00134953	741	0.500338	FALSE	NA	NA	NA	NA	NA	NA
NC_045512.2	7562	T	G	739	410	58	1	1	27	0.00135135	740	0.996188	FALSE	NA	NA	NA	NA	NA	NA
NC_045512.2	7563	C	T	750	412	57	1	1	26	0.00133156	751	0.996187	FALSE	NA	NA	NA	NA	NA	NA
NC_045512.2	7567	T	C	746	418	58	1	0	46	0.00133869	747	0.500335	FALSE	NA	NA	NA	NA	NA	NA
NC_045512.2	7571	G	T	739	411	57	1	1	26	0.00135135	740	0.996188	FALSE	NA	NA	NA	NA	NA	NA
NC_045512.2	7579	T	A	672	355	57	1	1	26	0.00148588	673	0.992349	FALSE	NA	NA	NA	NA	NA	NA
NC_045512.2	7614	G	C	541	298	57	1	0	27	0.00184502	542	0.984677	FALSE	NA	NA	NA	NA	NA	NA
NC_045512.2	7616	A	G	536	300	57	1	1	34	0.0018622	537	0.500466	FALSE	NA	NA	NA	NA	NA	NA
NC_045512.2	7622	G	+T	506	278	56	8	0	20	0.0157791	507	0.299259	FALSE	NA	NA	NA	NA	NA	NA
NC_045512.2	7653	C	G	291	171	53	1	1	68	0.00341297	293	0.5	FALSE	NA	NA	NA	NA	NA	NA
NC_045512.2	7653	C	A	291	171	53	1	1	34	0.00341297	293	0.5	FALSE	NA	NA	NA	NA	NA	NA
NC_045512.2	7663	T	G	203	113	53	1	1	68	0.00490196	204	0.501229	FALSE	NA	NA	NA	NA	NA	NA
NC_045512.2	7933	A	T	70	47	48	1	0	26	0.0140845	71	0.503546	FALSE	NA	NA	NA	NA	NA	NA
NC_045512.2	8009	G	A	74	34	49	1	1	24	0.0133333	75	0.503356	FALSE	NA	NA	NA	NA	NA	NA
NC_045512.2	8025	C	A	74	38	49	1	0	27	0.0133333	75	0.503356	FALSE	NA	NA	NA	NA	NA	NA
NC_045512.2	8077	A	C	68	33	50	1	0	27	0.0144928	69	0.50365	FALSE	NA	NA	NA	NA	NA	NA
NC_045512.2	8157	C	A	76	41	49	1	0	26	0.012987	77	0.503268	FALSE	NA	NA	NA	NA	NA	NA
NC_045512.2	8176	T	-CGG	75	36	53	10	0	20	0.133333	75	0.00146777	TRUE	NA	NA	NA	NA	NA	NA
NC_045512.2	8182	A	T	75	37	54	1	0	26	0.0131579	76	0.503311	FALSE	NA	NA	NA	NA	NA	NA
NC_045512.2	8245	A	C	78	41	47	1	0	26	0.0126582	79	0.503185	FALSE	NA	NA	NA	NA	NA	NA
NC_045512.2	8281	C	A	80	46	47	1	0	26	0.0123457	81	0.503106	FALSE	NA	NA	NA	NA	NA	NA
NC_045512.2	8419	C	A	67	29	54	1	0	26	0.0147059	68	0.503704	FALSE	NA	NA	NA	NA	NA	NA
NC_045512.2	8456	A	C	72	30	53	1	0	27	0.0136986	73	0.503448	FALSE	NA	NA	NA	NA	NA	NA
NC_045512.2	8496	G	C	78	39	53	1	0	26	0.0125	80	0.5	FALSE	NA	NA	NA	NA	NA	NA
NC_045512.2	8496	G	A	78	39	53	1	1	34	0.0125	80	0.5	FALSE	NA	NA	NA	NA	NA	NA
NC_045512.2	8701	T	-G	100	42	49	1	0	20	0.01	100	0.753731	FALSE	NA	NA	NA	NA	NA	NA
NC_045512.2	8788	T	C	187	79	58	1	0	68	0.00531915	188	0.501333	FALSE	NA	NA	NA	NA	NA	NA
NC_045512.2	8831	G	T	197	94	60	1	1	26	0.00502513	199	0.750633	FALSE	NA	NA	NA	NA	NA	NA
NC_045512.2	8831	G	C	197	94	60	1	1	27	0.00502513	199	0.750633	FALSE	NA	NA	NA	NA	NA	NA
NC_045512.2	8864	C	G	188	108	55	1	1	26	0.00529101	189	0.751989	FALSE	NA	NA	NA	NA	NA	NA
NC_045512.2	8881	G	C	190	107	54	1	1	27	0.0052356	191	0.751969	FALSE	NA	NA	NA	NA	NA	NA
NC_045512.2	8885	T	C	204	112	53	1	1	26	0.00487805	205	0.876831	FALSE	NA	NA	NA	NA	NA	NA
NC_045512.2	8911	G	A	145	76	51	1	0	68	0.00684932	146	0.501718	FALSE	NA	NA	NA	NA	NA	NA
NC_045512.2	8923	T	C	167	90	50	2	1	34	0.0118343	169	0.250742	FALSE	NA	NA	NA	NA	NA	NA
NC_045512.2	8924	A	C	167	88	49	1	0	27	0.00595238	168	0.752239	FALSE	NA	NA	NA	NA	NA	NA
NC_045512.2	8928	T	G	142	63	46	1	1	26	0.00699301	143	0.752632	FALSE	NA	NA	NA	NA	NA	NA
NC_045512.2	8970	T	C	136	45	47	1	1	60	0.00729927	137	0.501832	FALSE	NA	NA	NA	NA	NA	NA
NC_045512.2	8981	A	C	156	52	48	1	1	27	0.00636943	157	0.752396	FALSE	NA	NA	NA	NA	NA	NA
NC_045512.2	8983	T	A	152	53	49	1	1	20	0.00653595	153	0.752459	FALSE	NA	NA	NA	NA	NA	NA
NC_045512.2	9022	T	C	155	60	50	1	1	38	0.00641026	156	0.501608	FALSE	NA	NA	NA	NA	NA	NA
NC_045512.2	9036	A	T	143	66	47	1	1	26	0.00694444	144	0.752613	FALSE	NA	NA	NA	NA	NA	NA
NC_045512.2	9059	T	G	149	62	48	1	1	27	0.00666667	150	0.752508	FALSE	NA	NA	NA	NA	NA	NA
NC_045512.2	9062	T	G	150	64	50	1	1	27	0.00662252	151	0.752492	FALSE	NA	NA	NA	NA	NA	NA
NC_045512.2	9070	T	G	152	61	51	1	1	26	0.00653595	153	0.752459	FALSE	NA	NA	NA	NA	NA	NA
NC_045512.2	9074	A	C	153	65	52	1	1	27	0.00649351	154	0.752443	FALSE	NA	NA	NA	NA	NA	NA
NC_045512.2	9076	T	G	152	65	51	1	1	27	0.00653595	153	0.752459	FALSE	NA	NA	NA	NA	NA	NA
NC_045512.2	9106	T	G	124	50	43	1	1	27	0.008	125	0.753012	FALSE	NA	NA	NA	NA	NA	NA
NC_045512.2	9122	C	A	159	85	46	1	1	20	0.00625	160	0.752351	FALSE	NA	NA	NA	NA	NA	NA
NC_045512.2	9129	T	G	143	76	47	1	1	27	0.00694444	144	0.752613	FALSE	NA	NA	NA	NA	NA	NA
NC_045512.2	9138	A	G	147	76	49	1	0	34	0.00675676	148	0.501695	FALSE	NA	NA	NA	NA	NA	NA
NC_045512.2	9143	T	C	146	74	49	1	1	26	0.00680272	147	0.75256	FALSE	NA	NA	NA	NA	NA	NA
NC_045512.2	9152	C	T	152	77	50	1	1	34	0.00653595	153	0.501639	FALSE	NA	NA	NA	NA	NA	NA
NC_045512.2	9185	A	C	155	78	52	1	1	26	0.00641026	156	0.752412	FALSE	NA	NA	NA	NA	NA	NA
NC_045512.2	9224	G	T	136	74	50	1	1	20	0.00729927	137	0.752747	FALSE	NA	NA	NA	NA	NA	NA
NC_045512.2	9235	A	C	165	90	47	1	0	34	0.0060241	166	0.501511	FALSE	NA	NA	NA	NA	NA	NA
NC_045512.2	9250	T	-G	142	68	46	70	0	20	0.492958	142	4.3967e-17	TRUE	NA	NA	NA	NA	NA	NA
NC_045512.2	9272	A	-GATG	166	86	47	1	0	20	0.0060241	166	0.753758	FALSE	NA	NA	NA	NA	NA	NA
NC_045512.2	9280	A	C	164	86	48	1	0	34	0.00606061	165	0.50152	FALSE	NA	NA	NA	NA	NA	NA
NC_045512.2	9344	C	T	0	0	0	128	53	43	1	128	3.46701e-76	TRUE	NA	NA	NA	NA	NA	NA
NC_045512.2	9353	A	G	137	61	45	1	1	34	0.00724638	138	0.501818	FALSE	NA	NA	NA	NA	NA	NA
NC_045512.2	9372	A	T	133	54	48	1	0	26	0.00746269	134	0.752809	FALSE	NA	NA	NA	NA	NA	NA
NC_045512.2	9411	C	G	136	61	52	1	1	26	0.00729927	137	0.752747	FALSE	NA	NA	NA	NA	NA	NA
NC_045512.2	9424	A	G	0	0	0	155	75	53	1	155	2.11749e-92	TRUE	NA	NA	NA	NA	NA	NA
NC_045512.2	9450	A	T	147	76	51	1	1	34	0.00675676	148	0.501695	FALSE	NA	NA	NA	NA	NA	NA
NC_045512.2	9462	G	T	147	75	51	1	1	26	0.00675676	148	0.752542	FALSE	NA	NA	NA	NA	NA	NA
NC_045512.2	9480	G	A	141	87	51	1	0	34	0.00704225	142	0.501767	FALSE	NA	NA	NA	NA	NA	NA
NC_045512.2	9522	T	G	155	89	46	1	1	34	0.00641026	156	0.501608	FALSE	NA	NA	NA	NA	NA	NA
NC_045512.2	9534	C	T	0	0	0	151	92	48	0.993421	152	2.67525e-90	TRUE	NA	NA	NA	NA	NA	NA
NC_045512.2	9534	C	G	0	0	0	1	1	34	0.00657895	152	0.00657895	TRUE	NA	NA	NA	NA	NA	NA
NC_045512.2	9620	G	C	137	68	48	1	0	26	0.00724638	138	0.752727	FALSE	NA	NA	NA	NA	NA	NA
NC_045512.2	9641	A	C	128	76	49	1	1	34	0.00775194	129	0.501946	FALSE	NA	NA	NA	NA	NA	NA
NC_045512.2	9643	T	G	125	74	49	1	1	26	0.00793651	126	0.752988	FALSE	NA	NA	NA	NA	NA	NA
NC_045512.2	9648	G	T	129	75	50	1	1	34	0.00769231	130	0.501931	FALSE	NA	NA	NA	NA	NA	NA
NC_045512.2	9683	A	G	120	54	49	1	1	34	0.00826446	121	0.502075	FALSE	NA	NA	NA	NA	NA	NA
NC_045512.2	9718	G	C	122	50	48	1	1	27	0.00813008	123	0.753061	FALSE	NA	NA	NA	NA	NA	NA
NC_045512.2	9745	C	A	118	60	51	1	0	26	0.00840336	119	0.753165	FALSE	NA	NA	NA	NA	NA	NA
NC_045512.2	9750	A	C	119	62	50	1	0	26	0.00833333	120	0.753138	FALSE	NA	NA	NA	NA	NA	NA
NC_045512.2	9780	T	A	117	54	50	1	0	27	0.00847458	118	0.753191	FALSE	NA	NA	NA	NA	NA	NA
NC_045512.2	9781	T	A	121	58	50	1	0	27	0.00819672	122	0.753086	FALSE	NA	NA	NA	NA	NA	NA
NC_045512.2	9802	G	C	105	51	49	1	1	27	0.00943396	106	0.753555	FALSE	NA	NA	NA	NA	NA	NA
NC_045512.2	9811	C	-T	106	54	47	1	0	20	0.00943396	106	0.755879	FALSE	NA	NA	NA	NA	NA	NA
NC_045512.2	9812	T	G	100	47	46	1	1	26	0.00990099	101	0.751244	FALSE	NA	NA	NA	NA	NA	NA
NC_045512.2	9818	T	G	101	51	46	1	1	26	0.00980392	102	0.753695	FALSE	NA	NA	NA	NA	NA	NA
NC_045512.2	9849	G	T	111	62	47	1	1	26	0.00892857	112	0.753363	FALSE	NA	NA	NA	NA	NA	NA
NC_045512.2	9905	T	G	113	60	51	1	1	26	0.00877193	114	0.753304	FALSE	NA	NA	NA	NA	NA	NA
NC_045512.2	10029	C	T	0	0	0	121	68	51	1	121	5.52316e-72	TRUE	NA	NA	NA	NA	NA	NA
NC_045512.2	10090	A	C	121	86	52	1	0	27	0.00819672	122	0.753086	FALSE	NA	NA	NA	NA	NA	NA
NC_045512.2	10105	G	C	98	69	54	1	1	34	0.010101	99	0.502538	FALSE	NA	NA	NA	NA	NA	NA
NC_045512.2	10109	C	G	94	66	54	1	0	20	0.0105263	95	0.502646	FALSE	NA	NA	NA	NA	NA	NA
NC_045512.2	11197	T	-G	187	38	48	1	0	20	0.00534759	187	0.753337	FALSE	NA	NA	NA	NA	NA	NA
NC_045512.2	11204	G	T	704	182	49	1	1	20	0.00141643	706	0.996171	FALSE	NA	NA	NA	NA	NA	NA
NC_045512.2	11204	G	A	704	182	49	1	1	68	0.00141643	706	0.5	FALSE	NA	NA	NA	NA	NA	NA
NC_045512.2	11209	T	C	879	245	50	1	0	34	0.00113636	880	0.500284	FALSE	NA	NA	NA	NA	NA	NA
NC_045512.2	11218	T	A	1266	389	53	1	0	24	0.000789266	1267	0.999882	FALSE	NA	NA	NA	NA	NA	NA
NC_045512.2	11219	A	T	1271	393	51	1	1	27	0.000786164	1272	0.999882	FALSE	NA	NA	NA	NA	NA	NA
NC_045512.2	11220	T	G	1283	389	52	1	1	20	0.00077821	1285	0.999882	FALSE	NA	NA	NA	NA	NA	NA
NC_045512.2	11220	T	C	1283	389	52	1	1	24	0.00077821	1285	0.999882	FALSE	NA	NA	NA	NA	NA	NA
NC_045512.2	11221	G	T	1536	466	52	2	1	30	0.00130039	1538	0.500244	FALSE	NA	NA	NA	NA	NA	NA
NC_045512.2	11223	T	C	2222	632	51	1	0	34	0.000449843	2223	0.875169	FALSE	NA	NA	NA	NA	NA	NA
NC_045512.2	11224	C	A	2799	751	49	1	1	34	0.000357143	2800	0.875134	FALSE	NA	NA	NA	NA	NA	NA
NC_045512.2	11225	T	A	2826	775	49	1	1	27	0.000353732	2827	1	FALSE	NA	NA	NA	NA	NA	NA
NC_045512.2	11228	A	T	2837	912	52	1	1	27	0.000352361	2838	1	FALSE	NA	NA	NA	NA	NA	NA
NC_045512.2	11229	T	G	2875	909	52	2	2	27	0.000695169	2877	1	FALSE	NA	NA	NA	NA	NA	NA
NC_045512.2	11230	G	A	2874	932	53	1	0	34	0.000347826	2875	0.87513	FALSE	NA	NA	NA	NA	NA	NA
NC_045512.2	11231	C	G	2886	936	53	1	1	27	0.00034638	2887	1	FALSE	NA	NA	NA	NA	NA	NA
NC_045512.2	11232	C	T	2899	943	52	1	0	68	0.000344471	2903	0.499828	FALSE	NA	NA	NA	NA	NA	NA
NC_045512.2	11232	C	G	2899	943	52	3	3	24	0.00103341	2903	1	FALSE	NA	NA	NA	NA	NA	NA
NC_045512.2	11233	T	A	2946	957	53	1	0	68	0.000339328	2947	0.500085	FALSE	NA	NA	NA	NA	NA	NA
NC_045512.2	11235	C	G	2992	976	52	1	1	20	0.000334113	2993	1	FALSE	NA	NA	NA	NA	NA	NA
NC_045512.2	11236	T	G	3024	1006	53	1	1	27	0.000330579	3025	1	FALSE	NA	NA	NA	NA	NA	NA
NC_045512.2	11237	A	T	3043	997	52	2	1	25	0.000656814	3045	1	FALSE	NA	NA	NA	NA	NA	NA
NC_045512.2	11239	T	G	3099	1051	51	1	1	27	0.000322477	3101	1	FALSE	NA	NA	NA	NA	NA	NA
NC_045512.2	11239	T	C	3099	1051	51	1	1	60	0.000322477	3101	0.5	FALSE	NA	NA	NA	NA	NA	NA
NC_045512.2	11240	T	G	3117	1043	50	2	2	23	0.000641026	3120	1	FALSE	NA	NA	NA	NA	NA	NA
NC_045512.2	11240	T	A	3117	1043	50	1	1	46	0.000320513	3120	0.49992	FALSE	NA	NA	NA	NA	NA	NA
NC_045512.2	11244	T	G	3211	1129	54	2	1	47	0.000622471	3213	0.250039	FALSE	NA	NA	NA	NA	NA	NA
NC_045512.2	11245	G	T	3229	1125	54	2	2	27	0.000619003	3231	1	FALSE	NA	NA	NA	NA	NA	NA
NC_045512.2	11247	T	G	3239	1149	53	2	2	23	0.000617093	3241	1	FALSE	NA	NA	NA	NA	NA	NA
NC_045512.2	11249	C	T	3243	1202	55	2	1	68	0.000616333	3245	0.250039	FALSE	NA	NA	NA	NA	NA	NA
NC_045512.2	11250	G	T	3389	1211	55	1	1	27	0.000294898	3391	1	FALSE	NA	NA	NA	NA	NA	NA
NC_045512.2	11250	G	C	3389	1211	55	1	1	27	0.000294898	3391	1	FALSE	NA	NA	NA	NA	NA	NA
NC_045512.2	11251	T	C	3482	1243	54	1	1	27	0.000287109	3483	1	FALSE	NA	NA	NA	NA	NA	NA
NC_045512.2	11254	T	G	3528	1307	57	1	0	34	0.000283366	3529	0.937589	FALSE	NA	NA	NA	NA	NA	NA
NC_045512.2	11256	T	A	3570	1333	57	1	0	27	0.000280034	3571	1	FALSE	NA	NA	NA	NA	NA	NA
NC_045512.2	11257	G	A	3558	1311	56	1	0	26	0.000280978	3559	1	FALSE	NA	NA	NA	NA	NA	NA
NC_045512.2	11258	A	G	3604	1342	57	1	1	68	0.000277393	3605	0.500069	FALSE	NA	NA	NA	NA	NA	NA
NC_045512.2	11263	G	T	3827	1400	55	4	2	23	0.00104384	3832	1	FALSE	NA	NA	NA	NA	NA	NA
NC_045512.2	11263	G	A	3827	1400	55	1	0	27	0.00026096	3832	1	FALSE	NA	NA	NA	NA	NA	NA
NC_045512.2	11264	T	G	3825	1378	52	1	1	26	0.00026137	3826	1	FALSE	NA	NA	NA	NA	NA	NA
NC_045512.2	11265	T	G	3862	1423	55	1	1	27	0.000258866	3863	1	FALSE	NA	NA	NA	NA	NA	NA
NC_045512.2	11271	T	G	4080	1542	57	1	1	27	0.000245038	4081	1	FALSE	NA	NA	NA	NA	NA	NA
NC_045512.2	11273	G	T	4224	1548	56	1	1	20	0.000236686	4225	1	FALSE	NA	NA	NA	NA	NA	NA
NC_045512.2	11278	T	G	4287	1613	57	1	1	27	0.000233209	4288	1	FALSE	NA	NA	NA	NA	NA	NA
NC_045512.2	11279	A	-CTAGTTTGT	4264	1621	57	1	0	20	0.000234522	4264	1	FALSE	NA	NA	NA	NA	NA	NA
NC_045512.2	11282	A	C	4272	1619	57	1	1	27	0.000234028	4273	1	FALSE	NA	NA	NA	NA	NA	NA
NC_045512.2	11282	A	-GTTTGTCTG	4272	1619	57	3	0	20	0.000701919	4274	1	FALSE	NA	NA	NA	NA	NA	NA
NC_045512.2	11283	G	T	4287	1619	56	2	1	47	0.000466309	4289	0.249622	FALSE	NA	NA	NA	NA	NA	NA
NC_045512.2	11284	T	G	4263	1566	51	3	3	24	0.00070307	4267	1	FALSE	NA	NA	NA	NA	NA	NA
NC_045512.2	11284	T	C	4263	1566	51	1	1	27	0.000234357	4267	1	FALSE	NA	NA	NA	NA	NA	NA
NC_045512.2	11285	T	G	4275	1607	54	2	2	27	0.000467508	4278	1	FALSE	NA	NA	NA	NA	NA	NA
NC_045512.2	11285	T	C	4275	1607	54	1	0	68	0.000233754	4278	0.499533	FALSE	NA	NA	NA	NA	NA	NA
NC_045512.2	11286	T	G	4266	1620	56	1	1	34	0.000234357	4267	0.968677	FALSE	NA	NA	NA	NA	NA	NA
NC_045512.2	11287	G	-TCTGGTTTT	4296	1624	57	4293	0	20	0.997676	4303	0	TRUE	NA	NA	NA	NA	NA	NA
NC_045512.2	11291	G	A	0	0	0	45	3	41	1	45	3.05954e-108	TRUE	NA	NA	NA	NA	NA	NA
NC_045512.2	11292	G	T	67	9	40	1	1	26	0.0147059	68	0.499452	FALSE	NA	NA	NA	NA	NA	NA
NC_045512.2	11296	T	G	4	4	32	113	55	37	0.965812	117	2.32844e-214	TRUE	NA	NA	NA	NA	NA	NA
NC_045512.2	11296	T	+G	4	4	32	4	0	20	0.000921447	4341	8.13302e-07	TRUE	NA	NA	NA	NA	NA	NA
NC_045512.2	11299	G	T	4568	1697	57	1	1	27	0.000218866	4569	1	FALSE	NA	NA	NA	NA	NA	NA
NC_045512.2	11300	C	A	4612	1796	57	2	0	23	0.000433463	4614	1	FALSE	NA	NA	NA	NA	NA	NA
NC_045512.2	11305	A	T	4672	1832	58	1	1	20	0.000213995	4673	1	FALSE	NA	NA	NA	NA	NA	NA
NC_045512.2	11306	G	C	4693	1829	58	1	0	34	0.000213038	4694	0.9688	FALSE	NA	NA	NA	NA	NA	NA
NC_045512.2	11307	A	T	4686	1836	58	1	1	20	0.000213356	4687	1	FALSE	NA	NA	NA	NA	NA	NA
NC_045512.2	11310	G	A	4619	1833	58	1	1	68	0.00021645	4620	0.500054	FALSE	NA	NA	NA	NA	NA	NA
NC_045512.2	11312	G	T	4620	1849	59	1	0	27	0.000216357	4622	1	FALSE	NA	NA	NA	NA	NA	NA
NC_045512.2	11312	G	C	4620	1849	59	1	1	27	0.000216357	4622	1	FALSE	NA	NA	NA	NA	NA	NA
NC_045512.2	11313	T	C	4640	1871	59	1	1	60	0.000215471	4641	0.500054	FALSE	NA	NA	NA	NA	NA	NA
NC_045512.2	11317	G	T	4597	1887	59	1	1	20	0.000217486	4598	1	FALSE	NA	NA	NA	NA	NA	NA
NC_045512.2	11322	C	G	4360	1792	58	1	0	27	0.000229305	4361	1	FALSE	NA	NA	NA	NA	NA	NA
NC_045512.2	11324	T	C	4347	1753	58	1	1	68	0.000229991	4348	0.500058	FALSE	NA	NA	NA	NA	NA	NA
NC_045512.2	11325	C	G	4314	1753	59	1	0	34	0.000231696	4316	0.968786	FALSE	NA	NA	NA	NA	NA	NA
NC_045512.2	11325	C	A	4314	1753	59	1	0	27	0.000231696	4316	1	FALSE	NA	NA	NA	NA	NA	NA
NC_045512.2	11328	C	A	4186	1730	57	1	0	20	0.000238834	4187	1	FALSE	NA	NA	NA	NA	NA	NA
NC_045512.2	11332	A	T	4209	1761	60	1	1	27	0.000237473	4211	1	FALSE	NA	NA	NA	NA	NA	NA
NC_045512.2	11332	A	C	4209	1761	60	1	0	34	0.000237473	4211	0.968787	FALSE	NA	NA	NA	NA	NA	NA
NC_045512.2	11334	T	G	4154	1747	60	1	1	27	0.000240674	4155	1	FALSE	NA	NA	NA	NA	NA	NA
NC_045512.2	11335	G	T	5928	2338	53	1	1	26	0.000168663	5929	1	FALSE	NA	NA	NA	NA	NA	NA
NC_045512.2	11337	T	C	5826	2305	52	1	1	68	0.000171615	5827	0.500043	FALSE	NA	NA	NA	NA	NA	NA
NC_045512.2	11340	T	C	5812	2290	52	1	0	34	0.000171999	5814	0.984395	FALSE	NA	NA	NA	NA	NA	NA
NC_045512.2	11340	T	A	5812	2290	52	1	0	26	0.000171999	5814	1	FALSE	NA	NA	NA	NA	NA	NA
NC_045512.2	11341	A	T	5781	2277	52	1	1	26	0.000172951	5782	1	FALSE	NA	NA	NA	NA	NA	NA
NC_045512.2	11342	A	G	5615	2265	51	1	1	46	0.000178031	5617	0.5	FALSE	NA	NA	NA	NA	NA	NA
NC_045512.2	11342	A	C	5615	2265	51	1	0	27	0.000178031	5617	1	FALSE	NA	NA	NA	NA	NA	NA
NC_045512.2	11344	C	G	5782	2267	51	2	2	30	0.000345781	5784	0.937585	FALSE	NA	NA	NA	NA	NA	NA
NC_045512.2	11346	T	C	5713	2251	52	1	1	68	0.000174978	5715	0.5	FALSE	NA	NA	NA	NA	NA	NA
NC_045512.2	11346	T	A	5713	2251	52	1	1	34	0.000174978	5715	0.984396	FALSE	NA	NA	NA	NA	NA	NA
NC_045512.2	11347	T	A	5694	2271	51	1	1	34	0.000175593	5695	0.984404	FALSE	NA	NA	NA	NA	NA	NA
NC_045512.2	11348	A	G	5737	2261	52	1	1	68	0.000174277	5738	0.500044	FALSE	NA	NA	NA	NA	NA	NA
NC_045512.2	11349	T	C	5715	2254	52	1	1	34	0.000174948	5716	0.984404	FALSE	NA	NA	NA	NA	NA	NA
NC_045512.2	11350	G	T	5711	2282	52	1	1	26	0.00017507	5712	1	FALSE	NA	NA	NA	NA	NA	NA
NC_045512.2	11351	A	G	5714	2285	51	2	0	43	0.000349895	5716	0.250022	FALSE	NA	NA	NA	NA	NA	NA
NC_045512.2	11352	C	G	5717	2291	52	1	1	26	0.000174795	5721	1	FALSE	NA	NA	NA	NA	NA	NA
NC_045512.2	11352	C	A	5717	2291	52	3	1	29	0.000524384	5721	1	FALSE	NA	NA	NA	NA	NA	NA
NC_045512.2	11354	G	T	5634	2185	51	2	2	26	0.000354799	5637	1	FALSE	NA	NA	NA	NA	NA	NA
NC_045512.2	11354	G	A	5634	2185	51	1	0	68	0.000177399	5637	0.499956	FALSE	NA	NA	NA	NA	NA	NA
NC_045512.2	11355	C	A	5677	2321	51	2	0	26	0.000352175	5679	1	FALSE	NA	NA	NA	NA	NA	NA
NC_045512.2	11356	A	T	5785	2319	52	1	1	26	0.000172831	5786	1	FALSE	NA	NA	NA	NA	NA	NA
NC_045512.2	11359	A	T	5482	2433	48	3	2	22	0.000546946	5485	1	FALSE	NA	NA	NA	NA	NA	NA
NC_045512.2	11360	A	T	5715	2465	51	1	1	34	0.000174886	5718	0.984387	FALSE	NA	NA	NA	NA	NA	NA
NC_045512.2	11360	A	G	5715	2465	51	1	1	34	0.000174886	5718	0.984387	FALSE	NA	NA	NA	NA	NA	NA
NC_045512.2	11360	A	C	5715	2465	51	1	0	34	0.000174886	5718	0.984387	FALSE	NA	NA	NA	NA	NA	NA
NC_045512.2	11361	C	A	5806	2538	51	1	0	27	0.000172206	5807	1	FALSE	NA	NA	NA	NA	NA	NA
NC_045512.2	11362	T	G	5646	2420	51	1	1	20	0.000176991	5650	1	FALSE	NA	NA	NA	NA	NA	NA
NC_045512.2	11362	T	C	5646	2420	51	3	2	68	0.000530973	5650	0.124967	FALSE	NA	NA	NA	NA	NA	NA
NC_045512.2	11363	G	C	6064	2552	50	1	0	27	0.00016488	6065	1	FALSE	NA	NA	NA	NA	NA	NA
NC_045512.2	11366	T	G	6113	2680	51	1	1	27	0.000163559	6114	1	FALSE	NA	NA	NA	NA	NA	NA
NC_045512.2	11367	A	G	5926	2654	50	1	0	27	0.000168691	5928	1	FALSE	NA	NA	NA	NA	NA	NA
NC_045512.2	11367	A	C	5926	2654	50	1	0	26	0.000168691	5928	1	FALSE	NA	NA	NA	NA	NA	NA
NC_045512.2	11369	G	T	6015	2624	51	1	1	27	0.000166141	6019	1	FALSE	NA	NA	NA	NA	NA	NA
NC_045512.2	11369	G	C	6015	2624	51	2	0	30	0.000332281	6019	0.964871	FALSE	NA	NA	NA	NA	NA	NA
NC_045512.2	11369	G	A	6015	2624	51	1	0	68	0.000166141	6019	0.499917	FALSE	NA	NA	NA	NA	NA	NA
NC_045512.2	11370	A	T	4833	2036	48	2	2	26	0.00041365	4835	1	FALSE	NA	NA	NA	NA	NA	NA
NC_045512.2	11372	G	T	4854	2053	48	3	2	25	0.000617665	4857	1	FALSE	NA	NA	NA	NA	NA	NA
NC_045512.2	11373	A	G	4877	2064	48	2	1	30	0.000409752	4881	0.890649	FALSE	NA	NA	NA	NA	NA	NA
NC_045512.2	11373	A	C	4877	2064	48	2	1	30	0.000409752	4881	0.890649	FALSE	NA	NA	NA	NA	NA	NA
NC_045512.2	11376	G	A	5003	2147	48	1	0	34	0.00019984	5004	0.984408	FALSE	NA	NA	NA	NA	NA	NA
NC_045512.2	11377	T	G	5290	2203	48	1	1	27	0.000189	5291	1	FALSE	NA	NA	NA	NA	NA	NA
NC_045512.2	11379	C	G	5307	2248	48	1	0	27	0.000188324	5310	1	FALSE	NA	NA	NA	NA	NA	NA
NC_045512.2	11379	C	A	5307	2248	48	2	0	26	0.000376648	5310	1	FALSE	NA	NA	NA	NA	NA	NA
NC_045512.2	11381	A	G	5413	2297	48	2	1	47	0.000369344	5415	0.250023	FALSE	NA	NA	NA	NA	NA	NA
NC_045512.2	11382	G	C	5397	2321	47	1	1	27	0.000185254	5398	1	FALSE	NA	NA	NA	NA	NA	NA
NC_045512.2	11385	G	C	5399	2412	47	1	1	34	0.000185185	5400	0.984405	FALSE	NA	NA	NA	NA	NA	NA
NC_045512.2	11387	G	C	5575	2462	47	2	2	26	0.000358616	5577	1	FALSE	NA	NA	NA	NA	NA	NA
NC_045512.2	11393	A	G	5645	2583	48	1	0	34	0.000177117	5646	0.984404	FALSE	NA	NA	NA	NA	NA	NA
NC_045512.2	11400	T	G	5986	2704	48	2	2	27	0.000333946	5989	1	FALSE	NA	NA	NA	NA	NA	NA
NC_045512.2	11400	T	A	5986	2704	48	1	0	24	0.000166973	5989	1	FALSE	NA	NA	NA	NA	NA	NA
NC_045512.2	11401	G	C	6007	2763	48	1	0	34	0.000166445	6008	0.992206	FALSE	NA	NA	NA	NA	NA	NA
NC_045512.2	11402	A	G	6056	2789	48	1	0	26	0.000165098	6057	1	FALSE	NA	NA	NA	NA	NA	NA
NC_045512.2	11403	A	C	5854	2739	47	1	0	27	0.000170794	5855	1	FALSE	NA	NA	NA	NA	NA	NA
NC_045512.2	11404	T	A	5959	2685	48	1	1	27	0.000167785	5960	1	FALSE	NA	NA	NA	NA	NA	NA
NC_045512.2	11404	T	+CA	5959	2685	48	1	0	20	0.000167785	5960	1	FALSE	NA	NA	NA	NA	NA	NA
NC_045512.2	11405	G	C	5784	2579	48	1	1	20	0.000172831	5786	1	FALSE	NA	NA	NA	NA	NA	NA
NC_045512.2	11405	G	A	5784	2579	48	1	0	34	0.000172831	5786	0.984395	FALSE	NA	NA	NA	NA	NA	NA
NC_045512.2	11406	T	A	5644	2411	46	3	1	26	0.000531256	5647	1	FALSE	NA	NA	NA	NA	NA	NA
NC_045512.2	11407	C	A	5795	2569	48	1	1	27	0.000172533	5796	1	FALSE	NA	NA	NA	NA	NA	NA
NC_045512.2	11408	T	G	5607	2334	45	2	2	26	0.00035657	5609	1	FALSE	NA	NA	NA	NA	NA	NA
NC_045512.2	11411	A	G	5831	2739	49	1	0	24	0.000171468	5832	1	FALSE	NA	NA	NA	NA	NA	NA
NC_045512.2	11414	C	G	5677	2702	48	1	0	27	0.000176118	5678	1	FALSE	NA	NA	NA	NA	NA	NA
NC_045512.2	11415	T	G	5744	2707	49	2	2	30	0.000348068	5746	0.937586	FALSE	NA	NA	NA	NA	NA	NA
NC_045512.2	11417	G	T	5768	2673	49	1	1	20	0.00017328	5771	1	FALSE	NA	NA	NA	NA	NA	NA
NC_045512.2	11417	G	C	5768	2673	49	1	1	27	0.00017328	5771	1	FALSE	NA	NA	NA	NA	NA	NA
NC_045512.2	11417	G	A	5768	2673	49	1	1	34	0.00017328	5771	0.984387	FALSE	NA	NA	NA	NA	NA	NA
NC_045512.2	11418	T	G	5283	2170	45	1	1	27	0.000189251	5284	1	FALSE	NA	NA	NA	NA	NA	NA
NC_045512.2	11419	T	G	5827	2754	49	1	0	26	0.000171585	5828	1	FALSE	NA	NA	NA	NA	NA	NA
NC_045512.2	11421	A	C	5780	2794	49	1	1	20	0.00017298	5781	1	FALSE	NA	NA	NA	NA	NA	NA
NC_045512.2	11424	A	T	5796	2797	48	1	1	24	0.000172503	5797	1	FALSE	NA	NA	NA	NA	NA	NA
NC_045512.2	11425	A	G	5448	2747	47	1	0	27	0.000183486	5450	1	FALSE	NA	NA	NA	NA	NA	NA
NC_045512.2	11425	A	C	5448	2747	47	1	0	27	0.000183486	5450	1	FALSE	NA	NA	NA	NA	NA	NA
NC_045512.2	11426	G	T	5813	2766	48	2	1	25	0.000343938	5815	1	FALSE	NA	NA	NA	NA	NA	NA
NC_045512.2	11427	T	G	5154	2127	44	4	4	28	0.000775494	5158	1	FALSE	NA	NA	NA	NA	NA	NA
NC_045512.2	11429	T	A	5754	2712	48	2	1	23	0.000347464	5756	1	FALSE	NA	NA	NA	NA	NA	NA
NC_045512.2	11430	A	C	5834	2814	49	1	0	26	0.00017138	5835	1	FALSE	NA	NA	NA	NA	NA	NA
NC_045512.2	11432	T	C	5745	2847	48	1	1	20	0.000174004	5747	1	FALSE	NA	NA	NA	NA	NA	NA
NC_045512.2	11432	T	A	5745	2847	48	1	0	20	0.000174004	5747	1	FALSE	NA	NA	NA	NA	NA	NA
NC_045512.2	11435	G	C	5775	2761	49	2	1	30	0.0003462	5777	0.937585	FALSE	NA	NA	NA	NA	NA	NA
NC_045512.2	11438	A	T	5764	2779	49	1	1	34	0.000173461	5765	0.984403	FALSE	NA	NA	NA	NA	NA	NA
NC_045512.2	11440	T	G	5767	2824	49	1	1	34	0.00017334	5769	0.984395	FALSE	NA	NA	NA	NA	NA	NA
NC_045512.2	11440	T	C	5767	2824	49	1	1	68	0.00017334	5769	0.5	FALSE	NA	NA	NA	NA	NA	NA
NC_045512.2	11441	G	T	6017	2892	49	1	1	26	0.000166168	6018	1	FALSE	NA	NA	NA	NA	NA	NA
NC_045512.2	11442	C	G	6071	2990	49	1	1	27	0.00016469	6072	1	FALSE	NA	NA	NA	NA	NA	NA
NC_045512.2	11443	T	G	5792	2685	49	1	1	26	0.000172563	5795	1	FALSE	NA	NA	NA	NA	NA	NA
NC_045512.2	11443	T	C	5792	2685	49	2	1	34	0.000345125	5795	0.937557	FALSE	NA	NA	NA	NA	NA	NA
NC_045512.2	11444	T	A	5776	2767	49	1	1	34	0.0001731	5777	0.984403	FALSE	NA	NA	NA	NA	NA	NA
NC_045512.2	11446	A	T	5966	2896	50	1	1	27	0.00016756	5968	1	FALSE	NA	NA	NA	NA	NA	NA
NC_045512.2	11446	A	C	5966	2896	50	1	0	26	0.00016756	5968	1	FALSE	NA	NA	NA	NA	NA	NA
NC_045512.2	11447	G	C	6014	2903	50	1	1	34	0.000166251	6015	0.992206	FALSE	NA	NA	NA	NA	NA	NA
NC_045512.2	11450	C	G	5593	2720	51	1	0	27	0.000178763	5594	1	FALSE	NA	NA	NA	NA	NA	NA
NC_045512.2	11451	A	G	5458	2627	52	1	1	34	0.00018315	5460	0.984396	FALSE	NA	NA	NA	NA	NA	NA
NC_045512.2	11451	A	C	5458	2627	52	1	1	34	0.00018315	5460	0.984396	FALSE	NA	NA	NA	NA	NA	NA
NC_045512.2	11452	A	G	5464	2655	51	1	1	24	0.000182949	5466	1	FALSE	NA	NA	NA	NA	NA	NA
NC_045512.2	11452	A	C	5464	2655	51	1	0	34	0.000182949	5466	0.984396	FALSE	NA	NA	NA	NA	NA	NA
NC_045512.2	11453	G	T	5589	2679	51	1	1	34	0.000178827	5592	0.984388	FALSE	NA	NA	NA	NA	NA	NA
NC_045512.2	11453	G	C	5589	2679	51	1	0	27	0.000178827	5592	1	FALSE	NA	NA	NA	NA	NA	NA
NC_045512.2	11453	G	A	5589	2679	51	1	0	34	0.000178827	5592	0.984388	FALSE	NA	NA	NA	NA	NA	NA
NC_045512.2	11455	C	G	5526	2707	51	2	1	27	0.000361795	5528	1	FALSE	NA	NA	NA	NA	NA	NA
NC_045512.2	11457	T	A	5524	2714	52	1	0	27	0.000180995	5525	1	FALSE	NA	NA	NA	NA	NA	NA
NC_045512.2	11458	T	C	5555	2773	52	1	1	24	0.000179953	5557	1	FALSE	NA	NA	NA	NA	NA	NA
NC_045512.2	11458	T	A	5555	2773	52	1	0	20	0.000179953	5557	1	FALSE	NA	NA	NA	NA	NA	NA
NC_045512.2	11459	T	C	5602	2800	53	1	0	34	0.000178476	5603	0.984404	FALSE	NA	NA	NA	NA	NA	NA
NC_045512.2	11460	C	G	5469	2827	52	1	1	27	0.000182815	5470	1	FALSE	NA	NA	NA	NA	NA	NA
NC_045512.2	11462	A	T	5328	2748	52	1	1	27	0.000187617	5330	1	FALSE	NA	NA	NA	NA	NA	NA
NC_045512.2	11462	A	C	5328	2748	52	1	0	27	0.000187617	5330	1	FALSE	NA	NA	NA	NA	NA	NA
NC_045512.2	11463	T	G	5338	2778	53	1	1	27	0.000187301	5339	1	FALSE	NA	NA	NA	NA	NA	NA
NC_045512.2	11464	G	A	5273	2730	52	1	0	34	0.000189609	5274	0.984406	FALSE	NA	NA	NA	NA	NA	NA
NC_045512.2	11465	T	G	5115	2600	52	3	3	24	0.000586166	5118	1	FALSE	NA	NA	NA	NA	NA	NA
NC_045512.2	11466	G	T	5124	2619	53	2	2	27	0.000390092	5127	1	FALSE	NA	NA	NA	NA	NA	NA
NC_045512.2	11466	G	C	5124	2619	53	1	1	27	0.000195046	5127	1	FALSE	NA	NA	NA	NA	NA	NA
NC_045512.2	11468	G	T	5112	2645	53	1	1	24	0.00019558	5113	1	FALSE	NA	NA	NA	NA	NA	NA
NC_045512.2	11469	C	G	5095	2644	52	1	1	27	0.000196232	5096	1	FALSE	NA	NA	NA	NA	NA	NA
NC_045512.2	11470	T	C	5050	2582	52	1	0	68	0.000197902	5053	0.499951	FALSE	NA	NA	NA	NA	NA	NA
NC_045512.2	11470	T	A	5050	2582	52	2	1	26	0.000395804	5053	1	FALSE	NA	NA	NA	NA	NA	NA
NC_045512.2	11471	C	G	5612	2747	52	2	2	27	0.000356189	5615	1	FALSE	NA	NA	NA	NA	NA	NA
NC_045512.2	11471	C	A	5612	2747	52	1	1	27	0.000178094	5615	1	FALSE	NA	NA	NA	NA	NA	NA
NC_045512.2	11473	T	C	5614	2793	53	2	1	34	0.000356125	5616	0.937588	FALSE	NA	NA	NA	NA	NA	NA
NC_045512.2	11474	A	G	5646	2814	52	1	0	34	0.000177085	5647	0.984404	FALSE	NA	NA	NA	NA	NA	NA
NC_045512.2	11476	A	T	5606	2777	52	1	1	26	0.000178285	5609	1	FALSE	NA	NA	NA	NA	NA	NA
NC_045512.2	11476	A	G	5606	2777	52	2	1	24	0.00035657	5609	1	FALSE	NA	NA	NA	NA	NA	NA
NC_045512.2	11477	A	T	5588	2854	52	1	0	34	0.000178923	5589	0.984404	FALSE	NA	NA	NA	NA	NA	NA
NC_045512.2	11479	C	G	5546	2855	52	2	2	26	0.00036036	5550	1	FALSE	NA	NA	NA	NA	NA	NA
NC_045512.2	11479	C	A	5546	2855	52	2	1	26	0.00036036	5550	1	FALSE	NA	NA	NA	NA	NA	NA
NC_045512.2	11483	G	T	4957	2402	51	1	1	27	0.000201654	4959	1	FALSE	NA	NA	NA	NA	NA	NA
NC_045512.2	11483	G	A	4957	2402	51	1	0	34	0.000201654	4959	0.968782	FALSE	NA	NA	NA	NA	NA	NA
NC_045512.2	11486	A	T	5071	2474	52	2	2	30	0.000394244	5073	0.937597	FALSE	NA	NA	NA	NA	NA	NA
NC_045512.2	11487	C	G	5084	2549	51	1	0	27	0.000196657	5085	1	FALSE	NA	NA	NA	NA	NA	NA
NC_045512.2	11491	T	A	4915	2409	50	4	4	28	0.000813173	4919	1	FALSE	NA	NA	NA	NA	NA	NA
NC_045512.2	11492	A	T	5004	2483	52	1	1	27	0.0001998	5005	1	FALSE	NA	NA	NA	NA	NA	NA
NC_045512.2	11493	A	C	4715	2472	49	2	0	29	0.000423998	4717	1	FALSE	NA	NA	NA	NA	NA	NA
NC_045512.2	11494	C	G	5068	2529	52	1	1	26	0.000197278	5069	1	FALSE	NA	NA	NA	NA	NA	NA
NC_045512.2	11495	T	A	5042	2497	52	1	1	34	0.000198295	5043	0.984408	FALSE	NA	NA	NA	NA	NA	NA
NC_045512.2	11496	A	T	5045	2466	52	2	2	23	0.000396197	5048	1	FALSE	NA	NA	NA	NA	NA	NA
NC_045512.2	11496	A	C	5045	2466	52	1	0	26	0.000198098	5048	1	FALSE	NA	NA	NA	NA	NA	NA
NC_045512.2	11497	C	G	5025	2476	51	1	1	27	0.000198965	5026	1	FALSE	NA	NA	NA	NA	NA	NA
NC_045512.2	11498	T	G	4941	2339	50	2	2	30	0.000404449	4945	0.890649	FALSE	NA	NA	NA	NA	NA	NA
NC_045512.2	11498	T	C	4941	2339	50	1	0	34	0.000202224	4945	0.96875	FALSE	NA	NA	NA	NA	NA	NA
NC_045512.2	11498	T	A	4941	2339	50	1	0	34	0.000202224	4945	0.96875	FALSE	NA	NA	NA	NA	NA	NA
NC_045512.2	11499	C	A	5028	2450	52	1	1	26	0.000198847	5029	1	FALSE	NA	NA	NA	NA	NA	NA
NC_045512.2	11500	A	C	4622	2375	47	1	0	27	0.00021631	4623	1	FALSE	NA	NA	NA	NA	NA	NA
NC_045512.2	11506	A	C	5104	2424	50	1	0	27	0.000195886	5105	1	FALSE	NA	NA	NA	NA	NA	NA
NC_045512.2	11507	G	T	5133	2354	50	1	1	27	0.000194742	5135	1	FALSE	NA	NA	NA	NA	NA	NA
NC_045512.2	11507	G	A	5133	2354	50	1	0	68	0.000194742	5135	0.5	FALSE	NA	NA	NA	NA	NA	NA
NC_045512.2	11508	T	A	5157	2425	52	1	1	34	0.000193874	5158	0.984407	FALSE	NA	NA	NA	NA	NA	NA
NC_045512.2	11509	T	C	5168	2453	52	1	0	34	0.000193461	5169	0.984407	FALSE	NA	NA	NA	NA	NA	NA
NC_045512.2	11510	A	G	4843	2208	50	1	0	34	0.000206441	4844	0.968798	FALSE	NA	NA	NA	NA	NA	NA
NC_045512.2	11511	C	G	4851	2254	51	1	1	27	0.000206101	4852	1	FALSE	NA	NA	NA	NA	NA	NA
NC_045512.2	11512	A	G	4900	2295	52	1	1	68	0.00020404	4901	0.500051	FALSE	NA	NA	NA	NA	NA	NA
NC_045512.2	11513	A	C	4836	2350	50	1	0	26	0.00020674	4837	1	FALSE	NA	NA	NA	NA	NA	NA
NC_045512.2	11514	C	T	4477	2457	45	1	1	34	0.000222767	4489	0.96861	FALSE	NA	NA	NA	NA	NA	NA
NC_045512.2	11514	C	G	4477	2457	45	11	1	26	0.00245043	4489	0.999999	FALSE	NA	NA	NA	NA	NA	NA
NC_045512.2	11515	T	G	4558	2176	50	1	1	20	0.000219298	4560	1	FALSE	NA	NA	NA	NA	NA	NA
NC_045512.2	11515	T	A	4558	2176	50	1	0	27	0.000219298	4560	1	FALSE	NA	NA	NA	NA	NA	NA
NC_045512.2	11516	G	T	4672	2206	50	2	2	26	0.000427716	4676	1	FALSE	NA	NA	NA	NA	NA	NA
NC_045512.2	11516	G	A	4672	2206	50	2	1	34	0.000427716	4676	0.89065	FALSE	NA	NA	NA	NA	NA	NA
NC_045512.2	11517	T	C	4657	2218	50	1	0	38	0.000214684	4658	0.9688	FALSE	NA	NA	NA	NA	NA	NA
NC_045512.2	11518	C	G	4587	2161	49	2	2	26	0.000435825	4589	1	FALSE	NA	NA	NA	NA	NA	NA
NC_045512.2	11519	A	T	4496	2199	48	2	1	22	0.000444642	4498	1	FALSE	NA	NA	NA	NA	NA	NA
NC_045512.2	11521	G	T	4620	2191	50	1	0	24	0.000216403	4621	1	FALSE	NA	NA	NA	NA	NA	NA
NC_045512.2	11521	G	-T	4620	2191	50	3	0	20	0.00064921	4621	1	FALSE	NA	NA	NA	NA	NA	NA
NC_045512.2	11522	T	G	4482	2064	47	2	2	26	0.00044603	4484	1	FALSE	NA	NA	NA	NA	NA	NA
NC_045512.2	11525	T	C	4542	2130	50	1	0	27	0.000220119	4543	1	FALSE	NA	NA	NA	NA	NA	NA
NC_045512.2	11526	T	C	4559	2181	51	1	0	27	0.00021925	4561	1	FALSE	NA	NA	NA	NA	NA	NA
NC_045512.2	11526	T	A	4559	2181	51	1	0	34	0.00021925	4561	0.968784	FALSE	NA	NA	NA	NA	NA	NA
NC_045512.2	11529	C	T	4540	2248	49	1	1	34	0.000220216	4541	0.968802	FALSE	NA	NA	NA	NA	NA	NA
NC_045512.2	11530	C	T	4500	2224	49	1	0	34	0.000222173	4501	0.968802	FALSE	NA	NA	NA	NA	NA	NA
NC_045512.2	11531	A	G	4464	2217	49	1	1	46	0.000223964	4465	0.500056	FALSE	NA	NA	NA	NA	NA	NA
NC_045512.2	11532	G	T	4274	1893	46	1	0	26	0.000233863	4276	1	FALSE	NA	NA	NA	NA	NA	NA
NC_045512.2	11532	G	C	4274	1893	46	1	0	24	0.000233863	4276	1	FALSE	NA	NA	NA	NA	NA	NA
NC_045512.2	11533	A	T	4552	2348	49	1	1	34	0.000219635	4553	0.968801	FALSE	NA	NA	NA	NA	NA	NA
NC_045512.2	11535	G	C	4655	2278	48	3	3	28	0.000644053	4658	1	FALSE	NA	NA	NA	NA	NA	NA
NC_045512.2	11537	A	T	4682	2394	50	1	1	27	0.000213538	4683	1	FALSE	NA	NA	NA	NA	NA	NA
NC_045512.2	11539	T	C	4762	2509	50	2	0	47	0.000419815	4764	0.250026	FALSE	NA	NA	NA	NA	NA	NA
NC_045512.2	11540	G	T	4926	2464	50	2	2	26	0.000405844	4928	1	FALSE	NA	NA	NA	NA	NA	NA
NC_045512.2	11540	G	-T	4926	2464	50	1	0	20	0.000202922	4928	1	FALSE	NA	NA	NA	NA	NA	NA
NC_045512.2	11541	T	G	4692	2251	47	1	1	34	0.000213083	4693	0.968783	FALSE	NA	NA	NA	NA	NA	NA
NC_045512.2	11542	T	G	4838	2442	49	2	2	23	0.000413223	4840	1	FALSE	NA	NA	NA	NA	NA	NA
NC_045512.2	11543	T	G	4675	2276	48	2	2	27	0.000427625	4677	1	FALSE	NA	NA	NA	NA	NA	NA
NC_045512.2	11545	T	C	4804	2451	51	1	1	27	0.000208117	4805	1	FALSE	NA	NA	NA	NA	NA	NA
NC_045512.2	11546	A	G	4750	2411	50	1	0	26	0.000210438	4752	1	FALSE	NA	NA	NA	NA	NA	NA
NC_045512.2	11546	A	C	4750	2411	50	1	0	34	0.000210438	4752	0.968783	FALSE	NA	NA	NA	NA	NA	NA
NC_045512.2	11547	T	C	4777	2525	50	1	1	34	0.000209293	4778	0.968799	FALSE	NA	NA	NA	NA	NA	NA
NC_045512.2	11548	G	T	4748	2521	50	1	1	34	0.000210482	4751	0.968766	FALSE	NA	NA	NA	NA	NA	NA
NC_045512.2	11548	G	A	4748	2521	50	2	1	57	0.000420964	4751	0.249974	FALSE	NA	NA	NA	NA	NA	NA
NC_045512.2	11550	G	T	4672	2322	50	1	1	20	0.000213995	4673	1	FALSE	NA	NA	NA	NA	NA	NA
NC_045512.2	11551	T	C	4648	2354	50	1	0	34	0.0002151	4649	0.9688	FALSE	NA	NA	NA	NA	NA	NA
NC_045512.2	11553	T	G	4572	2139	47	4	4	30	0.000874126	4576	0.636898	FALSE	NA	NA	NA	NA	NA	NA
NC_045512.2	11554	T	G	4680	2277	49	1	1	27	0.00021363	4681	1	FALSE	NA	NA	NA	NA	NA	NA
NC_045512.2	11555	G	C	4800	2421	50	2	1	26	0.000416493	4802	1	FALSE	NA	NA	NA	NA	NA	NA
NC_045512.2	11556	A	C	4781	2427	50	1	0	26	0.000209118	4782	1	FALSE	NA	NA	NA	NA	NA	NA
NC_045512.2	11557	G	A	4709	2337	49	1	1	68	0.000212314	4710	0.500053	FALSE	NA	NA	NA	NA	NA	NA
NC_045512.2	11560	T	A	4572	2257	50	1	1	24	0.000218675	4573	1	FALSE	NA	NA	NA	NA	NA	NA
NC_045512.2	11564	C	G	4357	2157	50	2	1	34	0.000458821	4359	0.890759	FALSE	NA	NA	NA	NA	NA	NA
NC_045512.2	11565	C	A	4346	2199	50	2	0	57	0.000459982	4348	0.250029	FALSE	NA	NA	NA	NA	NA	NA
NC_045512.2	11567	A	T	4216	2109	50	1	1	27	0.000237135	4217	1	FALSE	NA	NA	NA	NA	NA	NA
NC_045512.2	11568	T	G	4231	2068	50	1	1	26	0.000236295	4232	1	FALSE	NA	NA	NA	NA	NA	NA
NC_045512.2	11569	T	G	4264	2114	50	1	1	26	0.000234357	4267	1	FALSE	NA	NA	NA	NA	NA	NA
NC_045512.2	11569	T	C	4264	2114	50	1	0	68	0.000234357	4267	0.499941	FALSE	NA	NA	NA	NA	NA	NA
NC_045512.2	11569	T	A	4264	2114	50	1	1	20	0.000234357	4267	1	FALSE	NA	NA	NA	NA	NA	NA
NC_045512.2	11571	T	C	4194	2044	51	2	2	47	0.000476644	4196	0.25003	FALSE	NA	NA	NA	NA	NA	NA
NC_045512.2	11572	C	A	4166	2057	51	1	0	20	0.000239981	4167	1	FALSE	NA	NA	NA	NA	NA	NA
NC_045512.2	11573	T	G	4172	2032	51	1	0	27	0.000239636	4173	1	FALSE	NA	NA	NA	NA	NA	NA
NC_045512.2	11575	C	A	4156	2073	50	1	0	27	0.000240558	4157	1	FALSE	NA	NA	NA	NA	NA	NA
NC_045512.2	11579	A	C	4067	2052	51	1	0	24	0.000245821	4068	1	FALSE	NA	NA	NA	NA	NA	NA
NC_045512.2	11584	T	A	3931	1946	49	2	2	30	0.000508518	3933	0.812659	FALSE	NA	NA	NA	NA	NA	NA
NC_045512.2	11586	A	G	4040	2103	51	1	0	34	0.000247463	4041	0.968808	FALSE	NA	NA	NA	NA	NA	NA
NC_045512.2	11587	T	C	3958	2041	50	1	1	34	0.000252525	3960	0.937547	FALSE	NA	NA	NA	NA	NA	NA
NC_045512.2	11587	T	A	3958	2041	50	1	0	20	0.000252525	3960	1	FALSE	NA	NA	NA	NA	NA	NA
NC_045512.2	11588	A	T	4588	2404	45	3	1	29	0.000653452	4591	1	FALSE	NA	NA	NA	NA	NA	NA
NC_045512.2	11589	C	T	4948	2406	48	1	1	60	0.00020202	4950	0.5	FALSE	NA	NA	NA	NA	NA	NA
NC_045512.2	11589	C	A	4948	2406	48	1	0	26	0.00020202	4950	1	FALSE	NA	NA	NA	NA	NA	NA
NC_045512.2	11591	C	G	4879	2360	47	1	0	26	0.000204918	4880	1	FALSE	NA	NA	NA	NA	NA	NA
NC_045512.2	11592	T	A	4679	2196	47	1	0	26	0.000213675	4680	1	FALSE	NA	NA	NA	NA	NA	NA
NC_045512.2	11593	T	G	4771	2217	47	1	1	34	0.000209556	4772	0.968799	FALSE	NA	NA	NA	NA	NA	NA
NC_045512.2	11595	A	C	4606	2190	47	2	0	34	0.000434028	4608	0.890752	FALSE	NA	NA	NA	NA	NA	NA
NC_045512.2	11599	T	C	5075	2179	46	1	0	68	0.000197006	5076	0.500049	FALSE	NA	NA	NA	NA	NA	NA
NC_045512.2	11604	T	A	4993	2265	49	1	0	34	0.00020024	4994	0.968797	FALSE	NA	NA	NA	NA	NA	NA
NC_045512.2	11605	G	T	4839	2161	48	1	1	26	0.000206526	4842	1	FALSE	NA	NA	NA	NA	NA	NA
NC_045512.2	11605	G	C	4839	2161	48	2	0	34	0.000413052	4842	0.890698	FALSE	NA	NA	NA	NA	NA	NA
NC_045512.2	11606	C	G	4710	2198	47	2	0	25	0.000424448	4712	1	FALSE	NA	NA	NA	NA	NA	NA
NC_045512.2	11608	A	T	4505	1959	48	1	1	27	0.000221926	4506	1	FALSE	NA	NA	NA	NA	NA	NA
NC_045512.2	11610	T	G	3967	1458	42	8	8	27	0.00201157	3977	0.999999	FALSE	NA	NA	NA	NA	NA	NA
NC_045512.2	11610	T	C	3967	1458	42	2	1	51	0.000502892	3977	0.249528	FALSE	NA	NA	NA	NA	NA	NA
NC_045512.2	11613	A	C	4491	1929	48	1	0	26	0.000222618	4492	1	FALSE	NA	NA	NA	NA	NA	NA
NC_045512.2	11614	T	C	4528	2016	49	1	1	27	0.000220799	4529	1	FALSE	NA	NA	NA	NA	NA	NA
NC_045512.2	11618	T	A	4480	1963	49	1	1	34	0.000223164	4481	0.968802	FALSE	NA	NA	NA	NA	NA	NA
NC_045512.2	11620	C	A	4424	2112	48	1	0	27	0.000225989	4425	1	FALSE	NA	NA	NA	NA	NA	NA
NC_045512.2	11622	T	G	4313	1998	47	1	1	27	0.000231803	4314	1	FALSE	NA	NA	NA	NA	NA	NA
NC_045512.2	11624	G	T	4475	2124	48	2	1	29	0.000446728	4477	1	FALSE	NA	NA	NA	NA	NA	NA
NC_045512.2	11625	G	T	4448	2161	48	1	1	27	0.00022477	4449	1	FALSE	NA	NA	NA	NA	NA	NA
NC_045512.2	11628	A	C	4589	2233	50	1	1	27	0.000217865	4590	1	FALSE	NA	NA	NA	NA	NA	NA
NC_045512.2	11629	T	G	4571	2157	48	3	2	29	0.000655738	4575	1	FALSE	NA	NA	NA	NA	NA	NA
NC_045512.2	11629	T	C	4571	2157	48	1	0	26	0.000218579	4575	1	FALSE	NA	NA	NA	NA	NA	NA
NC_045512.2	11630	T	C	4641	2263	50	1	0	34	0.000215424	4642	0.9688	FALSE	NA	NA	NA	NA	NA	NA
NC_045512.2	11631	T	A	4487	2094	48	1	0	26	0.000222816	4488	1	FALSE	NA	NA	NA	NA	NA	NA
NC_045512.2	11632	T	A	4650	2271	49	1	0	27	0.000215008	4651	1	FALSE	NA	NA	NA	NA	NA	NA
NC_045512.2	11634	G	C	4576	2237	49	1	0	27	0.000218436	4578	1	FALSE	NA	NA	NA	NA	NA	NA
NC_045512.2	11634	G	A	4576	2237	49	1	1	68	0.000218436	4578	0.5	FALSE	NA	NA	NA	NA	NA	NA
NC_045512.2	11634	G	-T	4576	2237	49	1	0	20	0.000218436	4578	1	FALSE	NA	NA	NA	NA	NA	NA
NC_045512.2	11635	T	C	4571	2229	49	2	2	47	0.00043735	4573	0.249973	FALSE	NA	NA	NA	NA	NA	NA
NC_045512.2	11636	A	G	4590	2227	49	2	2	51	0.00043535	4594	0.249918	FALSE	NA	NA	NA	NA	NA	NA
NC_045512.2	11636	A	C	4590	2227	49	2	0	23	0.00043535	4594	1	FALSE	NA	NA	NA	NA	NA	NA
NC_045512.2	11638	T	C	4458	2109	49	2	2	34	0.00044843	4460	0.890756	FALSE	NA	NA	NA	NA	NA	NA
NC_045512.2	11639	T	C	4512	2191	50	1	0	24	0.000221582	4513	1	FALSE	NA	NA	NA	NA	NA	NA
NC_045512.2	11640	G	T	4526	2187	49	1	0	34	0.000220897	4527	0.968802	FALSE	NA	NA	NA	NA	NA	NA
NC_045512.2	11643	A	T	4583	2218	49	1	1	34	0.00021815	4584	0.968801	FALSE	NA	NA	NA	NA	NA	NA
NC_045512.2	11644	C	G	4479	2275	47	3	0	31	0.000669344	4482	0.773621	FALSE	NA	NA	NA	NA	NA	NA
NC_045512.2	11645	T	C	4523	2204	49	2	1	23	0.000441989	4525	1	FALSE	NA	NA	NA	NA	NA	NA
NC_045512.2	11649	G	T	4519	2258	49	1	1	34	0.000221141	4522	0.968767	FALSE	NA	NA	NA	NA	NA	NA
NC_045512.2	11649	G	A	4519	2258	49	2	1	30	0.000442282	4522	0.890703	FALSE	NA	NA	NA	NA	NA	NA
NC_045512.2	11650	C	G	4477	2249	49	1	0	24	0.000223264	4479	1	FALSE	NA	NA	NA	NA	NA	NA
NC_045512.2	11650	C	A	4477	2249	49	1	0	34	0.000223264	4479	0.968785	FALSE	NA	NA	NA	NA	NA	NA
NC_045512.2	11654	T	G	4605	2330	49	1	0	34	0.000217061	4607	0.968784	FALSE	NA	NA	NA	NA	NA	NA
NC_045512.2	11654	T	C	4605	2330	49	1	0	46	0.000217061	4607	0.5	FALSE	NA	NA	NA	NA	NA	NA
NC_045512.2	11655	T	G	4501	2251	48	2	2	26	0.000444148	4503	1	FALSE	NA	NA	NA	NA	NA	NA
NC_045512.2	11659	T	G	4239	2045	46	4	4	26	0.000942729	4243	1	FALSE	NA	NA	NA	NA	NA	NA
NC_045512.2	11660	T	G	4557	2354	49	2	2	27	0.000438693	4559	1	FALSE	NA	NA	NA	NA	NA	NA
NC_045512.2	11661	T	C	4552	2362	49	2	2	39	0.000439078	4555	0.890702	FALSE	NA	NA	NA	NA	NA	NA
NC_045512.2	11661	T	A	4552	2362	49	1	1	34	0.000219539	4555	0.968767	FALSE	NA	NA	NA	NA	NA	NA
NC_045512.2	11664	T	G	4478	2317	49	2	2	30	0.000446329	4481	0.890703	FALSE	NA	NA	NA	NA	NA	NA
NC_045512.2	11664	T	C	4478	2317	49	1	1	27	0.000223164	4481	1	FALSE	NA	NA	NA	NA	NA	NA
NC_045512.2	11665	C	G	4454	2309	49	1	1	26	0.000224467	4455	1	FALSE	NA	NA	NA	NA	NA	NA
NC_045512.2	11669	C	A	3660	1744	49	1	0	26	0.000273149	3661	1	FALSE	NA	NA	NA	NA	NA	NA
NC_045512.2	11670	G	A	3676	1717	48	1	1	68	0.000271961	3677	0.500068	FALSE	NA	NA	NA	NA	NA	NA
NC_045512.2	11672	T	G	3742	1758	48	2	0	34	0.000534188	3744	0.812667	FALSE	NA	NA	NA	NA	NA	NA
NC_045512.2	11673	A	C	4233	1806	47	1	0	34	0.000236183	4234	0.968805	FALSE	NA	NA	NA	NA	NA	NA
NC_045512.2	11674	C	G	4202	1842	48	2	0	34	0.000475624	4205	0.890709	FALSE	NA	NA	NA	NA	NA	NA
NC_045512.2	11674	C	A	4202	1842	48	1	0	34	0.000237812	4205	0.968769	FALSE	NA	NA	NA	NA	NA	NA
NC_045512.2	11675	T	G	4202	1804	47	1	1	27	0.000237925	4203	1	FALSE	NA	NA	NA	NA	NA	NA
NC_045512.2	11676	T	G	4159	1768	47	2	2	30	0.000480654	4161	0.890766	FALSE	NA	NA	NA	NA	NA	NA
NC_045512.2	11677	T	G	4226	1833	48	2	2	27	0.000473037	4228	1	FALSE	NA	NA	NA	NA	NA	NA
NC_045512.2	11678	A	T	4268	1869	48	1	1	27	0.000234247	4269	1	FALSE	NA	NA	NA	NA	NA	NA
NC_045512.2	11679	G	T	4287	1866	48	1	1	26	0.000233209	4288	1	FALSE	NA	NA	NA	NA	NA	NA
NC_045512.2	11681	C	T	4293	1916	48	1	1	60	0.000232775	4296	0.499942	FALSE	NA	NA	NA	NA	NA	NA
NC_045512.2	11681	C	A	4293	1916	48	2	0	20	0.000465549	4296	1	FALSE	NA	NA	NA	NA	NA	NA
NC_045512.2	11682	T	G	4298	1906	48	1	0	26	0.000232558	4300	1	FALSE	NA	NA	NA	NA	NA	NA
NC_045512.2	11682	T	A	4298	1906	48	1	1	26	0.000232558	4300	1	FALSE	NA	NA	NA	NA	NA	NA
NC_045512.2	11683	G	C	4375	1931	48	1	0	34	0.000228519	4376	0.968804	FALSE	NA	NA	NA	NA	NA	NA
NC_045512.2	11688	T	G	4510	1892	46	2	2	26	0.000443164	4513	1	FALSE	NA	NA	NA	NA	NA	NA
NC_045512.2	11688	T	C	4510	1892	46	1	0	60	0.000221582	4513	0.499945	FALSE	NA	NA	NA	NA	NA	NA
NC_045512.2	11689	T	C	4596	2051	48	2	1	30	0.000434877	4599	0.890701	FALSE	NA	NA	NA	NA	NA	NA
NC_045512.2	11689	T	A	4596	2051	48	1	0	34	0.000217439	4599	0.968767	FALSE	NA	NA	NA	NA	NA	NA
NC_045512.2	11691	G	T	4693	2201	48	1	0	26	0.000213038	4694	1	FALSE	NA	NA	NA	NA	NA	NA
NC_045512.2	11692	T	C	4710	2256	49	2	2	51	0.000424358	4713	0.249973	FALSE	NA	NA	NA	NA	NA	NA
NC_045512.2	11692	T	A	4710	2256	49	1	0	26	0.000212179	4713	1	FALSE	NA	NA	NA	NA	NA	NA
NC_045512.2	11694	T	G	4193	1664	44	1	1	34	0.000238436	4194	0.968806	FALSE	NA	NA	NA	NA	NA	NA
NC_045512.2	11698	T	G	4830	2345	49	1	0	27	0.000206996	4831	1	FALSE	NA	NA	NA	NA	NA	NA
NC_045512.2	11700	A	T	4685	2407	49	1	0	26	0.000213402	4686	1	FALSE	NA	NA	NA	NA	NA	NA
NC_045512.2	11701	T	A	4717	2401	49	1	1	34	0.000211954	4718	0.9688	FALSE	NA	NA	NA	NA	NA	NA
NC_045512.2	11702	T	G	4664	2380	50	1	1	27	0.000214316	4666	1	FALSE	NA	NA	NA	NA	NA	NA
NC_045512.2	11702	T	C	4664	2380	50	1	1	34	0.000214316	4666	0.968783	FALSE	NA	NA	NA	NA	NA	NA
NC_045512.2	11704	C	A	4645	2427	50	1	0	34	0.000215239	4646	0.9688	FALSE	NA	NA	NA	NA	NA	NA
NC_045512.2	11705	T	G	4510	2237	48	2	2	26	0.000443164	4513	1	FALSE	NA	NA	NA	NA	NA	NA
NC_045512.2	11705	T	C	4510	2237	48	1	1	68	0.000221582	4513	0.499945	FALSE	NA	NA	NA	NA	NA	NA
NC_045512.2	11707	A	T	4666	2394	50	1	1	26	0.00021427	4667	1	FALSE	NA	NA	NA	NA	NA	NA
NC_045512.2	11709	T	G	4555	2268	48	3	3	29	0.000658183	4558	1	FALSE	NA	NA	NA	NA	NA	NA
NC_045512.2	11710	T	A	4672	2367	49	1	1	27	0.000213995	4673	1	FALSE	NA	NA	NA	NA	NA	NA
NC_045512.2	11711	T	A	4665	2401	49	1	0	68	0.000214316	4666	0.500054	FALSE	NA	NA	NA	NA	NA	NA
NC_045512.2	11712	C	T	4696	2446	49	1	1	68	0.000212857	4698	0.5	FALSE	NA	NA	NA	NA	NA	NA
NC_045512.2	11712	C	A	4696	2446	49	1	0	26	0.000212857	4698	1	FALSE	NA	NA	NA	NA	NA	NA
NC_045512.2	11713	T	G	4702	2390	49	5	5	26	0.00106202	4708	1	FALSE	NA	NA	NA	NA	NA	NA
NC_045512.2	11713	T	A	4702	2390	49	1	0	27	0.000212404	4708	1	FALSE	NA	NA	NA	NA	NA	NA
NC_045512.2	11714	A	G	4833	2494	50	1	1	68	0.000206868	4834	0.500052	FALSE	NA	NA	NA	NA	NA	NA
NC_045512.2	11715	C	A	4788	2507	50	2	0	26	0.000417537	4790	1	FALSE	NA	NA	NA	NA	NA	NA
NC_045512.2	11718	A	G	4664	2412	50	1	0	34	0.000214362	4665	0.9688	FALSE	NA	NA	NA	NA	NA	NA
NC_045512.2	11719	G	T	4679	2359	49	1	1	27	0.00021363	4681	1	FALSE	NA	NA	NA	NA	NA	NA
NC_045512.2	11719	G	C	4679	2359	49	1	0	20	0.00021363	4681	1	FALSE	NA	NA	NA	NA	NA	NA
NC_045512.2	11723	T	G	4263	1898	46	3	3	26	0.000703235	4266	1	FALSE	NA	NA	NA	NA	NA	NA
NC_045512.2	11724	T	G	4625	2304	49	1	0	20	0.000216169	4626	1	FALSE	NA	NA	NA	NA	NA	NA
NC_045512.2	11725	T	G	4748	2387	50	1	0	27	0.000210526	4750	1	FALSE	NA	NA	NA	NA	NA	NA
NC_045512.2	11725	T	A	4748	2387	50	1	0	26	0.000210526	4750	1	FALSE	NA	NA	NA	NA	NA	NA
NC_045512.2	11726	A	G	4785	2438	51	2	0	51	0.000417624	4789	0.249922	FALSE	NA	NA	NA	NA	NA	NA
NC_045512.2	11726	A	C	4785	2438	51	2	1	27	0.000417624	4789	1	FALSE	NA	NA	NA	NA	NA	NA
NC_045512.2	11727	G	T	4792	2411	51	1	1	20	0.000208638	4793	1	FALSE	NA	NA	NA	NA	NA	NA
NC_045512.2	11730	A	G	4575	2382	51	1	0	34	0.000218484	4577	0.968784	FALSE	NA	NA	NA	NA	NA	NA
NC_045512.2	11730	A	C	4575	2382	51	1	0	26	0.000218484	4577	1	FALSE	NA	NA	NA	NA	NA	NA
NC_045512.2	11732	A	G	4498	2349	52	1	0	27	0.000222272	4499	1	FALSE	NA	NA	NA	NA	NA	NA
NC_045512.2	11734	G	C	4470	2397	51	1	1	27	0.000223614	4472	1	FALSE	NA	NA	NA	NA	NA	NA
NC_045512.2	11734	G	A	4470	2397	51	1	0	68	0.000223614	4472	0.5	FALSE	NA	NA	NA	NA	NA	NA
NC_045512.2	11735	A	T	4467	2414	52	2	2	26	0.000447527	4469	1	FALSE	NA	NA	NA	NA	NA	NA
NC_045512.2	11736	A	T	4315	2473	49	1	0	20	0.000231589	4318	1	FALSE	NA	NA	NA	NA	NA	NA
NC_045512.2	11736	A	G	4315	2473	49	1	0	38	0.000231589	4318	0.968768	FALSE	NA	NA	NA	NA	NA	NA
NC_045512.2	11736	A	C	4315	2473	49	1	0	27	0.000231589	4318	1	FALSE	NA	NA	NA	NA	NA	NA
NC_045512.2	11737	T	G	4366	2334	50	2	2	26	0.000457875	4368	1	FALSE	NA	NA	NA	NA	NA	NA
NC_045512.2	11739	C	A	4467	2507	51	1	0	34	0.000223814	4468	0.968802	FALSE	NA	NA	NA	NA	NA	NA
NC_045512.2	11740	A	G	4484	2501	52	1	0	20	0.000222965	4485	1	FALSE	NA	NA	NA	NA	NA	NA
NC_045512.2	11741	C	T	4456	2528	50	1	0	34	0.000224316	4458	0.968785	FALSE	NA	NA	NA	NA	NA	NA
NC_045512.2	11741	C	G	4456	2528	50	1	1	26	0.000224316	4458	1	FALSE	NA	NA	NA	NA	NA	NA
NC_045512.2	11742	A	G	4505	2530	52	1	1	68	0.000221926	4506	0.500055	FALSE	NA	NA	NA	NA	NA	NA
NC_045512.2	11743	G	C	4414	2460	51	1	0	20	0.000226501	4415	1	FALSE	NA	NA	NA	NA	NA	NA
NC_045512.2	11744	G	C	4551	2441	49	1	0	20	0.000219587	4554	1	FALSE	NA	NA	NA	NA	NA	NA
NC_045512.2	11744	G	A	4551	2441	49	2	2	34	0.000439174	4554	0.890702	FALSE	NA	NA	NA	NA	NA	NA
NC_045512.2	11747	C	G	4886	2786	49	1	0	26	0.000204583	4888	1	FALSE	NA	NA	NA	NA	NA	NA
NC_045512.2	11747	C	A	4886	2786	49	1	0	26	0.000204583	4888	1	FALSE	NA	NA	NA	NA	NA	NA
NC_045512.2	11751	T	C	4916	2724	49	1	0	68	0.000203376	4917	0.500051	FALSE	NA	NA	NA	NA	NA	NA
NC_045512.2	11752	C	G	4938	2762	49	1	0	27	0.00020247	4939	1	FALSE	NA	NA	NA	NA	NA	NA
NC_045512.2	11753	C	A	4659	2553	49	5	3	28	0.00107204	4664	1	FALSE	NA	NA	NA	NA	NA	NA
NC_045512.2	11754	C	G	4564	2454	50	1	1	27	0.000219058	4565	1	FALSE	NA	NA	NA	NA	NA	NA
NC_045512.2	11755	A	C	4508	2451	49	1	0	34	0.000221779	4509	0.968802	FALSE	NA	NA	NA	NA	NA	NA
NC_045512.2	11757	C	A	4664	2500	50	1	0	26	0.000214362	4665	1	FALSE	NA	NA	NA	NA	NA	NA
NC_045512.2	11758	C	T	4656	2484	50	1	1	27	0.000214731	4657	1	FALSE	NA	NA	NA	NA	NA	NA
NC_045512.2	11759	A	T	4526	2372	49	2	2	34	0.000441501	4530	0.890651	FALSE	NA	NA	NA	NA	NA	NA
NC_045512.2	11759	A	G	4526	2372	49	2	0	26	0.000441501	4530	1	FALSE	NA	NA	NA	NA	NA	NA
NC_045512.2	11760	A	G	4667	2478	51	1	1	34	0.000214225	4668	0.9688	FALSE	NA	NA	NA	NA	NA	NA
NC_045512.2	11764	T	C	4888	2593	50	1	0	68	0.000204499	4890	0.5	FALSE	NA	NA	NA	NA	NA	NA
NC_045512.2	11764	T	A	4888	2593	50	1	1	34	0.000204499	4890	0.968782	FALSE	NA	NA	NA	NA	NA	NA
NC_045512.2	11765	A	T	4739	2489	51	1	0	34	0.000210881	4742	0.968766	FALSE	NA	NA	NA	NA	NA	NA
NC_045512.2	11765	A	G	4739	2489	51	1	1	34	0.000210881	4742	0.968766	FALSE	NA	NA	NA	NA	NA	NA
NC_045512.2	11765	A	C	4739	2489	51	1	0	27	0.000210881	4742	1	FALSE	NA	NA	NA	NA	NA	NA
NC_045512.2	11766	G	A	4918	2446	50	1	0	68	0.000203293	4919	0.500051	FALSE	NA	NA	NA	NA	NA	NA
NC_045512.2	11770	A	C	4764	2359	52	1	0	27	0.000209864	4765	1	FALSE	NA	NA	NA	NA	NA	NA
NC_045512.2	11774	G	C	4719	2316	51	1	1	20	0.000211864	4720	1	FALSE	NA	NA	NA	NA	NA	NA
NC_045512.2	11776	C	A	4635	2235	52	1	0	68	0.000215703	4636	0.500054	FALSE	NA	NA	NA	NA	NA	NA
NC_045512.2	11777	T	G	4537	2128	51	3	2	29	0.000660793	4540	1	FALSE	NA	NA	NA	NA	NA	NA
NC_045512.2	11779	C	A	4627	2270	51	1	0	26	0.000216076	4628	1	FALSE	NA	NA	NA	NA	NA	NA
NC_045512.2	11781	A	C	4591	2268	51	1	0	34	0.00021777	4592	0.968801	FALSE	NA	NA	NA	NA	NA	NA
NC_045512.2	11782	A	C	4210	2271	47	4	0	26	0.000949217	4214	1	FALSE	NA	NA	NA	NA	NA	NA
NC_045512.2	11784	T	C	4490	2153	52	1	0	46	0.000222668	4491	0.500056	FALSE	NA	NA	NA	NA	NA	NA
NC_045512.2	11787	A	C	4522	2229	50	1	0	34	0.000221092	4523	0.968802	FALSE	NA	NA	NA	NA	NA	NA
NC_045512.2	11788	C	G	4607	2222	52	1	1	20	0.000217014	4608	1	FALSE	NA	NA	NA	NA	NA	NA
NC_045512.2	11789	A	C	4607	2239	51	1	0	26	0.000217014	4608	1	FALSE	NA	NA	NA	NA	NA	NA
NC_045512.2	11790	T	G	4439	2113	48	3	2	27	0.000675371	4442	1	FALSE	NA	NA	NA	NA	NA	NA
NC_045512.2	11791	T	G	4517	2137	50	1	1	34	0.000221337	4518	0.968802	FALSE	NA	NA	NA	NA	NA	NA
NC_045512.2	11792	A	T	4528	2288	50	2	0	25	0.000441501	4530	1	FALSE	NA	NA	NA	NA	NA	NA
NC_045512.2	11793	A	C	4387	2296	48	3	0	22	0.000683371	4390	1	FALSE	NA	NA	NA	NA	NA	NA
NC_045512.2	11794	A	C	4364	2310	47	8	0	27	0.00182983	4372	1	FALSE	NA	NA	NA	NA	NA	NA
NC_045512.2	11795	T	G	4577	2272	51	1	1	34	0.000218436	4578	0.968801	FALSE	NA	NA	NA	NA	NA	NA
NC_045512.2	11796	T	A	4526	2173	52	2	1	36	0.000441696	4528	0.890754	FALSE	NA	NA	NA	NA	NA	NA
NC_045512.2	11798	T	G	4347	1985	49	3	3	26	0.000689497	4351	1	FALSE	NA	NA	NA	NA	NA	NA
NC_045512.2	11798	T	A	4347	1985	49	1	0	27	0.000229832	4351	1	FALSE	NA	NA	NA	NA	NA	NA
NC_045512.2	11800	G	T	4562	2183	52	1	0	34	0.000219154	4563	0.968801	FALSE	NA	NA	NA	NA	NA	NA
NC_045512.2	11801	G	T	4512	2178	52	1	1	34	0.000221582	4513	0.968802	FALSE	NA	NA	NA	NA	NA	NA
NC_045512.2	11803	T	G	4601	2228	52	1	0	27	0.000217297	4602	1	FALSE	NA	NA	NA	NA	NA	NA
NC_045512.2	11804	G	T	4574	2227	52	1	1	26	0.000218579	4575	1	FALSE	NA	NA	NA	NA	NA	NA
NC_045512.2	11806	T	A	4566	2250	53	1	0	34	0.000218962	4567	0.968801	FALSE	NA	NA	NA	NA	NA	NA
NC_045512.2	11807	G	T	4541	2223	52	1	0	20	0.000220167	4542	1	FALSE	NA	NA	NA	NA	NA	NA
NC_045512.2	11810	G	C	4609	2252	53	1	1	27	0.00021692	4610	1	FALSE	NA	NA	NA	NA	NA	NA
NC_045512.2	11811	G	C	4537	2215	52	1	0	60	0.000220264	4540	0.499945	FALSE	NA	NA	NA	NA	NA	NA
NC_045512.2	11811	G	A	4537	2215	52	2	1	51	0.000440529	4540	0.249972	FALSE	NA	NA	NA	NA	NA	NA
NC_045512.2	11812	C	T	4556	2285	53	1	0	34	0.000219394	4558	0.968784	FALSE	NA	NA	NA	NA	NA	NA
NC_045512.2	11812	C	G	4556	2285	53	1	0	27	0.000219394	4558	1	FALSE	NA	NA	NA	NA	NA	NA
NC_045512.2	11815	A	C	4425	2317	51	2	0	23	0.000451773	4427	1	FALSE	NA	NA	NA	NA	NA	NA
NC_045512.2	11817	C	A	4616	2314	52	1	0	27	0.000216591	4617	1	FALSE	NA	NA	NA	NA	NA	NA
NC_045512.2	11818	T	A	4611	2284	53	1	1	34	0.000216826	4612	0.968801	FALSE	NA	NA	NA	NA	NA	NA
NC_045512.2	11820	G	C	4648	2277	53	1	0	20	0.000215054	4650	1	FALSE	NA	NA	NA	NA	NA	NA
NC_045512.2	11820	G	A	4648	2277	53	1	1	68	0.000215054	4650	0.5	FALSE	NA	NA	NA	NA	NA	NA
NC_045512.2	11823	T	A	4676	2315	53	1	0	34	0.000213812	4677	0.9688	FALSE	NA	NA	NA	NA	NA	NA
NC_045512.2	11825	A	T	4522	2399	50	1	0	26	0.000221092	4523	1	FALSE	NA	NA	NA	NA	NA	NA
NC_045512.2	11826	A	T	4467	2379	50	1	1	34	0.000223764	4469	0.968785	FALSE	NA	NA	NA	NA	NA	NA
NC_045512.2	11826	A	C	4467	2379	50	1	0	27	0.000223764	4469	1	FALSE	NA	NA	NA	NA	NA	NA
NC_045512.2	11828	G	A	4549	2392	51	1	0	68	0.00021978	4550	0.500055	FALSE	NA	NA	NA	NA	NA	NA
NC_045512.2	11829	T	C	4463	2381	51	2	2	34	0.000447928	4465	0.890756	FALSE	NA	NA	NA	NA	NA	NA
NC_045512.2	11830	A	T	4465	2414	51	1	0	26	0.000223814	4468	1	FALSE	NA	NA	NA	NA	NA	NA
NC_045512.2	11830	A	G	4465	2414	51	1	0	34	0.000223814	4468	0.968767	FALSE	NA	NA	NA	NA	NA	NA
NC_045512.2	11830	A	C	4465	2414	51	1	0	26	0.000223814	4468	1	FALSE	NA	NA	NA	NA	NA	NA
NC_045512.2	11830	A	+C	4465	2414	51	1	0	20	0.000223814	4468	1	FALSE	NA	NA	NA	NA	NA	NA
NC_045512.2	11833	C	G	4763	2485	51	5	0	34	0.00104844	4769	0.5	FALSE	NA	NA	NA	NA	NA	NA
NC_045512.2	11833	C	A	4763	2485	51	1	0	34	0.000209688	4769	0.968717	FALSE	NA	NA	NA	NA	NA	NA
NC_045512.2	11834	A	T	4714	2478	50	1	1	27	0.000212089	4715	1	FALSE	NA	NA	NA	NA	NA	NA
NC_045512.2	11836	T	G	4786	2620	51	1	0	27	0.000208899	4787	1	FALSE	NA	NA	NA	NA	NA	NA
NC_045512.2	11837	G	T	4854	2604	50	1	0	27	0.000205973	4855	1	FALSE	NA	NA	NA	NA	NA	NA
NC_045512.2	11839	A	+C	4869	2628	50	1	0	20	0.000205381	4869	1	FALSE	NA	NA	NA	NA	NA	NA
NC_045512.2	11842	G	T	4770	2387	50	1	1	34	0.0002096	4771	0.968799	FALSE	NA	NA	NA	NA	NA	NA
NC_045512.2	11845	T	A	4687	2319	51	1	1	26	0.000213311	4688	1	FALSE	NA	NA	NA	NA	NA	NA
NC_045512.2	11846	A	T	4492	2217	50	1	1	26	0.000222519	4494	1	FALSE	NA	NA	NA	NA	NA	NA
NC_045512.2	11846	A	G	4492	2217	50	1	1	34	0.000222519	4494	0.968785	FALSE	NA	NA	NA	NA	NA	NA
NC_045512.2	11847	A	G	4525	2213	51	1	1	46	0.000220946	4526	0.500055	FALSE	NA	NA	NA	NA	NA	NA
NC_045512.2	11848	A	G	4459	2214	49	1	1	24	0.000224165	4461	1	FALSE	NA	NA	NA	NA	NA	NA
NC_045512.2	11848	A	C	4459	2214	49	1	0	34	0.000224165	4461	0.968785	FALSE	NA	NA	NA	NA	NA	NA
NC_045512.2	11853	C	A	4243	2020	51	1	0	34	0.000235627	4244	0.968805	FALSE	NA	NA	NA	NA	NA	NA
NC_045512.2	11854	A	G	4258	2024	51	1	0	68	0.000234797	4259	0.500059	FALSE	NA	NA	NA	NA	NA	NA
NC_045512.2	11856	A	C	4439	2072	51	1	1	27	0.000225225	4440	1	FALSE	NA	NA	NA	NA	NA	NA
NC_045512.2	11858	G	A	4440	2074	50	1	1	68	0.000225175	4441	0.500056	FALSE	NA	NA	NA	NA	NA	NA
NC_045512.2	11860	A	C	4445	2116	50	2	0	30	0.000449741	4447	0.890757	FALSE	NA	NA	NA	NA	NA	NA
NC_045512.2	11861	A	C	4393	2108	49	2	0	23	0.000455063	4395	1	FALSE	NA	NA	NA	NA	NA	NA
NC_045512.2	11862	A	C	4107	2147	48	7	0	28	0.00170151	4114	1	FALSE	NA	NA	NA	NA	NA	NA
NC_045512.2	11866	C	G	4189	2042	49	1	1	34	0.000238663	4190	0.968806	FALSE	NA	NA	NA	NA	NA	NA
NC_045512.2	11867	A	G	4188	2013	50	1	0	34	0.00023872	4189	0.968806	FALSE	NA	NA	NA	NA	NA	NA
NC_045512.2	11869	A	T	4211	2017	50	1	1	26	0.000237361	4213	1	FALSE	NA	NA	NA	NA	NA	NA
NC_045512.2	11869	A	G	4211	2017	50	1	1	68	0.000237361	4213	0.5	FALSE	NA	NA	NA	NA	NA	NA
NC_045512.2	11870	T	A	4202	2123	50	1	1	27	0.000237925	4203	1	FALSE	NA	NA	NA	NA	NA	NA
NC_045512.2	11871	C	G	4158	2150	49	2	2	30	0.000480654	4161	0.89071	FALSE	NA	NA	NA	NA	NA	NA
NC_045512.2	11871	C	A	4158	2150	49	1	0	27	0.000240327	4161	1	FALSE	NA	NA	NA	NA	NA	NA
NC_045512.2	11872	A	T	4087	2105	50	1	0	20	0.000244618	4088	1	FALSE	NA	NA	NA	NA	NA	NA
NC_045512.2	11873	G	T	4084	2103	50	1	1	27	0.000244798	4085	1	FALSE	NA	NA	NA	NA	NA	NA
NC_045512.2	11880	T	G	3655	1839	50	1	0	26	0.000273523	3656	1	FALSE	NA	NA	NA	NA	NA	NA
NC_045512.2	11883	T	A	3580	1763	49	1	0	24	0.000279252	3581	1	FALSE	NA	NA	NA	NA	NA	NA
NC_045512.2	11886	C	G	3357	1621	50	1	0	27	0.000297796	3358	1	FALSE	NA	NA	NA	NA	NA	NA
NC_045512.2	11887	A	C	3370	1636	51	2	1	30	0.00059312	3372	0.812685	FALSE	NA	NA	NA	NA	NA	NA
NC_045512.2	11889	T	A	3354	1621	50	1	0	26	0.000298063	3355	1	FALSE	NA	NA	NA	NA	NA	NA
NC_045512.2	11892	T	G	3377	1673	52	1	0	27	0.000296033	3378	1	FALSE	NA	NA	NA	NA	NA	NA
NC_045512.2	11894	C	G	4319	2133	48	1	0	27	0.000231428	4321	1	FALSE	NA	NA	NA	NA	NA	NA
NC_045512.2	11894	C	A	4319	2133	48	1	0	20	0.000231428	4321	1	FALSE	NA	NA	NA	NA	NA	NA
NC_045512.2	11897	C	T	4296	2166	47	1	1	46	0.000232666	4298	0.5	FALSE	NA	NA	NA	NA	NA	NA
NC_045512.2	11897	C	G	4296	2166	47	1	1	26	0.000232666	4298	1	FALSE	NA	NA	NA	NA	NA	NA
NC_045512.2	11899	A	T	4425	2208	47	1	0	26	0.000225938	4426	1	FALSE	NA	NA	NA	NA	NA	NA
NC_045512.2	11902	C	A	4419	2220	47	2	0	30	0.000452386	4421	0.890758	FALSE	NA	NA	NA	NA	NA	NA
NC_045512.2	11903	A	C	4290	2240	46	1	0	27	0.000233046	4291	1	FALSE	NA	NA	NA	NA	NA	NA
NC_045512.2	11904	G	C	4661	2272	47	1	0	27	0.0002145	4662	1	FALSE	NA	NA	NA	NA	NA	NA
NC_045512.2	11910	A	T	4527	2258	47	1	1	26	0.000220848	4528	1	FALSE	NA	NA	NA	NA	NA	NA
NC_045512.2	11911	A	T	4337	2330	45	4	0	28	0.000921022	4343	1	FALSE	NA	NA	NA	NA	NA	NA
NC_045512.2	11911	A	G	4337	2330	45	2	1	34	0.000460511	4343	0.890544	FALSE	NA	NA	NA	NA	NA	NA
NC_045512.2	11913	C	G	4261	2164	46	2	0	30	0.000469153	4263	0.890762	FALSE	NA	NA	NA	NA	NA	NA
NC_045512.2	11914	A	T	4260	2184	46	1	0	27	0.000234687	4261	1	FALSE	NA	NA	NA	NA	NA	NA
NC_045512.2	11916	C	G	4324	2184	46	2	0	26	0.000462321	4326	1	FALSE	NA	NA	NA	NA	NA	NA
NC_045512.2	11917	A	T	4312	2197	46	1	0	34	0.000231803	4314	0.968786	FALSE	NA	NA	NA	NA	NA	NA
NC_045512.2	11917	A	C	4312	2197	46	1	0	26	0.000231803	4314	1	FALSE	NA	NA	NA	NA	NA	NA
NC_045512.2	11920	T	A	4351	2125	45	1	1	34	0.000229779	4352	0.968804	FALSE	NA	NA	NA	NA	NA	NA
NC_045512.2	11921	A	T	4385	2217	46	1	0	27	0.000227894	4388	1	FALSE	NA	NA	NA	NA	NA	NA
NC_045512.2	11921	A	C	4385	2217	46	2	0	23	0.000455789	4388	1	FALSE	NA	NA	NA	NA	NA	NA
NC_045512.2	11922	A	T	4369	2229	45	1	1	27	0.000228833	4370	1	FALSE	NA	NA	NA	NA	NA	NA
NC_045512.2	11926	G	C	3836	1817	46	1	1	68	0.00026062	3837	0.500065	FALSE	NA	NA	NA	NA	NA	NA
NC_045512.2	11927	T	G	3804	1752	45	2	2	26	0.00052521	3808	1	FALSE	NA	NA	NA	NA	NA	NA
NC_045512.2	11927	T	C	3804	1752	45	2	0	34	0.00052521	3808	0.8125	FALSE	NA	NA	NA	NA	NA	NA
NC_045512.2	11928	G	T	3864	1817	46	2	2	30	0.000517063	3868	0.8125	FALSE	NA	NA	NA	NA	NA	NA
NC_045512.2	11928	G	C	3864	1817	46	2	2	30	0.000517063	3868	0.8125	FALSE	NA	NA	NA	NA	NA	NA
NC_045512.2	11930	G	C	4923	2091	47	1	1	34	0.000203046	4925	0.968782	FALSE	NA	NA	NA	NA	NA	NA
NC_045512.2	11930	G	A	4923	2091	47	1	1	24	0.000203046	4925	1	FALSE	NA	NA	NA	NA	NA	NA
NC_045512.2	11931	C	T	4998	2157	47	1	0	34	0.0002	5000	0.984389	FALSE	NA	NA	NA	NA	NA	NA
NC_045512.2	11931	C	A	4998	2157	47	1	0	26	0.0002	5000	1	FALSE	NA	NA	NA	NA	NA	NA
NC_045512.2	11932	T	G	5047	2162	48	1	0	26	0.000198098	5048	1	FALSE	NA	NA	NA	NA	NA	NA
NC_045512.2	11933	C	T	5730	2359	48	3	0	34	0.000523286	5733	0.855612	FALSE	NA	NA	NA	NA	NA	NA
NC_045512.2	11933	C	+A	5730	2359	48	1	0	20	0.000174429	5733	1	FALSE	NA	NA	NA	NA	NA	NA
NC_045512.2	11934	A	G	6019	2446	48	1	0	34	0.000166058	6022	0.992197	FALSE	NA	NA	NA	NA	NA	NA
NC_045512.2	11934	A	C	6019	2446	48	2	0	51	0.000332116	6022	0.249979	FALSE	NA	NA	NA	NA	NA	NA
NC_045512.2	11937	G	T	6763	2679	48	1	0	34	0.000147842	6764	0.992204	FALSE	NA	NA	NA	NA	NA	NA
NC_045512.2	11938	T	C	6740	2706	48	1	1	34	0.000148346	6741	0.992204	FALSE	NA	NA	NA	NA	NA	NA
NC_045512.2	11939	G	T	7205	2801	48	1	0	34	0.000138773	7206	0.996104	FALSE	NA	NA	NA	NA	NA	NA
NC_045512.2	11940	T	C	7246	2839	49	1	0	34	0.000137988	7247	0.996103	FALSE	NA	NA	NA	NA	NA	NA
NC_045512.2	11942	C	A	8685	3193	48	1	0	26	0.000115128	8686	1	FALSE	NA	NA	NA	NA	NA	NA
NC_045512.2	11943	A	T	8713	3221	48	1	0	34	0.000114745	8715	0.998051	FALSE	NA	NA	NA	NA	NA	NA
NC_045512.2	11943	A	C	8713	3221	48	1	0	26	0.000114745	8715	1	FALSE	NA	NA	NA	NA	NA	NA
NC_045512.2	11946	T	G	9175	3491	49	3	3	24	0.000326833	9179	1	FALSE	NA	NA	NA	NA	NA	NA
NC_045512.2	11946	T	C	9175	3491	49	1	0	34	0.000108944	9179	0.999025	FALSE	NA	NA	NA	NA	NA	NA
NC_045512.2	11947	A	T	9204	3555	49	5	3	25	0.000542947	9209	1	FALSE	NA	NA	NA	NA	NA	NA
NC_045512.2	11948	C	T	9686	3650	49	2	1	57	0.000206398	9690	0.249961	FALSE	NA	NA	NA	NA	NA	NA
NC_045512.2	11948	C	G	9686	3650	49	2	1	25	0.000206398	9690	1	FALSE	NA	NA	NA	NA	NA	NA
NC_045512.2	11949	A	T	9718	3704	50	1	1	27	0.000102891	9719	1	FALSE	NA	NA	NA	NA	NA	NA
NC_045512.2	11949	A	+G	9718	3704	50	1	0	20	0.000102891	9719	1	FALSE	NA	NA	NA	NA	NA	NA
NC_045512.2	11951	A	G	10053	4010	51	1	0	26	9.94629e-05	10054	1	FALSE	NA	NA	NA	NA	NA	NA
NC_045512.2	11952	A	G	10489	4166	51	1	1	60	9.53198e-05	10491	0.5	FALSE	NA	NA	NA	NA	NA	NA
NC_045512.2	11952	A	C	10489	4166	51	1	0	46	9.53198e-05	10491	0.750012	FALSE	NA	NA	NA	NA	NA	NA
NC_045512.2	11953	T	G	10460	4159	51	1	1	34	9.55657e-05	10464	0.999512	FALSE	NA	NA	NA	NA	NA	NA
NC_045512.2	11953	T	C	10460	4159	51	2	2	36	0.000191131	10464	0.996832	FALSE	NA	NA	NA	NA	NA	NA
NC_045512.2	11953	T	A	10460	4159	51	1	1	34	9.55657e-05	10464	0.999512	FALSE	NA	NA	NA	NA	NA	NA
NC_045512.2	11954	G	C	10934	4281	51	2	0	26	0.000182866	10937	1	FALSE	NA	NA	NA	NA	NA	NA
NC_045512.2	11954	G	A	10934	4281	51	1	0	68	9.14328e-05	10937	0.499977	FALSE	NA	NA	NA	NA	NA	NA
NC_045512.2	11955	A	T	10980	4272	50	1	1	20	9.10581e-05	10982	1	FALSE	NA	NA	NA	NA	NA	NA
NC_045512.2	11955	A	G	10980	4272	50	1	1	68	9.10581e-05	10982	0.5	FALSE	NA	NA	NA	NA	NA	NA
NC_045512.2	11956	C	T	11055	4356	51	1	1	46	9.04486e-05	11056	0.750034	FALSE	NA	NA	NA	NA	NA	NA
NC_045512.2	11959	T	A	10962	4242	49	1	0	34	9.12159e-05	10963	0.999513	FALSE	NA	NA	NA	NA	NA	NA
NC_045512.2	11960	C	+A	11421	4514	52	1	0	20	8.7558e-05	11421	1	FALSE	NA	NA	NA	NA	NA	NA
NC_045512.2	11961	T	C	11331	4327	50	1	0	34	8.82379e-05	11333	0.999757	FALSE	NA	NA	NA	NA	NA	NA
NC_045512.2	11961	T	A	11331	4327	50	1	1	20	8.82379e-05	11333	1	FALSE	NA	NA	NA	NA	NA	NA
NC_045512.2	11962	C	T	11378	4490	52	1	0	34	8.7858e-05	11382	0.999756	FALSE	NA	NA	NA	NA	NA	NA
NC_045512.2	11962	C	G	11378	4490	52	1	0	26	8.7858e-05	11382	1	FALSE	NA	NA	NA	NA	NA	NA
NC_045512.2	11962	C	A	11378	4490	52	2	0	26	0.000175716	11382	1	FALSE	NA	NA	NA	NA	NA	NA
NC_045512.2	11963	T	G	11246	4303	50	1	1	20	8.88968e-05	11249	1	FALSE	NA	NA	NA	NA	NA	NA
NC_045512.2	11963	T	C	11246	4303	50	2	1	30	0.000177794	11249	0.998295	FALSE	NA	NA	NA	NA	NA	NA
NC_045512.2	11964	T	G	11420	4724	53	1	1	27	8.75427e-05	11423	1	FALSE	NA	NA	NA	NA	NA	NA
NC_045512.2	11964	T	A	11420	4724	53	2	0	26	0.000175085	11423	1	FALSE	NA	NA	NA	NA	NA	NA
NC_045512.2	11965	A	G	11506	4764	54	2	0	68	0.000173792	11508	0.250011	FALSE	NA	NA	NA	NA	NA	NA
NC_045512.2	11966	G	T	12123	4881	52	3	3	27	0.000247382	12127	1	FALSE	NA	NA	NA	NA	NA	NA
NC_045512.2	11966	G	C	12123	4881	52	1	0	26	8.24606e-05	12127	1	FALSE	NA	NA	NA	NA	NA	NA
NC_045512.2	11967	C	T	12132	4974	53	1	1	68	8.24131e-05	12134	0.5	FALSE	NA	NA	NA	NA	NA	NA
NC_045512.2	11967	C	G	12132	4974	53	1	1	20	8.24131e-05	12134	1	FALSE	NA	NA	NA	NA	NA	NA
NC_045512.2	11968	T	G	12220	4948	53	2	1	26	0.000163599	12225	1	FALSE	NA	NA	NA	NA	NA	NA
NC_045512.2	11968	T	C	12220	4948	53	2	1	34	0.000163599	12225	0.999086	FALSE	NA	NA	NA	NA	NA	NA
NC_045512.2	11968	T	A	12220	4948	53	1	0	34	8.17996e-05	12225	0.999878	FALSE	NA	NA	NA	NA	NA	NA
NC_045512.2	11968	T	-A	12220	4948	53	1	0	20	8.17996e-05	12225	1	FALSE	NA	NA	NA	NA	NA	NA
NC_045512.2	11970	A	T	12084	4958	52	1	1	27	8.27061e-05	12091	1	FALSE	NA	NA	NA	NA	NA	NA
NC_045512.2	11970	A	G	12084	4958	52	4	2	41	0.000330825	12091	0.187422	FALSE	NA	NA	NA	NA	NA	NA
NC_045512.2	11970	A	C	12084	4958	52	2	1	26	0.000165412	12091	1	FALSE	NA	NA	NA	NA	NA	NA
NC_045512.2	11971	A	T	13250	5303	53	2	2	47	0.000150898	13254	0.499972	FALSE	NA	NA	NA	NA	NA	NA
NC_045512.2	11971	A	G	13250	5303	53	2	0	46	0.000150898	13254	0.499972	FALSE	NA	NA	NA	NA	NA	NA
NC_045512.2	11973	A	T	13429	5478	52	2	1	20	0.000148887	13433	1	FALSE	NA	NA	NA	NA	NA	NA
NC_045512.2	11973	A	G	13429	5478	52	2	0	51	0.000148887	13433	0.249972	FALSE	NA	NA	NA	NA	NA	NA
NC_045512.2	11974	T	G	13622	5363	52	1	0	24	7.33837e-05	13627	1	FALSE	NA	NA	NA	NA	NA	NA
NC_045512.2	11974	T	A	13622	5363	52	4	4	32	0.000293535	13627	0.99365	FALSE	NA	NA	NA	NA	NA	NA
NC_045512.2	11975	A	T	13586	5429	53	3	2	28	0.000220751	13590	1	FALSE	NA	NA	NA	NA	NA	NA
NC_045512.2	11975	A	G	13586	5429	53	1	0	68	7.35835e-05	13590	0.499963	FALSE	NA	NA	NA	NA	NA	NA
NC_045512.2	11976	C	G	14470	5718	53	1	1	27	6.90799e-05	14476	1	FALSE	NA	NA	NA	NA	NA	NA
NC_045512.2	11976	C	A	14470	5718	53	5	1	28	0.000345399	14476	1	FALSE	NA	NA	NA	NA	NA	NA
NC_045512.2	11977	T	G	14442	5659	52	1	0	27	6.92233e-05	14446	1	FALSE	NA	NA	NA	NA	NA	NA
NC_045512.2	11977	T	A	14442	5659	52	3	1	29	0.00020767	14446	1	FALSE	NA	NA	NA	NA	NA	NA
NC_045512.2	11978	A	G	15396	5944	53	1	0	27	6.49435e-05	15398	1	FALSE	NA	NA	NA	NA	NA	NA
NC_045512.2	11978	A	C	15396	5944	53	1	0	27	6.49435e-05	15398	1	FALSE	NA	NA	NA	NA	NA	NA
NC_045512.2	11979	C	T	15306	6129	54	1	0	68	6.53296e-05	15307	0.500016	FALSE	NA	NA	NA	NA	NA	NA
NC_045512.2	11980	T	G	15128	5849	52	7	7	27	0.000462504	15135	1	FALSE	NA	NA	NA	NA	NA	NA
NC_045512.2	11981	G	T	15121	5934	53	2	1	26	0.000132223	15126	1	FALSE	NA	NA	NA	NA	NA	NA
NC_045512.2	11981	G	C	15121	5934	53	3	3	27	0.000198334	15126	1	FALSE	NA	NA	NA	NA	NA	NA
NC_045512.2	11982	A	T	15017	6057	53	1	1	26	6.65823e-05	15019	1	FALSE	NA	NA	NA	NA	NA	NA
NC_045512.2	11982	A	C	15017	6057	53	1	0	34	6.65823e-05	15019	0.999985	FALSE	NA	NA	NA	NA	NA	NA
NC_045512.2	11984	G	T	15021	6116	53	1	1	34	6.65557e-05	15025	0.999985	FALSE	NA	NA	NA	NA	NA	NA
NC_045512.2	11984	G	C	15021	6116	53	3	2	29	0.000199667	15025	1	FALSE	NA	NA	NA	NA	NA	NA
NC_045512.2	11985	C	T	15039	6103	53	1	1	34	6.64849e-05	15041	0.999985	FALSE	NA	NA	NA	NA	NA	NA
NC_045512.2	11985	C	G	15039	6103	53	1	1	27	6.64849e-05	15041	1	FALSE	NA	NA	NA	NA	NA	NA
NC_045512.2	11986	C	G	15008	6182	53	1	1	27	6.66267e-05	15009	1	FALSE	NA	NA	NA	NA	NA	NA
NC_045512.2	11987	T	G	14720	5792	51	2	2	30	0.000135833	14724	0.999741	FALSE	NA	NA	NA	NA	NA	NA
NC_045512.2	11987	T	C	14720	5792	51	2	1	68	0.000135833	14724	0.249975	FALSE	NA	NA	NA	NA	NA	NA
NC_045512.2	11988	T	G	14815	5956	52	3	3	27	0.000202415	14821	1	FALSE	NA	NA	NA	NA	NA	NA
NC_045512.2	11988	T	C	14815	5956	52	1	1	68	6.74718e-05	14821	0.499933	FALSE	NA	NA	NA	NA	NA	NA
NC_045512.2	11988	T	A	14815	5956	52	2	0	26	0.000134944	14821	1	FALSE	NA	NA	NA	NA	NA	NA
NC_045512.2	11989	T	C	15014	6217	55	2	2	47	0.000133182	15017	0.5	FALSE	NA	NA	NA	NA	NA	NA
NC_045512.2	11989	T	A	15014	6217	55	1	1	20	6.65912e-05	15017	1	FALSE	NA	NA	NA	NA	NA	NA
NC_045512.2	11989	T	+G	15014	6217	55	1	0	20	6.65912e-05	15017	1	FALSE	NA	NA	NA	NA	NA	NA
NC_045512.2	11990	G	T	15015	6199	54	1	1	27	6.65956e-05	15016	1	FALSE	NA	NA	NA	NA	NA	NA
NC_045512.2	11990	G	-A	15015	6199	54	4	0	20	0.000266383	15016	1	FALSE	NA	NA	NA	NA	NA	NA
NC_045512.2	11990	G	+A	15015	6199	54	2	0	20	0.000133191	15016	1	FALSE	NA	NA	NA	NA	NA	NA
NC_045512.2	11991	A	T	15080	6350	55	1	1	20	6.62998e-05	15083	1	FALSE	NA	NA	NA	NA	NA	NA
NC_045512.2	11991	A	G	15080	6350	55	1	0	68	6.62998e-05	15083	0.499901	FALSE	NA	NA	NA	NA	NA	NA
NC_045512.2	11991	A	C	15080	6350	55	1	0	26	6.62998e-05	15083	1	FALSE	NA	NA	NA	NA	NA	NA
NC_045512.2	11992	A	G	15032	6332	55	2	2	47	0.000133005	15037	0.49995	FALSE	NA	NA	NA	NA	NA	NA
NC_045512.2	11992	A	C	15032	6332	55	3	1	29	0.000199508	15037	1	FALSE	NA	NA	NA	NA	NA	NA
NC_045512.2	11994	A	T	14933	6386	54	2	2	26	0.000133905	14936	1	FALSE	NA	NA	NA	NA	NA	NA
NC_045512.2	11994	A	C	14933	6386	54	1	0	34	6.69523e-05	14936	0.99997	FALSE	NA	NA	NA	NA	NA	NA
NC_045512.2	11995	A	G	14860	6372	54	1	0	34	6.72902e-05	14861	0.99997	FALSE	NA	NA	NA	NA	NA	NA
NC_045512.2	11996	A	T	14897	6394	54	1	1	27	6.71096e-05	14901	1	FALSE	NA	NA	NA	NA	NA	NA
NC_045512.2	11996	A	G	14897	6394	54	2	1	51	0.000134219	14901	0.249975	FALSE	NA	NA	NA	NA	NA	NA
NC_045512.2	11996	A	C	14897	6394	54	1	1	27	6.71096e-05	14901	1	FALSE	NA	NA	NA	NA	NA	NA
NC_045512.2	11997	T	G	15119	6433	55	1	0	27	6.61332e-05	15121	1	FALSE	NA	NA	NA	NA	NA	NA
NC_045512.2	11997	T	A	15119	6433	55	1	1	27	6.61332e-05	15121	1	FALSE	NA	NA	NA	NA	NA	NA
NC_045512.2	11999	G	T	15162	6449	55	1	1	20	6.59413e-05	15165	1	FALSE	NA	NA	NA	NA	NA	NA
NC_045512.2	11999	G	C	15162	6449	55	1	1	27	6.59413e-05	15165	1	FALSE	NA	NA	NA	NA	NA	NA
NC_045512.2	11999	G	A	15162	6449	55	1	0	68	6.59413e-05	15165	0.499984	FALSE	NA	NA	NA	NA	NA	NA
NC_045512.2	12000	T	G	15320	6474	55	1	1	26	6.52614e-05	15323	1	FALSE	NA	NA	NA	NA	NA	NA
NC_045512.2	12000	T	C	15320	6474	55	2	1	30	0.000130523	15323	0.999863	FALSE	NA	NA	NA	NA	NA	NA
NC_045512.2	12001	T	G	15296	6514	54	4	3	28	0.000261404	15302	1	FALSE	NA	NA	NA	NA	NA	NA
NC_045512.2	12001	T	C	15296	6514	54	2	2	25	0.000130702	15302	1	FALSE	NA	NA	NA	NA	NA	NA
NC_045512.2	12005	C	T	15413	6760	55	1	0	34	6.48719e-05	15415	0.999985	FALSE	NA	NA	NA	NA	NA	NA
NC_045512.2	12005	C	G	15413	6760	55	1	0	46	6.48719e-05	15415	0.750008	FALSE	NA	NA	NA	NA	NA	NA
NC_045512.2	12006	T	G	15515	6784	56	1	0	34	6.44496e-05	15516	0.999985	FALSE	NA	NA	NA	NA	NA	NA
NC_045512.2	12007	A	T	15580	6787	54	1	1	20	6.41807e-05	15581	1	FALSE	NA	NA	NA	NA	NA	NA
NC_045512.2	12008	C	G	15657	6824	54	3	2	28	0.000191546	15662	1	FALSE	NA	NA	NA	NA	NA	NA
NC_045512.2	12008	C	A	15657	6824	54	2	1	30	0.000127698	15662	0.999863	FALSE	NA	NA	NA	NA	NA	NA
NC_045512.2	12009	T	G	15701	6674	53	4	4	25	0.00025468	15706	1	FALSE	NA	NA	NA	NA	NA	NA
NC_045512.2	12009	T	C	15701	6674	53	1	0	68	6.36699e-05	15706	0.499952	FALSE	NA	NA	NA	NA	NA	NA
NC_045512.2	12010	T	C	15742	6812	54	1	0	27	6.35163e-05	15744	1	FALSE	NA	NA	NA	NA	NA	NA
NC_045512.2	12010	T	A	15742	6812	54	1	1	34	6.35163e-05	15744	0.999985	FALSE	NA	NA	NA	NA	NA	NA
NC_045512.2	12011	T	C	15869	7192	57	1	0	68	6.3012e-05	15870	0.500016	FALSE	NA	NA	NA	NA	NA	NA
NC_045512.2	12012	C	G	16365	7320	56	2	2	27	0.000122182	16369	1	FALSE	NA	NA	NA	NA	NA	NA
NC_045512.2	12012	C	A	16365	7320	56	2	0	34	0.000122182	16369	0.999928	FALSE	NA	NA	NA	NA	NA	NA
NC_045512.2	12014	G	C	16566	7341	56	1	0	26	6.03573e-05	16568	1	FALSE	NA	NA	NA	NA	NA	NA
NC_045512.2	12014	G	A	16566	7341	56	1	0	68	6.03573e-05	16568	0.5	FALSE	NA	NA	NA	NA	NA	NA
NC_045512.2	12015	T	G	16547	7333	55	2	2	26	0.000120846	16550	1	FALSE	NA	NA	NA	NA	NA	NA
NC_045512.2	12015	T	C	16547	7333	55	1	0	24	6.0423e-05	16550	1	FALSE	NA	NA	NA	NA	NA	NA
NC_045512.2	12016	T	G	15183	6523	55	1107	618	47	0.0679558	16290	0	TRUE	NA	NA	NA	NA	NA	NA
NC_045512.2	12018	T	C	16523	7376	56	1	1	60	6.05144e-05	16525	0.5	FALSE	NA	NA	NA	NA	NA	NA
NC_045512.2	12018	T	A	16523	7376	56	1	0	27	6.05144e-05	16525	1	FALSE	NA	NA	NA	NA	NA	NA
NC_045512.2	12019	G	T	16442	7330	56	1	1	27	6.08162e-05	16443	1	FALSE	NA	NA	NA	NA	NA	NA
NC_045512.2	12020	C	T	16365	7493	56	1	0	34	6.10874e-05	16370	0.999992	FALSE	NA	NA	NA	NA	NA	NA
NC_045512.2	12020	C	A	16365	7493	56	4	0	26	0.000244349	16370	1	FALSE	NA	NA	NA	NA	NA	NA
NC_045512.2	12021	T	G	16041	7104	56	5	3	26	0.000311526	16050	1	FALSE	NA	NA	NA	NA	NA	NA
NC_045512.2	12021	T	C	16041	7104	56	3	1	46	0.000186916	16050	0.312371	FALSE	NA	NA	NA	NA	NA	NA
NC_045512.2	12021	T	A	16041	7104	56	1	0	20	6.23053e-05	16050	1	FALSE	NA	NA	NA	NA	NA	NA
NC_045512.2	12022	T	C	16086	7226	57	3	3	27	0.000186451	16090	1	FALSE	NA	NA	NA	NA	NA	NA
NC_045512.2	12022	T	A	16086	7226	57	1	1	27	6.21504e-05	16090	1	FALSE	NA	NA	NA	NA	NA	NA
NC_045512.2	12023	T	G	16131	7248	58	1	0	27	6.19809e-05	16134	1	FALSE	NA	NA	NA	NA	NA	NA
NC_045512.2	12023	T	C	16131	7248	58	1	0	68	6.19809e-05	16134	0.499985	FALSE	NA	NA	NA	NA	NA	NA
NC_045512.2	12023	T	A	16131	7248	58	1	0	26	6.19809e-05	16134	1	FALSE	NA	NA	NA	NA	NA	NA
NC_045512.2	12023	T	-C	16131	7248	58	1	0	20	6.19809e-05	16134	1	FALSE	NA	NA	NA	NA	NA	NA
NC_045512.2	12025	C	G	16048	7275	57	3	1	29	0.000186893	16052	1	FALSE	NA	NA	NA	NA	NA	NA
NC_045512.2	12025	C	A	16048	7275	57	1	0	34	6.22975e-05	16052	0.999992	FALSE	NA	NA	NA	NA	NA	NA
NC_045512.2	12026	A	G	16352	7332	57	1	0	20	6.11471e-05	16354	1	FALSE	NA	NA	NA	NA	NA	NA
NC_045512.2	12026	A	C	16352	7332	57	1	0	26	6.11471e-05	16354	1	FALSE	NA	NA	NA	NA	NA	NA
NC_045512.2	12027	T	G	16308	7419	56	2	1	30	0.000122617	16311	0.999928	FALSE	NA	NA	NA	NA	NA	NA
NC_045512.2	12027	T	C	16308	7419	56	1	1	68	6.13083e-05	16311	0.499985	FALSE	NA	NA	NA	NA	NA	NA
NC_045512.2	12028	G	T	16507	7564	57	6	6	26	0.00036324	16518	1	FALSE	NA	NA	NA	NA	NA	NA
NC_045512.2	12028	G	C	16507	7564	57	2	1	27	0.00012108	16518	1	FALSE	NA	NA	NA	NA	NA	NA
NC_045512.2	12028	G	A	16507	7564	57	3	1	54	0.00018162	16518	0.124909	FALSE	NA	NA	NA	NA	NA	NA
NC_045512.2	12029	C	G	16466	7609	57	3	2	26	0.000182149	16470	1	FALSE	NA	NA	NA	NA	NA	NA
NC_045512.2	12029	C	A	16466	7609	57	1	1	46	6.07165e-05	16470	0.749977	FALSE	NA	NA	NA	NA	NA	NA
NC_045512.2	12030	A	T	16287	7651	57	2	2	34	0.000122745	16294	0.999928	FALSE	NA	NA	NA	NA	NA	NA
NC_045512.2	12030	A	G	16287	7651	57	2	1	29	0.000122745	16294	1	FALSE	NA	NA	NA	NA	NA	NA
NC_045512.2	12030	A	C	16287	7651	57	3	0	31	0.000184117	16294	0.999636	FALSE	NA	NA	NA	NA	NA	NA
NC_045512.2	12030	A	+G	16287	7651	57	1	0	20	6.13723e-05	16294	1	FALSE	NA	NA	NA	NA	NA	NA
NC_045512.2	12031	G	T	16832	7637	57	1	0	27	5.94071e-05	16833	1	FALSE	NA	NA	NA	NA	NA	NA
NC_045512.2	12032	G	C	16787	7639	57	1	0	26	5.95628e-05	16789	1	FALSE	NA	NA	NA	NA	NA	NA
NC_045512.2	12032	G	A	16787	7639	57	1	0	68	5.95628e-05	16789	0.5	FALSE	NA	NA	NA	NA	NA	NA
NC_045512.2	12034	T	G	18134	8026	57	2	0	34	0.000110241	18142	0.99998	FALSE	NA	NA	NA	NA	NA	NA
NC_045512.2	12034	T	C	18134	8026	57	4	3	39	0.000220483	18142	0.999573	FALSE	NA	NA	NA	NA	NA	NA
NC_045512.2	12034	T	A	18134	8026	57	2	1	34	0.000110241	18142	0.99998	FALSE	NA	NA	NA	NA	NA	NA
NC_045512.2	12035	G	T	18520	8041	56	1	1	27	5.39869e-05	18523	1	FALSE	NA	NA	NA	NA	NA	NA
NC_045512.2	12035	G	A	18520	8041	56	2	2	68	0.000107974	18523	0.249993	FALSE	NA	NA	NA	NA	NA	NA
NC_045512.2	12036	C	T	18602	8209	57	2	1	68	0.000107492	18606	0.24998	FALSE	NA	NA	NA	NA	NA	NA
NC_045512.2	12036	C	A	18602	8209	57	2	0	44	0.000107492	18606	0.49998	FALSE	NA	NA	NA	NA	NA	NA
NC_045512.2	12037	T	C	18644	8120	57	3	1	33	0.000160884	18647	0.99989	FALSE	NA	NA	NA	NA	NA	NA
NC_045512.2	12038	G	T	18690	8136	57	1	0	27	5.34988e-05	18692	1	FALSE	NA	NA	NA	NA	NA	NA
NC_045512.2	12038	G	A	18690	8136	57	1	1	34	5.34988e-05	18692	0.999998	FALSE	NA	NA	NA	NA	NA	NA
NC_045512.2	12039	T	G	18665	8174	56	2	2	26	0.000107141	18667	1	FALSE	NA	NA	NA	NA	NA	NA
NC_045512.2	12040	A	T	18471	8251	57	1	0	27	5.4136e-05	18472	1	FALSE	NA	NA	NA	NA	NA	NA
NC_045512.2	12042	A	T	17948	7790	57	1	0	24	5.57134e-05	17949	1	FALSE	NA	NA	NA	NA	NA	NA
NC_045512.2	12043	C	T	17987	7786	57	2	2	46	0.000111179	17989	0.500021	FALSE	NA	NA	NA	NA	NA	NA
NC_045512.2	12045	T	G	17814	7542	57	2	2	30	0.000112252	17817	0.999962	FALSE	NA	NA	NA	NA	NA	NA
NC_045512.2	12045	T	C	17814	7542	57	1	1	68	5.61262e-05	17817	0.499986	FALSE	NA	NA	NA	NA	NA	NA
NC_045512.2	12045	T	-A	17814	7542	57	1	0	20	5.61262e-05	17817	1	FALSE	NA	NA	NA	NA	NA	NA
NC_045512.2	12046	A	G	17894	7637	57	2	0	30	0.000111757	17896	0.999962	FALSE	NA	NA	NA	NA	NA	NA
NC_045512.2	12047	A	G	18021	7605	57	1	0	60	5.54877e-05	18022	0.500014	FALSE	NA	NA	NA	NA	NA	NA
NC_045512.2	12048	A	C	16705	7710	52	4	0	26	0.000239392	16709	1	FALSE	NA	NA	NA	NA	NA	NA
NC_045512.2	12049	C	G	17879	7691	57	1	0	34	5.59253e-05	17881	0.999996	FALSE	NA	NA	NA	NA	NA	NA
NC_045512.2	12049	C	A	17879	7691	57	1	0	27	5.59253e-05	17881	1	FALSE	NA	NA	NA	NA	NA	NA
NC_045512.2	12050	A	T	17782	7507	57	1	1	27	5.62335e-05	17783	1	FALSE	NA	NA	NA	NA	NA	NA
NC_045512.2	12051	A	G	17692	7557	57	3	1	42	0.000169539	17695	0.312511	FALSE	NA	NA	NA	NA	NA	NA
NC_045512.2	12052	G	T	17725	7533	56	4	3	37	0.000225555	17734	0.999256	FALSE	NA	NA	NA	NA	NA	NA
NC_045512.2	12052	G	C	17725	7533	56	5	2	26	0.000281944	17734	1	FALSE	NA	NA	NA	NA	NA	NA
NC_045512.2	12053	C	T	17714	7617	57	2	0	68	0.00011288	17718	0.249979	FALSE	NA	NA	NA	NA	NA	NA
NC_045512.2	12053	C	A	17714	7617	57	2	0	26	0.00011288	17718	1	FALSE	NA	NA	NA	NA	NA	NA
NC_045512.2	12054	T	G	17097	7137	52	3	3	25	0.000175428	17101	1	FALSE	NA	NA	NA	NA	NA	NA
NC_045512.2	12054	T	A	17097	7137	52	1	0	20	5.84761e-05	17101	1	FALSE	NA	NA	NA	NA	NA	NA
NC_045512.2	12055	T	G	17352	7474	56	4	3	31	0.000230455	17357	0.999257	FALSE	NA	NA	NA	NA	NA	NA
NC_045512.2	12055	T	C	17352	7474	56	1	1	27	5.76136e-05	17357	1	FALSE	NA	NA	NA	NA	NA	NA
NC_045512.2	12056	T	G	17408	7395	57	1	0	26	5.74416e-05	17409	1	FALSE	NA	NA	NA	NA	NA	NA
NC_045512.2	12057	G	T	17503	7435	57	1	1	34	5.71298e-05	17504	0.999996	FALSE	NA	NA	NA	NA	NA	NA
NC_045512.2	12058	T	G	17482	7408	57	2	1	34	0.000114384	17485	0.999962	FALSE	NA	NA	NA	NA	NA	NA
NC_045512.2	12058	T	C	17482	7408	57	1	1	24	5.71919e-05	17485	1	FALSE	NA	NA	NA	NA	NA	NA
NC_045512.2	12058	T	-G	17482	7408	57	1	0	20	5.71919e-05	17485	1	FALSE	NA	NA	NA	NA	NA	NA
NC_045512.2	12059	G	T	17551	7440	57	1	1	27	5.69703e-05	17553	1	FALSE	NA	NA	NA	NA	NA	NA
NC_045512.2	12059	G	A	17551	7440	57	1	1	34	5.69703e-05	17553	0.999996	FALSE	NA	NA	NA	NA	NA	NA
NC_045512.2	12059	G	-A	17551	7440	57	1	0	20	5.69671e-05	17554	1	FALSE	NA	NA	NA	NA	NA	NA
NC_045512.2	12060	A	G	17638	7494	57	1	0	34	5.66893e-05	17640	0.999996	FALSE	NA	NA	NA	NA	NA	NA
NC_045512.2	12060	A	C	17638	7494	57	1	1	34	5.66893e-05	17640	0.999996	FALSE	NA	NA	NA	NA	NA	NA
NC_045512.2	12061	A	G	17243	7525	55	2	1	51	0.000115942	17250	0.249935	FALSE	NA	NA	NA	NA	NA	NA
NC_045512.2	12061	A	C	17243	7525	55	5	0	26	0.000289855	17250	1	FALSE	NA	NA	NA	NA	NA	NA
NC_045512.2	12062	G	T	17533	7455	57	1	1	27	5.70223e-05	17537	1	FALSE	NA	NA	NA	NA	NA	NA
NC_045512.2	12062	G	C	17533	7455	57	2	0	27	0.000114045	17537	1	FALSE	NA	NA	NA	NA	NA	NA
NC_045512.2	12062	G	A	17533	7455	57	1	0	34	5.70223e-05	17537	0.999996	FALSE	NA	NA	NA	NA	NA	NA
NC_045512.2	12063	A	G	17312	7544	54	1	0	26	5.77601e-05	17313	1	FALSE	NA	NA	NA	NA	NA	NA
NC_045512.2	12064	A	G	17569	7528	57	2	2	53	0.000113824	17571	0.250007	FALSE	NA	NA	NA	NA	NA	NA
NC_045512.2	12065	A	T	17850	7583	57	1	1	26	5.60161e-05	17852	1	FALSE	NA	NA	NA	NA	NA	NA
NC_045512.2	12065	A	G	17850	7583	57	1	0	27	5.60161e-05	17852	1	FALSE	NA	NA	NA	NA	NA	NA
NC_045512.2	12067	G	T	17654	7518	56	1	0	27	5.66348e-05	17657	1	FALSE	NA	NA	NA	NA	NA	NA
NC_045512.2	12067	G	C	17654	7518	56	1	0	26	5.66348e-05	17657	1	FALSE	NA	NA	NA	NA	NA	NA
NC_045512.2	12067	G	A	17654	7518	56	1	1	68	5.66348e-05	17657	0.499986	FALSE	NA	NA	NA	NA	NA	NA
NC_045512.2	12068	C	G	17820	7667	56	2	0	26	0.000112208	17824	1	FALSE	NA	NA	NA	NA	NA	NA
NC_045512.2	12068	C	A	17820	7667	56	2	0	26	0.000112208	17824	1	FALSE	NA	NA	NA	NA	NA	NA
NC_045512.2	12069	T	C	17841	7614	57	2	1	36	0.000112082	17844	0.999962	FALSE	NA	NA	NA	NA	NA	NA
NC_045512.2	12069	T	A	17841	7614	57	1	0	34	5.60412e-05	17844	0.999996	FALSE	NA	NA	NA	NA	NA	NA
NC_045512.2	12070	G	C	17990	7711	56	2	1	23	0.000111154	17993	1	FALSE	NA	NA	NA	NA	NA	NA
NC_045512.2	12070	G	A	17990	7711	56	1	0	68	5.55772e-05	17993	0.499986	FALSE	NA	NA	NA	NA	NA	NA
NC_045512.2	12071	G	T	17946	7799	56	1	1	24	5.57103e-05	17950	1	FALSE	NA	NA	NA	NA	NA	NA
NC_045512.2	12071	G	C	17946	7799	56	1	0	27	5.57103e-05	17950	1	FALSE	NA	NA	NA	NA	NA	NA
NC_045512.2	12071	G	A	17946	7799	56	2	1	57	0.000111421	17950	0.249979	FALSE	NA	NA	NA	NA	NA	NA
NC_045512.2	12072	A	T	18109	7996	58	1	0	34	5.5212e-05	18112	0.999998	FALSE	NA	NA	NA	NA	NA	NA
NC_045512.2	12072	A	G	18109	7996	58	2	1	68	0.000110424	18112	0.249993	FALSE	NA	NA	NA	NA	NA	NA
NC_045512.2	12074	A	T	18061	7934	57	3	3	29	0.000166058	18066	1	FALSE	NA	NA	NA	NA	NA	NA
NC_045512.2	12074	A	G	18061	7934	57	2	1	36	0.000110705	18066	0.99998	FALSE	NA	NA	NA	NA	NA	NA
NC_045512.2	12075	A	G	18124	7954	57	1	1	68	5.51602e-05	18129	0.499959	FALSE	NA	NA	NA	NA	NA	NA
NC_045512.2	12075	A	C	18124	7954	57	4	1	28	0.000220641	18129	1	FALSE	NA	NA	NA	NA	NA	NA
NC_045512.2	12076	C	T	18127	7967	56	1	0	68	5.51542e-05	18131	0.499972	FALSE	NA	NA	NA	NA	NA	NA
NC_045512.2	12076	C	G	18127	7967	56	1	1	34	5.51542e-05	18131	0.999998	FALSE	NA	NA	NA	NA	NA	NA
NC_045512.2	12076	C	A	18127	7967	56	2	0	26	0.000110308	18131	1	FALSE	NA	NA	NA	NA	NA	NA
NC_045512.2	12077	A	T	17896	7802	57	1	1	68	5.58597e-05	17902	0.499944	FALSE	NA	NA	NA	NA	NA	NA
NC_045512.2	12077	A	G	17896	7802	57	4	0	46	0.000223439	17902	0.187465	FALSE	NA	NA	NA	NA	NA	NA
NC_045512.2	12077	A	C	17896	7802	57	1	0	26	5.58597e-05	17902	1	FALSE	NA	NA	NA	NA	NA	NA
NC_045512.2	12077	A	-G	17896	7802	57	1	0	20	5.58597e-05	17902	1	FALSE	NA	NA	NA	NA	NA	NA
NC_045512.2	12078	G	C	18157	7790	56	1	1	27	5.50721e-05	18158	1	FALSE	NA	NA	NA	NA	NA	NA
NC_045512.2	12079	G	T	17802	7700	56	1	1	26	5.6164e-05	17805	1	FALSE	NA	NA	NA	NA	NA	NA
NC_045512.2	12079	G	C	17802	7700	56	2	0	27	0.000112328	17805	1	FALSE	NA	NA	NA	NA	NA	NA
NC_045512.2	12080	G	T	17786	7850	55	3	2	31	0.000168634	17790	0.999799	FALSE	NA	NA	NA	NA	NA	NA
NC_045512.2	12080	G	C	17786	7850	55	1	0	20	5.62114e-05	17790	1	FALSE	NA	NA	NA	NA	NA	NA
NC_045512.2	12081	C	T	17734	8038	56	1	0	68	5.63825e-05	17736	0.5	FALSE	NA	NA	NA	NA	NA	NA
NC_045512.2	12081	C	G	17734	8038	56	1	0	34	5.63825e-05	17736	0.999996	FALSE	NA	NA	NA	NA	NA	NA
NC_045512.2	12082	A	T	17390	7834	56	1	0	26	5.74911e-05	17394	1	FALSE	NA	NA	NA	NA	NA	NA
NC_045512.2	12082	A	C	17390	7834	56	3	1	26	0.000172473	17394	1	FALSE	NA	NA	NA	NA	NA	NA
NC_045512.2	12083	A	G	17450	7972	55	2	1	51	0.000114554	17459	0.249907	FALSE	NA	NA	NA	NA	NA	NA
NC_045512.2	12083	A	C	17450	7972	55	7	0	26	0.000400939	17459	1	FALSE	NA	NA	NA	NA	NA	NA
NC_045512.2	12084	C	G	18135	8101	54	2	0	26	0.000110272	18137	1	FALSE	NA	NA	NA	NA	NA	NA
NC_045512.2	12085	C	A	18262	8149	55	6	2	54	0.000328443	18268	0.0156212	FALSE	NA	NA	NA	NA	NA	NA
NC_045512.2	12085	C	-T	18262	8149	55	2	0	20	0.000109481	18268	1	FALSE	NA	NA	NA	NA	NA	NA
NC_045512.2	12086	T	C	18325	8159	55	2	2	31	0.000109129	18327	0.99998	FALSE	NA	NA	NA	NA	NA	NA
NC_045512.2	12087	T	G	17978	8110	54	2	2	27	0.000111235	17980	1	FALSE	NA	NA	NA	NA	NA	NA
NC_045512.2	12088	A	T	17984	8194	54	1	0	27	5.56019e-05	17985	1	FALSE	NA	NA	NA	NA	NA	NA
NC_045512.2	12089	C	T	17896	8331	54	1	1	68	5.5869e-05	17899	0.499986	FALSE	NA	NA	NA	NA	NA	NA
NC_045512.2	12089	C	G	17896	8331	54	1	0	27	5.5869e-05	17899	1	FALSE	NA	NA	NA	NA	NA	NA
NC_045512.2	12089	C	A	17896	8331	54	1	0	27	5.5869e-05	17899	1	FALSE	NA	NA	NA	NA	NA	NA
NC_045512.2	12090	A	C	17909	8249	53	2	0	22	0.000111663	17911	1	FALSE	NA	NA	NA	NA	NA	NA
NC_045512.2	12090	A	+C	17909	8249	53	1	0	20	5.58316e-05	17911	1	FALSE	NA	NA	NA	NA	NA	NA
NC_045512.2	12091	A	T	18109	8389	53	3	0	31	0.000165599	18116	0.99989	FALSE	NA	NA	NA	NA	NA	NA
NC_045512.2	12091	A	G	18109	8389	53	2	1	25	0.0001104	18116	1	FALSE	NA	NA	NA	NA	NA	NA
NC_045512.2	12091	A	C	18109	8389	53	2	0	27	0.0001104	18116	1	FALSE	NA	NA	NA	NA	NA	NA
NC_045512.2	12092	G	T	18736	8437	52	1	1	26	5.33589e-05	18741	1	FALSE	NA	NA	NA	NA	NA	NA
NC_045512.2	12092	G	C	18736	8437	52	4	1	25	0.000213436	18741	1	FALSE	NA	NA	NA	NA	NA	NA
NC_045512.2	12094	T	C	18033	8258	52	1	1	27	5.54447e-05	18036	1	FALSE	NA	NA	NA	NA	NA	NA
NC_045512.2	12094	T	A	18033	8258	52	2	0	26	0.000110889	18036	1	FALSE	NA	NA	NA	NA	NA	NA
NC_045512.2	12095	A	T	18123	8321	52	1	1	34	5.51663e-05	18127	0.999998	FALSE	NA	NA	NA	NA	NA	NA
NC_045512.2	12095	A	G	18123	8321	52	2	1	30	0.000110333	18127	0.99998	FALSE	NA	NA	NA	NA	NA	NA
NC_045512.2	12095	A	C	18123	8321	52	1	0	27	5.51663e-05	18127	1	FALSE	NA	NA	NA	NA	NA	NA
NC_045512.2	12096	T	C	18088	8335	52	2	2	30	0.000110546	18092	0.99998	FALSE	NA	NA	NA	NA	NA	NA
NC_045512.2	12096	T	A	18088	8335	52	2	1	34	0.000110546	18092	0.99998	FALSE	NA	NA	NA	NA	NA	NA
NC_045512.2	12097	A	T	17853	8330	51	3	1	29	0.000167954	17862	1	FALSE	NA	NA	NA	NA	NA	NA
NC_045512.2	12097	A	G	17853	8330	51	4	3	59	0.000223939	17862	0.0624615	FALSE	NA	NA	NA	NA	NA	NA
NC_045512.2	12097	A	C	17853	8330	51	2	2	27	0.00011197	17862	1	FALSE	NA	NA	NA	NA	NA	NA
NC_045512.2	12098	G	C	18235	8311	51	5	2	31	0.000274123	18240	0.998705	FALSE	NA	NA	NA	NA	NA	NA
NC_045512.2	12099	C	T	18303	8431	51	1	1	68	5.46179e-05	18309	0.499945	FALSE	NA	NA	NA	NA	NA	NA
NC_045512.2	12099	C	G	18303	8431	51	4	3	30	0.000218472	18309	0.999574	FALSE	NA	NA	NA	NA	NA	NA
NC_045512.2	12099	C	A	18303	8431	51	1	0	20	5.46179e-05	18309	1	FALSE	NA	NA	NA	NA	NA	NA
NC_045512.2	12100	C	T	18036	8365	51	1	1	34	5.54385e-05	18038	0.999998	FALSE	NA	NA	NA	NA	NA	NA
NC_045512.2	12100	C	G	18036	8365	51	1	0	27	5.54385e-05	18038	1	FALSE	NA	NA	NA	NA	NA	NA
NC_045512.2	12101	T	C	17105	7604	52	1	0	34	5.8459e-05	17106	0.999996	FALSE	NA	NA	NA	NA	NA	NA
NC_045512.2	12102	C	T	16986	7584	51	1	0	68	5.88616e-05	16989	0.499985	FALSE	NA	NA	NA	NA	NA	NA
NC_045512.2	12102	C	G	16986	7584	51	2	2	27	0.000117723	16989	1	FALSE	NA	NA	NA	NA	NA	NA
NC_045512.2	12103	A	T	16722	7715	51	1	0	68	5.97872e-05	16726	0.49997	FALSE	NA	NA	NA	NA	NA	NA
NC_045512.2	12103	A	G	16722	7715	51	1	0	24	5.97872e-05	16726	1	FALSE	NA	NA	NA	NA	NA	NA
NC_045512.2	12103	A	C	16722	7715	51	2	0	30	0.000119574	16726	0.999928	FALSE	NA	NA	NA	NA	NA	NA
NC_045512.2	12103	A	+T	16722	7715	51	1	0	20	5.97872e-05	16726	1	FALSE	NA	NA	NA	NA	NA	NA
NC_045512.2	12104	G	T	17310	7730	51	1	0	27	5.77634e-05	17312	1	FALSE	NA	NA	NA	NA	NA	NA
NC_045512.2	12104	G	C	17310	7730	51	1	0	27	5.77634e-05	17312	1	FALSE	NA	NA	NA	NA	NA	NA
NC_045512.2	12104	G	-A	17310	7730	51	1	0	20	5.77634e-05	17312	1	FALSE	NA	NA	NA	NA	NA	NA
NC_045512.2	12105	A	T	17171	8006	51	1	0	26	5.82309e-05	17173	1	FALSE	NA	NA	NA	NA	NA	NA
NC_045512.2	12105	A	C	17171	8006	51	1	0	26	5.82309e-05	17173	1	FALSE	NA	NA	NA	NA	NA	NA
NC_045512.2	12107	T	G	17433	7402	47	5	5	26	0.000286714	17439	1	FALSE	NA	NA	NA	NA	NA	NA
NC_045512.2	12107	T	C	17433	7402	47	1	1	34	5.73427e-05	17439	0.999996	FALSE	NA	NA	NA	NA	NA	NA
NC_045512.2	12108	T	G	17500	7589	49	4	4	26	0.000228493	17506	1	FALSE	NA	NA	NA	NA	NA	NA
NC_045512.2	12108	T	C	17500	7589	49	2	1	68	0.000114247	17506	0.24995	FALSE	NA	NA	NA	NA	NA	NA
NC_045512.2	12109	T	C	17953	7977	51	1	1	46	5.56979e-05	17954	0.750021	FALSE	NA	NA	NA	NA	NA	NA
NC_045512.2	12110	A	G	17684	8154	50	1	0	68	5.65195e-05	17693	0.499901	FALSE	NA	NA	NA	NA	NA	NA
NC_045512.2	12110	A	C	17684	8154	50	8	0	28	0.000452156	17693	1	FALSE	NA	NA	NA	NA	NA	NA
NC_045512.2	12111	G	T	17881	8069	51	1	1	27	5.59222e-05	17882	1	FALSE	NA	NA	NA	NA	NA	NA
NC_045512.2	12112	T	G	17669	7882	50	4	4	26	0.000226308	17675	1	FALSE	NA	NA	NA	NA	NA	NA
NC_045512.2	12112	T	C	17669	7882	50	2	1	51	0.000113154	17675	0.24995	FALSE	NA	NA	NA	NA	NA	NA
NC_045512.2	12113	T	C	17652	7965	51	2	2	34	0.000113289	17654	0.999962	FALSE	NA	NA	NA	NA	NA	NA
NC_045512.2	12114	C	G	17443	8007	50	4	2	29	0.000229266	17447	1	FALSE	NA	NA	NA	NA	NA	NA
NC_045512.2	12115	C	G	16445	7199	51	3	2	22	0.000182393	16448	1	FALSE	NA	NA	NA	NA	NA	NA
NC_045512.2	12116	C	G	16494	7369	51	1	0	27	6.06208e-05	16496	1	FALSE	NA	NA	NA	NA	NA	NA
NC_045512.2	12116	C	A	16494	7369	51	1	1	20	6.06208e-05	16496	1	FALSE	NA	NA	NA	NA	NA	NA
NC_045512.2	12117	T	C	16451	7259	51	1	0	24	6.07829e-05	16452	1	FALSE	NA	NA	NA	NA	NA	NA
NC_045512.2	12118	T	C	16556	7439	51	2	1	51	0.00012078	16559	0.249992	FALSE	NA	NA	NA	NA	NA	NA
NC_045512.2	12118	T	A	16556	7439	51	1	0	34	6.03901e-05	16559	0.999992	FALSE	NA	NA	NA	NA	NA	NA
NC_045512.2	12119	C	G	16388	7372	50	1	0	27	6.10165e-05	16389	1	FALSE	NA	NA	NA	NA	NA	NA
NC_045512.2	12120	C	T	16265	7305	50	1	0	68	6.14704e-05	16268	0.499985	FALSE	NA	NA	NA	NA	NA	NA
NC_045512.2	12120	C	A	16265	7305	50	2	1	23	0.000122941	16268	1	FALSE	NA	NA	NA	NA	NA	NA
NC_045512.2	12121	A	T	16353	7252	50	1	0	68	6.11434e-05	16355	0.5	FALSE	NA	NA	NA	NA	NA	NA
NC_045512.2	12121	A	G	16353	7252	50	1	0	46	6.11434e-05	16355	0.750008	FALSE	NA	NA	NA	NA	NA	NA
NC_045512.2	12122	T	A	16336	7554	50	1	0	34	6.12107e-05	16337	0.999992	FALSE	NA	NA	NA	NA	NA	NA
NC_045512.2	12123	C	G	16091	7485	49	3	2	26	0.000186405	16094	1	FALSE	NA	NA	NA	NA	NA	NA
NC_045512.2	12124	A	T	15985	7489	50	3	0	42	0.000187629	15989	0.312488	FALSE	NA	NA	NA	NA	NA	NA
NC_045512.2	12124	A	G	15985	7489	50	1	1	34	6.2543e-05	15989	0.999985	FALSE	NA	NA	NA	NA	NA	NA
NC_045512.2	12125	T	G	15909	7368	50	3	0	29	0.000188501	15915	1	FALSE	NA	NA	NA	NA	NA	NA
NC_045512.2	12125	T	C	15909	7368	50	1	0	27	6.28338e-05	15915	1	FALSE	NA	NA	NA	NA	NA	NA
NC_045512.2	12125	T	A	15909	7368	50	2	0	27	0.000125668	15915	1	FALSE	NA	NA	NA	NA	NA	NA
NC_045512.2	12126	A	T	15952	7449	50	2	0	30	0.00012536	15954	0.999863	FALSE	NA	NA	NA	NA	NA	NA
NC_045512.2	12127	T	G	15842	7489	49	2	1	26	0.000126207	15847	1	FALSE	NA	NA	NA	NA	NA	NA
NC_045512.2	12127	T	C	15842	7489	49	1	0	68	6.31034e-05	15847	0.499953	FALSE	NA	NA	NA	NA	NA	NA
NC_045512.2	12127	T	A	15842	7489	49	2	1	30	0.000126207	15847	0.999863	FALSE	NA	NA	NA	NA	NA	NA
NC_045512.2	12128	G	T	15664	7496	49	1	1	20	6.38366e-05	15665	1	FALSE	NA	NA	NA	NA	NA	NA
NC_045512.2	12129	C	T	15595	7599	48	2	1	53	0.000128189	15602	0.249928	FALSE	NA	NA	NA	NA	NA	NA
NC_045512.2	12129	C	G	15595	7599	48	3	2	27	0.000192283	15602	1	FALSE	NA	NA	NA	NA	NA	NA
NC_045512.2	12129	C	A	15595	7599	48	2	1	30	0.000128189	15602	0.999863	FALSE	NA	NA	NA	NA	NA	NA
NC_045512.2	12130	A	G	15318	7315	49	1	0	34	6.52784e-05	15319	0.999985	FALSE	NA	NA	NA	NA	NA	NA
NC_045512.2	12131	G	C	15252	7230	49	2	1	51	0.000131105	15255	0.249992	FALSE	NA	NA	NA	NA	NA	NA
NC_045512.2	12131	G	A	15252	7230	49	1	0	34	6.55523e-05	15255	0.999985	FALSE	NA	NA	NA	NA	NA	NA
NC_045512.2	12132	C	G	15170	7223	49	1	1	27	6.59109e-05	15172	1	FALSE	NA	NA	NA	NA	NA	NA
NC_045512.2	12132	C	A	15170	7223	49	1	0	68	6.59109e-05	15172	0.5	FALSE	NA	NA	NA	NA	NA	NA
NC_045512.2	12132	C	-T	15170	7223	49	1	0	20	6.59109e-05	15172	1	FALSE	NA	NA	NA	NA	NA	NA
NC_045512.2	12134	T	G	14544	6624	47	1	1	26	6.87474e-05	14546	1	FALSE	NA	NA	NA	NA	NA	NA
NC_045512.2	12134	T	A	14544	6624	47	1	0	27	6.87474e-05	14546	1	FALSE	NA	NA	NA	NA	NA	NA
NC_045512.2	12135	T	C	15033	7082	50	1	1	26	6.65159e-05	15034	1	FALSE	NA	NA	NA	NA	NA	NA
NC_045512.2	12136	T	C	14991	7053	49	1	1	68	6.66978e-05	14993	0.5	FALSE	NA	NA	NA	NA	NA	NA
NC_045512.2	12136	T	A	14991	7053	49	1	1	26	6.66978e-05	14993	1	FALSE	NA	NA	NA	NA	NA	NA
NC_045512.2	12137	G	T	16706	7341	48	1	0	34	5.98516e-05	16708	0.999992	FALSE	NA	NA	NA	NA	NA	NA
NC_045512.2	12137	G	C	16706	7341	48	1	0	26	5.98516e-05	16708	1	FALSE	NA	NA	NA	NA	NA	NA
NC_045512.2	12138	C	G	16742	7449	48	1	1	26	5.97265e-05	16743	1	FALSE	NA	NA	NA	NA	NA	NA
NC_045512.2	12139	T	G	16868	7439	48	1	0	34	5.92733e-05	16871	0.999992	FALSE	NA	NA	NA	NA	NA	NA
NC_045512.2	12139	T	C	16868	7439	48	1	1	27	5.92733e-05	16871	1	FALSE	NA	NA	NA	NA	NA	NA
NC_045512.2	12139	T	A	16868	7439	48	1	1	34	5.92733e-05	16871	0.999992	FALSE	NA	NA	NA	NA	NA	NA
NC_045512.2	12140	A	G	16187	6940	48	1	1	60	6.17742e-05	16188	0.500015	FALSE	NA	NA	NA	NA	NA	NA
NC_045512.2	12141	C	T	16167	7039	48	2	1	68	0.000123686	16170	0.249992	FALSE	NA	NA	NA	NA	NA	NA
NC_045512.2	12141	C	A	16167	7039	48	1	0	26	6.18429e-05	16170	1	FALSE	NA	NA	NA	NA	NA	NA
NC_045512.2	12142	T	G	15987	6851	48	1	0	34	6.2543e-05	15989	0.999985	FALSE	NA	NA	NA	NA	NA	NA
NC_045512.2	12142	T	A	15987	6851	48	1	0	34	6.2543e-05	15989	0.999985	FALSE	NA	NA	NA	NA	NA	NA
NC_045512.2	12143	G	T	16240	6794	48	1	1	34	6.1565e-05	16243	0.999992	FALSE	NA	NA	NA	NA	NA	NA
NC_045512.2	12143	G	A	16240	6794	48	2	0	51	0.00012313	16243	0.249992	FALSE	NA	NA	NA	NA	NA	NA
NC_045512.2	12144	C	A	16280	7018	48	2	0	30	0.000122835	16282	0.999928	FALSE	NA	NA	NA	NA	NA	NA
NC_045512.2	12145	T	C	16537	7123	49	2	0	51	0.000120919	16540	0.249992	FALSE	NA	NA	NA	NA	NA	NA
NC_045512.2	12145	T	A	16537	7123	49	1	0	27	6.04595e-05	16540	1	FALSE	NA	NA	NA	NA	NA	NA
NC_045512.2	12147	A	C	15430	7103	47	9	0	28	0.000582939	15439	1	FALSE	NA	NA	NA	NA	NA	NA
NC_045512.2	12148	A	C	16361	7141	49	2	0	26	0.000122227	16363	1	FALSE	NA	NA	NA	NA	NA	NA
NC_045512.2	12149	G	C	16435	7069	48	3	2	29	0.000182493	16439	1	FALSE	NA	NA	NA	NA	NA	NA
NC_045512.2	12149	G	A	16435	7069	48	1	0	46	6.0831e-05	16439	0.749977	FALSE	NA	NA	NA	NA	NA	NA
NC_045512.2	12150	A	T	15398	7104	46	3	1	26	0.000194793	15401	1	FALSE	NA	NA	NA	NA	NA	NA
NC_045512.2	12151	A	T	16313	7096	48	1	1	24	6.12895e-05	16316	1	FALSE	NA	NA	NA	NA	NA	NA
NC_045512.2	12151	A	C	16313	7096	48	2	1	30	0.000122579	16316	0.999928	FALSE	NA	NA	NA	NA	NA	NA
NC_045512.2	12152	G	T	16451	6871	48	1	0	68	6.07755e-05	16454	0.499985	FALSE	NA	NA	NA	NA	NA	NA
NC_045512.2	12152	G	C	16451	6871	48	1	0	20	6.07755e-05	16454	1	FALSE	NA	NA	NA	NA	NA	NA
NC_045512.2	12152	G	A	16451	6871	48	1	0	34	6.07755e-05	16454	0.999992	FALSE	NA	NA	NA	NA	NA	NA
NC_045512.2	12153	C	G	17266	7017	48	2	2	27	0.000115808	17270	1	FALSE	NA	NA	NA	NA	NA	NA
NC_045512.2	12153	C	A	17266	7017	48	2	0	26	0.000115808	17270	1	FALSE	NA	NA	NA	NA	NA	NA
NC_045512.2	12154	T	G	17371	7062	48	2	2	51	0.000115101	17376	0.249964	FALSE	NA	NA	NA	NA	NA	NA
NC_045512.2	12154	T	A	17371	7062	48	3	2	31	0.000172652	17376	0.999799	FALSE	NA	NA	NA	NA	NA	NA
NC_045512.2	12155	T	A	17277	7041	48	1	0	26	5.78771e-05	17278	1	FALSE	NA	NA	NA	NA	NA	NA
NC_045512.2	12156	A	T	17301	7074	48	2	1	23	0.00011556	17307	1	FALSE	NA	NA	NA	NA	NA	NA
NC_045512.2	12156	A	G	17301	7074	48	1	0	34	5.77801e-05	17307	0.999996	FALSE	NA	NA	NA	NA	NA	NA
NC_045512.2	12156	A	C	17301	7074	48	3	0	26	0.00017334	17307	1	FALSE	NA	NA	NA	NA	NA	NA
NC_045512.2	12157	T	G	17433	7063	48	1	1	27	5.73559e-05	17435	1	FALSE	NA	NA	NA	NA	NA	NA
NC_045512.2	12157	T	A	17433	7063	48	1	0	27	5.73559e-05	17435	1	FALSE	NA	NA	NA	NA	NA	NA
NC_045512.2	12158	G	T	17448	7133	48	2	1	30	0.000114587	17454	0.999962	FALSE	NA	NA	NA	NA	NA	NA
NC_045512.2	12158	G	C	17448	7133	48	3	2	29	0.00017188	17454	1	FALSE	NA	NA	NA	NA	NA	NA
NC_045512.2	12158	G	A	17448	7133	48	1	0	26	5.72935e-05	17454	1	FALSE	NA	NA	NA	NA	NA	NA
NC_045512.2	12159	A	G	17632	7565	49	1	1	34	5.67118e-05	17633	0.999996	FALSE	NA	NA	NA	NA	NA	NA
NC_045512.2	12160	G	T	9	0	38	1	1	27	5.97657e-05	16732	0.0959645	FALSE	NA	NA	NA	NA	NA	NA
NC_045512.2	12160	G	C	9	0	38	19	0	28	0.00113555	16732	1.79191e-31	TRUE	NA	NA	NA	NA	NA	NA
NC_045512.2	12160	G	A	9	0	38	16703	7707	47	0.998267	16732	0	TRUE	NA	NA	NA	NA	NA	NA
NC_045512.2	12161	C	T	17407	7546	49	1	0	34	5.74416e-05	17409	0.999996	FALSE	NA	NA	NA	NA	NA	NA
NC_045512.2	12161	C	A	17407	7546	49	1	0	27	5.74416e-05	17409	1	FALSE	NA	NA	NA	NA	NA	NA
NC_045512.2	12162	A	T	16272	6606	49	2	2	27	0.00012288	16276	1	FALSE	NA	NA	NA	NA	NA	NA
NC_045512.2	12162	A	G	16272	6606	49	1	1	68	6.14402e-05	16276	0.499969	FALSE	NA	NA	NA	NA	NA	NA
NC_045512.2	12162	A	C	16272	6606	49	1	1	26	6.14402e-05	16276	1	FALSE	NA	NA	NA	NA	NA	NA
NC_045512.2	12163	G	A	16801	6864	49	1	0	34	5.95167e-05	16802	0.999992	FALSE	NA	NA	NA	NA	NA	NA
NC_045512.2	12164	G	T	16704	6882	48	2	1	25	0.000119696	16709	1	FALSE	NA	NA	NA	NA	NA	NA
NC_045512.2	12164	G	C	16704	6882	48	2	0	30	0.000119696	16709	0.999928	FALSE	NA	NA	NA	NA	NA	NA
NC_045512.2	12164	G	A	16704	6882	48	1	1	68	5.9848e-05	16709	0.499955	FALSE	NA	NA	NA	NA	NA	NA
NC_045512.2	12165	C	G	16614	6842	48	5	5	25	0.00030086	16619	1	FALSE	NA	NA	NA	NA	NA	NA
NC_045512.2	12167	G	T	16755	6662	47	1	1	27	5.9673e-05	16758	1	FALSE	NA	NA	NA	NA	NA	NA
NC_045512.2	12167	G	A	16755	6662	47	2	1	68	0.000119346	16758	0.249993	FALSE	NA	NA	NA	NA	NA	NA
NC_045512.2	12168	T	G	16884	7073	49	1	1	27	5.92207e-05	16886	1	FALSE	NA	NA	NA	NA	NA	NA
NC_045512.2	12168	T	A	16884	7073	49	1	0	27	5.92207e-05	16886	1	FALSE	NA	NA	NA	NA	NA	NA
NC_045512.2	12169	T	G	17496	7513	50	3	2	24	0.000171419	17501	1	FALSE	NA	NA	NA	NA	NA	NA
NC_045512.2	12169	T	C	17496	7513	50	1	1	27	5.71396e-05	17501	1	FALSE	NA	NA	NA	NA	NA	NA
NC_045512.2	12169	T	A	17496	7513	50	1	1	27	5.71396e-05	17501	1	FALSE	NA	NA	NA	NA	NA	NA
NC_045512.2	12170	G	T	17763	7479	49	4	3	26	0.000225124	17768	1	FALSE	NA	NA	NA	NA	NA	NA
NC_045512.2	12170	G	C	17763	7479	49	1	1	27	5.6281e-05	17768	1	FALSE	NA	NA	NA	NA	NA	NA
NC_045512.2	12171	C	G	17699	7603	49	1	0	26	5.64908e-05	17702	1	FALSE	NA	NA	NA	NA	NA	NA
NC_045512.2	12171	C	A	17699	7603	49	2	1	51	0.000112982	17702	0.249993	FALSE	NA	NA	NA	NA	NA	NA
NC_045512.2	12172	T	C	17301	7091	49	1	0	68	5.77834e-05	17306	0.499957	FALSE	NA	NA	NA	NA	NA	NA
NC_045512.2	12172	T	A	17301	7091	49	4	4	26	0.000231134	17306	1	FALSE	NA	NA	NA	NA	NA	NA
NC_045512.2	12174	A	T	16516	7402	49	1	1	26	6.05144e-05	16525	1	FALSE	NA	NA	NA	NA	NA	NA
NC_045512.2	12174	A	C	16516	7402	49	8	0	27	0.000484115	16525	1	FALSE	NA	NA	NA	NA	NA	NA
NC_045512.2	12175	T	G	17401	7453	50	4	2	26	0.000229779	17408	1	FALSE	NA	NA	NA	NA	NA	NA
NC_045512.2	12175	T	C	17401	7453	50	1	0	68	5.74449e-05	17408	0.499928	FALSE	NA	NA	NA	NA	NA	NA
NC_045512.2	12175	T	A	17401	7453	50	2	2	23	0.00011489	17408	1	FALSE	NA	NA	NA	NA	NA	NA
NC_045512.2	12176	G	T	17182	7300	50	3	2	29	0.000174551	17187	1	FALSE	NA	NA	NA	NA	NA	NA
NC_045512.2	12176	G	C	17182	7300	50	1	0	20	5.81835e-05	17187	1	FALSE	NA	NA	NA	NA	NA	NA
NC_045512.2	12176	G	A	17182	7300	50	1	0	34	5.81835e-05	17187	0.999996	FALSE	NA	NA	NA	NA	NA	NA
NC_045512.2	12177	G	T	17188	7401	50	2	0	26	0.000116347	17190	1	FALSE	NA	NA	NA	NA	NA	NA
NC_045512.2	12177	G	+C	17188	7401	50	1	0	20	5.81734e-05	17190	1	FALSE	NA	NA	NA	NA	NA	NA
NC_045512.2	12178	T	G	16568	6912	50	1	1	27	6.03427e-05	16572	1	FALSE	NA	NA	NA	NA	NA	NA
NC_045512.2	12178	T	C	16568	6912	50	2	1	68	0.000120685	16572	0.249977	FALSE	NA	NA	NA	NA	NA	NA
NC_045512.2	12178	T	A	16568	6912	50	1	0	27	6.03427e-05	16572	1	FALSE	NA	NA	NA	NA	NA	NA
NC_045512.2	12179	G	T	16498	6894	50	3	3	29	0.000181807	16501	1	FALSE	NA	NA	NA	NA	NA	NA
NC_045512.2	12180	A	T	16892	7130	51	3	2	26	0.000177536	16898	1	FALSE	NA	NA	NA	NA	NA	NA
NC_045512.2	12180	A	G	16892	7130	51	1	1	34	5.91786e-05	16898	0.999992	FALSE	NA	NA	NA	NA	NA	NA
NC_045512.2	12180	A	C	16892	7130	51	2	2	27	0.000118357	16898	1	FALSE	NA	NA	NA	NA	NA	NA
NC_045512.2	12181	T	G	17054	7158	50	1	1	27	5.86235e-05	17058	1	FALSE	NA	NA	NA	NA	NA	NA
NC_045512.2	12181	T	C	17054	7158	50	2	2	27	0.000117247	17058	1	FALSE	NA	NA	NA	NA	NA	NA
NC_045512.2	12181	T	A	17054	7158	50	1	1	27	5.86235e-05	17058	1	FALSE	NA	NA	NA	NA	NA	NA
NC_045512.2	12182	T	G	17096	7440	50	1	1	26	5.8483e-05	17099	1	FALSE	NA	NA	NA	NA	NA	NA
NC_045512.2	12182	T	A	17096	7440	50	2	1	29	0.000116966	17099	1	FALSE	NA	NA	NA	NA	NA	NA
NC_045512.2	12183	C	T	16929	7673	49	1	0	68	5.90598e-05	16932	0.499985	FALSE	NA	NA	NA	NA	NA	NA
NC_045512.2	12183	C	G	16929	7673	49	1	1	27	5.90598e-05	16932	1	FALSE	NA	NA	NA	NA	NA	NA
NC_045512.2	12183	C	A	16929	7673	49	1	0	26	5.90598e-05	16932	1	FALSE	NA	NA	NA	NA	NA	NA
NC_045512.2	12184	T	G	16834	7462	50	3	2	29	0.000178158	16839	1	FALSE	NA	NA	NA	NA	NA	NA
NC_045512.2	12184	T	C	16834	7462	50	1	1	68	5.93859e-05	16839	0.499955	FALSE	NA	NA	NA	NA	NA	NA
NC_045512.2	12184	T	A	16834	7462	50	1	0	27	5.93859e-05	16839	1	FALSE	NA	NA	NA	NA	NA	NA
NC_045512.2	12185	G	T	16789	7453	49	3	3	26	0.000178646	16793	1	FALSE	NA	NA	NA	NA	NA	NA
NC_045512.2	12185	G	C	16789	7453	49	1	1	20	5.95486e-05	16793	1	FALSE	NA	NA	NA	NA	NA	NA
NC_045512.2	12186	A	T	16918	7636	49	2	2	27	0.000118196	16921	1	FALSE	NA	NA	NA	NA	NA	NA
NC_045512.2	12186	A	G	16918	7636	49	1	0	34	5.90982e-05	16921	0.999992	FALSE	NA	NA	NA	NA	NA	NA
NC_045512.2	12187	A	T	16758	7690	49	3	2	26	0.000178966	16763	1	FALSE	NA	NA	NA	NA	NA	NA
NC_045512.2	12187	A	G	16758	7690	49	1	1	68	5.96552e-05	16763	0.499955	FALSE	NA	NA	NA	NA	NA	NA
NC_045512.2	12187	A	C	16758	7690	49	1	0	27	5.96552e-05	16763	1	FALSE	NA	NA	NA	NA	NA	NA
NC_045512.2	12188	G	T	16846	7523	49	3	3	24	0.000178052	16849	1	FALSE	NA	NA	NA	NA	NA	NA
NC_045512.2	12189	T	G	16619	7495	49	3	3	25	0.000180462	16624	1	FALSE	NA	NA	NA	NA	NA	NA
NC_045512.2	12189	T	C	16619	7495	49	2	2	25	0.000120308	16624	1	FALSE	NA	NA	NA	NA	NA	NA
NC_045512.2	12190	T	G	16479	7417	50	1	1	27	6.06722e-05	16482	1	FALSE	NA	NA	NA	NA	NA	NA
NC_045512.2	12190	T	A	16479	7417	50	2	2	26	0.000121344	16482	1	FALSE	NA	NA	NA	NA	NA	NA
NC_045512.2	12191	G	T	16407	7299	50	5	4	39	0.000304618	16414	0.996409	FALSE	NA	NA	NA	NA	NA	NA
NC_045512.2	12191	G	C	16407	7299	50	1	0	27	6.09236e-05	16414	1	FALSE	NA	NA	NA	NA	NA	NA
NC_045512.2	12191	G	A	16407	7299	50	1	1	34	6.09236e-05	16414	0.999992	FALSE	NA	NA	NA	NA	NA	NA
NC_045512.2	12191	G	-T	16407	7299	50	1	0	20	6.09236e-05	16414	1	FALSE	NA	NA	NA	NA	NA	NA
NC_045512.2	12192	T	A	16410	7370	49	2	1	30	0.000121862	16412	0.999928	FALSE	NA	NA	NA	NA	NA	NA
NC_045512.2	12193	T	C	16167	7168	48	1	1	27	6.18467e-05	16169	1	FALSE	NA	NA	NA	NA	NA	NA
NC_045512.2	12193	T	A	16167	7168	48	1	0	34	6.18467e-05	16169	0.999992	FALSE	NA	NA	NA	NA	NA	NA
NC_045512.2	12194	C	G	16353	7478	49	1	1	34	6.11434e-05	16355	0.999992	FALSE	NA	NA	NA	NA	NA	NA
NC_045512.2	12194	C	A	16353	7478	49	1	1	34	6.11434e-05	16355	0.999992	FALSE	NA	NA	NA	NA	NA	NA
NC_045512.2	12195	T	G	16375	7426	49	5	5	26	0.000305232	16381	1	FALSE	NA	NA	NA	NA	NA	NA
NC_045512.2	12195	T	C	16375	7426	49	1	0	60	6.10463e-05	16381	0.499939	FALSE	NA	NA	NA	NA	NA	NA
NC_045512.2	12196	T	G	16373	7638	50	3	3	31	0.000183184	16377	0.999637	FALSE	NA	NA	NA	NA	NA	NA
NC_045512.2	12196	T	A	16373	7638	50	1	0	26	6.10612e-05	16377	1	FALSE	NA	NA	NA	NA	NA	NA
NC_045512.2	12197	A	G	16395	7696	50	1	1	34	6.09905e-05	16396	0.999992	FALSE	NA	NA	NA	NA	NA	NA
NC_045512.2	12198	A	G	16370	7852	50	3	1	45	0.000183184	16377	0.31242	FALSE	NA	NA	NA	NA	NA	NA
NC_045512.2	12198	A	C	16370	7852	50	4	1	28	0.000244245	16377	1	FALSE	NA	NA	NA	NA	NA	NA
NC_045512.2	12199	A	C	16040	7842	49	3	0	28	0.000186997	16043	1	FALSE	NA	NA	NA	NA	NA	NA
NC_045512.2	12200	A	G	16296	7737	50	1	0	27	6.1361e-05	16297	1	FALSE	NA	NA	NA	NA	NA	NA
NC_045512.2	12201	A	T	16053	7828	48	1	1	20	6.22743e-05	16058	1	FALSE	NA	NA	NA	NA	NA	NA
NC_045512.2	12201	A	C	16053	7828	48	4	0	26	0.000249097	16058	1	FALSE	NA	NA	NA	NA	NA	NA
NC_045512.2	12202	G	T	16421	7660	49	2	2	27	0.00012178	16423	1	FALSE	NA	NA	NA	NA	NA	NA
NC_045512.2	12203	T	G	15994	7349	48	5	4	28	0.0003125	16000	1	FALSE	NA	NA	NA	NA	NA	NA
NC_045512.2	12203	T	C	15994	7349	48	1	1	27	6.25e-05	16000	1	FALSE	NA	NA	NA	NA	NA	NA
NC_045512.2	12204	T	G	16629	8060	51	1	1	20	6.01251e-05	16632	1	FALSE	NA	NA	NA	NA	NA	NA
NC_045512.2	12204	T	C	16629	8060	51	1	0	24	6.01251e-05	16632	1	FALSE	NA	NA	NA	NA	NA	NA
NC_045512.2	12204	T	A	16629	8060	51	1	1	27	6.01251e-05	16632	1	FALSE	NA	NA	NA	NA	NA	NA
NC_045512.2	12205	G	T	16698	8028	51	7	7	29	0.000418936	16709	1	FALSE	NA	NA	NA	NA	NA	NA
NC_045512.2	12205	G	C	16698	8028	51	4	2	35	0.000239392	16709	0.998712	FALSE	NA	NA	NA	NA	NA	NA
NC_045512.2	12206	A	T	16830	8191	51	2	2	26	0.000118807	16834	1	FALSE	NA	NA	NA	NA	NA	NA
NC_045512.2	12206	A	G	16830	8191	51	2	0	68	0.000118807	16834	0.249978	FALSE	NA	NA	NA	NA	NA	NA
NC_045512.2	12207	A	T	16747	8262	51	4	1	31	0.000238777	16752	0.998715	FALSE	NA	NA	NA	NA	NA	NA
NC_045512.2	12207	A	C	16747	8262	51	1	0	27	5.96944e-05	16752	1	FALSE	NA	NA	NA	NA	NA	NA
NC_045512.2	12208	G	T	16805	8147	51	1	1	34	5.9499e-05	16807	0.999992	FALSE	NA	NA	NA	NA	NA	NA
NC_045512.2	12208	G	C	16805	8147	51	1	1	27	5.9499e-05	16807	1	FALSE	NA	NA	NA	NA	NA	NA
NC_045512.2	12209	A	C	16503	8175	49	1	1	34	6.05914e-05	16504	0.999992	FALSE	NA	NA	NA	NA	NA	NA
NC_045512.2	12210	A	T	16611	8219	51	6	1	28	0.000360989	16621	1	FALSE	NA	NA	NA	NA	NA	NA
NC_045512.2	12210	A	G	16611	8219	51	3	1	38	0.000180495	16621	0.999636	FALSE	NA	NA	NA	NA	NA	NA
NC_045512.2	12210	A	C	16611	8219	51	1	1	27	6.01649e-05	16621	1	FALSE	NA	NA	NA	NA	NA	NA
NC_045512.2	12211	G	T	17693	8354	51	1	1	26	5.65131e-05	17695	1	FALSE	NA	NA	NA	NA	NA	NA
NC_045512.2	12211	G	A	17693	8354	51	1	0	68	5.65131e-05	17695	0.5	FALSE	NA	NA	NA	NA	NA	NA
NC_045512.2	12212	T	G	17393	8218	50	2	0	34	0.000114969	17396	0.999962	FALSE	NA	NA	NA	NA	NA	NA
NC_045512.2	12212	T	A	17393	8218	50	1	1	24	5.74845e-05	17396	1	FALSE	NA	NA	NA	NA	NA	NA
NC_045512.2	12213	C	G	18014	8444	50	2	2	30	0.000111012	18016	0.99998	FALSE	NA	NA	NA	NA	NA	NA
NC_045512.2	12214	T	G	17688	8011	49	3	3	31	0.000169578	17691	0.9998	FALSE	NA	NA	NA	NA	NA	NA
NC_045512.2	12215	T	G	17804	8346	50	4	4	26	0.000224593	17810	1	FALSE	NA	NA	NA	NA	NA	NA
NC_045512.2	12215	T	C	17804	8346	50	1	1	38	5.61482e-05	17810	0.999996	FALSE	NA	NA	NA	NA	NA	NA
NC_045512.2	12215	T	A	17804	8346	50	1	1	34	5.61482e-05	17810	0.999996	FALSE	NA	NA	NA	NA	NA	NA
NC_045512.2	12216	T	G	17743	8274	50	3	3	31	0.000169052	17746	0.9998	FALSE	NA	NA	NA	NA	NA	NA
NC_045512.2	12217	G	C	18010	8479	50	1	1	34	5.55216e-05	18011	0.999998	FALSE	NA	NA	NA	NA	NA	NA
NC_045512.2	12218	A	T	18097	8673	51	2	2	26	0.000110497	18100	1	FALSE	NA	NA	NA	NA	NA	NA
NC_045512.2	12218	A	C	18097	8673	51	1	0	27	5.52486e-05	18100	1	FALSE	NA	NA	NA	NA	NA	NA
NC_045512.2	12219	A	T	17855	8962	50	1	0	26	5.5991e-05	17860	1	FALSE	NA	NA	NA	NA	NA	NA
NC_045512.2	12219	A	C	17855	8962	50	4	1	26	0.000223964	17860	1	FALSE	NA	NA	NA	NA	NA	NA
NC_045512.2	12220	T	G	17161	8168	52	2	2	26	0.000116509	17166	1	FALSE	NA	NA	NA	NA	NA	NA
NC_045512.2	12220	T	C	17161	8168	52	1	1	68	5.82547e-05	17166	0.499956	FALSE	NA	NA	NA	NA	NA	NA
NC_045512.2	12220	T	A	17161	8168	52	2	2	34	0.000116509	17166	0.999962	FALSE	NA	NA	NA	NA	NA	NA
NC_045512.2	12221	G	C	17011	8211	51	3	1	31	0.000176315	17015	0.999799	FALSE	NA	NA	NA	NA	NA	NA
NC_045512.2	12221	G	A	17011	8211	51	1	1	46	5.87717e-05	17015	0.749978	FALSE	NA	NA	NA	NA	NA	NA
NC_045512.2	12222	T	C	16394	7709	51	1	1	60	6.09905e-05	16396	0.5	FALSE	NA	NA	NA	NA	NA	NA
NC_045512.2	12222	T	A	16394	7709	51	1	0	34	6.09905e-05	16396	0.999992	FALSE	NA	NA	NA	NA	NA	NA
NC_045512.2	12223	G	T	16813	7735	51	1	0	26	5.9446e-05	16822	1	FALSE	NA	NA	NA	NA	NA	NA
NC_045512.2	12223	G	C	16813	7735	51	5	2	26	0.00029723	16822	1	FALSE	NA	NA	NA	NA	NA	NA
NC_045512.2	12223	G	A	16813	7735	51	3	1	40	0.000178338	16822	0.312377	FALSE	NA	NA	NA	NA	NA	NA
NC_045512.2	12224	G	T	16639	7836	50	1	1	27	6.00889e-05	16642	1	FALSE	NA	NA	NA	NA	NA	NA
NC_045512.2	12224	G	A	16639	7836	50	2	1	51	0.000120178	16642	0.249992	FALSE	NA	NA	NA	NA	NA	NA
NC_045512.2	12225	C	T	16754	8057	51	1	0	68	5.96766e-05	16757	0.499985	FALSE	NA	NA	NA	NA	NA	NA
NC_045512.2	12225	C	A	16754	8057	51	2	0	40	0.000119353	16757	0.5	FALSE	NA	NA	NA	NA	NA	NA
NC_045512.2	12226	T	C	16840	7993	52	2	1	25	0.000118744	16843	1	FALSE	NA	NA	NA	NA	NA	NA
NC_045512.2	12226	T	A	16840	7993	52	1	1	26	5.93718e-05	16843	1	FALSE	NA	NA	NA	NA	NA	NA
NC_045512.2	12226	T	-A	16840	7993	52	1	0	20	5.93718e-05	16843	1	FALSE	NA	NA	NA	NA	NA	NA
NC_045512.2	12227	A	T	16778	8077	51	2	1	30	0.000119175	16782	0.999928	FALSE	NA	NA	NA	NA	NA	NA
NC_045512.2	12227	A	G	16778	8077	51	1	0	34	5.95877e-05	16782	0.999992	FALSE	NA	NA	NA	NA	NA	NA
NC_045512.2	12227	A	C	16778	8077	51	1	0	26	5.95877e-05	16782	1	FALSE	NA	NA	NA	NA	NA	NA
NC_045512.2	12228	A	G	16438	8119	50	2	1	47	0.000121581	16450	0.499795	FALSE	NA	NA	NA	NA	NA	NA
NC_045512.2	12228	A	C	16438	8119	50	10	0	25	0.000607903	16450	1	FALSE	NA	NA	NA	NA	NA	NA
NC_045512.2	12229	A	G	16942	8136	50	1	1	46	5.90145e-05	16945	0.749993	FALSE	NA	NA	NA	NA	NA	NA
NC_045512.2	12229	A	C	16942	8136	50	2	1	25	0.000118029	16945	1	FALSE	NA	NA	NA	NA	NA	NA
NC_045512.2	12231	C	G	16801	8286	50	2	0	30	0.000119012	16805	0.999928	FALSE	NA	NA	NA	NA	NA	NA
NC_045512.2	12231	C	A	16801	8286	50	2	1	30	0.000119012	16805	0.999928	FALSE	NA	NA	NA	NA	NA	NA
NC_045512.2	12232	T	G	14681	6600	50	4	4	26	0.000272368	14686	1	FALSE	NA	NA	NA	NA	NA	NA
NC_045512.2	12232	T	C	14681	6600	50	1	1	24	6.80921e-05	14686	1	FALSE	NA	NA	NA	NA	NA	NA
NC_045512.2	12233	G	T	15123	6969	51	3	3	29	0.000198334	15126	1	FALSE	NA	NA	NA	NA	NA	NA
NC_045512.2	12234	A	T	15347	7134	51	1	1	34	6.51551e-05	15348	0.999985	FALSE	NA	NA	NA	NA	NA	NA
NC_045512.2	12235	A	T	15178	7236	50	2	1	25	0.000131726	15183	1	FALSE	NA	NA	NA	NA	NA	NA
NC_045512.2	12235	A	G	15178	7236	50	3	1	34	0.000197589	15183	0.999346	FALSE	NA	NA	NA	NA	NA	NA
NC_045512.2	12236	T	C	15254	7175	50	1	1	27	6.55523e-05	15255	1	FALSE	NA	NA	NA	NA	NA	NA
NC_045512.2	12237	T	G	14438	6371	47	10	10	27	0.000692089	14449	1	FALSE	NA	NA	NA	NA	NA	NA
NC_045512.2	12237	T	A	14438	6371	47	1	0	68	6.92089e-05	14449	0.499844	FALSE	NA	NA	NA	NA	NA	NA
NC_045512.2	12238	T	G	15238	7238	51	1	0	27	6.55996e-05	15244	1	FALSE	NA	NA	NA	NA	NA	NA
NC_045512.2	12238	T	C	15238	7238	51	2	0	57	0.000131199	15244	0.249943	FALSE	NA	NA	NA	NA	NA	NA
NC_045512.2	12238	T	A	15238	7238	51	3	3	26	0.000196799	15244	1	FALSE	NA	NA	NA	NA	NA	NA
NC_045512.2	12239	G	A	15304	7296	51	1	0	68	6.53381e-05	15305	0.500016	FALSE	NA	NA	NA	NA	NA	NA
NC_045512.2	12240	A	T	15355	7366	51	1	0	27	6.51084e-05	15359	1	FALSE	NA	NA	NA	NA	NA	NA
NC_045512.2	12240	A	G	15355	7366	51	2	0	30	0.000130217	15359	0.999863	FALSE	NA	NA	NA	NA	NA	NA
NC_045512.2	12240	A	C	15355	7366	51	1	1	26	6.51084e-05	15359	1	FALSE	NA	NA	NA	NA	NA	NA
NC_045512.2	12241	C	T	15304	7465	51	1	1	34	6.53381e-05	15305	0.999985	FALSE	NA	NA	NA	NA	NA	NA
NC_045512.2	12242	C	G	15072	7594	50	2	2	30	0.000132661	15076	0.999863	FALSE	NA	NA	NA	NA	NA	NA
NC_045512.2	12242	C	A	15072	7594	50	2	0	44	0.000132661	15076	0.499975	FALSE	NA	NA	NA	NA	NA	NA
NC_045512.2	12243	G	A	15373	7643	50	1	0	68	6.50449e-05	15374	0.500016	FALSE	NA	NA	NA	NA	NA	NA
NC_045512.2	12244	T	C	15630	7829	49	2	1	51	0.000127918	15635	0.24996	FALSE	NA	NA	NA	NA	NA	NA
NC_045512.2	12244	T	A	15630	7829	49	3	3	24	0.000191877	15635	1	FALSE	NA	NA	NA	NA	NA	NA
NC_045512.2	12245	G	C	15869	7860	50	1	1	27	6.3008e-05	15871	1	FALSE	NA	NA	NA	NA	NA	NA
NC_045512.2	12245	G	A	15869	7860	50	1	0	34	6.3008e-05	15871	0.999985	FALSE	NA	NA	NA	NA	NA	NA
NC_045512.2	12246	A	C	16006	7955	50	2	2	30	0.000124938	16008	0.999928	FALSE	NA	NA	NA	NA	NA	NA
NC_045512.2	12247	T	G	15937	7844	50	3	3	28	0.000188206	15940	1	FALSE	NA	NA	NA	NA	NA	NA
NC_045512.2	12248	G	C	15870	7854	50	3	0	29	0.000189	15873	1	FALSE	NA	NA	NA	NA	NA	NA
NC_045512.2	12249	C	T	15978	8199	50	3	0	40	0.000187652	15987	0.312371	FALSE	NA	NA	NA	NA	NA	NA
NC_045512.2	12249	C	G	15978	8199	50	2	2	27	0.000125102	15987	1	FALSE	NA	NA	NA	NA	NA	NA
NC_045512.2	12249	C	A	15978	8199	50	4	0	26	0.000250203	15987	1	FALSE	NA	NA	NA	NA	NA	NA
NC_045512.2	12250	A	T	16261	8245	51	1	0	27	6.14817e-05	16265	1	FALSE	NA	NA	NA	NA	NA	NA
NC_045512.2	12250	A	G	16261	8245	51	3	1	56	0.000184445	16265	0.124988	FALSE	NA	NA	NA	NA	NA	NA
NC_045512.2	12251	G	A	16754	8217	50	3	2	45	0.00017903	16757	0.312511	FALSE	NA	NA	NA	NA	NA	NA
NC_045512.2	12252	C	T	16618	8345	50	2	0	68	0.000120308	16624	0.249947	FALSE	NA	NA	NA	NA	NA	NA
NC_045512.2	12252	C	A	16618	8345	50	4	1	26	0.000240616	16624	1	FALSE	NA	NA	NA	NA	NA	NA
NC_045512.2	12253	C	G	16785	8385	50	5	2	29	0.000297796	16790	1	FALSE	NA	NA	NA	NA	NA	NA
NC_045512.2	12254	A	T	17086	8484	51	1	1	34	5.8524e-05	17087	0.999996	FALSE	NA	NA	NA	NA	NA	NA
NC_045512.2	12255	T	G	16944	8445	50	3	1	29	0.000177012	16948	1	FALSE	NA	NA	NA	NA	NA	NA
NC_045512.2	12255	T	C	16944	8445	50	1	1	27	5.9004e-05	16948	1	FALSE	NA	NA	NA	NA	NA	NA
NC_045512.2	12256	G	C	16816	8533	49	1	1	27	5.94636e-05	16817	1	FALSE	NA	NA	NA	NA	NA	NA
NC_045512.2	12257	C	T	16972	8931	50	4	2	53	0.000235613	16977	0.062489	FALSE	NA	NA	NA	NA	NA	NA
NC_045512.2	12257	C	A	16972	8931	50	1	0	26	5.89032e-05	16977	1	FALSE	NA	NA	NA	NA	NA	NA
NC_045512.2	12258	A	G	17170	9114	50	1	1	34	5.82377e-05	17171	0.999996	FALSE	NA	NA	NA	NA	NA	NA
NC_045512.2	12259	A	T	17010	9145	49	3	3	24	0.000176294	17017	1	FALSE	NA	NA	NA	NA	NA	NA
NC_045512.2	12259	A	C	17010	9145	49	4	0	26	0.000235059	17017	1	FALSE	NA	NA	NA	NA	NA	NA
NC_045512.2	12260	C	A	17301	9126	50	2	0	23	0.000115587	17303	1	FALSE	NA	NA	NA	NA	NA	NA
NC_045512.2	12261	G	T	17297	9149	50	2	2	27	0.000115594	17302	1	FALSE	NA	NA	NA	NA	NA	NA
NC_045512.2	12261	G	C	17297	9149	50	1	1	26	5.77968e-05	17302	1	FALSE	NA	NA	NA	NA	NA	NA
NC_045512.2	12261	G	A	17297	9149	50	2	0	30	0.000115594	17302	0.999962	FALSE	NA	NA	NA	NA	NA	NA
NC_045512.2	12262	T	C	17280	9239	50	1	0	24	5.7857e-05	17284	1	FALSE	NA	NA	NA	NA	NA	NA
NC_045512.2	12262	T	A	17280	9239	50	3	0	28	0.000173571	17284	1	FALSE	NA	NA	NA	NA	NA	NA
NC_045512.2	12263	A	T	17007	9023	50	1	1	34	5.87786e-05	17013	0.999996	FALSE	NA	NA	NA	NA	NA	NA
NC_045512.2	12263	A	G	17007	9023	50	2	2	68	0.000117557	17013	0.249949	FALSE	NA	NA	NA	NA	NA	NA
NC_045512.2	12263	A	C	17007	9023	50	3	0	29	0.000176336	17013	1	FALSE	NA	NA	NA	NA	NA	NA
NC_045512.2	12264	A	T	17018	9134	50	2	0	30	0.000117502	17021	0.999962	FALSE	NA	NA	NA	NA	NA	NA
NC_045512.2	12264	A	G	17018	9134	50	1	0	24	5.8751e-05	17021	1	FALSE	NA	NA	NA	NA	NA	NA
NC_045512.2	12264	A	+G	17018	9134	50	1	0	20	5.8751e-05	17021	1	FALSE	NA	NA	NA	NA	NA	NA
NC_045512.2	12265	G	T	17278	9074	50	2	2	23	0.000115741	17280	1	FALSE	NA	NA	NA	NA	NA	NA
NC_045512.2	12265	G	-T	17278	9074	50	1	0	20	5.78704e-05	17280	1	FALSE	NA	NA	NA	NA	NA	NA
NC_045512.2	12266	T	G	16413	8361	48	10	10	27	0.000608865	16424	1	FALSE	NA	NA	NA	NA	NA	NA
NC_045512.2	12266	T	C	16413	8361	48	1	0	60	6.08865e-05	16424	0.499848	FALSE	NA	NA	NA	NA	NA	NA
NC_045512.2	12267	T	C	17109	9222	51	1	0	60	5.84385e-05	17112	0.499985	FALSE	NA	NA	NA	NA	NA	NA
NC_045512.2	12267	T	A	17109	9222	51	2	0	34	0.000116877	17112	0.999962	FALSE	NA	NA	NA	NA	NA	NA
NC_045512.2	12267	T	-G	17109	9222	51	1	0	20	5.84385e-05	17112	1	FALSE	NA	NA	NA	NA	NA	NA
NC_045512.2	12268	G	A	16876	8930	51	1	0	46	5.92522e-05	16877	0.749993	FALSE	NA	NA	NA	NA	NA	NA
NC_045512.2	12268	G	-GA	16876	8930	51	1	0	20	5.92452e-05	16879	1	FALSE	NA	NA	NA	NA	NA	NA
NC_045512.2	12269	G	C	16923	9066	51	1	0	27	5.90877e-05	16924	1	FALSE	NA	NA	NA	NA	NA	NA
NC_045512.2	12269	G	-A	16923	9066	51	986	0	20	0.058257	16925	3.93365e-135	TRUE	NA	NA	NA	NA	NA	NA
NC_045512.2	12270	A	T	16043	8590	51	1	1	34	6.22471e-05	16065	0.999993	FALSE	NA	NA	NA	NA	NA	NA
NC_045512.2	12270	A	G	16043	8590	51	20	5	42	0.00124494	16065	5.79284e-06	TRUE	NA	NA	NA	NA	NA	NA
NC_045512.2	12270	A	C	16043	8590	51	1	1	34	6.22471e-05	16065	0.999993	FALSE	NA	NA	NA	NA	NA	NA
NC_045512.2	12271	A	T	17118	9231	50	3	3	27	0.000175213	17122	1	FALSE	NA	NA	NA	NA	NA	NA
NC_045512.2	12271	A	G	17118	9231	50	1	0	68	5.84044e-05	17122	0.499971	FALSE	NA	NA	NA	NA	NA	NA
NC_045512.2	12272	A	G	17054	9258	50	1	0	34	5.8627e-05	17057	0.999996	FALSE	NA	NA	NA	NA	NA	NA
NC_045512.2	12272	A	C	17054	9258	50	2	0	26	0.000117254	17057	1	FALSE	NA	NA	NA	NA	NA	NA
NC_045512.2	12273	A	G	16903	9281	50	63	56	40	0.00371331	16966	3.33832e-18	TRUE	NA	NA	NA	NA	NA	NA
NC_045512.2	12273	A	-G	16903	9281	50	1	0	20	5.89414e-05	16966	1	FALSE	NA	NA	NA	NA	NA	NA
NC_045512.2	12274	G	T	16925	9207	51	1	0	68	5.90807e-05	16926	0.5	FALSE	NA	NA	NA	NA	NA	NA
NC_045512.2	12275	A	T	16577	9294	49	1	1	27	6.03209e-05	16578	1	FALSE	NA	NA	NA	NA	NA	NA
NC_045512.2	12276	T	G	16914	9333	51	1	0	27	5.91086e-05	16918	1	FALSE	NA	NA	NA	NA	NA	NA
NC_045512.2	12276	T	C	16914	9333	51	2	1	47	0.000118217	16918	0.499978	FALSE	NA	NA	NA	NA	NA	NA
NC_045512.2	12276	T	A	16914	9333	51	1	0	26	5.91086e-05	16918	1	FALSE	NA	NA	NA	NA	NA	NA
NC_045512.2	12277	G	T	16622	9127	51	2	2	25	0.000120272	16629	1	FALSE	NA	NA	NA	NA	NA	NA
NC_045512.2	12277	G	C	16622	9127	51	4	3	28	0.000240544	16629	1	FALSE	NA	NA	NA	NA	NA	NA
NC_045512.2	12277	G	A	16622	9127	51	1	1	24	6.01359e-05	16629	1	FALSE	NA	NA	NA	NA	NA	NA
NC_045512.2	12278	G	T	16482	9036	50	2	1	26	0.00012133	16484	1	FALSE	NA	NA	NA	NA	NA	NA
NC_045512.2	12279	C	T	16604	9358	50	2	0	51	0.000120431	16607	0.249992	FALSE	NA	NA	NA	NA	NA	NA
NC_045512.2	12279	C	A	16604	9358	50	1	0	34	6.02156e-05	16607	0.999992	FALSE	NA	NA	NA	NA	NA	NA
NC_045512.2	12280	T	C	16462	9160	51	1	0	68	6.07423e-05	16463	0.500015	FALSE	NA	NA	NA	NA	NA	NA
NC_045512.2	12281	G	T	16548	9157	50	2	2	26	0.000120846	16550	1	FALSE	NA	NA	NA	NA	NA	NA
NC_045512.2	12282	A	G	16826	9426	51	1	1	24	5.94283e-05	16827	1	FALSE	NA	NA	NA	NA	NA	NA
NC_045512.2	12283	T	G	16851	9490	51	1	0	27	5.93401e-05	16852	1	FALSE	NA	NA	NA	NA	NA	NA
NC_045512.2	12284	C	T	16710	9460	51	1	0	68	5.98337e-05	16713	0.499985	FALSE	NA	NA	NA	NA	NA	NA
NC_045512.2	12284	C	G	16710	9460	51	1	1	26	5.98337e-05	16713	1	FALSE	NA	NA	NA	NA	NA	NA
NC_045512.2	12284	C	A	16710	9460	51	1	0	26	5.98337e-05	16713	1	FALSE	NA	NA	NA	NA	NA	NA
NC_045512.2	12285	A	G	16522	9293	50	1	0	68	6.05217e-05	16523	0.500015	FALSE	NA	NA	NA	NA	NA	NA
NC_045512.2	12286	A	G	16943	9607	50	5	3	45	0.000294916	16954	0.109285	FALSE	NA	NA	NA	NA	NA	NA
NC_045512.2	12286	A	C	16943	9607	50	6	1	33	0.000353899	16954	0.991554	FALSE	NA	NA	NA	NA	NA	NA
NC_045512.2	12287	G	T	17270	9373	50	3	2	31	0.000173671	17274	0.999799	FALSE	NA	NA	NA	NA	NA	NA
NC_045512.2	12287	G	A	17270	9373	50	1	0	68	5.78905e-05	17274	0.499971	FALSE	NA	NA	NA	NA	NA	NA
NC_045512.2	12288	C	A	17430	9753	50	1	0	26	5.73691e-05	17431	1	FALSE	NA	NA	NA	NA	NA	NA
NC_045512.2	12289	T	G	17423	9588	50	3	2	31	0.000172157	17426	0.9998	FALSE	NA	NA	NA	NA	NA	NA
NC_045512.2	12291	T	A	17149	9429	51	2	2	30	0.000116611	17151	0.999962	FALSE	NA	NA	NA	NA	NA	NA
NC_045512.2	12292	G	C	17112	9471	50	3	0	31	0.000175275	17116	0.999799	FALSE	NA	NA	NA	NA	NA	NA
NC_045512.2	12292	G	A	17112	9471	50	1	1	26	5.84249e-05	17116	1	FALSE	NA	NA	NA	NA	NA	NA
NC_045512.2	12293	A	G	17633	9611	50	2	1	44	0.000113411	17635	0.500021	FALSE	NA	NA	NA	NA	NA	NA
NC_045512.2	12294	C	T	17533	9709	50	1	1	34	5.70223e-05	17537	0.999996	FALSE	NA	NA	NA	NA	NA	NA
NC_045512.2	12294	C	G	17533	9709	50	1	0	26	5.70223e-05	17537	1	FALSE	NA	NA	NA	NA	NA	NA
NC_045512.2	12294	C	A	17533	9709	50	2	2	34	0.000114045	17537	0.999962	FALSE	NA	NA	NA	NA	NA	NA
NC_045512.2	12295	C	G	17088	9525	50	1	0	27	5.85069e-05	17092	1	FALSE	NA	NA	NA	NA	NA	NA
NC_045512.2	12295	C	A	17088	9525	50	3	2	31	0.000175521	17092	0.999799	FALSE	NA	NA	NA	NA	NA	NA
NC_045512.2	12296	C	G	16788	9306	50	1	0	27	5.95628e-05	16789	1	FALSE	NA	NA	NA	NA	NA	NA
NC_045512.2	12297	A	T	16721	9327	50	2	2	23	0.000119589	16724	1	FALSE	NA	NA	NA	NA	NA	NA
NC_045512.2	12297	A	C	16721	9327	50	1	0	34	5.97943e-05	16724	0.999992	FALSE	NA	NA	NA	NA	NA	NA
NC_045512.2	12298	A	G	16766	9234	50	1	1	27	5.96374e-05	16768	1	FALSE	NA	NA	NA	NA	NA	NA
NC_045512.2	12298	A	C	16766	9234	50	1	1	27	5.96374e-05	16768	1	FALSE	NA	NA	NA	NA	NA	NA
NC_045512.2	12299	A	G	16265	8968	48	4	2	48	0.000245821	16272	0.187442	FALSE	NA	NA	NA	NA	NA	NA
NC_045512.2	12299	A	C	16265	8968	48	3	2	25	0.000184366	16272	1	FALSE	NA	NA	NA	NA	NA	NA
NC_045512.2	12301	G	T	17819	9580	50	2	1	26	0.000112202	17825	1	FALSE	NA	NA	NA	NA	NA	NA
NC_045512.2	12301	G	C	17819	9580	50	4	3	28	0.000224404	17825	1	FALSE	NA	NA	NA	NA	NA	NA
NC_045512.2	12302	T	A	17346	9432	51	4	1	26	0.000230548	17350	1	FALSE	NA	NA	NA	NA	NA	NA
NC_045512.2	12303	A	T	17404	9722	51	1	0	27	5.74416e-05	17409	1	FALSE	NA	NA	NA	NA	NA	NA
NC_045512.2	12303	A	G	17404	9722	51	2	1	32	0.000114883	17409	0.999962	FALSE	NA	NA	NA	NA	NA	NA
NC_045512.2	12303	A	C	17404	9722	51	2	0	26	0.000114883	17409	1	FALSE	NA	NA	NA	NA	NA	NA
NC_045512.2	12304	T	G	17234	9786	50	1	1	34	5.80215e-05	17235	0.999996	FALSE	NA	NA	NA	NA	NA	NA
NC_045512.2	12305	A	G	17456	10031	50	3	1	29	0.000171831	17459	1	FALSE	NA	NA	NA	NA	NA	NA
NC_045512.2	12306	A	G	17226	9816	50	3	1	31	0.000174105	17231	0.999799	FALSE	NA	NA	NA	NA	NA	NA
NC_045512.2	12306	A	C	17226	9816	50	2	2	30	0.00011607	17231	0.999962	FALSE	NA	NA	NA	NA	NA	NA
NC_045512.2	12307	A	C	16239	9953	46	7	1	28	0.000430875	16246	1	FALSE	NA	NA	NA	NA	NA	NA
NC_045512.2	12310	G	T	17577	9324	50	2	1	43	0.000113753	17582	0.499957	FALSE	NA	NA	NA	NA	NA	NA
NC_045512.2	12310	G	C	17577	9324	50	3	3	29	0.000170629	17582	1	FALSE	NA	NA	NA	NA	NA	NA
NC_045512.2	12311	G	C	17501	9461	49	4	0	26	0.000228506	17505	1	FALSE	NA	NA	NA	NA	NA	NA
NC_045512.2	12312	C	T	17598	9789	50	2	0	64	0.000113617	17603	0.249964	FALSE	NA	NA	NA	NA	NA	NA
NC_045512.2	12312	C	G	17598	9789	50	3	1	29	0.000170425	17603	1	FALSE	NA	NA	NA	NA	NA	NA
NC_045512.2	12313	T	G	17707	9774	50	2	2	27	0.000112905	17714	1	FALSE	NA	NA	NA	NA	NA	NA
NC_045512.2	12313	T	C	17707	9774	50	4	2	29	0.00022581	17714	1	FALSE	NA	NA	NA	NA	NA	NA
NC_045512.2	12313	T	A	17707	9774	50	1	0	26	5.64525e-05	17714	1	FALSE	NA	NA	NA	NA	NA	NA
NC_045512.2	12314	A	G	17596	9780	50	2	0	57	0.000113636	17600	0.249979	FALSE	NA	NA	NA	NA	NA	NA
NC_045512.2	12314	A	C	17596	9780	50	2	1	30	0.000113636	17600	0.999962	FALSE	NA	NA	NA	NA	NA	NA
NC_045512.2	12315	G	T	17993	9798	50	1	1	34	5.55741e-05	17994	0.999996	FALSE	NA	NA	NA	NA	NA	NA
NC_045512.2	12316	A	G	17811	9872	48	2	2	35	0.000112252	17817	0.999962	FALSE	NA	NA	NA	NA	NA	NA
NC_045512.2	12316	A	C	17811	9872	48	4	4	23	0.000224505	17817	1	FALSE	NA	NA	NA	NA	NA	NA
NC_045512.2	12317	T	C	18063	9878	50	1	0	34	5.53587e-05	18064	0.999998	FALSE	NA	NA	NA	NA	NA	NA
NC_045512.2	12318	C	A	17949	10200	49	5	2	31	0.000278489	17954	0.997835	FALSE	NA	NA	NA	NA	NA	NA
NC_045512.2	12319	T	G	16464	8843	50	2	2	30	0.000121433	16470	0.999928	FALSE	NA	NA	NA	NA	NA	NA
NC_045512.2	12319	T	C	16464	8843	50	2	2	30	0.000121433	16470	0.999928	FALSE	NA	NA	NA	NA	NA	NA
NC_045512.2	12319	T	A	16464	8843	50	2	1	30	0.000121433	16470	0.999928	FALSE	NA	NA	NA	NA	NA	NA
NC_045512.2	12320	G	T	16724	9005	50	1	1	26	5.97872e-05	16726	1	FALSE	NA	NA	NA	NA	NA	NA
NC_045512.2	12320	G	C	16724	9005	50	1	0	20	5.97872e-05	16726	1	FALSE	NA	NA	NA	NA	NA	NA
NC_045512.2	12321	A	T	16696	9074	49	2	1	30	0.000119753	16701	0.999928	FALSE	NA	NA	NA	NA	NA	NA
NC_045512.2	12321	A	G	16696	9074	49	2	1	34	0.000119753	16701	0.999928	FALSE	NA	NA	NA	NA	NA	NA
NC_045512.2	12321	A	C	16696	9074	49	1	1	34	5.98767e-05	16701	0.999992	FALSE	NA	NA	NA	NA	NA	NA
NC_045512.2	12322	G	T	16893	8848	49	1	1	34	5.91716e-05	16900	0.999992	FALSE	NA	NA	NA	NA	NA	NA
NC_045512.2	12322	G	C	16893	8848	49	1	1	34	5.91716e-05	16900	0.999992	FALSE	NA	NA	NA	NA	NA	NA
NC_045512.2	12322	G	A	16893	8848	49	5	4	41	0.000295858	16900	0.10934	FALSE	NA	NA	NA	NA	NA	NA
NC_045512.2	12323	G	T	16994	9095	49	2	1	27	0.000117661	16998	1	FALSE	NA	NA	NA	NA	NA	NA
NC_045512.2	12323	G	C	16994	9095	49	2	1	30	0.000117661	16998	0.999928	FALSE	NA	NA	NA	NA	NA	NA
NC_045512.2	12325	C	T	16750	8832	50	1	1	34	5.96908e-05	16753	0.999992	FALSE	NA	NA	NA	NA	NA	NA
NC_045512.2	12325	C	A	16750	8832	50	2	0	30	0.000119382	16753	0.999928	FALSE	NA	NA	NA	NA	NA	NA
NC_045512.2	12326	A	G	16621	8746	50	2	0	51	0.000120315	16623	0.250008	FALSE	NA	NA	NA	NA	NA	NA
NC_045512.2	12327	A	G	16576	8824	50	1	0	34	6.03136e-05	16580	0.999992	FALSE	NA	NA	NA	NA	NA	NA
NC_045512.2	12327	A	C	16576	8824	50	3	0	26	0.000180941	16580	1	FALSE	NA	NA	NA	NA	NA	NA
NC_045512.2	12329	A	+G	16069	8586	48	1	0	20	6.22316e-05	16069	1	FALSE	NA	NA	NA	NA	NA	NA
NC_045512.2	12330	G	T	16562	8481	49	2	2	26	0.000120736	16565	1	FALSE	NA	NA	NA	NA	NA	NA
NC_045512.2	12330	G	A	16562	8481	49	1	1	34	6.03682e-05	16565	0.999992	FALSE	NA	NA	NA	NA	NA	NA
NC_045512.2	12332	G	C	16268	8557	50	1	0	27	6.14553e-05	16272	1	FALSE	NA	NA	NA	NA	NA	NA
NC_045512.2	12332	G	A	16268	8557	50	3	0	45	0.000184366	16272	0.312488	FALSE	NA	NA	NA	NA	NA	NA
NC_045512.2	12333	C	T	16375	8744	50	2	0	57	0.000122115	16378	0.249992	FALSE	NA	NA	NA	NA	NA	NA
NC_045512.2	12333	C	G	16375	8744	50	1	0	27	6.10575e-05	16378	1	FALSE	NA	NA	NA	NA	NA	NA
NC_045512.2	12334	A	T	16321	8684	51	1	1	20	6.1267e-05	16322	1	FALSE	NA	NA	NA	NA	NA	NA
NC_045512.2	12335	A	T	16441	8729	50	1	1	26	6.08162e-05	16443	1	FALSE	NA	NA	NA	NA	NA	NA
NC_045512.2	12335	A	G	16441	8729	50	1	1	38	6.08162e-05	16443	0.999992	FALSE	NA	NA	NA	NA	NA	NA
NC_045512.2	12336	A	T	15005	8777	45	2	1	27	0.000133129	15023	1	FALSE	NA	NA	NA	NA	NA	NA
NC_045512.2	12336	A	G	15005	8777	45	1	1	27	6.65646e-05	15023	1	FALSE	NA	NA	NA	NA	NA	NA
NC_045512.2	12336	A	C	15005	8777	45	15	1	28	0.000998469	15023	1	FALSE	NA	NA	NA	NA	NA	NA
NC_045512.2	12337	A	G	16842	8873	50	3	1	34	0.000178094	16845	0.999637	FALSE	NA	NA	NA	NA	NA	NA
NC_045512.2	12338	G	T	16868	8801	50	1	1	27	5.92733e-05	16871	1	FALSE	NA	NA	NA	NA	NA	NA
NC_045512.2	12338	G	C	16868	8801	50	2	1	27	0.000118547	16871	1	FALSE	NA	NA	NA	NA	NA	NA
NC_045512.2	12339	T	G	16587	8685	50	3	3	28	0.000180832	16590	1	FALSE	NA	NA	NA	NA	NA	NA
NC_045512.2	12340	T	G	16975	8756	50	1	1	20	5.88998e-05	16978	1	FALSE	NA	NA	NA	NA	NA	NA
NC_045512.2	12340	T	C	16975	8756	50	2	1	51	0.0001178	16978	0.249993	FALSE	NA	NA	NA	NA	NA	NA
NC_045512.2	12341	A	G	17015	8738	50	5	1	30	0.000293772	17020	0.997835	FALSE	NA	NA	NA	NA	NA	NA
NC_045512.2	12342	C	T	17022	8814	51	2	1	51	0.000117474	17025	0.249993	FALSE	NA	NA	NA	NA	NA	NA
NC_045512.2	12342	C	G	17022	8814	51	1	0	27	5.87372e-05	17025	1	FALSE	NA	NA	NA	NA	NA	NA
NC_045512.2	12343	T	G	16948	8739	50	2	1	26	0.00011798	16952	1	FALSE	NA	NA	NA	NA	NA	NA
NC_045512.2	12343	T	C	16948	8739	50	1	0	34	5.89901e-05	16952	0.999992	FALSE	NA	NA	NA	NA	NA	NA
NC_045512.2	12343	T	A	16948	8739	50	1	1	27	5.89901e-05	16952	1	FALSE	NA	NA	NA	NA	NA	NA
NC_045512.2	12344	A	G	17026	8811	51	2	2	51	0.000117454	17028	0.250007	FALSE	NA	NA	NA	NA	NA	NA
NC_045512.2	12345	G	T	17740	8921	50	2	2	26	0.000112721	17743	1	FALSE	NA	NA	NA	NA	NA	NA
NC_045512.2	12345	G	C	17740	8921	50	1	1	34	5.63603e-05	17743	0.999996	FALSE	NA	NA	NA	NA	NA	NA
NC_045512.2	12346	T	G	17171	8520	50	3	3	26	0.000174662	17176	1	FALSE	NA	NA	NA	NA	NA	NA
NC_045512.2	12346	T	C	17171	8520	50	1	0	68	5.82208e-05	17176	0.499956	FALSE	NA	NA	NA	NA	NA	NA
NC_045512.2	12346	T	A	17171	8520	50	1	1	20	5.82208e-05	17176	1	FALSE	NA	NA	NA	NA	NA	NA
NC_045512.2	12347	G	T	17427	8548	50	5	5	26	0.000286812	17433	1	FALSE	NA	NA	NA	NA	NA	NA
NC_045512.2	12347	G	C	17427	8548	50	1	0	26	5.73625e-05	17433	1	FALSE	NA	NA	NA	NA	NA	NA
NC_045512.2	12348	C	T	17459	8737	50	1	0	34	5.72705e-05	17461	0.999996	FALSE	NA	NA	NA	NA	NA	NA
NC_045512.2	12348	C	A	17459	8737	50	1	1	34	5.72705e-05	17461	0.999996	FALSE	NA	NA	NA	NA	NA	NA
NC_045512.2	12349	T	C	17188	8536	51	2	1	34	0.000116347	17190	0.999962	FALSE	NA	NA	NA	NA	NA	NA
NC_045512.2	12350	A	G	17535	8840	52	1	0	34	5.70255e-05	17536	0.999996	FALSE	NA	NA	NA	NA	NA	NA
NC_045512.2	12351	T	G	17417	9011	53	2	2	27	0.000114797	17422	1	FALSE	NA	NA	NA	NA	NA	NA
NC_045512.2	12351	T	C	17417	9011	53	1	1	68	5.73987e-05	17422	0.499957	FALSE	NA	NA	NA	NA	NA	NA
NC_045512.2	12351	T	A	17417	9011	53	2	2	30	0.000114797	17422	0.999962	FALSE	NA	NA	NA	NA	NA	NA
NC_045512.2	12352	G	T	17373	9095	52	2	2	30	0.000115081	17379	0.999962	FALSE	NA	NA	NA	NA	NA	NA
NC_045512.2	12352	G	C	17373	9095	52	2	1	27	0.000115081	17379	1	FALSE	NA	NA	NA	NA	NA	NA
NC_045512.2	12352	G	A	17373	9095	52	2	0	68	0.000115081	17379	0.24995	FALSE	NA	NA	NA	NA	NA	NA
NC_045512.2	12353	C	T	17428	9313	52	3	3	40	0.000172078	17434	0.312446	FALSE	NA	NA	NA	NA	NA	NA
NC_045512.2	12353	C	G	17428	9313	52	1	1	27	5.73592e-05	17434	1	FALSE	NA	NA	NA	NA	NA	NA
NC_045512.2	12353	C	A	17428	9313	52	2	0	27	0.000114718	17434	1	FALSE	NA	NA	NA	NA	NA	NA
NC_045512.2	12354	A	C	17023	8805	52	3	1	29	0.000176201	17026	1	FALSE	NA	NA	NA	NA	NA	NA
NC_045512.2	12355	G	C	17191	8812	53	2	1	27	0.000116313	17195	1	FALSE	NA	NA	NA	NA	NA	NA
NC_045512.2	12355	G	A	17191	8812	53	2	0	51	0.000116313	17195	0.249978	FALSE	NA	NA	NA	NA	NA	NA
NC_045512.2	12356	A	G	17042	8713	53	2	1	30	0.000117343	17044	0.999962	FALSE	NA	NA	NA	NA	NA	NA
NC_045512.2	12358	A	T	16974	8719	53	1	1	27	5.88998e-05	16978	1	FALSE	NA	NA	NA	NA	NA	NA
NC_045512.2	12358	A	G	16974	8719	53	3	2	45	0.000176699	16978	0.312489	FALSE	NA	NA	NA	NA	NA	NA
NC_045512.2	12359	A	T	16925	8662	53	1	1	26	5.90772e-05	16927	1	FALSE	NA	NA	NA	NA	NA	NA
NC_045512.2	12359	A	C	16925	8662	53	1	0	26	5.90772e-05	16927	1	FALSE	NA	NA	NA	NA	NA	NA
NC_045512.2	12360	T	C	16903	8550	53	3	3	29	0.00017742	16909	1	FALSE	NA	NA	NA	NA	NA	NA
NC_045512.2	12360	T	A	16903	8550	53	3	1	40	0.00017742	16909	0.312445	FALSE	NA	NA	NA	NA	NA	NA
NC_045512.2	12361	G	T	17412	8845	51	3	3	26	0.000172246	17417	1	FALSE	NA	NA	NA	NA	NA	NA
NC_045512.2	12361	G	C	17412	8845	51	1	0	27	5.74152e-05	17417	1	FALSE	NA	NA	NA	NA	NA	NA
NC_045512.2	12361	G	A	17412	8845	51	1	0	68	5.74152e-05	17417	0.499957	FALSE	NA	NA	NA	NA	NA	NA
NC_045512.2	12362	C	T	17426	9226	51	1	1	46	5.73822e-05	17427	0.750022	FALSE	NA	NA	NA	NA	NA	NA
NC_045512.2	12363	T	G	17062	8781	51	2	1	30	0.000117178	17068	0.999962	FALSE	NA	NA	NA	NA	NA	NA
NC_045512.2	12363	T	C	17062	8781	51	4	1	51	0.000234357	17068	0.0624817	FALSE	NA	NA	NA	NA	NA	NA
NC_045512.2	12364	T	C	17197	9030	52	1	1	68	5.81429e-05	17199	0.5	FALSE	NA	NA	NA	NA	NA	NA
NC_045512.2	12364	T	A	17197	9030	52	1	0	27	5.81429e-05	17199	1	FALSE	NA	NA	NA	NA	NA	NA
NC_045512.2	12365	T	G	16985	8755	51	3	3	29	0.000176564	16991	1	FALSE	NA	NA	NA	NA	NA	NA
NC_045512.2	12365	T	C	16985	8755	51	3	2	43	0.000176564	16991	0.312445	FALSE	NA	NA	NA	NA	NA	NA
NC_045512.2	12366	T	G	17549	9055	51	1	0	27	5.69768e-05	17551	1	FALSE	NA	NA	NA	NA	NA	NA
NC_045512.2	12366	T	A	17549	9055	51	1	0	24	5.69768e-05	17551	1	FALSE	NA	NA	NA	NA	NA	NA
NC_045512.2	12368	A	G	17224	8901	51	2	2	57	0.000116104	17226	0.250007	FALSE	NA	NA	NA	NA	NA	NA
NC_045512.2	12369	C	A	17287	8885	51	1	1	26	5.78436e-05	17288	1	FALSE	NA	NA	NA	NA	NA	NA
NC_045512.2	12370	T	C	16689	8400	52	3	3	31	0.000179705	16694	0.999637	FALSE	NA	NA	NA	NA	NA	NA
NC_045512.2	12370	T	A	16689	8400	52	2	2	34	0.000119804	16694	0.999928	FALSE	NA	NA	NA	NA	NA	NA
NC_045512.2	12371	A	T	16632	8356	52	1	1	26	6.01106e-05	16636	1	FALSE	NA	NA	NA	NA	NA	NA
NC_045512.2	12371	A	C	16632	8356	52	3	3	29	0.000180332	16636	1	FALSE	NA	NA	NA	NA	NA	NA
NC_045512.2	12372	T	C	16759	8416	52	1	1	27	5.96659e-05	16760	1	FALSE	NA	NA	NA	NA	NA	NA
NC_045512.2	12373	G	T	16892	8358	51	1	1	26	5.91891e-05	16895	1	FALSE	NA	NA	NA	NA	NA	NA
NC_045512.2	12373	G	C	16892	8358	51	2	1	27	0.000118378	16895	1	FALSE	NA	NA	NA	NA	NA	NA
NC_045512.2	12374	C	G	16931	8537	51	2	2	25	0.000118092	16936	1	FALSE	NA	NA	NA	NA	NA	NA
NC_045512.2	12374	C	A	16931	8537	51	3	0	24	0.000177137	16936	1	FALSE	NA	NA	NA	NA	NA	NA
NC_045512.2	12375	T	G	16326	7942	51	2	1	25	0.000122466	16331	1	FALSE	NA	NA	NA	NA	NA	NA
NC_045512.2	12375	T	C	16326	7942	51	3	3	34	0.0001837	16331	0.999637	FALSE	NA	NA	NA	NA	NA	NA
NC_045512.2	12376	T	G	16461	8131	51	3	3	27	0.000182171	16468	1	FALSE	NA	NA	NA	NA	NA	NA
NC_045512.2	12376	T	C	16461	8131	51	2	1	51	0.000121448	16468	0.249932	FALSE	NA	NA	NA	NA	NA	NA
NC_045512.2	12376	T	A	16461	8131	51	2	0	27	0.000121448	16468	1	FALSE	NA	NA	NA	NA	NA	NA
NC_045512.2	12377	A	C	16589	8343	51	1	0	20	6.02773e-05	16590	1	FALSE	NA	NA	NA	NA	NA	NA
NC_045512.2	12378	G	T	16616	8210	52	2	2	26	0.000120351	16618	1	FALSE	NA	NA	NA	NA	NA	NA
NC_045512.2	12380	A	T	16675	8508	52	1	1	27	5.99592e-05	16678	1	FALSE	NA	NA	NA	NA	NA	NA
NC_045512.2	12380	A	G	16675	8508	52	2	1	68	0.000119918	16678	0.249993	FALSE	NA	NA	NA	NA	NA	NA
NC_045512.2	12381	A	G	16727	8575	52	2	2	53	0.000119553	16729	0.250007	FALSE	NA	NA	NA	NA	NA	NA
NC_045512.2	12382	G	A	16527	8317	52	1	0	34	6.05034e-05	16528	0.999992	FALSE	NA	NA	NA	NA	NA	NA
NC_045512.2	12383	T	G	16094	7956	50	4	4	26	0.000248463	16099	1	FALSE	NA	NA	NA	NA	NA	NA
NC_045512.2	12383	T	A	16094	7956	50	1	0	26	6.21157e-05	16099	1	FALSE	NA	NA	NA	NA	NA	NA
NC_045512.2	12385	G	T	16793	8418	52	3	3	31	0.000178603	16797	0.999637	FALSE	NA	NA	NA	NA	NA	NA
NC_045512.2	12385	G	A	16793	8418	52	1	1	68	5.95344e-05	16797	0.49997	FALSE	NA	NA	NA	NA	NA	NA
NC_045512.2	12388	T	C	16820	8672	52	3	1	49	0.000178295	16826	0.312444	FALSE	NA	NA	NA	NA	NA	NA
NC_045512.2	12388	T	A	16820	8672	52	3	3	26	0.000178295	16826	1	FALSE	NA	NA	NA	NA	NA	NA
NC_045512.2	12389	A	G	16905	8885	53	1	1	68	5.91506e-05	16906	0.500015	FALSE	NA	NA	NA	NA	NA	NA
NC_045512.2	12390	A	C	17312	8970	53	1	1	34	5.77601e-05	17313	0.999996	FALSE	NA	NA	NA	NA	NA	NA
NC_045512.2	12391	T	C	17161	8783	53	1	0	68	5.82581e-05	17165	0.499971	FALSE	NA	NA	NA	NA	NA	NA
NC_045512.2	12391	T	A	17161	8783	53	3	3	26	0.000174774	17165	1	FALSE	NA	NA	NA	NA	NA	NA
NC_045512.2	12392	G	T	17214	8927	53	1	0	27	5.80788e-05	17218	1	FALSE	NA	NA	NA	NA	NA	NA
NC_045512.2	12392	G	C	17214	8927	53	3	1	24	0.000174236	17218	1	FALSE	NA	NA	NA	NA	NA	NA
NC_045512.2	12393	A	T	17242	8970	53	1	1	26	5.79878e-05	17245	1	FALSE	NA	NA	NA	NA	NA	NA
NC_045512.2	12393	A	G	17242	8970	53	2	1	30	0.000115976	17245	0.999962	FALSE	NA	NA	NA	NA	NA	NA
NC_045512.2	12394	T	C	16757	8541	52	1	1	34	5.96694e-05	16759	0.999992	FALSE	NA	NA	NA	NA	NA	NA
NC_045512.2	12394	T	A	16757	8541	52	1	1	27	5.96694e-05	16759	1	FALSE	NA	NA	NA	NA	NA	NA
NC_045512.2	12395	G	T	16600	8356	51	1	1	27	6.02228e-05	16605	1	FALSE	NA	NA	NA	NA	NA	NA
NC_045512.2	12395	G	C	16600	8356	51	2	1	32	0.000120446	16605	0.999928	FALSE	NA	NA	NA	NA	NA	NA
NC_045512.2	12395	G	A	16600	8356	51	2	2	29	0.000120446	16605	1	FALSE	NA	NA	NA	NA	NA	NA
NC_045512.2	12396	C	T	16946	8950	52	1	0	34	5.90075e-05	16947	0.999992	FALSE	NA	NA	NA	NA	NA	NA
NC_045512.2	12397	A	G	16605	8996	50	1	1	24	6.01902e-05	16614	1	FALSE	NA	NA	NA	NA	NA	NA
NC_045512.2	12397	A	C	16605	8996	50	8	0	27	0.000481522	16614	1	FALSE	NA	NA	NA	NA	NA	NA
NC_045512.2	12398	C	T	17591	9270	52	1	1	34	5.68408e-05	17593	0.999996	FALSE	NA	NA	NA	NA	NA	NA
NC_045512.2	12398	C	G	17591	9270	52	1	0	34	5.68408e-05	17593	0.999996	FALSE	NA	NA	NA	NA	NA	NA
NC_045512.2	12399	T	G	17202	8859	53	1	0	34	5.81159e-05	17207	0.999996	FALSE	NA	NA	NA	NA	NA	NA
NC_045512.2	12399	T	C	17202	8859	53	2	1	51	0.000116232	17207	0.249964	FALSE	NA	NA	NA	NA	NA	NA
NC_045512.2	12399	T	A	17202	8859	53	2	2	68	0.000116232	17207	0.249964	FALSE	NA	NA	NA	NA	NA	NA
NC_045512.2	12400	C	G	17872	9153	53	1	1	68	5.59503e-05	17873	0.500014	FALSE	NA	NA	NA	NA	NA	NA
NC_045512.2	12402	A	G	17653	9298	51	5	0	29	0.000283142	17659	1	FALSE	NA	NA	NA	NA	NA	NA
NC_045512.2	12402	A	C	17653	9298	51	1	0	27	5.66283e-05	17659	1	FALSE	NA	NA	NA	NA	NA	NA
NC_045512.2	12403	C	A	17799	9355	52	2	1	32	0.000112353	17801	0.999962	FALSE	NA	NA	NA	NA	NA	NA
NC_045512.2	12404	A	T	17659	9291	53	1	0	24	5.66219e-05	17661	1	FALSE	NA	NA	NA	NA	NA	NA
NC_045512.2	12404	A	G	17659	9291	53	1	1	68	5.66219e-05	17661	0.5	FALSE	NA	NA	NA	NA	NA	NA
NC_045512.2	12405	A	T	17716	9377	52	2	2	26	0.000112873	17719	1	FALSE	NA	NA	NA	NA	NA	NA
NC_045512.2	12405	A	C	17716	9377	52	1	0	20	5.64366e-05	17719	1	FALSE	NA	NA	NA	NA	NA	NA
NC_045512.2	12406	C	G	17900	9393	52	4	3	28	0.000223414	17904	1	FALSE	NA	NA	NA	NA	NA	NA
NC_045512.2	12407	A	T	17956	9145	52	1	1	27	5.56731e-05	17962	1	FALSE	NA	NA	NA	NA	NA	NA
NC_045512.2	12407	A	G	17956	9145	52	3	2	39	0.000167019	17962	0.999799	FALSE	NA	NA	NA	NA	NA	NA
NC_045512.2	12407	A	C	17956	9145	52	2	2	27	0.000111346	17962	1	FALSE	NA	NA	NA	NA	NA	NA
NC_045512.2	12408	T	G	17698	9052	51	1	1	20	5.64876e-05	17703	1	FALSE	NA	NA	NA	NA	NA	NA
NC_045512.2	12408	T	A	17698	9052	51	4	2	24	0.00022595	17703	1	FALSE	NA	NA	NA	NA	NA	NA
NC_045512.2	12409	T	G	17192	8591	52	1	0	34	5.81463e-05	17198	0.999996	FALSE	NA	NA	NA	NA	NA	NA
NC_045512.2	12409	T	C	17192	8591	52	2	2	30	0.000116293	17198	0.999962	FALSE	NA	NA	NA	NA	NA	NA
NC_045512.2	12409	T	A	17192	8591	52	3	0	26	0.000174439	17198	1	FALSE	NA	NA	NA	NA	NA	NA
NC_045512.2	12410	A	T	17398	8975	52	3	0	26	0.000172394	17402	1	FALSE	NA	NA	NA	NA	NA	NA
NC_045512.2	12410	A	G	17398	8975	52	1	1	34	5.74647e-05	17402	0.999996	FALSE	NA	NA	NA	NA	NA	NA
NC_045512.2	12411	T	C	17382	8788	53	1	1	60	5.75209e-05	17385	0.499986	FALSE	NA	NA	NA	NA	NA	NA
NC_045512.2	12411	T	A	17382	8788	53	2	1	43	0.000115042	17385	0.5	FALSE	NA	NA	NA	NA	NA	NA
NC_045512.2	12412	C	G	17397	8903	52	1	0	27	5.74779e-05	17398	1	FALSE	NA	NA	NA	NA	NA	NA
NC_045512.2	12413	A	T	17495	8888	53	1	1	26	5.71527e-05	17497	1	FALSE	NA	NA	NA	NA	NA	NA
NC_045512.2	12413	A	G	17495	8888	53	1	0	68	5.71527e-05	17497	0.5	FALSE	NA	NA	NA	NA	NA	NA
NC_045512.2	12414	A	T	16099	8878	47	1	1	20	6.20617e-05	16113	1	FALSE	NA	NA	NA	NA	NA	NA
NC_045512.2	12414	A	C	16099	8878	47	13	0	27	0.000806802	16113	1	FALSE	NA	NA	NA	NA	NA	NA
NC_045512.2	12415	C	G	17099	8875	51	1	1	68	5.84761e-05	17101	0.5	FALSE	NA	NA	NA	NA	NA	NA
NC_045512.2	12415	C	A	17099	8875	51	1	1	20	5.84761e-05	17101	1	FALSE	NA	NA	NA	NA	NA	NA
NC_045512.2	12416	A	+C	16596	8280	53	1	0	20	6.02555e-05	16596	1	FALSE	NA	NA	NA	NA	NA	NA
NC_045512.2	12417	A	G	16607	8397	53	1	1	24	6.02119e-05	16608	1	FALSE	NA	NA	NA	NA	NA	NA
NC_045512.2	12418	T	G	16525	8323	52	1	1	27	6.0507e-05	16527	1	FALSE	NA	NA	NA	NA	NA	NA
NC_045512.2	12418	T	A	16525	8323	52	1	0	20	6.0507e-05	16527	1	FALSE	NA	NA	NA	NA	NA	NA
NC_045512.2	12418	T	-G	16525	8323	52	1	0	20	6.0507e-05	16527	1	FALSE	NA	NA	NA	NA	NA	NA
NC_045512.2	12419	G	C	16420	8337	52	2	1	26	0.000121788	16422	1	FALSE	NA	NA	NA	NA	NA	NA
NC_045512.2	12420	C	T	16454	8401	52	1	1	68	6.07681e-05	16456	0.5	FALSE	NA	NA	NA	NA	NA	NA
NC_045512.2	12420	C	A	16454	8401	52	1	0	27	6.07681e-05	16456	1	FALSE	NA	NA	NA	NA	NA	NA
NC_045512.2	12421	A	G	16235	8340	52	2	2	47	0.000123153	16240	0.499954	FALSE	NA	NA	NA	NA	NA	NA
NC_045512.2	12421	A	C	16235	8340	52	3	0	28	0.000184729	16240	1	FALSE	NA	NA	NA	NA	NA	NA
NC_045512.2	12424	A	T	16117	8473	51	2	0	23	0.000124069	16120	1	FALSE	NA	NA	NA	NA	NA	NA
NC_045512.2	12424	A	G	16117	8473	51	1	1	60	6.20347e-05	16120	0.499984	FALSE	NA	NA	NA	NA	NA	NA
NC_045512.2	12426	A	T	15441	8105	51	5	2	28	0.000323646	15449	1	FALSE	NA	NA	NA	NA	NA	NA
NC_045512.2	12426	A	G	15441	8105	51	2	2	53	0.000129458	15449	0.249911	FALSE	NA	NA	NA	NA	NA	NA
NC_045512.2	12426	A	C	15441	8105	51	1	1	20	6.47291e-05	15449	1	FALSE	NA	NA	NA	NA	NA	NA
NC_045512.2	12427	T	C	15815	8031	53	1	1	27	6.32231e-05	15817	1	FALSE	NA	NA	NA	NA	NA	NA
NC_045512.2	12427	T	A	15815	8031	53	1	0	27	6.32231e-05	15817	1	FALSE	NA	NA	NA	NA	NA	NA
NC_045512.2	12428	G	C	15693	7931	52	1	1	27	6.37186e-05	15694	1	FALSE	NA	NA	NA	NA	NA	NA
NC_045512.2	12429	G	T	15785	8066	53	1	0	34	6.33473e-05	15786	0.999985	FALSE	NA	NA	NA	NA	NA	NA
NC_045512.2	12430	T	G	15648	7952	53	1	0	27	6.38855e-05	15653	1	FALSE	NA	NA	NA	NA	NA	NA
NC_045512.2	12430	T	C	15648	7952	53	2	0	47	0.000127771	15653	0.499952	FALSE	NA	NA	NA	NA	NA	NA
NC_045512.2	12430	T	A	15648	7952	53	2	0	30	0.000127771	15653	0.999863	FALSE	NA	NA	NA	NA	NA	NA
NC_045512.2	12431	T	A	15671	8013	53	2	0	23	0.000127608	15673	1	FALSE	NA	NA	NA	NA	NA	NA
NC_045512.2	12432	G	T	15631	8052	53	2	0	26	0.00012791	15636	1	FALSE	NA	NA	NA	NA	NA	NA
NC_045512.2	12432	G	A	15631	8052	53	3	2	34	0.000191865	15636	0.999346	FALSE	NA	NA	NA	NA	NA	NA
NC_045512.2	12433	T	C	15210	7769	53	2	0	51	0.000131475	15212	0.250008	FALSE	NA	NA	NA	NA	NA	NA
NC_045512.2	12434	G	T	15307	7783	53	1	1	26	6.53211e-05	15309	1	FALSE	NA	NA	NA	NA	NA	NA
NC_045512.2	12434	G	A	15307	7783	53	1	0	68	6.53211e-05	15309	0.5	FALSE	NA	NA	NA	NA	NA	NA
NC_045512.2	12435	T	G	15214	7678	53	1	1	27	6.5716e-05	15217	1	FALSE	NA	NA	NA	NA	NA	NA
NC_045512.2	12435	T	C	15214	7678	53	2	2	64	0.000131432	15217	0.249992	FALSE	NA	NA	NA	NA	NA	NA
NC_045512.2	12436	T	C	15194	7806	53	2	0	34	0.000131614	15196	0.999863	FALSE	NA	NA	NA	NA	NA	NA
NC_045512.2	12437	C	T	14952	7938	52	1	1	24	6.68628e-05	14956	1	FALSE	NA	NA	NA	NA	NA	NA
NC_045512.2	12437	C	G	14952	7938	52	1	0	34	6.68628e-05	14956	0.99997	FALSE	NA	NA	NA	NA	NA	NA
NC_045512.2	12437	C	A	14952	7938	52	2	0	26	0.000133726	14956	1	FALSE	NA	NA	NA	NA	NA	NA
NC_045512.2	12438	C	T	14574	7694	52	1	1	60	6.86106e-05	14575	0.500017	FALSE	NA	NA	NA	NA	NA	NA
NC_045512.2	12439	C	A	14641	7740	53	2	0	51	0.000136584	14643	0.250009	FALSE	NA	NA	NA	NA	NA	NA
NC_045512.2	12440	T	G	14193	7290	51	6	6	28	0.000422476	14202	1	FALSE	NA	NA	NA	NA	NA	NA
NC_045512.2	12440	T	C	14193	7290	51	3	1	45	0.000211238	14202	0.312355	FALSE	NA	NA	NA	NA	NA	NA
NC_045512.2	12441	T	G	13592	6760	50	5	5	31	0.000367728	13597	0.984591	FALSE	NA	NA	NA	NA	NA	NA
NC_045512.2	12442	G	T	14460	7618	53	2	2	27	0.000138293	14462	1	FALSE	NA	NA	NA	NA	NA	NA
NC_045512.2	12443	A	G	17780	8880	50	2	0	29	0.000112473	17782	1	FALSE	NA	NA	NA	NA	NA	NA
NC_045512.2	12444	A	T	18239	9228	47	1	1	20	5.47945e-05	18250	1	FALSE	NA	NA	NA	NA	NA	NA
NC_045512.2	12444	A	G	18239	9228	47	1	1	60	5.47945e-05	18250	0.499877	FALSE	NA	NA	NA	NA	NA	NA
NC_045512.2	12444	A	C	18239	9228	47	9	1	27	0.000493151	18250	1	FALSE	NA	NA	NA	NA	NA	NA
NC_045512.2	12445	C	A	18671	9241	49	3	0	31	0.000160651	18674	0.99989	FALSE	NA	NA	NA	NA	NA	NA
NC_045512.2	12446	A	G	18264	8954	49	2	1	51	0.000109493	18266	0.250007	FALSE	NA	NA	NA	NA	NA	NA
NC_045512.2	12447	T	C	18425	8884	49	2	2	51	0.00010853	18428	0.249993	FALSE	NA	NA	NA	NA	NA	NA
NC_045512.2	12447	T	A	18425	8884	49	1	0	34	5.42652e-05	18428	0.999998	FALSE	NA	NA	NA	NA	NA	NA
NC_045512.2	12448	A	T	18313	8797	49	2	1	24	0.000109194	18316	1	FALSE	NA	NA	NA	NA	NA	NA
NC_045512.2	12448	A	G	18313	8797	49	1	1	26	5.45971e-05	18316	1	FALSE	NA	NA	NA	NA	NA	NA
NC_045512.2	12449	A	T	18462	9016	49	1	0	34	5.41594e-05	18464	0.999998	FALSE	NA	NA	NA	NA	NA	NA
NC_045512.2	12449	A	C	18462	9016	49	1	1	38	5.41594e-05	18464	0.999998	FALSE	NA	NA	NA	NA	NA	NA
NC_045512.2	12450	T	G	18423	9025	50	1	1	24	5.42682e-05	18427	1	FALSE	NA	NA	NA	NA	NA	NA
NC_045512.2	12450	T	C	18423	9025	50	1	0	34	5.42682e-05	18427	0.999998	FALSE	NA	NA	NA	NA	NA	NA
NC_045512.2	12450	T	A	18423	9025	50	2	2	47	0.000108536	18427	0.49998	FALSE	NA	NA	NA	NA	NA	NA
NC_045512.2	12451	A	T	18057	8964	48	3	1	44	0.000166095	18062	0.312469	FALSE	NA	NA	NA	NA	NA	NA
NC_045512.2	12451	A	G	18057	8964	48	2	1	46	0.00011073	18062	0.499958	FALSE	NA	NA	NA	NA	NA	NA
NC_045512.2	12452	C	T	17906	8930	48	1	0	24	5.58441e-05	17907	1	FALSE	NA	NA	NA	NA	NA	NA
NC_045512.2	12453	C	T	17256	8469	49	1	1	68	5.79408e-05	17259	0.499986	FALSE	NA	NA	NA	NA	NA	NA
NC_045512.2	12453	C	G	17256	8469	49	2	1	23	0.000115882	17259	1	FALSE	NA	NA	NA	NA	NA	NA
NC_045512.2	12454	T	C	16323	7080	44	2	1	34	0.000122511	16325	0.999928	FALSE	NA	NA	NA	NA	NA	NA
NC_045512.2	12455	C	A	17594	8345	49	1	0	27	5.68343e-05	17595	1	FALSE	NA	NA	NA	NA	NA	NA
NC_045512.2	12456	T	G	17396	8142	49	2	2	30	0.000114936	17401	0.999962	FALSE	NA	NA	NA	NA	NA	NA
NC_045512.2	12456	T	C	17396	8142	49	3	3	43	0.000172404	17401	0.312468	FALSE	NA	NA	NA	NA	NA	NA
NC_045512.2	12457	T	C	17435	8252	49	1	0	24	5.7346e-05	17438	1	FALSE	NA	NA	NA	NA	NA	NA
NC_045512.2	12457	T	A	17435	8252	49	2	1	30	0.000114692	17438	0.999962	FALSE	NA	NA	NA	NA	NA	NA
NC_045512.2	12457	T	-A	17435	8252	49	1	0	20	5.7346e-05	17438	1	FALSE	NA	NA	NA	NA	NA	NA
NC_045512.2	12458	A	T	17200	8018	47	2	2	26	0.000116252	17204	1	FALSE	NA	NA	NA	NA	NA	NA
NC_045512.2	12458	A	C	17200	8018	47	2	0	27	0.000116252	17204	1	FALSE	NA	NA	NA	NA	NA	NA
NC_045512.2	12459	C	G	17324	8281	48	1	0	27	5.77134e-05	17327	1	FALSE	NA	NA	NA	NA	NA	NA
NC_045512.2	12459	C	A	17324	8281	48	2	0	27	0.000115427	17327	1	FALSE	NA	NA	NA	NA	NA	NA
NC_045512.2	12460	A	G	17453	8198	49	1	0	68	5.72935e-05	17454	0.500014	FALSE	NA	NA	NA	NA	NA	NA
NC_045512.2	12461	A	T	17220	8427	48	3	3	29	0.000174186	17223	1	FALSE	NA	NA	NA	NA	NA	NA
NC_045512.2	12462	C	G	16917	8480	46	1	0	26	5.90982e-05	16921	1	FALSE	NA	NA	NA	NA	NA	NA
NC_045512.2	12462	C	A	16917	8480	46	3	0	24	0.000177294	16921	1	FALSE	NA	NA	NA	NA	NA	NA
NC_045512.2	12463	A	T	15115	7057	47	1	0	26	6.61463e-05	15118	1	FALSE	NA	NA	NA	NA	NA	NA
NC_045512.2	12463	A	G	15115	7057	47	2	1	51	0.000132293	15118	0.249992	FALSE	NA	NA	NA	NA	NA	NA
NC_045512.2	12464	G	C	14923	7011	46	1	0	26	6.70062e-05	14924	1	FALSE	NA	NA	NA	NA	NA	NA
NC_045512.2	12465	C	T	15069	7262	46	1	0	68	6.63394e-05	15074	0.49995	FALSE	NA	NA	NA	NA	NA	NA
NC_045512.2	12465	C	G	15069	7262	46	2	0	27	0.000132679	15074	1	FALSE	NA	NA	NA	NA	NA	NA
NC_045512.2	12465	C	A	15069	7262	46	2	0	26	0.000132679	15074	1	FALSE	NA	NA	NA	NA	NA	NA
NC_045512.2	12466	A	T	15281	7340	47	3	1	29	0.000196284	15284	1	FALSE	NA	NA	NA	NA	NA	NA
NC_045512.2	12467	G	T	15096	7201	46	1	1	26	6.62296e-05	15099	1	FALSE	NA	NA	NA	NA	NA	NA
NC_045512.2	12467	G	C	15096	7201	46	2	0	26	0.000132459	15099	1	FALSE	NA	NA	NA	NA	NA	NA
NC_045512.2	12468	C	A	15239	7459	47	2	0	30	0.000131225	15241	0.999863	FALSE	NA	NA	NA	NA	NA	NA
NC_045512.2	12469	C	T	15310	7539	47	1	0	68	6.53125e-05	15311	0.500016	FALSE	NA	NA	NA	NA	NA	NA
NC_045512.2	12470	A	G	15337	7524	47	2	2	47	0.000130378	15340	0.5	FALSE	NA	NA	NA	NA	NA	NA
NC_045512.2	12470	A	C	15337	7524	47	1	0	26	6.5189e-05	15340	1	FALSE	NA	NA	NA	NA	NA	NA
NC_045512.2	12471	A	G	15885	7787	47	4	2	32	0.000251715	15891	0.997792	FALSE	NA	NA	NA	NA	NA	NA
NC_045512.2	12471	A	C	15885	7787	47	2	0	34	0.000125857	15891	0.999863	FALSE	NA	NA	NA	NA	NA	NA
NC_045512.2	12472	A	T	15374	7824	46	2	2	30	0.000130014	15383	0.999863	FALSE	NA	NA	NA	NA	NA	NA
NC_045512.2	12472	A	C	15374	7824	46	7	0	27	0.000455048	15383	1	FALSE	NA	NA	NA	NA	NA	NA
NC_045512.2	12473	C	G	15937	7850	47	1	1	20	6.27431e-05	15938	1	FALSE	NA	NA	NA	NA	NA	NA
NC_045512.2	12474	T	G	15720	7582	46	1	1	34	6.35809e-05	15728	0.999985	FALSE	NA	NA	NA	NA	NA	NA
NC_045512.2	12474	T	C	15720	7582	46	3	1	35	0.000190743	15728	0.999345	FALSE	NA	NA	NA	NA	NA	NA
NC_045512.2	12474	T	A	15720	7582	46	4	4	26	0.000254323	15728	1	FALSE	NA	NA	NA	NA	NA	NA
NC_045512.2	12475	A	T	16007	7853	47	2	2	51	0.000124906	16012	0.249961	FALSE	NA	NA	NA	NA	NA	NA
NC_045512.2	12475	A	G	16007	7853	47	2	1	68	0.000124906	16012	0.249961	FALSE	NA	NA	NA	NA	NA	NA
NC_045512.2	12475	A	C	16007	7853	47	1	0	27	6.24532e-05	16012	1	FALSE	NA	NA	NA	NA	NA	NA
NC_045512.2	12476	A	G	15486	7639	46	1	0	34	6.45453e-05	15493	0.999985	FALSE	NA	NA	NA	NA	NA	NA
NC_045512.2	12476	A	C	15486	7639	46	6	1	26	0.000387272	15493	1	FALSE	NA	NA	NA	NA	NA	NA
NC_045512.2	12477	T	G	15994	7826	47	1	0	34	6.25117e-05	15997	0.999985	FALSE	NA	NA	NA	NA	NA	NA
NC_045512.2	12477	T	A	15994	7826	47	2	1	23	0.000125023	15997	1	FALSE	NA	NA	NA	NA	NA	NA
NC_045512.2	12478	G	C	15967	7840	47	1	0	27	6.26253e-05	15968	1	FALSE	NA	NA	NA	NA	NA	NA
NC_045512.2	12479	G	A	16114	7955	47	1	0	68	6.2054e-05	16115	0.500016	FALSE	NA	NA	NA	NA	NA	NA
NC_045512.2	12480	T	G	16066	7848	47	3	3	26	0.000186683	16070	1	FALSE	NA	NA	NA	NA	NA	NA
NC_045512.2	12480	T	A	16066	7848	47	1	0	26	6.22278e-05	16070	1	FALSE	NA	NA	NA	NA	NA	NA
NC_045512.2	12481	T	A	16338	8080	47	1	1	26	6.12033e-05	16339	1	FALSE	NA	NA	NA	NA	NA	NA
NC_045512.2	12482	G	C	16436	8202	48	2	2	23	0.000121669	16438	1	FALSE	NA	NA	NA	NA	NA	NA
NC_045512.2	12483	T	C	16423	8106	47	1	1	46	6.08865e-05	16424	0.750023	FALSE	NA	NA	NA	NA	NA	NA
NC_045512.2	12484	C	A	16461	8279	48	2	0	23	0.000121485	16463	1	FALSE	NA	NA	NA	NA	NA	NA
NC_045512.2	12485	A	T	16734	8532	48	1	0	26	5.9755e-05	16735	1	FALSE	NA	NA	NA	NA	NA	NA
NC_045512.2	12486	T	G	16903	8537	48	1	0	27	5.91576e-05	16904	1	FALSE	NA	NA	NA	NA	NA	NA
NC_045512.2	12487	A	T	16545	8506	48	4	3	26	0.000241692	16550	1	FALSE	NA	NA	NA	NA	NA	NA
NC_045512.2	12487	A	G	16545	8506	48	1	0	34	6.0423e-05	16550	0.999992	FALSE	NA	NA	NA	NA	NA	NA
NC_045512.2	12488	C	G	16673	8538	47	1	0	26	5.997e-05	16675	1	FALSE	NA	NA	NA	NA	NA	NA
NC_045512.2	12488	C	A	16673	8538	47	1	0	46	5.997e-05	16675	0.750007	FALSE	NA	NA	NA	NA	NA	NA
NC_045512.2	12489	C	G	16689	8602	47	1	1	27	5.99089e-05	16692	1	FALSE	NA	NA	NA	NA	NA	NA
NC_045512.2	12489	C	A	16689	8602	47	2	0	26	0.000119818	16692	1	FALSE	NA	NA	NA	NA	NA	NA
NC_045512.2	12490	A	T	16732	8651	48	3	0	29	0.000179211	16740	1	FALSE	NA	NA	NA	NA	NA	NA
NC_045512.2	12490	A	G	16732	8651	48	4	3	40	0.000238949	16740	0.187425	FALSE	NA	NA	NA	NA	NA	NA
NC_045512.2	12490	A	C	16732	8651	48	1	0	27	5.97372e-05	16740	1	FALSE	NA	NA	NA	NA	NA	NA
NC_045512.2	12491	G	C	17694	8763	47	1	0	26	5.65131e-05	17695	1	FALSE	NA	NA	NA	NA	NA	NA
NC_045512.2	12492	A	G	17760	8755	47	1	0	34	5.63e-05	17762	0.999996	FALSE	NA	NA	NA	NA	NA	NA
NC_045512.2	12492	A	C	17760	8755	47	1	0	34	5.63e-05	17762	0.999996	FALSE	NA	NA	NA	NA	NA	NA
NC_045512.2	12493	C	G	19279	9103	47	2	0	27	0.000103713	19284	1	FALSE	NA	NA	NA	NA	NA	NA
NC_045512.2	12493	C	A	19279	9103	47	3	0	27	0.000155569	19284	1	FALSE	NA	NA	NA	NA	NA	NA
NC_045512.2	12494	T	C	18852	8668	46	2	0	57	0.000106061	18857	0.249967	FALSE	NA	NA	NA	NA	NA	NA
NC_045512.2	12494	T	A	18852	8668	46	3	3	24	0.000159092	18857	1	FALSE	NA	NA	NA	NA	NA	NA
NC_045512.2	12495	A	G	19341	9305	48	3	2	26	0.000155087	19344	1	FALSE	NA	NA	NA	NA	NA	NA
NC_045512.2	12496	T	C	19034	9225	47	3	3	29	0.000157563	19040	1	FALSE	NA	NA	NA	NA	NA	NA
NC_045512.2	12496	T	A	19034	9225	47	3	3	28	0.000157563	19040	1	FALSE	NA	NA	NA	NA	NA	NA
NC_045512.2	12497	A	G	19143	9548	47	1	0	34	5.22357e-05	19144	0.999999	FALSE	NA	NA	NA	NA	NA	NA
NC_045512.2	12498	A	T	19206	9617	48	2	1	26	0.000104112	19210	1	FALSE	NA	NA	NA	NA	NA	NA
NC_045512.2	12498	A	G	19206	9617	48	2	1	23	0.000104112	19210	1	FALSE	NA	NA	NA	NA	NA	NA
NC_045512.2	12499	C	G	19067	9702	47	2	0	30	0.000104838	19077	0.99999	FALSE	NA	NA	NA	NA	NA	NA
NC_045512.2	12499	C	A	19067	9702	47	8	0	25	0.000419353	19077	1	FALSE	NA	NA	NA	NA	NA	NA
NC_045512.2	12500	A	T	17968	8880	47	1	0	38	5.56421e-05	17972	0.999996	FALSE	NA	NA	NA	NA	NA	NA
NC_045512.2	12500	A	G	17968	8880	47	3	1	38	0.000166926	17972	0.999799	FALSE	NA	NA	NA	NA	NA	NA
NC_045512.2	12500	A	+C	17968	8880	47	1	0	20	5.56421e-05	17972	1	FALSE	NA	NA	NA	NA	NA	NA
NC_045512.2	12501	C	A	18129	8922	47	1	1	27	5.51572e-05	18130	1	FALSE	NA	NA	NA	NA	NA	NA
NC_045512.2	12501	C	+A	18129	8922	47	1	0	20	5.51572e-05	18130	1	FALSE	NA	NA	NA	NA	NA	NA
NC_045512.2	12502	A	C	16297	7872	47	6	1	28	0.00036803	16303	1	FALSE	NA	NA	NA	NA	NA	NA
NC_045512.2	12503	T	C	16340	7767	47	1	1	34	6.11733e-05	16347	0.999992	FALSE	NA	NA	NA	NA	NA	NA
NC_045512.2	12503	T	A	16340	7767	47	6	3	27	0.00036704	16347	1	FALSE	NA	NA	NA	NA	NA	NA
NC_045512.2	12504	A	T	16680	7914	48	3	1	24	0.000179802	16685	1	FALSE	NA	NA	NA	NA	NA	NA
NC_045512.2	12504	A	G	16680	7914	48	1	0	34	5.99341e-05	16685	0.999992	FALSE	NA	NA	NA	NA	NA	NA
NC_045512.2	12504	A	C	16680	7914	48	1	1	34	5.99341e-05	16685	0.999992	FALSE	NA	NA	NA	NA	NA	NA
NC_045512.2	12504	A	+T	16680	7914	48	1	0	20	5.99341e-05	16685	1	FALSE	NA	NA	NA	NA	NA	NA
NC_045512.2	12505	T	A	16591	7878	48	4	2	25	0.000241036	16595	1	FALSE	NA	NA	NA	NA	NA	NA
NC_045512.2	12505	T	-A	16591	7878	48	1	0	20	6.02591e-05	16595	1	FALSE	NA	NA	NA	NA	NA	NA
NC_045512.2	12506	A	T	16757	8030	48	4	1	34	0.000238649	16761	0.998715	FALSE	NA	NA	NA	NA	NA	NA
NC_045512.2	12506	A	+T	16757	8030	48	1	0	20	5.96588e-05	16762	1	FALSE	NA	NA	NA	NA	NA	NA
NC_045512.2	12507	A	+C	16840	8027	48	1	0	20	5.93824e-05	16840	1	FALSE	NA	NA	NA	NA	NA	NA
NC_045512.2	12508	A	G	15619	8023	46	1	1	34	6.4e-05	15625	0.999985	FALSE	NA	NA	NA	NA	NA	NA
NC_045512.2	12508	A	C	15619	8023	46	5	0	26	0.00032	15625	1	FALSE	NA	NA	NA	NA	NA	NA
NC_045512.2	12509	A	T	16475	7952	47	2	2	29	0.000121344	16482	1	FALSE	NA	NA	NA	NA	NA	NA
NC_045512.2	12509	A	G	16475	7952	47	2	0	27	0.000121344	16482	1	FALSE	NA	NA	NA	NA	NA	NA
NC_045512.2	12509	A	C	16475	7952	47	3	0	24	0.000182017	16482	1	FALSE	NA	NA	NA	NA	NA	NA
NC_045512.2	12510	A	T	16207	7981	47	1	1	26	6.16789e-05	16213	1	FALSE	NA	NA	NA	NA	NA	NA
NC_045512.2	12510	A	G	16207	7981	47	1	0	68	6.16789e-05	16213	0.499938	FALSE	NA	NA	NA	NA	NA	NA
NC_045512.2	12510	A	C	16207	7981	47	4	1	25	0.000246716	16213	1	FALSE	NA	NA	NA	NA	NA	NA
NC_045512.2	12511	T	G	16524	8163	47	1	1	26	6.04887e-05	16532	1	FALSE	NA	NA	NA	NA	NA	NA
NC_045512.2	12511	T	C	16524	8163	47	2	1	51	0.000120977	16532	0.249917	FALSE	NA	NA	NA	NA	NA	NA
NC_045512.2	12511	T	A	16524	8163	47	5	0	27	0.000302444	16532	1	FALSE	NA	NA	NA	NA	NA	NA
NC_045512.2	12512	A	T	16542	8166	47	3	2	27	0.000181313	16546	1	FALSE	NA	NA	NA	NA	NA	NA
NC_045512.2	12512	A	G	16542	8166	47	1	1	46	6.04376e-05	16546	0.749977	FALSE	NA	NA	NA	NA	NA	NA
NC_045512.2	12512	A	-C	16542	8166	47	1	0	20	6.04376e-05	16546	1	FALSE	NA	NA	NA	NA	NA	NA
NC_045512.2	12513	C	T	16617	8345	47	5	1	40	0.000300788	16623	0.10934	FALSE	NA	NA	NA	NA	NA	NA
NC_045512.2	12513	C	A	16617	8345	47	1	0	34	6.01576e-05	16623	0.999992	FALSE	NA	NA	NA	NA	NA	NA
NC_045512.2	12513	C	-GT	16617	8345	47	2	0	20	0.000120308	16624	1	FALSE	NA	NA	NA	NA	NA	NA
NC_045512.2	12514	G	C	16611	8347	47	3	1	24	0.00018056	16615	1	FALSE	NA	NA	NA	NA	NA	NA
NC_045512.2	12514	G	A	16611	8347	47	1	0	46	6.01866e-05	16615	0.749947	FALSE	NA	NA	NA	NA	NA	NA
NC_045512.2	12515	T	G	16255	7941	47	6	6	26	0.000368913	16264	1	FALSE	NA	NA	NA	NA	NA	NA
NC_045512.2	12515	T	C	16255	7941	47	2	2	30	0.000122971	16264	0.999928	FALSE	NA	NA	NA	NA	NA	NA
NC_045512.2	12515	T	A	16255	7941	47	1	0	27	6.14855e-05	16264	1	FALSE	NA	NA	NA	NA	NA	NA
NC_045512.2	12516	G	C	16545	8151	47	1	0	34	6.04339e-05	16547	0.999992	FALSE	NA	NA	NA	NA	NA	NA
NC_045512.2	12516	G	A	16545	8151	47	1	1	46	6.04339e-05	16547	0.750008	FALSE	NA	NA	NA	NA	NA	NA
NC_045512.2	12517	T	G	16718	8290	47	1	1	26	5.9805e-05	16721	1	FALSE	NA	NA	NA	NA	NA	NA
NC_045512.2	12517	T	A	16718	8290	47	2	2	30	0.00011961	16721	0.999928	FALSE	NA	NA	NA	NA	NA	NA
NC_045512.2	12518	G	T	16759	8420	48	1	1	26	5.96659e-05	16760	1	FALSE	NA	NA	NA	NA	NA	NA
NC_045512.2	12519	A	C	16901	8624	48	1	1	34	5.91646e-05	16902	0.999992	FALSE	NA	NA	NA	NA	NA	NA
NC_045512.2	12520	T	A	16935	8619	48	2	2	26	0.000118085	16937	1	FALSE	NA	NA	NA	NA	NA	NA
NC_045512.2	12521	G	T	16852	8513	48	2	2	34	0.000118659	16855	0.999928	FALSE	NA	NA	NA	NA	NA	NA
NC_045512.2	12521	G	A	16852	8513	48	1	0	20	5.93296e-05	16855	1	FALSE	NA	NA	NA	NA	NA	NA
NC_045512.2	12522	G	T	17703	8699	47	1	1	20	5.64685e-05	17709	1	FALSE	NA	NA	NA	NA	NA	NA
NC_045512.2	12522	G	C	17703	8699	47	3	2	27	0.000169405	17709	1	FALSE	NA	NA	NA	NA	NA	NA
NC_045512.2	12522	G	A	17703	8699	47	2	1	51	0.000112937	17709	0.249951	FALSE	NA	NA	NA	NA	NA	NA
NC_045512.2	12523	T	C	17729	8768	48	5	3	54	0.000281944	17734	0.0312456	FALSE	NA	NA	NA	NA	NA	NA
NC_045512.2	12523	T	+C	17729	8768	48	1	0	20	5.63889e-05	17734	1	FALSE	NA	NA	NA	NA	NA	NA
NC_045512.2	12524	A	T	17593	8808	47	2	1	30	0.000113649	17598	0.999962	FALSE	NA	NA	NA	NA	NA	NA
NC_045512.2	12524	A	G	17593	8808	47	1	0	34	5.68246e-05	17598	0.999996	FALSE	NA	NA	NA	NA	NA	NA
NC_045512.2	12524	A	C	17593	8808	47	2	1	26	0.000113649	17598	1	FALSE	NA	NA	NA	NA	NA	NA
NC_045512.2	12525	C	T	17553	8924	48	1	0	34	5.69509e-05	17559	0.999996	FALSE	NA	NA	NA	NA	NA	NA
NC_045512.2	12525	C	A	17553	8924	48	5	1	27	0.000284754	17559	1	FALSE	NA	NA	NA	NA	NA	NA
NC_045512.2	12526	A	C	17654	8879	48	3	0	31	0.000169904	17657	0.9998	FALSE	NA	NA	NA	NA	NA	NA
NC_045512.2	12527	A	C	19142	9142	48	1	1	34	5.22384e-05	19143	0.999999	FALSE	NA	NA	NA	NA	NA	NA
NC_045512.2	12528	C	A	18621	9167	46	6	1	29	0.000322113	18627	1	FALSE	NA	NA	NA	NA	NA	NA
NC_045512.2	12529	A	T	19233	9179	48	1	0	34	5.19805e-05	19238	0.999999	FALSE	NA	NA	NA	NA	NA	NA
NC_045512.2	12529	A	G	19233	9179	48	2	1	51	0.000103961	19238	0.249968	FALSE	NA	NA	NA	NA	NA	NA
NC_045512.2	12529	A	C	19233	9179	48	2	2	26	0.000103961	19238	1	FALSE	NA	NA	NA	NA	NA	NA
NC_045512.2	12529	A	-T	19233	9179	48	1	0	20	5.19805e-05	19238	1	FALSE	NA	NA	NA	NA	NA	NA
NC_045512.2	12530	T	G	18473	8580	46	2	2	30	0.000108249	18476	0.99998	FALSE	NA	NA	NA	NA	NA	NA
NC_045512.2	12530	T	C	18473	8580	46	1	0	34	5.41243e-05	18476	0.999998	FALSE	NA	NA	NA	NA	NA	NA
NC_045512.2	12531	T	G	18470	8605	48	2	1	30	0.000108254	18475	0.99998	FALSE	NA	NA	NA	NA	NA	NA
NC_045512.2	12531	T	C	18470	8605	48	2	0	30	0.000108254	18475	0.99998	FALSE	NA	NA	NA	NA	NA	NA
NC_045512.2	12531	T	A	18470	8605	48	1	0	34	5.41272e-05	18475	0.999998	FALSE	NA	NA	NA	NA	NA	NA
NC_045512.2	12533	A	G	18250	8659	47	1	1	38	5.47855e-05	18253	0.999998	FALSE	NA	NA	NA	NA	NA	NA
NC_045512.2	12533	A	C	18250	8659	47	2	0	26	0.000109571	18253	1	FALSE	NA	NA	NA	NA	NA	NA
NC_045512.2	12534	C	T	18400	8772	47	1	1	34	5.43331e-05	18405	0.999998	FALSE	NA	NA	NA	NA	NA	NA
NC_045512.2	12534	C	G	18400	8772	47	1	0	34	5.43331e-05	18405	0.999998	FALSE	NA	NA	NA	NA	NA	NA
NC_045512.2	12534	C	A	18400	8772	47	3	0	26	0.000162999	18405	1	FALSE	NA	NA	NA	NA	NA	NA
NC_045512.2	12535	T	G	18518	8699	48	1	1	34	5.39928e-05	18521	0.999998	FALSE	NA	NA	NA	NA	NA	NA
NC_045512.2	12535	T	C	18518	8699	48	1	1	68	5.39928e-05	18521	0.499987	FALSE	NA	NA	NA	NA	NA	NA
NC_045512.2	12535	T	A	18518	8699	48	1	0	68	5.39928e-05	18521	0.499987	FALSE	NA	NA	NA	NA	NA	NA
NC_045512.2	12536	T	C	17546	7856	48	3	2	35	0.00017093	17551	0.999799	FALSE	NA	NA	NA	NA	NA	NA
NC_045512.2	12536	T	A	17546	7856	48	2	0	30	0.000113954	17551	0.999962	FALSE	NA	NA	NA	NA	NA	NA
NC_045512.2	12536	T	+A	17546	7856	48	1	0	20	5.69768e-05	17551	1	FALSE	NA	NA	NA	NA	NA	NA
NC_045512.2	12537	A	G	17464	7773	48	1	0	24	5.72574e-05	17465	1	FALSE	NA	NA	NA	NA	NA	NA
NC_045512.2	12538	T	G	17550	7722	48	3	2	26	0.000170891	17555	1	FALSE	NA	NA	NA	NA	NA	NA
NC_045512.2	12538	T	C	17550	7722	48	1	1	26	5.69638e-05	17555	1	FALSE	NA	NA	NA	NA	NA	NA
NC_045512.2	12538	T	A	17550	7722	48	1	1	27	5.69638e-05	17555	1	FALSE	NA	NA	NA	NA	NA	NA
NC_045512.2	12539	G	T	17409	7821	48	3	0	40	0.000172246	17417	0.312403	FALSE	NA	NA	NA	NA	NA	NA
NC_045512.2	12539	G	C	17409	7821	48	3	2	24	0.000172246	17417	1	FALSE	NA	NA	NA	NA	NA	NA
NC_045512.2	12539	G	A	17409	7821	48	2	2	34	0.00011483	17417	0.999962	FALSE	NA	NA	NA	NA	NA	NA
NC_045512.2	12540	C	A	18067	8108	48	1	0	20	5.53465e-05	18068	1	FALSE	NA	NA	NA	NA	NA	NA
NC_045512.2	12541	A	G	18192	8102	48	1	1	34	5.49602e-05	18195	0.999998	FALSE	NA	NA	NA	NA	NA	NA
NC_045512.2	12541	A	C	18192	8102	48	2	0	30	0.00010992	18195	0.99998	FALSE	NA	NA	NA	NA	NA	NA
NC_045512.2	12542	T	G	18184	8131	48	1	1	26	5.49843e-05	18187	1	FALSE	NA	NA	NA	NA	NA	NA
NC_045512.2	12542	T	C	18184	8131	48	1	1	26	5.49843e-05	18187	1	FALSE	NA	NA	NA	NA	NA	NA
NC_045512.2	12542	T	A	18184	8131	48	1	0	34	5.49843e-05	18187	0.999998	FALSE	NA	NA	NA	NA	NA	NA
NC_045512.2	12543	C	T	17911	8143	48	2	1	30	0.00011162	17918	0.999962	FALSE	NA	NA	NA	NA	NA	NA
NC_045512.2	12543	C	A	17911	8143	48	5	0	23	0.000279049	17918	1	FALSE	NA	NA	NA	NA	NA	NA
NC_045512.2	12544	A	T	17935	8141	48	3	0	24	0.000167224	17940	1	FALSE	NA	NA	NA	NA	NA	NA
NC_045512.2	12544	A	G	17935	8141	48	2	0	29	0.000111483	17940	1	FALSE	NA	NA	NA	NA	NA	NA
NC_045512.2	12545	G	T	18089	7799	47	2	2	23	0.000110455	18107	1	FALSE	NA	NA	NA	NA	NA	NA
NC_045512.2	12545	G	C	18089	7799	47	12	2	27	0.000662727	18107	1	FALSE	NA	NA	NA	NA	NA	NA
NC_045512.2	12545	G	A	18089	7799	47	4	1	33	0.000220909	18107	0.999571	FALSE	NA	NA	NA	NA	NA	NA
NC_045512.2	12545	G	+A	18089	7799	47	1	0	20	5.52273e-05	18107	1	FALSE	NA	NA	NA	NA	NA	NA
NC_045512.2	12546	C	G	18541	8515	48	5	4	24	0.0002696	18546	1	FALSE	NA	NA	NA	NA	NA	NA
NC_045512.2	12546	C	-A	18541	8515	48	1	0	20	5.392e-05	18546	1	FALSE	NA	NA	NA	NA	NA	NA
NC_045512.2	12547	A	T	18441	8640	49	5	0	29	0.000271032	18448	1	FALSE	NA	NA	NA	NA	NA	NA
NC_045512.2	12547	A	G	18441	8640	49	1	1	34	5.42064e-05	18448	0.999998	FALSE	NA	NA	NA	NA	NA	NA
NC_045512.2	12547	A	C	18441	8640	49	1	0	34	5.42064e-05	18448	0.999998	FALSE	NA	NA	NA	NA	NA	NA
NC_045512.2	12548	T	G	18579	8675	49	2	2	30	0.000107625	18583	0.99998	FALSE	NA	NA	NA	NA	NA	NA
NC_045512.2	12548	T	A	18579	8675	49	2	0	29	0.000107625	18583	1	FALSE	NA	NA	NA	NA	NA	NA
NC_045512.2	12549	T	G	17919	8292	50	2	1	30	0.000111582	17924	0.999962	FALSE	NA	NA	NA	NA	NA	NA
NC_045512.2	12549	T	C	17919	8292	50	2	1	43	0.000111582	17924	0.499958	FALSE	NA	NA	NA	NA	NA	NA
NC_045512.2	12549	T	A	17919	8292	50	1	0	26	5.57911e-05	17924	1	FALSE	NA	NA	NA	NA	NA	NA
NC_045512.2	12550	G	T	17842	8256	49	2	0	34	0.000112076	17845	0.999962	FALSE	NA	NA	NA	NA	NA	NA
NC_045512.2	12550	G	A	17842	8256	49	1	1	68	5.60381e-05	17845	0.499986	FALSE	NA	NA	NA	NA	NA	NA
NC_045512.2	12551	T	C	17920	8296	49	1	1	27	5.58005e-05	17921	1	FALSE	NA	NA	NA	NA	NA	NA
NC_045512.2	12551	T	-G	17920	8296	49	1	0	20	5.58005e-05	17921	1	FALSE	NA	NA	NA	NA	NA	NA
NC_045512.2	12551	T	+G	17920	8296	49	2	0	20	0.000111601	17921	1	FALSE	NA	NA	NA	NA	NA	NA
NC_045512.2	12552	G	T	17936	8294	49	1	1	27	5.57507e-05	17937	1	FALSE	NA	NA	NA	NA	NA	NA
NC_045512.2	12553	G	T	18011	8692	50	3	3	27	0.000166519	18016	1	FALSE	NA	NA	NA	NA	NA	NA
NC_045512.2	12553	G	C	18011	8692	50	1	1	27	5.55062e-05	18016	1	FALSE	NA	NA	NA	NA	NA	NA
NC_045512.2	12553	G	A	18011	8692	50	1	0	68	5.55062e-05	18016	0.499958	FALSE	NA	NA	NA	NA	NA	NA
NC_045512.2	12554	G	T	17458	8348	51	1	1	27	5.72738e-05	17460	1	FALSE	NA	NA	NA	NA	NA	NA
NC_045512.2	12554	G	C	17458	8348	51	1	1	27	5.72738e-05	17460	1	FALSE	NA	NA	NA	NA	NA	NA
NC_045512.2	12555	A	T	17625	8541	51	1	0	34	5.67247e-05	17629	0.999996	FALSE	NA	NA	NA	NA	NA	NA
NC_045512.2	12555	A	G	17625	8541	51	1	0	27	5.67247e-05	17629	1	FALSE	NA	NA	NA	NA	NA	NA
NC_045512.2	12555	A	C	17625	8541	51	2	2	30	0.000113449	17629	0.999962	FALSE	NA	NA	NA	NA	NA	NA
NC_045512.2	12556	A	C	17412	8527	50	2	0	34	0.00011485	17414	0.999962	FALSE	NA	NA	NA	NA	NA	NA
NC_045512.2	12557	A	G	18287	9024	51	2	1	53	0.000109355	18289	0.250007	FALSE	NA	NA	NA	NA	NA	NA
NC_045512.2	12558	T	C	18302	9175	51	2	2	34	0.000109242	18308	0.99998	FALSE	NA	NA	NA	NA	NA	NA
NC_045512.2	12558	T	A	18302	9175	51	4	1	27	0.000218484	18308	1	FALSE	NA	NA	NA	NA	NA	NA
NC_045512.2	12559	C	T	18082	9089	51	1	1	34	5.52944e-05	18085	0.999998	FALSE	NA	NA	NA	NA	NA	NA
NC_045512.2	12559	C	A	18082	9089	51	2	1	27	0.000110589	18085	1	FALSE	NA	NA	NA	NA	NA	NA
NC_045512.2	12560	C	T	18162	9366	52	1	1	34	5.50418e-05	18168	0.999998	FALSE	NA	NA	NA	NA	NA	NA
NC_045512.2	12560	C	A	18162	9366	52	5	0	34	0.000275209	18168	0.998704	FALSE	NA	NA	NA	NA	NA	NA
NC_045512.2	12561	A	G	18102	9314	52	2	1	51	0.000110455	18107	0.249965	FALSE	NA	NA	NA	NA	NA	NA
NC_045512.2	12561	A	C	18102	9314	52	3	0	26	0.000165682	18107	1	FALSE	NA	NA	NA	NA	NA	NA
NC_045512.2	12562	A	T	17647	9356	50	1	1	34	5.66412e-05	17655	0.999996	FALSE	NA	NA	NA	NA	NA	NA
NC_045512.2	12562	A	C	17647	9356	50	7	0	26	0.000396488	17655	1	FALSE	NA	NA	NA	NA	NA	NA
NC_045512.2	12563	C	G	17943	9313	51	4	1	30	0.000222841	17950	0.999257	FALSE	NA	NA	NA	NA	NA	NA
NC_045512.2	12563	C	A	17943	9313	51	3	0	28	0.000167131	17950	1	FALSE	NA	NA	NA	NA	NA	NA
NC_045512.2	12564	A	G	18036	9289	51	3	2	45	0.000166288	18041	0.312469	FALSE	NA	NA	NA	NA	NA	NA
NC_045512.2	12564	A	C	18036	9289	51	2	0	26	0.000110859	18041	1	FALSE	NA	NA	NA	NA	NA	NA
NC_045512.2	12565	G	T	18563	9366	51	2	1	34	0.000107712	18568	0.99998	FALSE	NA	NA	NA	NA	NA	NA
NC_045512.2	12565	G	C	18563	9366	51	1	0	34	5.38561e-05	18568	0.999998	FALSE	NA	NA	NA	NA	NA	NA
NC_045512.2	12565	G	A	18563	9366	51	2	0	51	0.000107712	18568	0.249966	FALSE	NA	NA	NA	NA	NA	NA
NC_045512.2	12566	G	T	18124	9022	52	3	2	26	0.000165453	18132	1	FALSE	NA	NA	NA	NA	NA	NA
NC_045512.2	12566	G	C	18124	9022	52	5	0	27	0.000275756	18132	1	FALSE	NA	NA	NA	NA	NA	NA
NC_045512.2	12567	T	G	17796	8821	51	8	5	26	0.000449287	17806	1	FALSE	NA	NA	NA	NA	NA	NA
NC_045512.2	12567	T	C	17796	8821	51	2	1	47	0.000112322	17806	0.499853	FALSE	NA	NA	NA	NA	NA	NA
NC_045512.2	12568	T	C	18072	9163	53	1	1	27	5.5325e-05	18075	1	FALSE	NA	NA	NA	NA	NA	NA
NC_045512.2	12568	T	A	18072	9163	53	2	2	30	0.00011065	18075	0.99998	FALSE	NA	NA	NA	NA	NA	NA
NC_045512.2	12569	G	T	18156	9165	52	3	1	26	0.000165144	18166	1	FALSE	NA	NA	NA	NA	NA	NA
NC_045512.2	12569	G	C	18156	9165	52	5	4	28	0.000275239	18166	1	FALSE	NA	NA	NA	NA	NA	NA
NC_045512.2	12569	G	A	18156	9165	52	2	2	68	0.000110096	18166	0.249897	FALSE	NA	NA	NA	NA	NA	NA
NC_045512.2	12570	T	G	18144	9097	52	4	4	28	0.00022041	18148	1	FALSE	NA	NA	NA	NA	NA	NA
NC_045512.2	12571	A	G	18189	9338	53	2	0	29	0.00010992	18195	1	FALSE	NA	NA	NA	NA	NA	NA
NC_045512.2	12571	A	C	18189	9338	53	4	0	28	0.000219841	18195	1	FALSE	NA	NA	NA	NA	NA	NA
NC_045512.2	12572	G	T	18301	9306	53	3	2	26	0.000163881	18306	1	FALSE	NA	NA	NA	NA	NA	NA
NC_045512.2	12572	G	C	18301	9306	53	2	1	30	0.000109254	18306	0.99998	FALSE	NA	NA	NA	NA	NA	NA
NC_045512.2	12573	A	G	18172	9388	52	4	1	37	0.00022007	18176	0.999574	FALSE	NA	NA	NA	NA	NA	NA
NC_045512.2	12574	T	G	17530	8771	53	1	1	34	5.70321e-05	17534	0.999996	FALSE	NA	NA	NA	NA	NA	NA
NC_045512.2	12574	T	C	17530	8771	53	3	1	34	0.000171096	17534	0.999799	FALSE	NA	NA	NA	NA	NA	NA
NC_045512.2	12575	G	T	17251	8661	52	3	2	25	0.000173853	17256	1	FALSE	NA	NA	NA	NA	NA	NA
NC_045512.2	12575	G	A	17251	8661	52	2	0	68	0.000115902	17256	0.249964	FALSE	NA	NA	NA	NA	NA	NA
NC_045512.2	12576	C	T	17203	8782	53	1	1	68	5.81125e-05	17208	0.499956	FALSE	NA	NA	NA	NA	NA	NA
NC_045512.2	12576	C	G	17203	8782	53	2	0	26	0.000116225	17208	1	FALSE	NA	NA	NA	NA	NA	NA
NC_045512.2	12576	C	A	17203	8782	53	2	0	36	0.000116225	17208	0.999962	FALSE	NA	NA	NA	NA	NA	NA
NC_045512.2	12577	A	T	17235	8822	53	1	1	27	5.79912e-05	17244	1	FALSE	NA	NA	NA	NA	NA	NA
NC_045512.2	12577	A	G	17235	8822	53	4	1	45	0.000231965	17244	0.187409	FALSE	NA	NA	NA	NA	NA	NA
NC_045512.2	12577	A	C	17235	8822	53	4	1	28	0.000231965	17244	1	FALSE	NA	NA	NA	NA	NA	NA
NC_045512.2	12578	G	T	17262	8767	53	1	0	68	5.7924e-05	17264	0.5	FALSE	NA	NA	NA	NA	NA	NA
NC_045512.2	12578	G	C	17262	8767	53	1	0	26	5.7924e-05	17264	1	FALSE	NA	NA	NA	NA	NA	NA
NC_045512.2	12579	A	T	17267	9002	54	2	0	30	0.000115814	17269	0.999962	FALSE	NA	NA	NA	NA	NA	NA
NC_045512.2	12580	T	G	17905	9204	54	1	0	27	5.58441e-05	17907	1	FALSE	NA	NA	NA	NA	NA	NA
NC_045512.2	12580	T	A	17905	9204	54	1	1	27	5.58441e-05	17907	1	FALSE	NA	NA	NA	NA	NA	NA
NC_045512.2	12582	G	C	17875	9057	53	2	0	47	0.000111869	17878	0.5	FALSE	NA	NA	NA	NA	NA	NA
NC_045512.2	12582	G	A	17875	9057	53	1	1	38	5.59347e-05	17878	0.999996	FALSE	NA	NA	NA	NA	NA	NA
NC_045512.2	12583	T	G	17939	9203	54	2	0	27	0.000111464	17943	1	FALSE	NA	NA	NA	NA	NA	NA
NC_045512.2	12583	T	C	17939	9203	54	1	0	27	5.5732e-05	17943	1	FALSE	NA	NA	NA	NA	NA	NA
NC_045512.2	12583	T	A	17939	9203	54	1	0	34	5.5732e-05	17943	0.999996	FALSE	NA	NA	NA	NA	NA	NA
NC_045512.2	12584	A	T	17869	9088	53	1	0	27	5.59534e-05	17872	1	FALSE	NA	NA	NA	NA	NA	NA
NC_045512.2	12584	A	G	17869	9088	53	2	1	30	0.000111907	17872	0.999962	FALSE	NA	NA	NA	NA	NA	NA
NC_045512.2	12585	A	T	18012	9248	54	1	1	26	5.55031e-05	18017	1	FALSE	NA	NA	NA	NA	NA	NA
NC_045512.2	12585	A	G	18012	9248	54	4	0	28	0.000222013	18017	1	FALSE	NA	NA	NA	NA	NA	NA
NC_045512.2	12586	A	T	17154	9225	50	2	2	26	0.000116543	17161	1	FALSE	NA	NA	NA	NA	NA	NA
NC_045512.2	12586	A	G	17154	9225	50	2	2	30	0.000116543	17161	0.999962	FALSE	NA	NA	NA	NA	NA	NA
NC_045512.2	12586	A	C	17154	9225	50	3	0	29	0.000174815	17161	1	FALSE	NA	NA	NA	NA	NA	NA
NC_045512.2	12587	A	T	17889	9287	53	1	0	27	5.58878e-05	17893	1	FALSE	NA	NA	NA	NA	NA	NA
NC_045512.2	12587	A	G	17889	9287	53	2	1	29	0.000111776	17893	1	FALSE	NA	NA	NA	NA	NA	NA
NC_045512.2	12587	A	C	17889	9287	53	1	0	26	5.58878e-05	17893	1	FALSE	NA	NA	NA	NA	NA	NA
NC_045512.2	12588	T	G	18203	9473	53	1	0	34	5.493e-05	18205	0.999998	FALSE	NA	NA	NA	NA	NA	NA
NC_045512.2	12588	T	A	18203	9473	53	1	0	27	5.493e-05	18205	1	FALSE	NA	NA	NA	NA	NA	NA
NC_045512.2	12589	T	C	17506	8939	54	1	1	24	5.712e-05	17507	1	FALSE	NA	NA	NA	NA	NA	NA
NC_045512.2	12590	G	T	17520	8855	53	2	1	26	0.000114129	17524	1	FALSE	NA	NA	NA	NA	NA	NA
NC_045512.2	12590	G	C	17520	8855	53	1	1	27	5.70646e-05	17524	1	FALSE	NA	NA	NA	NA	NA	NA
NC_045512.2	12590	G	A	17520	8855	53	1	0	34	5.70646e-05	17524	0.999996	FALSE	NA	NA	NA	NA	NA	NA
NC_045512.2	12591	T	G	17436	8795	54	1	1	20	5.73427e-05	17439	1	FALSE	NA	NA	NA	NA	NA	NA
NC_045512.2	12591	T	C	17436	8795	54	1	0	34	5.73427e-05	17439	0.999996	FALSE	NA	NA	NA	NA	NA	NA
NC_045512.2	12591	T	A	17436	8795	54	1	0	27	5.73427e-05	17439	1	FALSE	NA	NA	NA	NA	NA	NA
NC_045512.2	12592	T	G	17465	8862	54	1	1	27	5.7241e-05	17470	1	FALSE	NA	NA	NA	NA	NA	NA
NC_045512.2	12592	T	C	17465	8862	54	2	1	51	0.000114482	17470	0.249964	FALSE	NA	NA	NA	NA	NA	NA
NC_045512.2	12592	T	A	17465	8862	54	2	0	34	0.000114482	17470	0.999962	FALSE	NA	NA	NA	NA	NA	NA
NC_045512.2	12592	T	-C	17465	8862	54	1	0	20	5.7241e-05	17470	1	FALSE	NA	NA	NA	NA	NA	NA
NC_045512.2	12593	C	T	17350	9037	54	1	1	26	5.76236e-05	17354	1	FALSE	NA	NA	NA	NA	NA	NA
NC_045512.2	12593	C	A	17350	9037	54	3	0	29	0.000172871	17354	1	FALSE	NA	NA	NA	NA	NA	NA
NC_045512.2	12594	A	G	17155	9128	53	3	3	27	0.000174835	17159	1	FALSE	NA	NA	NA	NA	NA	NA
NC_045512.2	12594	A	C	17155	9128	53	1	0	26	5.82785e-05	17159	1	FALSE	NA	NA	NA	NA	NA	NA
NC_045512.2	12595	A	T	17255	9311	52	3	3	29	0.000173762	17265	1	FALSE	NA	NA	NA	NA	NA	NA
NC_045512.2	12595	A	G	17255	9311	52	2	1	34	0.000115841	17265	0.999962	FALSE	NA	NA	NA	NA	NA	NA
NC_045512.2	12595	A	C	17255	9311	52	5	0	28	0.000289603	17265	1	FALSE	NA	NA	NA	NA	NA	NA
NC_045512.2	12596	C	A	17338	9422	53	3	0	27	0.000173	17341	1	FALSE	NA	NA	NA	NA	NA	NA
NC_045512.2	12597	T	G	16868	8812	51	5	5	28	0.000296314	16874	1	FALSE	NA	NA	NA	NA	NA	NA
NC_045512.2	12597	T	A	16868	8812	51	1	0	26	5.92628e-05	16874	1	FALSE	NA	NA	NA	NA	NA	NA
NC_045512.2	12598	T	G	17289	9361	53	1	1	27	5.78302e-05	17292	1	FALSE	NA	NA	NA	NA	NA	NA
NC_045512.2	12598	T	C	17289	9361	53	1	1	34	5.78302e-05	17292	0.999996	FALSE	NA	NA	NA	NA	NA	NA
NC_045512.2	12598	T	A	17289	9361	53	1	0	26	5.78302e-05	17292	1	FALSE	NA	NA	NA	NA	NA	NA
NC_045512.2	12599	A	T	17200	9252	54	1	0	68	5.81226e-05	17205	0.499956	FALSE	NA	NA	NA	NA	NA	NA
NC_045512.2	12599	A	G	17200	9252	54	2	2	68	0.000116245	17205	0.249964	FALSE	NA	NA	NA	NA	NA	NA
NC_045512.2	12599	A	C	17200	9252	54	2	0	26	0.000116245	17205	1	FALSE	NA	NA	NA	NA	NA	NA
NC_045512.2	12601	T	G	17009	9034	53	2	2	30	0.000117564	17012	0.999962	FALSE	NA	NA	NA	NA	NA	NA
NC_045512.2	12601	T	A	17009	9034	53	1	0	27	5.8782e-05	17012	1	FALSE	NA	NA	NA	NA	NA	NA
NC_045512.2	12602	G	C	16401	8807	53	1	0	27	5.80215e-05	17235	1	FALSE	NA	NA	NA	NA	NA	NA
NC_045512.2	12602	G	A	16401	8807	53	833	473	59	0.0483319	17235	5.85141e-256	TRUE	NA	NA	NA	NA	NA	NA
NC_045512.2	12604	A	T	17074	9228	53	2	2	26	0.000117089	17081	1	FALSE	NA	NA	NA	NA	NA	NA
NC_045512.2	12604	A	G	17074	9228	53	2	1	25	0.000117089	17081	1	FALSE	NA	NA	NA	NA	NA	NA
NC_045512.2	12604	A	C	17074	9228	53	3	1	29	0.000175634	17081	1	FALSE	NA	NA	NA	NA	NA	NA
NC_045512.2	12605	A	G	17151	9405	53	1	0	34	5.82988e-05	17153	0.999996	FALSE	NA	NA	NA	NA	NA	NA
NC_045512.2	12605	A	C	17151	9405	53	1	1	27	5.82988e-05	17153	1	FALSE	NA	NA	NA	NA	NA	NA
NC_045512.2	12606	T	G	16621	8850	51	13	13	26	0.000781485	16635	1	FALSE	NA	NA	NA	NA	NA	NA
NC_045512.2	12606	T	A	16621	8850	51	1	0	26	6.01142e-05	16635	1	FALSE	NA	NA	NA	NA	NA	NA
NC_045512.2	12607	T	G	17147	9430	53	1	1	20	5.82852e-05	17157	1	FALSE	NA	NA	NA	NA	NA	NA
NC_045512.2	12607	T	C	17147	9430	53	9	2	58	0.000524567	17157	0.00195108	TRUE	NA	NA	NA	NA	NA	NA
NC_045512.2	12608	A	T	17481	9571	53	3	0	26	0.000171566	17486	1	FALSE	NA	NA	NA	NA	NA	NA
NC_045512.2	12608	A	G	17481	9571	53	2	1	46	0.000114377	17486	0.499957	FALSE	NA	NA	NA	NA	NA	NA
NC_045512.2	12609	G	C	17574	9465	54	1	1	34	5.6899e-05	17575	0.999996	FALSE	NA	NA	NA	NA	NA	NA
NC_045512.2	12610	T	C	17376	9348	53	5	5	28	0.000287604	17385	1	FALSE	NA	NA	NA	NA	NA	NA
NC_045512.2	12610	T	A	17376	9348	53	4	1	28	0.000230083	17385	1	FALSE	NA	NA	NA	NA	NA	NA
NC_045512.2	12611	A	G	17617	9589	54	2	2	29	0.000113514	17619	1	FALSE	NA	NA	NA	NA	NA	NA
NC_045512.2	12612	T	C	17154	9080	53	2	1	34	0.000116577	17156	0.999962	FALSE	NA	NA	NA	NA	NA	NA
NC_045512.2	12614	G	T	17536	9424	53	1	0	34	5.70223e-05	17537	0.999996	FALSE	NA	NA	NA	NA	NA	NA
NC_045512.2	12615	A	G	17634	9432	54	2	0	42	0.000113398	17637	0.5	FALSE	NA	NA	NA	NA	NA	NA
NC_045512.2	12615	A	C	17634	9432	54	1	1	27	5.6699e-05	17637	1	FALSE	NA	NA	NA	NA	NA	NA
NC_045512.2	12617	A	T	17076	8973	54	1	1	26	5.85549e-05	17078	1	FALSE	NA	NA	NA	NA	NA	NA
NC_045512.2	12617	A	G	17076	8973	54	1	1	24	5.85549e-05	17078	1	FALSE	NA	NA	NA	NA	NA	NA
NC_045512.2	12618	A	C	17061	9083	53	4	1	28	0.000234398	17065	1	FALSE	NA	NA	NA	NA	NA	NA
NC_045512.2	12619	T	G	16829	8759	53	6	4	25	0.0003564	16835	1	FALSE	NA	NA	NA	NA	NA	NA
NC_045512.2	12620	T	C	17072	9095	53	1	1	34	5.8572e-05	17073	0.999996	FALSE	NA	NA	NA	NA	NA	NA
NC_045512.2	12620	T	-C	17072	9095	53	1	0	20	5.8572e-05	17073	1	FALSE	NA	NA	NA	NA	NA	NA
NC_045512.2	12621	C	G	16947	9267	53	1	0	27	5.9004e-05	16948	1	FALSE	NA	NA	NA	NA	NA	NA
NC_045512.2	12622	A	T	16336	8994	51	1	1	20	6.11621e-05	16350	1	FALSE	NA	NA	NA	NA	NA	NA
NC_045512.2	12622	A	G	16336	8994	51	2	2	68	0.000122324	16350	0.249824	FALSE	NA	NA	NA	NA	NA	NA
NC_045512.2	12622	A	C	16336	8994	51	11	0	26	0.000672783	16350	1	FALSE	NA	NA	NA	NA	NA	NA
NC_045512.2	12623	C	T	16713	8884	53	2	0	47	0.000119653	16715	0.500022	FALSE	NA	NA	NA	NA	NA	NA
NC_045512.2	12624	C	G	16716	9079	53	2	1	30	0.000119632	16718	0.999928	FALSE	NA	NA	NA	NA	NA	NA
NC_045512.2	12625	T	C	16645	8963	54	1	1	34	6.00709e-05	16647	0.999992	FALSE	NA	NA	NA	NA	NA	NA
NC_045512.2	12625	T	A	16645	8963	54	1	1	34	6.00709e-05	16647	0.999992	FALSE	NA	NA	NA	NA	NA	NA
NC_045512.2	12626	A	T	16461	8945	52	1	1	20	6.07312e-05	16466	1	FALSE	NA	NA	NA	NA	NA	NA
NC_045512.2	12626	A	C	16461	8945	52	4	0	26	0.000242925	16466	1	FALSE	NA	NA	NA	NA	NA	NA
NC_045512.2	12627	A	T	16746	9081	52	1	0	46	5.97015e-05	16750	0.749978	FALSE	NA	NA	NA	NA	NA	NA
NC_045512.2	12627	A	C	16746	9081	52	3	0	29	0.000179104	16750	1	FALSE	NA	NA	NA	NA	NA	NA
NC_045512.2	12628	T	G	16710	8721	52	5	4	26	0.000299133	16715	1	FALSE	NA	NA	NA	NA	NA	NA
NC_045512.2	12629	T	G	16486	8532	51	7	7	25	0.000424371	16495	1	FALSE	NA	NA	NA	NA	NA	NA
NC_045512.2	12629	T	C	16486	8532	51	1	1	68	6.06244e-05	16495	0.499894	FALSE	NA	NA	NA	NA	NA	NA
NC_045512.2	12629	T	A	16486	8532	51	1	0	34	6.06244e-05	16495	0.999992	FALSE	NA	NA	NA	NA	NA	NA
NC_045512.2	12630	T	C	16942	9059	53	1	0	68	5.90214e-05	16943	0.500015	FALSE	NA	NA	NA	NA	NA	NA
NC_045512.2	12631	A	T	16612	8822	53	2	1	30	0.000120337	16620	0.999928	FALSE	NA	NA	NA	NA	NA	NA
NC_045512.2	12631	A	G	16612	8822	53	3	1	49	0.000180505	16620	0.312398	FALSE	NA	NA	NA	NA	NA	NA
NC_045512.2	12631	A	C	16612	8822	53	3	0	26	0.000180505	16620	1	FALSE	NA	NA	NA	NA	NA	NA
NC_045512.2	12632	G	T	16615	8746	53	2	1	26	0.000120337	16620	1	FALSE	NA	NA	NA	NA	NA	NA
NC_045512.2	12632	G	C	16615	8746	53	2	1	27	0.000120337	16620	1	FALSE	NA	NA	NA	NA	NA	NA
NC_045512.2	12632	G	A	16615	8746	53	1	0	46	6.01685e-05	16620	0.749962	FALSE	NA	NA	NA	NA	NA	NA
NC_045512.2	12633	C	T	16420	8956	52	1	1	46	6.08828e-05	16425	0.749962	FALSE	NA	NA	NA	NA	NA	NA
NC_045512.2	12633	C	G	16420	8956	52	2	1	27	0.000121766	16425	1	FALSE	NA	NA	NA	NA	NA	NA
NC_045512.2	12633	C	A	16420	8956	52	2	0	27	0.000121766	16425	1	FALSE	NA	NA	NA	NA	NA	NA
NC_045512.2	12635	T	G	16350	8734	54	1	1	27	6.11546e-05	16352	1	FALSE	NA	NA	NA	NA	NA	NA
NC_045512.2	12635	T	A	16350	8734	54	1	1	68	6.11546e-05	16352	0.5	FALSE	NA	NA	NA	NA	NA	NA
NC_045512.2	12636	G	T	16064	8596	54	2	2	44	0.000124463	16069	0.499953	FALSE	NA	NA	NA	NA	NA	NA
NC_045512.2	12636	G	C	16064	8596	54	3	2	26	0.000186695	16069	1	FALSE	NA	NA	NA	NA	NA	NA
NC_045512.2	12637	G	T	16324	8745	53	2	1	26	0.000122466	16331	1	FALSE	NA	NA	NA	NA	NA	NA
NC_045512.2	12637	G	C	16324	8745	53	2	2	30	0.000122466	16331	0.999928	FALSE	NA	NA	NA	NA	NA	NA
NC_045512.2	12637	G	A	16324	8745	53	3	3	56	0.0001837	16331	0.124954	FALSE	NA	NA	NA	NA	NA	NA
NC_045512.2	12639	C	G	16811	9019	53	1	1	20	5.94813e-05	16812	1	FALSE	NA	NA	NA	NA	NA	NA
NC_045512.2	12640	T	C	16415	8566	51	3	1	65	0.000182704	16420	0.124977	FALSE	NA	NA	NA	NA	NA	NA
NC_045512.2	12640	T	A	16415	8566	51	2	1	26	0.000121803	16420	1	FALSE	NA	NA	NA	NA	NA	NA
NC_045512.2	12641	C	G	16680	9129	53	1	1	27	5.99484e-05	16681	1	FALSE	NA	NA	NA	NA	NA	NA
NC_045512.2	12641	C	-T	16680	9129	53	1	0	20	5.99484e-05	16681	1	FALSE	NA	NA	NA	NA	NA	NA
NC_045512.2	12643	T	A	16754	9221	52	3	1	26	0.00017903	16757	1	FALSE	NA	NA	NA	NA	NA	NA
NC_045512.2	12644	A	T	16820	9724	51	1	0	27	5.94424e-05	16823	1	FALSE	NA	NA	NA	NA	NA	NA
NC_045512.2	12644	A	C	16820	9724	51	2	1	30	0.000118885	16823	0.999928	FALSE	NA	NA	NA	NA	NA	NA
NC_045512.2	12645	T	C	16960	9767	52	2	1	51	0.000117911	16962	0.250007	FALSE	NA	NA	NA	NA	NA	NA
NC_045512.2	12646	T	C	16485	9442	52	5	3	41	0.000303214	16490	0.109368	FALSE	NA	NA	NA	NA	NA	NA
NC_045512.2	12648	T	-A	15716	8834	51	1	0	20	6.36294e-05	15716	1	FALSE	NA	NA	NA	NA	NA	NA
NC_045512.2	12649	A	T	15656	8773	52	2	1	23	0.000127722	15659	1	FALSE	NA	NA	NA	NA	NA	NA
NC_045512.2	12649	A	C	15656	8773	52	1	0	34	6.3861e-05	15659	0.999985	FALSE	NA	NA	NA	NA	NA	NA
NC_045512.2	12650	A	G	15615	8771	52	1	1	34	6.40369e-05	15616	0.999985	FALSE	NA	NA	NA	NA	NA	NA
NC_045512.2	12651	C	G	15545	8762	51	1	1	26	6.43128e-05	15549	1	FALSE	NA	NA	NA	NA	NA	NA
NC_045512.2	12651	C	A	15545	8762	51	3	0	26	0.000192938	15549	1	FALSE	NA	NA	NA	NA	NA	NA
NC_045512.2	12652	A	T	15155	8609	51	7	0	26	0.00046165	15163	1	FALSE	NA	NA	NA	NA	NA	NA
NC_045512.2	12652	A	G	15155	8609	51	1	0	68	6.595e-05	15163	0.499901	FALSE	NA	NA	NA	NA	NA	NA
NC_045512.2	12653	G	T	15679	8527	51	1	1	20	6.37633e-05	15683	1	FALSE	NA	NA	NA	NA	NA	NA
NC_045512.2	12653	G	C	15679	8527	51	2	0	26	0.000127527	15683	1	FALSE	NA	NA	NA	NA	NA	NA
NC_045512.2	12653	G	A	15679	8527	51	1	0	68	6.37633e-05	15683	0.499968	FALSE	NA	NA	NA	NA	NA	NA
NC_045512.2	12654	C	G	15613	8584	52	1	1	20	6.40451e-05	15614	1	FALSE	NA	NA	NA	NA	NA	NA
NC_045512.2	12655	T	G	15354	8436	51	3	3	27	0.000195338	15358	1	FALSE	NA	NA	NA	NA	NA	NA
NC_045512.2	12655	T	C	15354	8436	51	1	1	34	6.51126e-05	15358	0.999985	FALSE	NA	NA	NA	NA	NA	NA
NC_045512.2	12656	T	G	15548	8549	52	2	2	26	0.000128593	15553	1	FALSE	NA	NA	NA	NA	NA	NA
NC_045512.2	12656	T	C	15548	8549	52	3	3	29	0.000192889	15553	1	FALSE	NA	NA	NA	NA	NA	NA
NC_045512.2	12657	T	A	15641	8614	52	1	0	26	6.39304e-05	15642	1	FALSE	NA	NA	NA	NA	NA	NA
NC_045512.2	12658	A	T	15558	8521	52	2	1	25	0.000128518	15562	1	FALSE	NA	NA	NA	NA	NA	NA
NC_045512.2	12658	A	G	15558	8521	52	1	0	26	6.42591e-05	15562	1	FALSE	NA	NA	NA	NA	NA	NA
NC_045512.2	12658	A	C	15558	8521	52	1	1	27	6.42591e-05	15562	1	FALSE	NA	NA	NA	NA	NA	NA
NC_045512.2	12659	A	T	15356	8670	50	1	1	20	6.50872e-05	15364	1	FALSE	NA	NA	NA	NA	NA	NA
NC_045512.2	12659	A	G	15356	8670	50	2	1	30	0.000130174	15364	0.999863	FALSE	NA	NA	NA	NA	NA	NA
NC_045512.2	12659	A	C	15356	8670	50	5	1	25	0.000325436	15364	1	FALSE	NA	NA	NA	NA	NA	NA
NC_045512.2	12660	G	T	15470	8512	52	3	0	40	0.000193861	15475	0.312464	FALSE	NA	NA	NA	NA	NA	NA
NC_045512.2	12660	G	C	15470	8512	52	2	2	26	0.000129241	15475	1	FALSE	NA	NA	NA	NA	NA	NA
NC_045512.2	12661	G	T	15856	8820	52	1	0	26	6.30636e-05	15857	1	FALSE	NA	NA	NA	NA	NA	NA
NC_045512.2	12662	G	A	15147	8216	53	2	0	51	0.000132022	15149	0.250008	FALSE	NA	NA	NA	NA	NA	NA
NC_045512.2	12663	C	G	14965	8146	52	1	0	27	6.68181e-05	14966	1	FALSE	NA	NA	NA	NA	NA	NA
NC_045512.2	12664	C	G	15101	8250	52	1	1	27	6.6212e-05	15103	1	FALSE	NA	NA	NA	NA	NA	NA
NC_045512.2	12664	C	A	15101	8250	52	1	0	34	6.6212e-05	15103	0.999985	FALSE	NA	NA	NA	NA	NA	NA
NC_045512.2	12665	A	T	15061	8191	52	1	1	26	6.63922e-05	15062	1	FALSE	NA	NA	NA	NA	NA	NA
NC_045512.2	12665	A	-ATT	15061	8191	52	1	0	20	6.63922e-05	15062	1	FALSE	NA	NA	NA	NA	NA	NA
NC_045512.2	12666	A	T	15058	8363	51	2	2	27	0.00013274	15067	1	FALSE	NA	NA	NA	NA	NA	NA
NC_045512.2	12666	A	G	15058	8363	51	2	1	36	0.00013274	15067	0.999863	FALSE	NA	NA	NA	NA	NA	NA
NC_045512.2	12666	A	C	15058	8363	51	5	0	25	0.000331851	15067	1	FALSE	NA	NA	NA	NA	NA	NA
NC_045512.2	12667	T	C	15298	8363	53	2	1	68	0.000130685	15304	0.249943	FALSE	NA	NA	NA	NA	NA	NA
NC_045512.2	12667	T	A	15298	8363	53	4	3	26	0.00026137	15304	1	FALSE	NA	NA	NA	NA	NA	NA
NC_045512.2	12668	T	C	15272	8475	52	1	0	60	6.54707e-05	15274	0.5	FALSE	NA	NA	NA	NA	NA	NA
NC_045512.2	12668	T	A	15272	8475	52	1	0	34	6.54707e-05	15274	0.999985	FALSE	NA	NA	NA	NA	NA	NA
NC_045512.2	12669	C	G	15095	8411	52	2	1	23	0.00013245	15100	1	FALSE	NA	NA	NA	NA	NA	NA
NC_045512.2	12669	C	A	15095	8411	52	3	0	26	0.000198675	15100	1	FALSE	NA	NA	NA	NA	NA	NA
NC_045512.2	12670	T	G	14481	7837	53	1	1	34	6.90369e-05	14485	0.99997	FALSE	NA	NA	NA	NA	NA	NA
NC_045512.2	12670	T	A	14481	7837	53	3	2	29	0.000207111	14485	1	FALSE	NA	NA	NA	NA	NA	NA
NC_045512.2	12671	G	T	14324	7767	52	2	2	30	0.000139597	14327	0.999741	FALSE	NA	NA	NA	NA	NA	NA
NC_045512.2	12671	G	C	14324	7767	52	1	0	34	6.97983e-05	14327	0.99997	FALSE	NA	NA	NA	NA	NA	NA
NC_045512.2	12672	C	T	14361	8159	51	1	0	34	6.9604e-05	14367	0.99997	FALSE	NA	NA	NA	NA	NA	NA
NC_045512.2	12672	C	G	14361	8159	51	4	0	28	0.000278416	14367	1	FALSE	NA	NA	NA	NA	NA	NA
NC_045512.2	12672	C	A	14361	8159	51	1	0	27	6.9604e-05	14367	1	FALSE	NA	NA	NA	NA	NA	NA
NC_045512.2	12673	T	C	14370	8091	52	1	1	34	6.95846e-05	14371	0.99997	FALSE	NA	NA	NA	NA	NA	NA
NC_045512.2	12674	G	T	14127	7840	51	3	2	28	0.000212299	14131	1	FALSE	NA	NA	NA	NA	NA	NA
NC_045512.2	12674	G	C	14127	7840	51	1	0	26	7.07664e-05	14131	1	FALSE	NA	NA	NA	NA	NA	NA
NC_045512.2	12675	T	G	14253	8046	52	1	0	27	7.0141e-05	14257	1	FALSE	NA	NA	NA	NA	NA	NA
NC_045512.2	12675	T	C	14253	8046	52	1	1	68	7.0141e-05	14257	0.499965	FALSE	NA	NA	NA	NA	NA	NA
NC_045512.2	12675	T	A	14253	8046	52	2	0	47	0.000140282	14257	0.499974	FALSE	NA	NA	NA	NA	NA	NA
NC_045512.2	12677	A	T	14218	8051	52	2	1	25	0.000140617	14223	1	FALSE	NA	NA	NA	NA	NA	NA
NC_045512.2	12677	A	G	14218	8051	52	3	2	56	0.000210926	14223	0.124974	FALSE	NA	NA	NA	NA	NA	NA
NC_045512.2	12678	A	T	13933	8412	49	1	1	27	7.17618e-05	13935	1	FALSE	NA	NA	NA	NA	NA	NA
NC_045512.2	12678	A	G	13933	8412	49	1	1	34	7.17618e-05	13935	0.999939	FALSE	NA	NA	NA	NA	NA	NA
NC_045512.2	12679	A	T	13909	8401	50	2	2	30	0.00014373	13915	0.999512	FALSE	NA	NA	NA	NA	NA	NA
NC_045512.2	12679	A	C	13909	8401	50	4	1	28	0.00028746	13915	1	FALSE	NA	NA	NA	NA	NA	NA
NC_045512.2	12681	T	G	14129	8403	50	2	2	26	0.000141503	14134	1	FALSE	NA	NA	NA	NA	NA	NA
NC_045512.2	12681	T	C	14129	8403	50	3	2	38	0.000212254	14134	0.998828	FALSE	NA	NA	NA	NA	NA	NA
NC_045512.2	12682	A	T	13969	8322	49	1	0	20	7.15666e-05	13973	1	FALSE	NA	NA	NA	NA	NA	NA
NC_045512.2	12682	A	G	13969	8322	49	1	0	27	7.15666e-05	13973	1	FALSE	NA	NA	NA	NA	NA	NA
NC_045512.2	12682	A	C	13969	8322	49	2	0	32	0.000143133	13973	0.999513	FALSE	NA	NA	NA	NA	NA	NA
NC_045512.2	12683	C	A	14071	8407	50	1	0	20	7.10631e-05	14072	1	FALSE	NA	NA	NA	NA	NA	NA
NC_045512.2	12684	A	T	14008	8405	50	2	2	34	0.000142725	14013	0.999741	FALSE	NA	NA	NA	NA	NA	NA
NC_045512.2	12684	A	G	14008	8405	50	3	1	56	0.000214087	14013	0.124973	FALSE	NA	NA	NA	NA	NA	NA
NC_045512.2	12685	G	C	14085	8318	50	1	0	20	7.09925e-05	14086	1	FALSE	NA	NA	NA	NA	NA	NA
NC_045512.2	12686	A	T	14158	8376	50	2	2	34	0.000141243	14160	0.999742	FALSE	NA	NA	NA	NA	NA	NA
NC_045512.2	12687	A	T	14481	8459	49	2	2	30	0.000138064	14486	0.999741	FALSE	NA	NA	NA	NA	NA	NA
NC_045512.2	12687	A	G	14481	8459	49	3	2	50	0.000207097	14486	0.124974	FALSE	NA	NA	NA	NA	NA	NA
NC_045512.2	12688	T	C	14399	8299	49	1	1	68	6.94348e-05	14402	0.499983	FALSE	NA	NA	NA	NA	NA	NA
NC_045512.2	12688	T	A	14399	8299	49	2	2	26	0.00013887	14402	1	FALSE	NA	NA	NA	NA	NA	NA
NC_045512.2	12689	A	T	14349	8280	50	1	1	24	6.96864e-05	14350	1	FALSE	NA	NA	NA	NA	NA	NA
NC_045512.2	12690	A	T	14313	8393	48	2	0	30	0.000139704	14316	0.999741	FALSE	NA	NA	NA	NA	NA	NA
NC_045512.2	12690	A	G	14313	8393	48	1	1	24	6.98519e-05	14316	1	FALSE	NA	NA	NA	NA	NA	NA
NC_045512.2	12691	T	G	14097	8314	48	6	2	23	0.000425381	14105	1	FALSE	NA	NA	NA	NA	NA	NA
NC_045512.2	12691	T	C	14097	8314	48	2	1	51	0.000141794	14105	0.249903	FALSE	NA	NA	NA	NA	NA	NA
NC_045512.2	12692	G	C	14264	8491	49	2	1	30	0.000140193	14266	0.999742	FALSE	NA	NA	NA	NA	NA	NA
NC_045512.2	12694	G	A	14365	8099	49	2	2	57	0.000139208	14367	0.250009	FALSE	NA	NA	NA	NA	NA	NA
NC_045512.2	12695	C	G	14507	8505	48	1	0	27	6.89085e-05	14512	1	FALSE	NA	NA	NA	NA	NA	NA
NC_045512.2	12695	C	A	14507	8505	48	4	1	28	0.000275634	14512	1	FALSE	NA	NA	NA	NA	NA	NA
NC_045512.2	12696	T	G	13077	7058	47	4	4	26	0.000305787	13081	1	FALSE	NA	NA	NA	NA	NA	NA
NC_045512.2	12697	T	C	13582	7718	48	1	0	60	7.3616e-05	13584	0.5	FALSE	NA	NA	NA	NA	NA	NA
NC_045512.2	12697	T	A	13582	7718	48	1	0	27	7.3616e-05	13584	1	FALSE	NA	NA	NA	NA	NA	NA
NC_045512.2	12698	A	T	13627	7697	49	1	0	24	7.3373e-05	13629	1	FALSE	NA	NA	NA	NA	NA	NA
NC_045512.2	12698	A	G	13627	7697	49	1	0	24	7.3373e-05	13629	1	FALSE	NA	NA	NA	NA	NA	NA
NC_045512.2	12699	G	C	13899	7617	48	1	0	34	7.19424e-05	13900	0.999939	FALSE	NA	NA	NA	NA	NA	NA
NC_045512.2	12700	T	G	13946	7728	48	1	0	20	7.16897e-05	13949	1	FALSE	NA	NA	NA	NA	NA	NA
NC_045512.2	12700	T	A	13946	7728	48	2	1	47	0.000143379	13949	0.5	FALSE	NA	NA	NA	NA	NA	NA
NC_045512.2	12701	C	T	13891	7710	48	2	2	68	0.000143947	13894	0.249991	FALSE	NA	NA	NA	NA	NA	NA
NC_045512.2	12701	C	A	13891	7710	48	1	1	20	7.19735e-05	13894	1	FALSE	NA	NA	NA	NA	NA	NA
NC_045512.2	12702	C	G	13980	7912	48	1	0	27	7.15205e-05	13982	1	FALSE	NA	NA	NA	NA	NA	NA
NC_045512.2	12702	C	A	13980	7912	48	1	1	34	7.15205e-05	13982	0.999939	FALSE	NA	NA	NA	NA	NA	NA
NC_045512.2	12702	C	+G	13980	7912	48	1	0	20	7.15205e-05	13982	1	FALSE	NA	NA	NA	NA	NA	NA
NC_045512.2	12703	T	C	12737	6697	49	1	1	68	7.85053e-05	12738	0.50002	FALSE	NA	NA	NA	NA	NA	NA
NC_045512.2	12703	T	+G	12737	6697	49	1	0	20	7.85053e-05	12738	1	FALSE	NA	NA	NA	NA	NA	NA
NC_045512.2	12704	G	T	12714	6663	49	1	1	26	7.86349e-05	12717	1	FALSE	NA	NA	NA	NA	NA	NA
NC_045512.2	12704	G	A	12714	6663	49	2	1	34	0.00015727	12717	0.999087	FALSE	NA	NA	NA	NA	NA	NA
NC_045512.2	12705	T	C	12675	6660	49	1	1	26	7.8883e-05	12677	1	FALSE	NA	NA	NA	NA	NA	NA
NC_045512.2	12705	T	A	12675	6660	49	1	0	20	7.8883e-05	12677	1	FALSE	NA	NA	NA	NA	NA	NA
NC_045512.2	12706	T	G	12708	6684	49	2	2	26	0.000157356	12710	1	FALSE	NA	NA	NA	NA	NA	NA
NC_045512.2	12708	C	A	11634	6069	49	1	0	26	8.59476e-05	11635	1	FALSE	NA	NA	NA	NA	NA	NA
NC_045512.2	12708	C	-A	11634	6069	49	1	0	20	8.59476e-05	11635	1	FALSE	NA	NA	NA	NA	NA	NA
NC_045512.2	12710	C	T	11671	6072	49	1	0	34	8.56678e-05	11673	0.999757	FALSE	NA	NA	NA	NA	NA	NA
NC_045512.2	12710	C	A	11671	6072	49	1	0	68	8.56678e-05	11673	0.5	FALSE	NA	NA	NA	NA	NA	NA
NC_045512.2	12711	T	G	11006	5569	49	1	1	34	9.08513e-05	11007	0.999757	FALSE	NA	NA	NA	NA	NA	NA
NC_045512.2	12712	A	T	11018	5660	49	3	2	26	0.000272183	11022	1	FALSE	NA	NA	NA	NA	NA	NA
NC_045512.2	12712	A	C	11018	5660	49	1	0	68	9.07276e-05	11022	0.499955	FALSE	NA	NA	NA	NA	NA	NA
NC_045512.2	12713	C	T	10946	5654	49	3	1	68	0.000273973	10950	0.124983	FALSE	NA	NA	NA	NA	NA	NA
NC_045512.2	12713	C	A	10946	5654	49	1	0	26	9.13242e-05	10950	1	FALSE	NA	NA	NA	NA	NA	NA
NC_045512.2	12714	G	C	10941	5659	49	2	0	30	0.000182765	10943	0.996834	FALSE	NA	NA	NA	NA	NA	NA
NC_045512.2	12717	A	T	10613	5639	48	1	1	26	9.41974e-05	10616	1	FALSE	NA	NA	NA	NA	NA	NA
NC_045512.2	12717	A	G	10613	5639	48	1	0	34	9.41974e-05	10616	0.999513	FALSE	NA	NA	NA	NA	NA	NA
NC_045512.2	12717	A	C	10613	5639	48	1	1	27	9.41974e-05	10616	1	FALSE	NA	NA	NA	NA	NA	NA
NC_045512.2	12718	G	C	10651	5603	48	1	1	34	9.38791e-05	10652	0.999513	FALSE	NA	NA	NA	NA	NA	NA
NC_045512.2	12719	A	T	10655	5609	49	1	0	24	9.3835e-05	10657	1	FALSE	NA	NA	NA	NA	NA	NA
NC_045512.2	12719	A	G	10655	5609	49	1	0	27	9.3835e-05	10657	1	FALSE	NA	NA	NA	NA	NA	NA
NC_045512.2	12721	G	C	10607	5635	49	2	2	30	0.000188519	10609	0.996835	FALSE	NA	NA	NA	NA	NA	NA
NC_045512.2	12722	T	C	10134	5186	46	2	0	31	0.000197278	10138	0.996832	FALSE	NA	NA	NA	NA	NA	NA
NC_045512.2	12722	T	A	10134	5186	46	2	1	42	0.000197278	10138	0.499963	FALSE	NA	NA	NA	NA	NA	NA
NC_045512.2	12723	C	A	10411	5496	48	1	0	27	9.6043e-05	10412	1	FALSE	NA	NA	NA	NA	NA	NA
NC_045512.2	12724	T	G	10408	5476	49	1	0	27	9.60707e-05	10409	1	FALSE	NA	NA	NA	NA	NA	NA
NC_045512.2	12725	T	C	10302	5420	49	2	1	30	0.000194081	10305	0.996833	FALSE	NA	NA	NA	NA	NA	NA
NC_045512.2	12725	T	A	10302	5420	49	1	0	27	9.70403e-05	10305	1	FALSE	NA	NA	NA	NA	NA	NA
NC_045512.2	12726	G	C	10308	5395	49	1	1	27	9.70026e-05	10309	1	FALSE	NA	NA	NA	NA	NA	NA
NC_045512.2	12728	G	T	10094	5234	48	1	1	34	9.90491e-05	10096	0.999513	FALSE	NA	NA	NA	NA	NA	NA
NC_045512.2	12728	G	C	10094	5234	48	1	0	27	9.90491e-05	10096	1	FALSE	NA	NA	NA	NA	NA	NA
NC_045512.2	12729	C	T	10065	5489	48	1	1	34	9.93443e-05	10066	0.999513	FALSE	NA	NA	NA	NA	NA	NA
NC_045512.2	12731	G	T	9588	5056	48	1	1	26	0.000104286	9589	1	FALSE	NA	NA	NA	NA	NA	NA
NC_045512.2	12732	C	T	9539	5124	48	1	1	34	0.000104822	9540	0.999026	FALSE	NA	NA	NA	NA	NA	NA
NC_045512.2	12733	C	A	9591	5148	48	1	1	68	0.000104254	9592	0.500026	FALSE	NA	NA	NA	NA	NA	NA
NC_045512.2	12734	G	A	9540	5077	48	2	2	51	0.0002096	9542	0.250013	FALSE	NA	NA	NA	NA	NA	NA
NC_045512.2	12735	G	C	9512	5071	48	2	0	26	0.000210172	9516	1	FALSE	NA	NA	NA	NA	NA	NA
NC_045512.2	12735	G	A	9512	5071	48	2	1	47	0.000210172	9516	0.249961	FALSE	NA	NA	NA	NA	NA	NA
NC_045512.2	12738	C	G	12368	6337	46	1	0	27	8.08473e-05	12369	1	FALSE	NA	NA	NA	NA	NA	NA
NC_045512.2	12739	T	G	12240	6143	46	3	3	29	0.000244958	12247	1	FALSE	NA	NA	NA	NA	NA	NA
NC_045512.2	12739	T	C	12240	6143	46	3	1	42	0.000244958	12247	0.312393	FALSE	NA	NA	NA	NA	NA	NA
NC_045512.2	12739	T	A	12240	6143	46	1	0	26	8.16526e-05	12247	1	FALSE	NA	NA	NA	NA	NA	NA
NC_045512.2	12740	A	C	12371	6171	46	1	0	27	8.08277e-05	12372	1	FALSE	NA	NA	NA	NA	NA	NA
NC_045512.2	12741	C	T	12607	6367	46	3	0	34	0.000237906	12610	0.996317	FALSE	NA	NA	NA	NA	NA	NA
NC_045512.2	12743	C	T	12553	6316	46	1	0	46	7.96559e-05	12554	0.75003	FALSE	NA	NA	NA	NA	NA	NA
NC_045512.2	12745	A	T	11889	5809	47	3	2	29	0.000252249	11893	1	FALSE	NA	NA	NA	NA	NA	NA
NC_045512.2	12745	A	G	11889	5809	47	1	0	27	8.40831e-05	11893	1	FALSE	NA	NA	NA	NA	NA	NA
NC_045512.2	12746	A	T	9661	5869	42	1	1	26	0.000103391	9672	1	FALSE	NA	NA	NA	NA	NA	NA
NC_045512.2	12746	A	G	9661	5869	42	1	0	27	0.000103391	9672	1	FALSE	NA	NA	NA	NA	NA	NA
NC_045512.2	12746	A	C	9661	5869	42	9	0	26	0.000930521	9672	1	FALSE	NA	NA	NA	NA	NA	NA
NC_045512.2	12747	C	A	12090	5970	47	1	0	27	8.27061e-05	12091	1	FALSE	NA	NA	NA	NA	NA	NA
NC_045512.2	12748	T	G	11941	5749	46	1	1	34	8.3717e-05	11945	0.999756	FALSE	NA	NA	NA	NA	NA	NA
NC_045512.2	12748	T	C	11941	5749	46	1	0	26	8.3717e-05	11945	1	FALSE	NA	NA	NA	NA	NA	NA
NC_045512.2	12748	T	A	11941	5749	46	2	1	30	0.000167434	11945	0.998294	FALSE	NA	NA	NA	NA	NA	NA
NC_045512.2	12749	G	T	12007	5770	46	2	1	30	0.000166542	12009	0.999087	FALSE	NA	NA	NA	NA	NA	NA
NC_045512.2	12750	C	A	11902	5740	47	3	0	28	0.000251995	11905	1	FALSE	NA	NA	NA	NA	NA	NA
NC_045512.2	12751	T	G	11982	5784	47	1	1	27	8.34307e-05	11986	1	FALSE	NA	NA	NA	NA	NA	NA
NC_045512.2	12751	T	C	11982	5784	47	1	1	34	8.34307e-05	11986	0.999756	FALSE	NA	NA	NA	NA	NA	NA
NC_045512.2	12751	T	A	11982	5784	47	2	2	30	0.000166861	11986	0.998294	FALSE	NA	NA	NA	NA	NA	NA
NC_045512.2	12752	T	G	11851	5695	47	1	1	27	8.43668e-05	11853	1	FALSE	NA	NA	NA	NA	NA	NA
NC_045512.2	12752	T	C	11851	5695	47	1	0	34	8.43668e-05	11853	0.999757	FALSE	NA	NA	NA	NA	NA	NA
NC_045512.2	12753	G	T	11977	5716	47	1	0	27	8.34655e-05	11981	1	FALSE	NA	NA	NA	NA	NA	NA
NC_045512.2	12753	G	C	11977	5716	47	3	2	43	0.000250396	11981	0.312484	FALSE	NA	NA	NA	NA	NA	NA
NC_045512.2	12754	C	T	12036	5888	47	2	1	51	0.000166127	12039	0.24999	FALSE	NA	NA	NA	NA	NA	NA
NC_045512.2	12754	C	A	12036	5888	47	1	1	34	8.30634e-05	12039	0.999878	FALSE	NA	NA	NA	NA	NA	NA
NC_045512.2	12755	A	T	11749	5962	45	1	1	34	8.50557e-05	11757	0.999756	FALSE	NA	NA	NA	NA	NA	NA
NC_045512.2	12755	A	C	11749	5962	45	7	0	29	0.00059539	11757	1	FALSE	NA	NA	NA	NA	NA	NA
NC_045512.2	12756	C	A	12084	5972	47	2	1	23	0.000165481	12086	1	FALSE	NA	NA	NA	NA	NA	NA
NC_045512.2	12757	T	C	11832	5850	47	1	0	68	8.45094e-05	11833	0.500021	FALSE	NA	NA	NA	NA	NA	NA
NC_045512.2	12758	G	T	11871	5752	47	3	3	28	0.000252632	11875	1	FALSE	NA	NA	NA	NA	NA	NA
NC_045512.2	12758	G	C	11871	5752	47	1	0	34	8.42105e-05	11875	0.999756	FALSE	NA	NA	NA	NA	NA	NA
NC_045512.2	12759	A	T	11955	5917	47	1	1	26	8.3619e-05	11959	1	FALSE	NA	NA	NA	NA	NA	NA
NC_045512.2	12759	A	G	11955	5917	47	2	1	51	0.000167238	11959	0.249969	FALSE	NA	NA	NA	NA	NA	NA
NC_045512.2	12759	A	C	11955	5917	47	1	1	27	8.3619e-05	11959	1	FALSE	NA	NA	NA	NA	NA	NA
NC_045512.2	12760	T	G	12041	5845	47	1	1	34	8.30427e-05	12042	0.999878	FALSE	NA	NA	NA	NA	NA	NA
NC_045512.2	12761	G	C	12055	5916	47	3	2	24	0.000248777	12059	1	FALSE	NA	NA	NA	NA	NA	NA
NC_045512.2	12761	G	A	12055	5916	47	1	0	68	8.29256e-05	12059	0.499959	FALSE	NA	NA	NA	NA	NA	NA
NC_045512.2	12762	A	G	12119	5923	48	1	1	34	8.25083e-05	12120	0.999878	FALSE	NA	NA	NA	NA	NA	NA
NC_045512.2	12763	C	T	12116	5981	47	1	1	34	8.25287e-05	12117	0.999878	FALSE	NA	NA	NA	NA	NA	NA
NC_045512.2	12764	A	T	11800	5834	47	3	2	28	0.00025413	11805	1	FALSE	NA	NA	NA	NA	NA	NA
NC_045512.2	12764	A	G	11800	5834	47	2	2	51	0.00016942	11805	0.249947	FALSE	NA	NA	NA	NA	NA	NA
NC_045512.2	12765	A	T	11754	5817	47	1	1	27	8.50702e-05	11755	1	FALSE	NA	NA	NA	NA	NA	NA
NC_045512.2	12766	T	A	11990	5865	47	1	1	34	8.33959e-05	11991	0.999757	FALSE	NA	NA	NA	NA	NA	NA
NC_045512.2	12767	G	C	12088	5836	47	1	1	26	8.27198e-05	12089	1	FALSE	NA	NA	NA	NA	NA	NA
NC_045512.2	12768	C	T	12037	5869	46	2	0	51	0.000166058	12044	0.249907	FALSE	NA	NA	NA	NA	NA	NA
NC_045512.2	12768	C	G	12037	5869	46	5	2	27	0.000415144	12044	1	FALSE	NA	NA	NA	NA	NA	NA
NC_045512.2	12769	G	T	12068	5759	47	4	4	30	0.000331153	12079	0.989358	FALSE	NA	NA	NA	NA	NA	NA
NC_045512.2	12769	G	C	12068	5759	47	5	5	29	0.000413942	12079	1	FALSE	NA	NA	NA	NA	NA	NA
NC_045512.2	12769	G	A	12068	5759	47	2	2	34	0.000165577	12079	0.999083	FALSE	NA	NA	NA	NA	NA	NA
NC_045512.2	12770	T	G	11735	5577	46	2	2	26	0.000170401	11737	1	FALSE	NA	NA	NA	NA	NA	NA
NC_045512.2	12771	T	C	12199	6046	47	1	1	24	8.19605e-05	12201	1	FALSE	NA	NA	NA	NA	NA	NA
NC_045512.2	12771	T	A	12199	6046	47	1	1	68	8.19605e-05	12201	0.5	FALSE	NA	NA	NA	NA	NA	NA
NC_045512.2	12773	G	T	12670	6011	47	3	3	35	0.000236724	12673	0.996317	FALSE	NA	NA	NA	NA	NA	NA
NC_045512.2	12774	C	G	12709	6172	47	1	0	26	7.86782e-05	12710	1	FALSE	NA	NA	NA	NA	NA	NA
NC_045512.2	12775	T	G	12636	6088	47	1	0	34	7.91202e-05	12639	0.999878	FALSE	NA	NA	NA	NA	NA	NA
NC_045512.2	12775	T	C	12636	6088	47	1	1	34	7.91202e-05	12639	0.999878	FALSE	NA	NA	NA	NA	NA	NA
NC_045512.2	12775	T	A	12636	6088	47	1	1	34	7.91202e-05	12639	0.999878	FALSE	NA	NA	NA	NA	NA	NA
NC_045512.2	12776	T	C	12464	5835	47	1	0	24	8.02182e-05	12466	1	FALSE	NA	NA	NA	NA	NA	NA
NC_045512.2	12776	T	A	12464	5835	47	1	1	26	8.02182e-05	12466	1	FALSE	NA	NA	NA	NA	NA	NA
NC_045512.2	12777	A	C	10740	4707	46	2	1	34	0.000186185	10742	0.996833	FALSE	NA	NA	NA	NA	NA	NA
NC_045512.2	12778	C	T	11114	4771	46	3	2	42	0.000269857	11117	0.312483	FALSE	NA	NA	NA	NA	NA	NA
NC_045512.2	12779	T	G	11130	4821	46	3	1	29	0.000269421	11135	1	FALSE	NA	NA	NA	NA	NA	NA
NC_045512.2	12779	T	C	11130	4821	46	1	1	26	8.98069e-05	11135	1	FALSE	NA	NA	NA	NA	NA	NA
NC_045512.2	12779	T	A	11130	4821	46	1	1	34	8.98069e-05	11135	0.999756	FALSE	NA	NA	NA	NA	NA	NA
NC_045512.2	12780	A	G	11227	5126	48	2	0	29	0.00017811	11229	1	FALSE	NA	NA	NA	NA	NA	NA
NC_045512.2	12781	C	A	11293	5156	48	1	0	34	8.85426e-05	11294	0.999757	FALSE	NA	NA	NA	NA	NA	NA
NC_045512.2	12782	A	G	11260	5125	48	1	0	27	8.87942e-05	11262	1	FALSE	NA	NA	NA	NA	NA	NA
NC_045512.2	12782	A	C	11260	5125	48	1	1	27	8.87942e-05	11262	1	FALSE	NA	NA	NA	NA	NA	NA
NC_045512.2	12784	C	T	11417	5298	48	1	0	34	8.75657e-05	11420	0.999756	FALSE	NA	NA	NA	NA	NA	NA
NC_045512.2	12784	C	A	11417	5298	48	2	0	27	0.000175131	11420	1	FALSE	NA	NA	NA	NA	NA	NA
NC_045512.2	12785	A	T	11413	5254	48	1	1	26	8.76117e-05	11414	1	FALSE	NA	NA	NA	NA	NA	NA
NC_045512.2	12785	A	+C	11413	5254	48	1	0	20	8.76117e-05	11414	1	FALSE	NA	NA	NA	NA	NA	NA
NC_045512.2	12787	A	T	11694	5256	47	1	1	27	8.55066e-05	11695	1	FALSE	NA	NA	NA	NA	NA	NA
NC_045512.2	12788	A	T	11824	5493	48	2	2	30	0.000169119	11826	0.998296	FALSE	NA	NA	NA	NA	NA	NA
NC_045512.2	12789	C	A	11834	5609	48	2	1	36	0.000168976	11836	0.998296	FALSE	NA	NA	NA	NA	NA	NA
NC_045512.2	12790	A	C	11719	5550	47	1	0	24	8.53242e-05	11720	1	FALSE	NA	NA	NA	NA	NA	NA
NC_045512.2	12791	A	T	11313	5160	46	1	0	27	8.83548e-05	11318	1	FALSE	NA	NA	NA	NA	NA	NA
NC_045512.2	12791	A	G	11313	5160	46	2	0	27	0.00017671	11318	1	FALSE	NA	NA	NA	NA	NA	NA
NC_045512.2	12791	A	C	11313	5160	46	2	1	34	0.00017671	11318	0.998294	FALSE	NA	NA	NA	NA	NA	NA
NC_045512.2	12792	A	T	9890	5098	41	1	1	20	0.000100949	9906	1	FALSE	NA	NA	NA	NA	NA	NA
NC_045512.2	12792	A	G	9890	5098	41	1	1	46	0.000100949	9906	0.499646	FALSE	NA	NA	NA	NA	NA	NA
NC_045512.2	12792	A	C	9890	5098	41	14	2	26	0.00141328	9906	1	FALSE	NA	NA	NA	NA	NA	NA
NC_045512.2	12793	G	T	11693	5527	47	1	1	26	8.54628e-05	11701	1	FALSE	NA	NA	NA	NA	NA	NA
NC_045512.2	12793	G	C	11693	5527	47	6	5	26	0.000512777	11701	1	FALSE	NA	NA	NA	NA	NA	NA
NC_045512.2	12793	G	A	11693	5527	47	1	0	34	8.54628e-05	11701	0.999756	FALSE	NA	NA	NA	NA	NA	NA
NC_045512.2	12794	G	T	12050	5689	48	1	1	34	8.296e-05	12054	0.999878	FALSE	NA	NA	NA	NA	NA	NA
NC_045512.2	12794	G	C	12050	5689	48	3	2	29	0.00024888	12054	1	FALSE	NA	NA	NA	NA	NA	NA
NC_045512.2	12795	G	C	12109	5656	48	4	3	25	0.000330224	12113	1	FALSE	NA	NA	NA	NA	NA	NA
NC_045512.2	12796	A	T	12114	5745	47	1	0	27	8.25287e-05	12117	1	FALSE	NA	NA	NA	NA	NA	NA
NC_045512.2	12796	A	G	12114	5745	47	1	1	24	8.25287e-05	12117	1	FALSE	NA	NA	NA	NA	NA	NA
NC_045512.2	12796	A	C	12114	5745	47	1	1	27	8.25287e-05	12117	1	FALSE	NA	NA	NA	NA	NA	NA
NC_045512.2	12797	G	C	11963	5454	47	3	2	39	0.00025071	11966	0.993546	FALSE	NA	NA	NA	NA	NA	NA
NC_045512.2	12798	G	C	12176	5698	47	2	2	26	0.000164231	12178	1	FALSE	NA	NA	NA	NA	NA	NA
NC_045512.2	12799	T	A	12000	5627	47	1	1	27	8.33264e-05	12001	1	FALSE	NA	NA	NA	NA	NA	NA
NC_045512.2	12800	A	T	12214	5891	47	3	2	28	0.000245519	12219	1	FALSE	NA	NA	NA	NA	NA	NA
NC_045512.2	12800	A	G	12214	5891	47	1	1	60	8.18398e-05	12219	0.499939	FALSE	NA	NA	NA	NA	NA	NA
NC_045512.2	12800	A	C	12214	5891	47	1	0	27	8.18398e-05	12219	1	FALSE	NA	NA	NA	NA	NA	NA
NC_045512.2	12801	G	T	12919	5944	48	2	2	23	0.000154763	12923	1	FALSE	NA	NA	NA	NA	NA	NA
NC_045512.2	12801	G	C	12919	5944	48	2	0	20	0.000154763	12923	1	FALSE	NA	NA	NA	NA	NA	NA
NC_045512.2	12802	G	T	13073	6036	48	4	3	25	0.000305881	13077	1	FALSE	NA	NA	NA	NA	NA	NA
NC_045512.2	12803	T	G	11913	5315	44	8	5	26	0.000671028	11922	1	FALSE	NA	NA	NA	NA	NA	NA
NC_045512.2	12803	T	A	11913	5315	44	1	0	27	8.38785e-05	11922	1	FALSE	NA	NA	NA	NA	NA	NA
NC_045512.2	12804	T	G	13200	6552	49	2	2	30	0.000151492	13202	0.999513	FALSE	NA	NA	NA	NA	NA	NA
NC_045512.2	12805	T	G	13235	6550	49	1	1	26	7.55401e-05	13238	1	FALSE	NA	NA	NA	NA	NA	NA
NC_045512.2	12805	T	C	13235	6550	49	2	2	51	0.00015108	13238	0.249991	FALSE	NA	NA	NA	NA	NA	NA
NC_045512.2	12807	T	A	13456	6527	49	2	2	30	0.00014861	13458	0.999513	FALSE	NA	NA	NA	NA	NA	NA
NC_045512.2	12808	A	T	13307	6558	49	3	3	31	0.000225378	13311	0.997915	FALSE	NA	NA	NA	NA	NA	NA
NC_045512.2	12808	A	C	13307	6558	49	1	0	34	7.51258e-05	13311	0.999939	FALSE	NA	NA	NA	NA	NA	NA
NC_045512.2	12809	C	T	13452	6585	49	1	0	34	7.43273e-05	13454	0.999939	FALSE	NA	NA	NA	NA	NA	NA
NC_045512.2	12809	C	A	13452	6585	49	1	1	34	7.43273e-05	13454	0.999939	FALSE	NA	NA	NA	NA	NA	NA
NC_045512.2	12810	T	G	12935	6088	49	1	1	27	7.72977e-05	12937	1	FALSE	NA	NA	NA	NA	NA	NA
NC_045512.2	12810	T	A	12935	6088	49	1	1	34	7.72977e-05	12937	0.999878	FALSE	NA	NA	NA	NA	NA	NA
NC_045512.2	12811	T	G	12317	5426	47	5	5	28	0.000405745	12323	1	FALSE	NA	NA	NA	NA	NA	NA
NC_045512.2	12811	T	A	12317	5426	47	1	0	26	8.11491e-05	12323	1	FALSE	NA	NA	NA	NA	NA	NA
NC_045512.2	12812	G	T	12723	6020	48	1	1	26	7.85793e-05	12726	1	FALSE	NA	NA	NA	NA	NA	NA
NC_045512.2	12812	G	C	12723	6020	48	1	1	20	7.85793e-05	12726	1	FALSE	NA	NA	NA	NA	NA	NA
NC_045512.2	12812	G	A	12723	6020	48	1	1	68	7.85793e-05	12726	0.49998	FALSE	NA	NA	NA	NA	NA	NA
NC_045512.2	12813	C	T	12746	6150	49	1	1	46	7.84437e-05	12748	0.75001	FALSE	NA	NA	NA	NA	NA	NA
NC_045512.2	12813	C	G	12746	6150	49	1	1	34	7.84437e-05	12748	0.999878	FALSE	NA	NA	NA	NA	NA	NA
NC_045512.2	12814	A	C	12669	6175	48	3	1	28	0.000236742	12672	1	FALSE	NA	NA	NA	NA	NA	NA
NC_045512.2	12815	C	G	13104	6239	49	2	2	27	0.000152602	13106	1	FALSE	NA	NA	NA	NA	NA	NA
NC_045512.2	12816	T	C	12940	6088	49	2	0	60	0.000154524	12943	0.24999	FALSE	NA	NA	NA	NA	NA	NA
NC_045512.2	12816	T	A	12940	6088	49	1	0	26	7.72618e-05	12943	1	FALSE	NA	NA	NA	NA	NA	NA
NC_045512.2	12817	G	T	13167	6064	48	1	1	27	7.59359e-05	13169	1	FALSE	NA	NA	NA	NA	NA	NA
NC_045512.2	12817	G	C	13167	6064	48	1	1	26	7.59359e-05	13169	1	FALSE	NA	NA	NA	NA	NA	NA
NC_045512.2	12818	T	G	13186	6083	49	1	1	26	7.58323e-05	13187	1	FALSE	NA	NA	NA	NA	NA	NA
NC_045512.2	12819	T	A	13151	6033	49	1	0	38	7.60341e-05	13152	0.999939	FALSE	NA	NA	NA	NA	NA	NA
NC_045512.2	12820	A	T	13035	6292	49	3	0	29	0.000230097	13038	1	FALSE	NA	NA	NA	NA	NA	NA
NC_045512.2	12821	T	G	13271	6239	50	2	1	30	0.000150682	13273	0.999513	FALSE	NA	NA	NA	NA	NA	NA
NC_045512.2	12822	C	G	12935	6177	49	3	3	25	0.000231857	12939	1	FALSE	NA	NA	NA	NA	NA	NA
NC_045512.2	12822	C	A	12935	6177	49	1	0	26	7.72857e-05	12939	1	FALSE	NA	NA	NA	NA	NA	NA
NC_045512.2	12823	C	T	13062	6229	49	1	0	68	7.65404e-05	13065	0.499981	FALSE	NA	NA	NA	NA	NA	NA
NC_045512.2	12823	C	G	13062	6229	49	1	0	34	7.65404e-05	13065	0.999939	FALSE	NA	NA	NA	NA	NA	NA
NC_045512.2	12823	C	A	13062	6229	49	1	0	26	7.65404e-05	13065	1	FALSE	NA	NA	NA	NA	NA	NA
NC_045512.2	12824	G	T	12937	5993	49	1	1	20	7.72798e-05	12940	1	FALSE	NA	NA	NA	NA	NA	NA
NC_045512.2	12824	G	C	12937	5993	49	2	0	27	0.00015456	12940	1	FALSE	NA	NA	NA	NA	NA	NA
NC_045512.2	12826	T	G	12296	5412	47	5	5	27	0.000406372	12304	1	FALSE	NA	NA	NA	NA	NA	NA
NC_045512.2	12826	T	C	12296	5412	47	2	1	34	0.000162549	12304	0.999085	FALSE	NA	NA	NA	NA	NA	NA
NC_045512.2	12826	T	A	12296	5412	47	1	0	34	8.12744e-05	12304	0.999878	FALSE	NA	NA	NA	NA	NA	NA
NC_045512.2	12827	T	G	12751	5858	49	2	0	30	0.000156814	12754	0.999087	FALSE	NA	NA	NA	NA	NA	NA
NC_045512.2	12827	T	C	12751	5858	49	1	1	27	7.84068e-05	12754	1	FALSE	NA	NA	NA	NA	NA	NA
NC_045512.2	12829	A	G	12824	5918	50	1	0	68	7.79666e-05	12826	0.5	FALSE	NA	NA	NA	NA	NA	NA
NC_045512.2	12829	A	C	12824	5918	50	1	0	26	7.79666e-05	12826	1	FALSE	NA	NA	NA	NA	NA	NA
NC_045512.2	12830	C	G	12695	5936	49	1	0	27	7.87588e-05	12697	1	FALSE	NA	NA	NA	NA	NA	NA
NC_045512.2	12830	C	A	12695	5936	49	1	0	26	7.87588e-05	12697	1	FALSE	NA	NA	NA	NA	NA	NA
NC_045512.2	12831	A	G	12709	5913	49	3	2	45	0.000235979	12713	0.312485	FALSE	NA	NA	NA	NA	NA	NA
NC_045512.2	12831	A	C	12709	5913	49	1	0	27	7.86596e-05	12713	1	FALSE	NA	NA	NA	NA	NA	NA
NC_045512.2	12832	G	T	12829	5864	49	1	1	27	7.79362e-05	12831	1	FALSE	NA	NA	NA	NA	NA	NA
NC_045512.2	12832	G	C	12829	5864	49	1	0	20	7.79362e-05	12831	1	FALSE	NA	NA	NA	NA	NA	NA
NC_045512.2	12833	G	T	12869	6047	49	2	2	23	0.000155364	12873	1	FALSE	NA	NA	NA	NA	NA	NA
NC_045512.2	12833	G	C	12869	6047	49	1	0	27	7.7682e-05	12873	1	FALSE	NA	NA	NA	NA	NA	NA
NC_045512.2	12833	G	A	12869	6047	49	1	0	46	7.7682e-05	12873	0.749971	FALSE	NA	NA	NA	NA	NA	NA
NC_045512.2	12834	A	T	12914	6140	50	5	3	27	0.000386967	12921	1	FALSE	NA	NA	NA	NA	NA	NA
NC_045512.2	12834	A	G	12914	6140	50	2	1	36	0.000154787	12921	0.999085	FALSE	NA	NA	NA	NA	NA	NA
NC_045512.2	12835	T	G	12604	5871	48	2	2	23	0.000158642	12607	1	FALSE	NA	NA	NA	NA	NA	NA
NC_045512.2	12835	T	A	12604	5871	48	1	1	27	7.9321e-05	12607	1	FALSE	NA	NA	NA	NA	NA	NA
NC_045512.2	12836	T	G	12619	5893	48	1	1	26	7.9233e-05	12621	1	FALSE	NA	NA	NA	NA	NA	NA
NC_045512.2	12836	T	A	12619	5893	48	1	0	68	7.9233e-05	12621	0.5	FALSE	NA	NA	NA	NA	NA	NA
NC_045512.2	12837	T	C	13083	6312	51	2	2	27	0.000152835	13086	1	FALSE	NA	NA	NA	NA	NA	NA
NC_045512.2	12837	T	A	13083	6312	51	1	1	26	7.64175e-05	13086	1	FALSE	NA	NA	NA	NA	NA	NA
NC_045512.2	12838	G	T	12888	6309	49	4	4	26	0.000310222	12894	1	FALSE	NA	NA	NA	NA	NA	NA
NC_045512.2	12838	G	A	12888	6309	49	2	1	34	0.000155111	12894	0.999086	FALSE	NA	NA	NA	NA	NA	NA
NC_045512.2	12838	G	-A	12888	6309	49	1	0	20	7.75555e-05	12894	1	FALSE	NA	NA	NA	NA	NA	NA
NC_045512.2	12839	A	T	13003	6475	50	2	2	47	0.000153775	13006	0.499971	FALSE	NA	NA	NA	NA	NA	NA
NC_045512.2	12839	A	G	13003	6475	50	1	0	34	7.68876e-05	13006	0.999939	FALSE	NA	NA	NA	NA	NA	NA
NC_045512.2	12840	A	C	12786	6445	49	3	0	26	0.000234577	12789	1	FALSE	NA	NA	NA	NA	NA	NA
NC_045512.2	12841	A	G	12892	6391	50	3	1	25	0.00023263	12896	1	FALSE	NA	NA	NA	NA	NA	NA
NC_045512.2	12841	A	C	12892	6391	50	1	1	34	7.75434e-05	12896	0.999878	FALSE	NA	NA	NA	NA	NA	NA
NC_045512.2	12842	T	G	12562	6220	50	4	4	26	0.000318243	12569	1	FALSE	NA	NA	NA	NA	NA	NA
NC_045512.2	12842	T	C	12562	6220	50	2	2	40	0.000159122	12569	0.499881	FALSE	NA	NA	NA	NA	NA	NA
NC_045512.2	12842	T	A	12562	6220	50	1	0	20	7.95608e-05	12569	1	FALSE	NA	NA	NA	NA	NA	NA
NC_045512.2	12843	G	T	12834	6438	50	2	0	47	0.000155788	12838	0.499971	FALSE	NA	NA	NA	NA	NA	NA
NC_045512.2	12843	G	C	12834	6438	50	2	1	30	0.000155788	12838	0.999086	FALSE	NA	NA	NA	NA	NA	NA
NC_045512.2	12844	G	T	13006	6530	51	1	0	26	7.68817e-05	13007	1	FALSE	NA	NA	NA	NA	NA	NA
NC_045512.2	12845	G	T	13002	6712	50	2	2	27	0.000153763	13007	1	FALSE	NA	NA	NA	NA	NA	NA
NC_045512.2	12845	G	C	13002	6712	50	1	0	26	7.68817e-05	13007	1	FALSE	NA	NA	NA	NA	NA	NA
NC_045512.2	12845	G	A	13002	6712	50	2	1	68	0.000153763	13007	0.249952	FALSE	NA	NA	NA	NA	NA	NA
NC_045512.2	12846	C	G	12930	6710	49	1	1	20	7.73335e-05	12931	1	FALSE	NA	NA	NA	NA	NA	NA
NC_045512.2	12847	T	G	13132	6900	50	1	1	27	7.61383e-05	13134	1	FALSE	NA	NA	NA	NA	NA	NA
NC_045512.2	12847	T	C	13132	6900	50	1	0	34	7.61383e-05	13134	0.999939	FALSE	NA	NA	NA	NA	NA	NA
NC_045512.2	12848	A	T	13107	6934	51	1	0	68	7.62777e-05	13110	0.499981	FALSE	NA	NA	NA	NA	NA	NA
NC_045512.2	12848	A	C	13107	6934	51	2	0	30	0.000152555	13110	0.999513	FALSE	NA	NA	NA	NA	NA	NA
NC_045512.2	12849	G	T	13085	6958	50	3	2	27	0.000229218	13088	1	FALSE	NA	NA	NA	NA	NA	NA
NC_045512.2	12850	A	T	12662	7120	47	1	1	26	7.89578e-05	12665	1	FALSE	NA	NA	NA	NA	NA	NA
NC_045512.2	12850	A	G	12662	7120	47	2	0	30	0.000157916	12665	0.999087	FALSE	NA	NA	NA	NA	NA	NA
NC_045512.2	12851	T	C	13188	7108	50	1	1	26	7.58208e-05	13189	1	FALSE	NA	NA	NA	NA	NA	NA
NC_045512.2	12852	T	G	12779	6928	51	2	2	26	0.000156458	12783	1	FALSE	NA	NA	NA	NA	NA	NA
NC_045512.2	12852	T	C	12779	6928	51	2	2	34	0.000156458	12783	0.999086	FALSE	NA	NA	NA	NA	NA	NA
NC_045512.2	12853	C	A	13540	7090	50	1	0	26	7.38498e-05	13541	1	FALSE	NA	NA	NA	NA	NA	NA
NC_045512.2	12854	C	G	13452	7050	50	2	2	30	0.000148633	13456	0.999513	FALSE	NA	NA	NA	NA	NA	NA
NC_045512.2	12854	C	A	13452	7050	50	2	0	30	0.000148633	13456	0.999513	FALSE	NA	NA	NA	NA	NA	NA
NC_045512.2	12855	C	A	13490	7068	50	1	1	68	7.41235e-05	13491	0.500019	FALSE	NA	NA	NA	NA	NA	NA
NC_045512.2	12856	T	G	13460	7001	50	1	0	24	7.42832e-05	13462	1	FALSE	NA	NA	NA	NA	NA	NA
NC_045512.2	12856	T	C	13460	7001	50	1	0	34	7.42832e-05	13462	0.999939	FALSE	NA	NA	NA	NA	NA	NA
NC_045512.2	12856	T	-A	13460	7001	50	1	0	20	7.42832e-05	13462	1	FALSE	NA	NA	NA	NA	NA	NA
NC_045512.2	12857	A	T	13446	7048	50	1	0	24	7.43605e-05	13448	1	FALSE	NA	NA	NA	NA	NA	NA
NC_045512.2	12857	A	C	13446	7048	50	1	1	27	7.43605e-05	13448	1	FALSE	NA	NA	NA	NA	NA	NA
NC_045512.2	12858	A	G	13298	7108	50	2	1	30	0.000150365	13301	0.999513	FALSE	NA	NA	NA	NA	NA	NA
NC_045512.2	12858	A	C	13298	7108	50	1	0	26	7.51823e-05	13301	1	FALSE	NA	NA	NA	NA	NA	NA
NC_045512.2	12859	G	C	13547	7111	50	2	0	23	0.000147612	13549	1	FALSE	NA	NA	NA	NA	NA	NA
NC_045512.2	12860	A	G	13333	7085	49	1	1	26	7.49963e-05	13334	1	FALSE	NA	NA	NA	NA	NA	NA
NC_045512.2	12861	G	T	13551	7095	50	2	2	34	0.000147558	13554	0.999513	FALSE	NA	NA	NA	NA	NA	NA
NC_045512.2	12861	G	C	13551	7095	50	1	1	26	7.3779e-05	13554	1	FALSE	NA	NA	NA	NA	NA	NA
NC_045512.2	12862	T	G	12390	6236	51	1	0	27	8.06972e-05	12392	1	FALSE	NA	NA	NA	NA	NA	NA
NC_045512.2	12862	T	A	12390	6236	51	1	0	34	8.06972e-05	12392	0.999878	FALSE	NA	NA	NA	NA	NA	NA
NC_045512.2	12863	G	T	12501	6324	51	3	3	29	0.000239904	12505	1	FALSE	NA	NA	NA	NA	NA	NA
NC_045512.2	12863	G	C	12501	6324	51	1	1	27	7.9968e-05	12505	1	FALSE	NA	NA	NA	NA	NA	NA
NC_045512.2	12864	A	T	12601	6427	52	1	1	34	7.93525e-05	12602	0.999878	FALSE	NA	NA	NA	NA	NA	NA
NC_045512.2	12865	T	G	12514	6400	51	4	3	27	0.000319514	12519	1	FALSE	NA	NA	NA	NA	NA	NA
NC_045512.2	12865	T	C	12514	6400	51	1	0	68	7.98786e-05	12519	0.49994	FALSE	NA	NA	NA	NA	NA	NA
NC_045512.2	12866	G	T	12484	6407	51	1	1	27	8.00897e-05	12486	1	FALSE	NA	NA	NA	NA	NA	NA
NC_045512.2	12866	G	A	12484	6407	51	1	1	68	8.00897e-05	12486	0.5	FALSE	NA	NA	NA	NA	NA	NA
NC_045512.2	12867	G	C	12494	6448	51	2	2	29	0.000160051	12496	1	FALSE	NA	NA	NA	NA	NA	NA
NC_045512.2	12869	A	T	12386	6488	51	2	2	23	0.000161394	12392	1	FALSE	NA	NA	NA	NA	NA	NA
NC_045512.2	12869	A	G	12386	6488	51	3	1	49	0.000242092	12392	0.312424	FALSE	NA	NA	NA	NA	NA	NA
NC_045512.2	12869	A	C	12386	6488	51	1	0	27	8.06972e-05	12392	1	FALSE	NA	NA	NA	NA	NA	NA
NC_045512.2	12870	C	G	12436	6619	51	2	1	30	0.000160759	12441	0.999086	FALSE	NA	NA	NA	NA	NA	NA
NC_045512.2	12870	C	A	12436	6619	51	3	0	24	0.000241138	12441	1	FALSE	NA	NA	NA	NA	NA	NA
NC_045512.2	12871	T	G	12328	6487	51	1	1	27	8.1103e-05	12330	1	FALSE	NA	NA	NA	NA	NA	NA
NC_045512.2	12871	T	C	12328	6487	51	1	0	60	8.1103e-05	12330	0.5	FALSE	NA	NA	NA	NA	NA	NA
NC_045512.2	12872	G	T	12401	6476	51	2	2	27	0.000161238	12404	1	FALSE	NA	NA	NA	NA	NA	NA
NC_045512.2	12872	G	C	12401	6476	51	1	0	34	8.06192e-05	12404	0.999878	FALSE	NA	NA	NA	NA	NA	NA
NC_045512.2	12873	G	T	12454	6508	51	1	0	68	8.02697e-05	12458	0.49996	FALSE	NA	NA	NA	NA	NA	NA
NC_045512.2	12873	G	C	12454	6508	51	2	2	25	0.000160539	12458	1	FALSE	NA	NA	NA	NA	NA	NA
NC_045512.2	12873	G	A	12454	6508	51	1	1	68	8.02697e-05	12458	0.49996	FALSE	NA	NA	NA	NA	NA	NA
NC_045512.2	12874	T	C	12497	6577	52	4	2	56	0.000319974	12501	0.062495	FALSE	NA	NA	NA	NA	NA	NA
NC_045512.2	12875	A	T	12588	6704	52	1	1	26	7.94218e-05	12591	1	FALSE	NA	NA	NA	NA	NA	NA
NC_045512.2	12875	A	C	12588	6704	52	2	1	26	0.000158844	12591	1	FALSE	NA	NA	NA	NA	NA	NA
NC_045512.2	12877	T	C	12731	6624	52	1	0	34	7.85423e-05	12732	0.999878	FALSE	NA	NA	NA	NA	NA	NA
NC_045512.2	12878	A	T	13078	6807	52	2	1	26	0.000152858	13084	1	FALSE	NA	NA	NA	NA	NA	NA
NC_045512.2	12878	A	G	13078	6807	52	1	1	68	7.64292e-05	13084	0.499924	FALSE	NA	NA	NA	NA	NA	NA
NC_045512.2	12878	A	C	13078	6807	52	3	2	26	0.000229288	13084	1	FALSE	NA	NA	NA	NA	NA	NA
NC_045512.2	12879	T	G	12242	5895	49	9	8	29	0.000734634	12251	1	FALSE	NA	NA	NA	NA	NA	NA
NC_045512.2	12880	C	T	1	0	60	12989	6739	52	0.999769	12992	0	TRUE	NA	NA	NA	NA	NA	NA
NC_045512.2	12880	C	G	1	0	60	1	1	20	7.69704e-05	12992	0.0199114	FALSE	NA	NA	NA	NA	NA	NA
NC_045512.2	12880	C	A	1	0	60	1	1	26	7.69704e-05	12992	0.0199114	FALSE	NA	NA	NA	NA	NA	NA
NC_045512.2	12881	T	C	12874	6704	52	1	1	27	7.76699e-05	12875	1	FALSE	NA	NA	NA	NA	NA	NA
NC_045512.2	12883	T	G	12998	6731	52	1	0	24	7.69172e-05	13001	1	FALSE	NA	NA	NA	NA	NA	NA
NC_045512.2	12883	T	C	12998	6731	52	2	2	27	0.000153834	13001	1	FALSE	NA	NA	NA	NA	NA	NA
NC_045512.2	12884	A	T	13004	6763	52	1	1	26	7.68876e-05	13006	1	FALSE	NA	NA	NA	NA	NA	NA
NC_045512.2	12884	A	G	13004	6763	52	1	1	34	7.68876e-05	13006	0.999939	FALSE	NA	NA	NA	NA	NA	NA
NC_045512.2	12885	C	A	12844	6929	51	1	0	27	7.78513e-05	12845	1	FALSE	NA	NA	NA	NA	NA	NA
NC_045512.2	12887	G	C	12645	6395	51	1	1	26	7.90764e-05	12646	1	FALSE	NA	NA	NA	NA	NA	NA
NC_045512.2	12887	G	-A	12645	6395	51	1	0	20	7.90764e-05	12646	1	FALSE	NA	NA	NA	NA	NA	NA
NC_045512.2	12888	A	G	12740	6524	52	1	1	68	7.84868e-05	12741	0.5	FALSE	NA	NA	NA	NA	NA	NA
NC_045512.2	12889	A	G	12587	6509	51	2	1	57	0.000158856	12590	0.24999	FALSE	NA	NA	NA	NA	NA	NA
NC_045512.2	12889	A	C	12587	6509	51	1	0	26	7.94281e-05	12590	1	FALSE	NA	NA	NA	NA	NA	NA
NC_045512.2	12890	C	G	12640	6679	51	1	1	34	7.91014e-05	12642	0.999878	FALSE	NA	NA	NA	NA	NA	NA
NC_045512.2	12890	C	A	12640	6679	51	1	0	34	7.91014e-05	12642	0.999878	FALSE	NA	NA	NA	NA	NA	NA
NC_045512.2	12891	T	G	12464	6396	51	2	2	27	0.000160436	12466	1	FALSE	NA	NA	NA	NA	NA	NA
NC_045512.2	12892	G	T	12551	6456	51	2	2	27	0.000159324	12553	1	FALSE	NA	NA	NA	NA	NA	NA
NC_045512.2	12893	G	T	12568	6498	50	1	0	27	7.95545e-05	12570	1	FALSE	NA	NA	NA	NA	NA	NA
NC_045512.2	12893	G	A	12568	6498	50	1	0	34	7.95545e-05	12570	0.999878	FALSE	NA	NA	NA	NA	NA	NA
NC_045512.2	12894	A	G	12808	6780	52	1	0	68	7.80701e-05	12809	0.50002	FALSE	NA	NA	NA	NA	NA	NA
NC_045512.2	12895	A	G	12675	6807	51	2	1	29	0.000157754	12678	1	FALSE	NA	NA	NA	NA	NA	NA
NC_045512.2	12895	A	C	12675	6807	51	1	0	34	7.88768e-05	12678	0.999878	FALSE	NA	NA	NA	NA	NA	NA
NC_045512.2	12897	C	A	12171	6507	51	2	1	34	0.000164298	12173	0.999087	FALSE	NA	NA	NA	NA	NA	NA
NC_045512.2	12898	A	G	12292	6442	52	1	0	26	8.13471e-05	12293	1	FALSE	NA	NA	NA	NA	NA	NA
NC_045512.2	12899	C	G	12502	6465	51	3	1	39	0.000239885	12506	0.996316	FALSE	NA	NA	NA	NA	NA	NA
NC_045512.2	12899	C	A	12502	6465	51	1	1	34	7.99616e-05	12506	0.999878	FALSE	NA	NA	NA	NA	NA	NA
NC_045512.2	12900	C	T	12531	6496	51	1	0	34	7.97766e-05	12535	0.999878	FALSE	NA	NA	NA	NA	NA	NA
NC_045512.2	12900	C	G	12531	6496	51	3	3	29	0.00023933	12535	1	FALSE	NA	NA	NA	NA	NA	NA
NC_045512.2	12901	T	G	12411	6297	51	1	1	27	8.05477e-05	12415	1	FALSE	NA	NA	NA	NA	NA	NA
NC_045512.2	12901	T	C	12411	6297	51	1	1	34	8.05477e-05	12415	0.999878	FALSE	NA	NA	NA	NA	NA	NA
NC_045512.2	12901	T	A	12411	6297	51	2	0	27	0.000161095	12415	1	FALSE	NA	NA	NA	NA	NA	NA
NC_045512.2	12902	T	C	12414	6429	51	1	1	34	8.05283e-05	12418	0.999878	FALSE	NA	NA	NA	NA	NA	NA
NC_045512.2	12902	T	A	12414	6429	51	3	0	28	0.000241585	12418	1	FALSE	NA	NA	NA	NA	NA	NA
NC_045512.2	12903	G	T	12477	6433	51	3	3	27	0.000240385	12480	1	FALSE	NA	NA	NA	NA	NA	NA
NC_045512.2	12904	T	G	12339	6393	50	1	1	34	8.10307e-05	12341	0.999878	FALSE	NA	NA	NA	NA	NA	NA
NC_045512.2	12904	T	C	12339	6393	50	1	0	68	8.10307e-05	12341	0.5	FALSE	NA	NA	NA	NA	NA	NA
NC_045512.2	12905	A	T	12394	6514	50	2	2	47	0.000161225	12405	0.499758	FALSE	NA	NA	NA	NA	NA	NA
NC_045512.2	12905	A	G	12394	6514	50	2	2	68	0.000161225	12405	0.249829	FALSE	NA	NA	NA	NA	NA	NA
NC_045512.2	12905	A	C	12394	6514	50	7	1	27	0.000564289	12405	1	FALSE	NA	NA	NA	NA	NA	NA
NC_045512.2	12907	G	T	12442	6422	51	2	2	30	0.00016072	12444	0.999087	FALSE	NA	NA	NA	NA	NA	NA
NC_045512.2	12908	T	G	11031	5112	47	5	5	26	0.000453063	11036	1	FALSE	NA	NA	NA	NA	NA	NA
NC_045512.2	12909	T	C	11984	6170	52	1	0	27	8.34376e-05	11985	1	FALSE	NA	NA	NA	NA	NA	NA
NC_045512.2	12910	T	A	11935	6086	51	1	1	26	8.37802e-05	11936	1	FALSE	NA	NA	NA	NA	NA	NA
NC_045512.2	12911	G	A	12211	6096	51	1	1	34	8.18867e-05	12212	0.999878	FALSE	NA	NA	NA	NA	NA	NA
NC_045512.2	12913	T	C	12312	6237	52	3	1	38	0.000243605	12315	0.996318	FALSE	NA	NA	NA	NA	NA	NA
NC_045512.2	12915	C	G	12184	6198	51	2	2	26	0.000164123	12186	1	FALSE	NA	NA	NA	NA	NA	NA
NC_045512.2	12916	A	G	12098	6159	51	3	0	31	0.000247913	12101	0.996318	FALSE	NA	NA	NA	NA	NA	NA
NC_045512.2	12917	G	A	12186	6176	51	1	1	68	8.20546e-05	12187	0.500021	FALSE	NA	NA	NA	NA	NA	NA
NC_045512.2	12919	C	G	12226	6517	52	1	0	68	8.17862e-05	12227	0.50002	FALSE	NA	NA	NA	NA	NA	NA
NC_045512.2	12920	A	T	11835	6209	52	1	0	34	8.4488e-05	11836	0.999757	FALSE	NA	NA	NA	NA	NA	NA
NC_045512.2	12921	C	T	12406	6325	52	2	1	51	0.00016116	12410	0.24997	FALSE	NA	NA	NA	NA	NA	NA
NC_045512.2	12921	C	G	12406	6325	52	1	1	34	8.05802e-05	12410	0.999878	FALSE	NA	NA	NA	NA	NA	NA
NC_045512.2	12921	C	A	12406	6325	52	1	0	26	8.05802e-05	12410	1	FALSE	NA	NA	NA	NA	NA	NA
NC_045512.2	12922	A	G	12499	6345	52	1	0	68	8e-05	12500	0.50002	FALSE	NA	NA	NA	NA	NA	NA
NC_045512.2	12922	A	+T	12499	6345	52	1	0	20	8e-05	12500	1	FALSE	NA	NA	NA	NA	NA	NA
NC_045512.2	12923	C	A	12928	6556	50	1	0	34	7.73455e-05	12929	0.999878	FALSE	NA	NA	NA	NA	NA	NA
NC_045512.2	12924	C	T	12877	6636	51	1	1	38	7.76337e-05	12881	0.999878	FALSE	NA	NA	NA	NA	NA	NA
NC_045512.2	12924	C	G	12877	6636	51	1	0	68	7.76337e-05	12881	0.499961	FALSE	NA	NA	NA	NA	NA	NA
NC_045512.2	12924	C	A	12877	6636	51	2	0	27	0.000155267	12881	1	FALSE	NA	NA	NA	NA	NA	NA
NC_045512.2	12925	T	G	12779	6502	51	1	1	34	7.82411e-05	12781	0.999878	FALSE	NA	NA	NA	NA	NA	NA
NC_045512.2	12925	T	C	12779	6502	51	1	0	68	7.82411e-05	12781	0.5	FALSE	NA	NA	NA	NA	NA	NA
NC_045512.2	12926	A	T	12647	6575	50	1	1	27	7.90576e-05	12649	1	FALSE	NA	NA	NA	NA	NA	NA
NC_045512.2	12926	A	G	12647	6575	50	1	1	68	7.90576e-05	12649	0.5	FALSE	NA	NA	NA	NA	NA	NA
NC_045512.2	12926	A	+C	12647	6575	50	1	0	20	7.90576e-05	12649	1	FALSE	NA	NA	NA	NA	NA	NA
NC_045512.2	12928	A	T	12327	6684	48	2	2	34	0.00016214	12335	0.999085	FALSE	NA	NA	NA	NA	NA	NA
NC_045512.2	12928	A	C	12327	6684	48	6	2	38	0.000486421	12335	0.951917	FALSE	NA	NA	NA	NA	NA	NA
NC_045512.2	12929	G	T	12664	6644	50	1	1	26	7.89515e-05	12666	1	FALSE	NA	NA	NA	NA	NA	NA
NC_045512.2	12929	G	C	12664	6644	50	1	0	20	7.89515e-05	12666	1	FALSE	NA	NA	NA	NA	NA	NA
NC_045512.2	12930	G	C	12623	6356	50	2	2	30	0.000158416	12625	0.999087	FALSE	NA	NA	NA	NA	NA	NA
NC_045512.2	12931	T	C	12317	6052	51	2	2	34	0.000162351	12319	0.999087	FALSE	NA	NA	NA	NA	NA	NA
NC_045512.2	12933	C	T	11899	5859	50	1	1	68	8.40336e-05	11900	0.500021	FALSE	NA	NA	NA	NA	NA	NA
NC_045512.2	12934	T	C	12017	5864	51	1	0	38	8.32085e-05	12018	0.999878	FALSE	NA	NA	NA	NA	NA	NA
NC_045512.2	12935	A	T	11914	5890	50	1	0	34	8.38926e-05	11920	0.999756	FALSE	NA	NA	NA	NA	NA	NA
NC_045512.2	12935	A	G	11914	5890	50	2	0	47	0.000167785	11920	0.499874	FALSE	NA	NA	NA	NA	NA	NA
NC_045512.2	12935	A	C	11914	5890	50	3	0	29	0.000251678	11920	1	FALSE	NA	NA	NA	NA	NA	NA
NC_045512.2	12936	A	T	11649	5832	49	2	2	30	0.000171585	11656	0.998291	FALSE	NA	NA	NA	NA	NA	NA
NC_045512.2	12936	A	G	11649	5832	49	1	0	34	8.57927e-05	11656	0.999756	FALSE	NA	NA	NA	NA	NA	NA
NC_045512.2	12936	A	C	11649	5832	49	4	2	32	0.000343171	11656	0.982429	FALSE	NA	NA	NA	NA	NA	NA
NC_045512.2	12937	A	T	11660	5921	49	1	1	27	8.57339e-05	11664	1	FALSE	NA	NA	NA	NA	NA	NA
NC_045512.2	12937	A	C	11660	5921	49	3	0	29	0.000257202	11664	1	FALSE	NA	NA	NA	NA	NA	NA
NC_045512.2	12938	G	C	12070	5969	50	1	1	26	8.28432e-05	12071	1	FALSE	NA	NA	NA	NA	NA	NA
NC_045512.2	12939	T	G	10901	4824	48	9	9	30	0.00082478	10912	0.676197	FALSE	NA	NA	NA	NA	NA	NA
NC_045512.2	12939	T	C	10901	4824	48	1	1	34	9.16422e-05	10912	0.999511	FALSE	NA	NA	NA	NA	NA	NA
NC_045512.2	12939	T	A	10901	4824	48	1	0	26	9.16422e-05	10912	1	FALSE	NA	NA	NA	NA	NA	NA
NC_045512.2	12940	G	T	11565	5531	50	1	1	34	8.64528e-05	11567	0.999757	FALSE	NA	NA	NA	NA	NA	NA
NC_045512.2	12940	G	C	11565	5531	50	1	1	34	8.64528e-05	11567	0.999757	FALSE	NA	NA	NA	NA	NA	NA
NC_045512.2	12941	A	G	11697	5688	50	2	1	68	0.000170955	11699	0.250011	FALSE	NA	NA	NA	NA	NA	NA
NC_045512.2	12941	A	+C	11697	5688	50	1	0	20	8.54774e-05	11699	1	FALSE	NA	NA	NA	NA	NA	NA
NC_045512.2	12942	A	T	11606	5724	50	2	2	32	0.000172206	11614	0.998291	FALSE	NA	NA	NA	NA	NA	NA
NC_045512.2	12942	A	C	11606	5724	50	6	2	29	0.000516618	11614	1	FALSE	NA	NA	NA	NA	NA	NA
NC_045512.2	12943	G	C	12211	5749	49	3	3	24	0.00024562	12214	1	FALSE	NA	NA	NA	NA	NA	NA
NC_045512.2	12945	A	T	12345	5992	49	1	0	26	8.09717e-05	12350	1	FALSE	NA	NA	NA	NA	NA	NA
NC_045512.2	12945	A	G	12345	5992	49	4	1	26	0.000323887	12350	1	FALSE	NA	NA	NA	NA	NA	NA
NC_045512.2	12946	T	G	12279	5732	48	1	1	27	8.14332e-05	12280	1	FALSE	NA	NA	NA	NA	NA	NA
NC_045512.2	12947	T	A	12413	5926	50	1	1	24	8.05542e-05	12414	1	FALSE	NA	NA	NA	NA	NA	NA
NC_045512.2	12948	T	C	12454	5938	50	1	1	27	8.0289e-05	12455	1	FALSE	NA	NA	NA	NA	NA	NA
NC_045512.2	12949	A	G	12375	5939	50	1	0	34	8.08016e-05	12376	0.999878	FALSE	NA	NA	NA	NA	NA	NA
NC_045512.2	12950	T	C	12501	6008	51	1	0	24	7.99872e-05	12502	1	FALSE	NA	NA	NA	NA	NA	NA
NC_045512.2	12951	A	G	12378	6001	50	1	0	38	8.0782e-05	12379	0.999878	FALSE	NA	NA	NA	NA	NA	NA
NC_045512.2	12952	C	G	12336	6270	49	1	0	24	8.10504e-05	12338	1	FALSE	NA	NA	NA	NA	NA	NA
NC_045512.2	12952	C	A	12336	6270	49	1	0	34	8.10504e-05	12338	0.999878	FALSE	NA	NA	NA	NA	NA	NA
NC_045512.2	12953	T	G	11467	5439	49	1	1	27	8.71992e-05	11468	1	FALSE	NA	NA	NA	NA	NA	NA
NC_045512.2	12955	T	A	11442	5402	49	1	0	27	8.73897e-05	11443	1	FALSE	NA	NA	NA	NA	NA	NA
NC_045512.2	12956	A	C	11556	5572	50	1	0	34	8.65276e-05	11557	0.999757	FALSE	NA	NA	NA	NA	NA	NA
NC_045512.2	12957	T	G	11583	5579	50	2	2	26	0.000172637	11585	1	FALSE	NA	NA	NA	NA	NA	NA
NC_045512.2	12958	T	C	11614	5693	51	1	1	34	8.60956e-05	11615	0.999757	FALSE	NA	NA	NA	NA	NA	NA
NC_045512.2	12960	A	T	11350	5699	49	1	1	34	8.80747e-05	11354	0.999756	FALSE	NA	NA	NA	NA	NA	NA
NC_045512.2	12960	A	G	11350	5699	49	2	2	43	0.000176149	11354	0.499967	FALSE	NA	NA	NA	NA	NA	NA
NC_045512.2	12960	A	C	11350	5699	49	1	0	20	8.80747e-05	11354	1	FALSE	NA	NA	NA	NA	NA	NA
NC_045512.2	12961	A	C	11357	5718	50	1	0	34	8.80437e-05	11358	0.999757	FALSE	NA	NA	NA	NA	NA	NA
NC_045512.2	12963	G	T	11848	5741	49	2	0	25	0.000168734	11853	1	FALSE	NA	NA	NA	NA	NA	NA
NC_045512.2	12963	G	C	11848	5741	49	3	0	24	0.0002531	11853	1	FALSE	NA	NA	NA	NA	NA	NA
NC_045512.2	12964	A	G	12043	5796	50	1	0	52	8.30289e-05	12044	0.500021	FALSE	NA	NA	NA	NA	NA	NA
NC_045512.2	12965	T	C	12023	5807	50	2	2	34	0.00016632	12025	0.999087	FALSE	NA	NA	NA	NA	NA	NA
NC_045512.2	12967	A	T	11982	5955	50	2	2	23	0.000166889	11984	1	FALSE	NA	NA	NA	NA	NA	NA
NC_045512.2	12968	A	G	11719	6022	49	1	0	27	8.53097e-05	11722	1	FALSE	NA	NA	NA	NA	NA	NA
NC_045512.2	12968	A	C	11719	6022	49	2	0	30	0.000170619	11722	0.998295	FALSE	NA	NA	NA	NA	NA	NA
NC_045512.2	12969	A	G	11882	6034	50	1	0	27	8.41468e-05	11884	1	FALSE	NA	NA	NA	NA	NA	NA
NC_045512.2	12969	A	C	11882	6034	50	1	1	34	8.41468e-05	11884	0.999757	FALSE	NA	NA	NA	NA	NA	NA
NC_045512.2	12972	A	C	11520	5695	49	2	0	30	0.000173581	11522	0.998296	FALSE	NA	NA	NA	NA	NA	NA
NC_045512.2	12973	C	T	11849	5714	49	2	1	36	0.000168762	11851	0.998296	FALSE	NA	NA	NA	NA	NA	NA
NC_045512.2	12974	C	G	11840	5799	49	1	0	27	8.44381e-05	11843	1	FALSE	NA	NA	NA	NA	NA	NA
NC_045512.2	12974	C	A	11840	5799	49	2	0	22	0.000168876	11843	1	FALSE	NA	NA	NA	NA	NA	NA
NC_045512.2	12975	T	G	11811	5694	49	1	1	24	8.46453e-05	11814	1	FALSE	NA	NA	NA	NA	NA	NA
NC_045512.2	12975	T	C	11811	5694	49	2	1	29	0.000169291	11814	1	FALSE	NA	NA	NA	NA	NA	NA
NC_045512.2	12976	A	C	12239	5963	48	5	0	29	0.000408363	12244	1	FALSE	NA	NA	NA	NA	NA	NA
NC_045512.2	12977	A	T	12202	5884	48	1	0	34	8.19336e-05	12205	0.999878	FALSE	NA	NA	NA	NA	NA	NA
NC_045512.2	12977	A	C	12202	5884	48	2	1	26	0.000163867	12205	1	FALSE	NA	NA	NA	NA	NA	NA
NC_045512.2	12978	A	C	12026	5927	47	3	0	31	0.000249397	12029	0.996318	FALSE	NA	NA	NA	NA	NA	NA
NC_045512.2	12979	T	G	12431	5814	49	3	3	26	0.000241255	12435	1	FALSE	NA	NA	NA	NA	NA	NA
NC_045512.2	12979	T	A	12431	5814	49	1	1	34	8.04182e-05	12435	0.999878	FALSE	NA	NA	NA	NA	NA	NA
NC_045512.2	12980	A	T	12268	5873	48	3	0	24	0.000244439	12273	1	FALSE	NA	NA	NA	NA	NA	NA
NC_045512.2	12980	A	C	12268	5873	48	2	2	27	0.000162959	12273	1	FALSE	NA	NA	NA	NA	NA	NA
NC_045512.2	12981	G	T	12570	5868	49	1	1	24	7.95292e-05	12574	1	FALSE	NA	NA	NA	NA	NA	NA
NC_045512.2	12981	G	C	12570	5868	49	2	1	47	0.000159058	12574	0.49997	FALSE	NA	NA	NA	NA	NA	NA
NC_045512.2	12981	G	A	12570	5868	49	1	0	26	7.95292e-05	12574	1	FALSE	NA	NA	NA	NA	NA	NA
NC_045512.2	12982	A	T	12237	5579	49	1	0	34	8.1706e-05	12239	0.999878	FALSE	NA	NA	NA	NA	NA	NA
NC_045512.2	12982	A	G	12237	5579	49	1	0	24	8.1706e-05	12239	1	FALSE	NA	NA	NA	NA	NA	NA
NC_045512.2	12983	G	C	12223	5519	48	1	1	26	8.17996e-05	12225	1	FALSE	NA	NA	NA	NA	NA	NA
NC_045512.2	12983	G	A	12223	5519	48	1	1	34	8.17996e-05	12225	0.999878	FALSE	NA	NA	NA	NA	NA	NA
NC_045512.2	12984	G	A	12748	5637	47	2	0	60	0.000156863	12750	0.25001	FALSE	NA	NA	NA	NA	NA	NA
NC_045512.2	12985	T	G	12334	5321	49	1	1	27	8.1057e-05	12337	1	FALSE	NA	NA	NA	NA	NA	NA
NC_045512.2	12985	T	C	12334	5321	49	2	1	24	0.000162114	12337	1	FALSE	NA	NA	NA	NA	NA	NA
NC_045512.2	12986	A	G	12485	5428	49	1	0	34	8.00897e-05	12486	0.999878	FALSE	NA	NA	NA	NA	NA	NA
NC_045512.2	12987	T	C	12543	5436	49	1	0	68	7.97194e-05	12544	0.50002	FALSE	NA	NA	NA	NA	NA	NA
NC_045512.2	12988	G	T	12448	5375	49	2	2	27	0.00016063	12451	1	FALSE	NA	NA	NA	NA	NA	NA
NC_045512.2	12988	G	C	12448	5375	49	1	0	34	8.03148e-05	12451	0.999878	FALSE	NA	NA	NA	NA	NA	NA
NC_045512.2	12990	T	C	12954	5406	49	1	0	34	7.71903e-05	12955	0.999878	FALSE	NA	NA	NA	NA	NA	NA
NC_045512.2	12991	A	T	12988	5461	49	1	1	24	7.69823e-05	12990	1	FALSE	NA	NA	NA	NA	NA	NA
NC_045512.2	12991	A	C	12988	5461	49	1	0	34	7.69823e-05	12990	0.999878	FALSE	NA	NA	NA	NA	NA	NA
NC_045512.2	12992	C	G	12787	5520	48	5	0	26	0.000390869	12792	1	FALSE	NA	NA	NA	NA	NA	NA
NC_045512.2	12993	T	G	11887	4544	46	7	6	27	0.000588532	11894	1	FALSE	NA	NA	NA	NA	NA	NA
NC_045512.2	12994	T	A	12264	4968	49	1	0	27	8.15328e-05	12265	1	FALSE	NA	NA	NA	NA	NA	NA
NC_045512.2	12995	G	T	12265	4965	49	1	1	20	8.15262e-05	12266	1	FALSE	NA	NA	NA	NA	NA	NA
NC_045512.2	12997	T	G	12381	5126	50	2	1	26	0.000161486	12385	1	FALSE	NA	NA	NA	NA	NA	NA
NC_045512.2	12997	T	C	12381	5126	50	1	1	34	8.07428e-05	12385	0.999878	FALSE	NA	NA	NA	NA	NA	NA
NC_045512.2	12997	T	A	12381	5126	50	1	0	26	8.07428e-05	12385	1	FALSE	NA	NA	NA	NA	NA	NA
NC_045512.2	12998	A	C	11690	4708	49	3	1	29	0.000256564	11693	1	FALSE	NA	NA	NA	NA	NA	NA
NC_045512.2	13000	T	G	11445	4325	48	4	4	28	0.000349314	11451	1	FALSE	NA	NA	NA	NA	NA	NA
NC_045512.2	13000	T	C	11445	4325	48	1	0	24	8.73286e-05	11451	1	FALSE	NA	NA	NA	NA	NA	NA
NC_045512.2	13000	T	A	11445	4325	48	1	0	20	8.73286e-05	11451	1	FALSE	NA	NA	NA	NA	NA	NA
NC_045512.2	13001	T	C	11733	4576	49	1	0	68	8.52224e-05	11734	0.500021	FALSE	NA	NA	NA	NA	NA	NA
NC_045512.2	13002	T	G	11717	4669	50	1	1	34	8.53315e-05	11719	0.999757	FALSE	NA	NA	NA	NA	NA	NA
NC_045512.2	13002	T	A	11717	4669	50	1	1	26	8.53315e-05	11719	1	FALSE	NA	NA	NA	NA	NA	NA
NC_045512.2	13003	A	G	11694	4715	50	3	1	31	0.000256454	11698	0.993543	FALSE	NA	NA	NA	NA	NA	NA
NC_045512.2	13003	A	C	11694	4715	50	1	0	26	8.54847e-05	11698	1	FALSE	NA	NA	NA	NA	NA	NA
NC_045512.2	13004	G	T	11563	4780	49	1	1	34	8.64603e-05	11566	0.999756	FALSE	NA	NA	NA	NA	NA	NA
NC_045512.2	13004	G	C	11563	4780	49	2	0	30	0.000172921	11566	0.998295	FALSE	NA	NA	NA	NA	NA	NA
NC_045512.2	13005	C	A	11482	4948	49	3	1	28	0.00026121	11485	1	FALSE	NA	NA	NA	NA	NA	NA
NC_045512.2	13006	T	G	11652	4895	49	2	2	23	0.000171615	11654	1	FALSE	NA	NA	NA	NA	NA	NA
NC_045512.2	13007	G	C	11578	4917	49	1	0	27	8.63483e-05	11581	1	FALSE	NA	NA	NA	NA	NA	NA
NC_045512.2	13007	G	A	11578	4917	49	2	1	34	0.000172697	11581	0.998295	FALSE	NA	NA	NA	NA	NA	NA
NC_045512.2	13007	G	-C	11578	4917	49	1	0	20	8.63483e-05	11581	1	FALSE	NA	NA	NA	NA	NA	NA
NC_045512.2	13008	C	T	11403	4876	49	2	2	27	0.000175331	11407	1	FALSE	NA	NA	NA	NA	NA	NA
NC_045512.2	13008	C	G	11403	4876	49	1	0	34	8.76655e-05	11407	0.999756	FALSE	NA	NA	NA	NA	NA	NA
NC_045512.2	13008	C	A	11403	4876	49	1	0	34	8.76655e-05	11407	0.999756	FALSE	NA	NA	NA	NA	NA	NA
NC_045512.2	13009	C	G	11494	4945	49	2	1	27	0.000173974	11496	1	FALSE	NA	NA	NA	NA	NA	NA
NC_045512.2	13010	A	C	11494	4894	49	1	0	26	8.69943e-05	11495	1	FALSE	NA	NA	NA	NA	NA	NA
NC_045512.2	13011	C	A	11513	4954	49	1	1	24	8.68508e-05	11514	1	FALSE	NA	NA	NA	NA	NA	NA
NC_045512.2	13013	G	C	11458	4902	49	1	0	27	8.72676e-05	11459	1	FALSE	NA	NA	NA	NA	NA	NA
NC_045512.2	13015	A	T	11346	4901	49	1	1	26	8.81135e-05	11349	1	FALSE	NA	NA	NA	NA	NA	NA
NC_045512.2	13015	A	G	11346	4901	49	1	0	34	8.81135e-05	11349	0.999756	FALSE	NA	NA	NA	NA	NA	NA
NC_045512.2	13015	A	C	11346	4901	49	1	1	27	8.81135e-05	11349	1	FALSE	NA	NA	NA	NA	NA	NA
NC_045512.2	13016	C	T	11258	4934	49	2	2	64	0.000177588	11262	0.249967	FALSE	NA	NA	NA	NA	NA	NA
NC_045512.2	13016	C	G	11258	4934	49	2	0	30	0.000177588	11262	0.998294	FALSE	NA	NA	NA	NA	NA	NA
NC_045512.2	13018	T	C	11250	4989	49	1	0	20	8.88731e-05	11252	1	FALSE	NA	NA	NA	NA	NA	NA
NC_045512.2	13018	T	A	11250	4989	49	1	0	26	8.88731e-05	11252	1	FALSE	NA	NA	NA	NA	NA	NA
NC_045512.2	13020	T	G	11084	4837	50	1	0	34	9.0212e-05	11085	0.999757	FALSE	NA	NA	NA	NA	NA	NA
NC_045512.2	13021	A	G	10871	4907	49	1	0	34	9.19625e-05	10874	0.999513	FALSE	NA	NA	NA	NA	NA	NA
NC_045512.2	13021	A	C	10871	4907	49	2	0	30	0.000183925	10874	0.996833	FALSE	NA	NA	NA	NA	NA	NA
NC_045512.2	13022	C	T	10963	4914	49	1	0	68	9.11993e-05	10965	0.5	FALSE	NA	NA	NA	NA	NA	NA
NC_045512.2	13022	C	A	10963	4914	49	1	0	27	9.11993e-05	10965	1	FALSE	NA	NA	NA	NA	NA	NA
NC_045512.2	13023	A	T	10836	4755	49	1	1	27	9.22765e-05	10837	1	FALSE	NA	NA	NA	NA	NA	NA
NC_045512.2	13025	G	T	10737	4797	49	1	1	20	9.31185e-05	10739	1	FALSE	NA	NA	NA	NA	NA	NA
NC_045512.2	13025	G	C	10737	4797	49	1	0	34	9.31185e-05	10739	0.999513	FALSE	NA	NA	NA	NA	NA	NA
NC_045512.2	13026	C	G	10458	4995	49	1	1	27	9.56114e-05	10459	1	FALSE	NA	NA	NA	NA	NA	NA
NC_045512.2	13027	T	G	10237	4804	50	1	1	34	9.76753e-05	10238	0.999513	FALSE	NA	NA	NA	NA	NA	NA
NC_045512.2	13028	G	C	10130	4769	50	1	0	34	9.87069e-05	10131	0.999513	FALSE	NA	NA	NA	NA	NA	NA
NC_045512.2	13029	G	C	10177	4865	50	4	3	27	0.000392889	10181	1	FALSE	NA	NA	NA	NA	NA	NA
NC_045512.2	13030	T	C	10199	4888	50	5	1	52	0.000490004	10204	0.0312423	FALSE	NA	NA	NA	NA	NA	NA
NC_045512.2	13031	A	T	12993	6178	48	1	1	26	7.6929e-05	12999	1	FALSE	NA	NA	NA	NA	NA	NA
NC_045512.2	13031	A	G	12993	6178	48	2	1	43	0.000153858	12999	0.499913	FALSE	NA	NA	NA	NA	NA	NA
NC_045512.2	13031	A	C	12993	6178	48	3	0	29	0.000230787	12999	1	FALSE	NA	NA	NA	NA	NA	NA
NC_045512.2	13032	A	T	13181	6349	49	2	0	26	0.000151711	13183	1	FALSE	NA	NA	NA	NA	NA	NA
NC_045512.2	13033	T	G	13063	6211	49	5	5	27	0.000382555	13070	1	FALSE	NA	NA	NA	NA	NA	NA
NC_045512.2	13033	T	C	13063	6211	49	1	1	27	7.65111e-05	13070	1	FALSE	NA	NA	NA	NA	NA	NA
NC_045512.2	13033	T	A	13063	6211	49	1	1	26	7.65111e-05	13070	1	FALSE	NA	NA	NA	NA	NA	NA
NC_045512.2	13034	G	T	12933	6141	48	1	1	27	7.73036e-05	12936	1	FALSE	NA	NA	NA	NA	NA	NA
NC_045512.2	13034	G	C	12933	6141	48	1	0	34	7.73036e-05	12936	0.999878	FALSE	NA	NA	NA	NA	NA	NA
NC_045512.2	13034	G	A	12933	6141	48	1	1	34	7.73036e-05	12936	0.999878	FALSE	NA	NA	NA	NA	NA	NA
NC_045512.2	13035	C	T	13447	6418	48	2	1	34	0.000148677	13452	0.999513	FALSE	NA	NA	NA	NA	NA	NA
NC_045512.2	13035	C	G	13447	6418	48	3	0	29	0.000223015	13452	1	FALSE	NA	NA	NA	NA	NA	NA
NC_045512.2	13036	A	G	13419	6358	49	2	1	44	0.00014902	13421	0.500028	FALSE	NA	NA	NA	NA	NA	NA
NC_045512.2	13037	A	T	13328	6393	48	1	1	34	7.50075e-05	13332	0.999939	FALSE	NA	NA	NA	NA	NA	NA
NC_045512.2	13037	A	G	13328	6393	48	1	0	27	7.50075e-05	13332	1	FALSE	NA	NA	NA	NA	NA	NA
NC_045512.2	13037	A	C	13328	6393	48	2	1	23	0.000150015	13332	1	FALSE	NA	NA	NA	NA	NA	NA
NC_045512.2	13038	C	A	13359	6453	48	1	0	20	7.48503e-05	13360	1	FALSE	NA	NA	NA	NA	NA	NA
NC_045512.2	13039	A	T	13496	6554	48	2	0	30	0.000148148	13500	0.999513	FALSE	NA	NA	NA	NA	NA	NA
NC_045512.2	13039	A	G	13496	6554	48	1	0	27	7.40741e-05	13500	1	FALSE	NA	NA	NA	NA	NA	NA
NC_045512.2	13039	A	C	13496	6554	48	1	1	34	7.40741e-05	13500	0.999939	FALSE	NA	NA	NA	NA	NA	NA
NC_045512.2	13040	G	T	13458	6490	48	1	1	34	7.42942e-05	13460	0.999939	FALSE	NA	NA	NA	NA	NA	NA
NC_045512.2	13040	G	A	13458	6490	48	1	0	27	7.42942e-05	13460	1	FALSE	NA	NA	NA	NA	NA	NA
NC_045512.2	13041	A	T	13433	6469	48	1	1	27	7.44269e-05	13436	1	FALSE	NA	NA	NA	NA	NA	NA
NC_045512.2	13041	A	G	13433	6469	48	1	0	27	7.44269e-05	13436	1	FALSE	NA	NA	NA	NA	NA	NA
NC_045512.2	13041	A	C	13433	6469	48	1	1	34	7.44269e-05	13436	0.999939	FALSE	NA	NA	NA	NA	NA	NA
NC_045512.2	13042	A	T	13541	6729	49	1	0	27	7.38389e-05	13543	1	FALSE	NA	NA	NA	NA	NA	NA
NC_045512.2	13042	A	C	13541	6729	49	1	1	26	7.38389e-05	13543	1	FALSE	NA	NA	NA	NA	NA	NA
NC_045512.2	13043	G	C	13429	6598	48	2	1	30	0.000148909	13431	0.999513	FALSE	NA	NA	NA	NA	NA	NA
NC_045512.2	13044	T	G	12981	6285	49	3	3	29	0.000231036	12985	1	FALSE	NA	NA	NA	NA	NA	NA
NC_045512.2	13044	T	C	12981	6285	49	1	0	34	7.70119e-05	12985	0.999878	FALSE	NA	NA	NA	NA	NA	NA
NC_045512.2	13045	G	C	13110	6436	49	1	0	26	7.62718e-05	13111	1	FALSE	NA	NA	NA	NA	NA	NA
NC_045512.2	13046	C	T	12802	6305	48	2	1	30	0.000156177	12806	0.999086	FALSE	NA	NA	NA	NA	NA	NA
NC_045512.2	13046	C	G	12802	6305	48	1	1	20	7.80884e-05	12806	1	FALSE	NA	NA	NA	NA	NA	NA
NC_045512.2	13046	C	A	12802	6305	48	1	1	27	7.80884e-05	12806	1	FALSE	NA	NA	NA	NA	NA	NA
NC_045512.2	13047	C	G	12928	6546	49	2	0	30	0.000154679	12930	0.999087	FALSE	NA	NA	NA	NA	NA	NA
NC_045512.2	13048	T	G	12950	6428	49	1	1	26	7.71843e-05	12956	1	FALSE	NA	NA	NA	NA	NA	NA
NC_045512.2	13048	T	C	12950	6428	49	5	4	36	0.000385922	12956	0.975516	FALSE	NA	NA	NA	NA	NA	NA
NC_045512.2	13049	G	T	12822	6337	48	1	1	26	7.79666e-05	12826	1	FALSE	NA	NA	NA	NA	NA	NA
NC_045512.2	13049	G	C	12822	6337	48	1	0	26	7.79666e-05	12826	1	FALSE	NA	NA	NA	NA	NA	NA
NC_045512.2	13049	G	A	12822	6337	48	2	0	60	0.000155933	12826	0.249971	FALSE	NA	NA	NA	NA	NA	NA
NC_045512.2	13050	C	T	12835	6493	49	2	2	34	0.000155775	12839	0.999086	FALSE	NA	NA	NA	NA	NA	NA
NC_045512.2	13050	C	G	12835	6493	49	1	1	34	7.78877e-05	12839	0.999878	FALSE	NA	NA	NA	NA	NA	NA
NC_045512.2	13050	C	A	12835	6493	49	1	1	68	7.78877e-05	12839	0.499961	FALSE	NA	NA	NA	NA	NA	NA
NC_045512.2	13051	C	G	13059	6670	49	2	0	34	0.000153116	13062	0.999513	FALSE	NA	NA	NA	NA	NA	NA
NC_045512.2	13051	C	A	13059	6670	49	1	0	26	7.6558e-05	13062	1	FALSE	NA	NA	NA	NA	NA	NA
NC_045512.2	13052	A	T	12780	6481	48	2	1	25	0.000156433	12785	1	FALSE	NA	NA	NA	NA	NA	NA
NC_045512.2	13052	A	C	12780	6481	48	3	0	29	0.00023465	12785	1	FALSE	NA	NA	NA	NA	NA	NA
NC_045512.2	13053	A	T	12582	6678	47	1	1	34	7.94281e-05	12590	0.999878	FALSE	NA	NA	NA	NA	NA	NA
NC_045512.2	13053	A	C	12582	6678	47	7	1	28	0.000555997	12590	1	FALSE	NA	NA	NA	NA	NA	NA
NC_045512.2	13054	T	A	12842	6347	48	2	2	30	0.000155715	12844	0.999087	FALSE	NA	NA	NA	NA	NA	NA
NC_045512.2	13055	T	G	12586	6090	47	5	4	29	0.000397078	12592	1	FALSE	NA	NA	NA	NA	NA	NA
NC_045512.2	13055	T	C	12586	6090	47	1	1	34	7.94155e-05	12592	0.999878	FALSE	NA	NA	NA	NA	NA	NA
NC_045512.2	13056	C	G	13153	6626	49	4	4	27	0.000304021	13157	1	FALSE	NA	NA	NA	NA	NA	NA
NC_045512.2	13057	A	C	13083	6670	49	2	0	30	0.000152847	13085	0.999513	FALSE	NA	NA	NA	NA	NA	NA
NC_045512.2	13058	A	T	12714	6677	46	1	1	26	7.85978e-05	12723	1	FALSE	NA	NA	NA	NA	NA	NA
NC_045512.2	13058	A	C	12714	6677	46	8	0	26	0.000628783	12723	1	FALSE	NA	NA	NA	NA	NA	NA
NC_045512.2	13059	C	T	13107	6864	48	1	1	60	7.62835e-05	13109	0.5	FALSE	NA	NA	NA	NA	NA	NA
NC_045512.2	13059	C	G	13107	6864	48	1	0	27	7.62835e-05	13109	1	FALSE	NA	NA	NA	NA	NA	NA
NC_045512.2	13060	T	G	12868	6525	48	1	1	34	7.7688e-05	12872	0.999878	FALSE	NA	NA	NA	NA	NA	NA
NC_045512.2	13060	T	A	12868	6525	48	3	1	28	0.000233064	12872	1	FALSE	NA	NA	NA	NA	NA	NA
NC_045512.2	13061	G	C	14076	6931	48	2	1	23	0.000142056	14079	1	FALSE	NA	NA	NA	NA	NA	NA
NC_045512.2	13061	G	A	14076	6931	48	1	0	68	7.10278e-05	14079	0.499982	FALSE	NA	NA	NA	NA	NA	NA
NC_045512.2	13062	T	C	14056	6956	49	1	1	34	7.11339e-05	14058	0.99997	FALSE	NA	NA	NA	NA	NA	NA
NC_045512.2	13062	T	A	14056	6956	49	1	0	24	7.11339e-05	14058	1	FALSE	NA	NA	NA	NA	NA	NA
NC_045512.2	13064	T	C	14127	6994	49	1	1	34	7.07814e-05	14128	0.99997	FALSE	NA	NA	NA	NA	NA	NA
NC_045512.2	13065	T	G	13953	7040	48	2	1	23	0.000143297	13957	1	FALSE	NA	NA	NA	NA	NA	NA
NC_045512.2	13065	T	A	13953	7040	48	2	1	30	0.000143297	13957	0.999513	FALSE	NA	NA	NA	NA	NA	NA
NC_045512.2	13066	A	T	13931	7249	47	3	0	29	0.00021527	13936	1	FALSE	NA	NA	NA	NA	NA	NA
NC_045512.2	13066	A	G	13931	7249	47	1	1	34	7.17566e-05	13936	0.999939	FALSE	NA	NA	NA	NA	NA	NA
NC_045512.2	13066	A	C	13931	7249	47	1	0	27	7.17566e-05	13936	1	FALSE	NA	NA	NA	NA	NA	NA
NC_045512.2	13068	C	A	14205	7140	49	2	0	30	0.000140776	14207	0.999742	FALSE	NA	NA	NA	NA	NA	NA
NC_045512.2	13069	T	G	14094	6946	49	2	2	26	0.000141864	14098	1	FALSE	NA	NA	NA	NA	NA	NA
NC_045512.2	13069	T	C	14094	6946	49	1	1	27	7.0932e-05	14098	1	FALSE	NA	NA	NA	NA	NA	NA
NC_045512.2	13069	T	A	14094	6946	49	1	1	27	7.0932e-05	14098	1	FALSE	NA	NA	NA	NA	NA	NA
NC_045512.2	13070	T	G	13422	6464	49	2	0	26	0.000148931	13429	1	FALSE	NA	NA	NA	NA	NA	NA
NC_045512.2	13070	T	C	13422	6464	49	3	2	42	0.000223397	13429	0.312402	FALSE	NA	NA	NA	NA	NA	NA
NC_045512.2	13070	T	A	13422	6464	49	2	2	27	0.000148931	13429	1	FALSE	NA	NA	NA	NA	NA	NA
NC_045512.2	13071	T	C	13526	6538	50	3	2	51	0.000221746	13529	0.125	FALSE	NA	NA	NA	NA	NA	NA
NC_045512.2	13072	C	T	12533	6278	47	1	1	34	7.97703e-05	12536	0.999878	FALSE	NA	NA	NA	NA	NA	NA
NC_045512.2	13072	C	G	12533	6278	47	1	1	26	7.97703e-05	12536	1	FALSE	NA	NA	NA	NA	NA	NA
NC_045512.2	13072	C	A	12533	6278	47	1	1	34	7.97703e-05	12536	0.999878	FALSE	NA	NA	NA	NA	NA	NA
NC_045512.2	13073	T	G	12551	6200	48	2	1	30	0.000159312	12554	0.999087	FALSE	NA	NA	NA	NA	NA	NA
NC_045512.2	13073	T	C	12551	6200	48	1	1	34	7.96559e-05	12554	0.999878	FALSE	NA	NA	NA	NA	NA	NA
NC_045512.2	13075	T	A	12619	6288	48	1	0	26	7.92393e-05	12620	1	FALSE	NA	NA	NA	NA	NA	NA
NC_045512.2	13076	G	T	12600	6234	48	2	1	26	0.00015868	12604	1	FALSE	NA	NA	NA	NA	NA	NA
NC_045512.2	13076	G	C	12600	6234	48	2	0	30	0.00015868	12604	0.999086	FALSE	NA	NA	NA	NA	NA	NA
NC_045512.2	13077	C	G	12620	6423	47	4	2	27	0.000316857	12624	1	FALSE	NA	NA	NA	NA	NA	NA
NC_045512.2	13077	C	-T	12620	6423	47	1	0	20	7.92142e-05	12624	1	FALSE	NA	NA	NA	NA	NA	NA
NC_045512.2	13078	T	G	12690	6374	48	1	1	26	7.8796e-05	12691	1	FALSE	NA	NA	NA	NA	NA	NA
NC_045512.2	13079	T	G	11367	5018	44	3	3	26	0.000263736	11375	1	FALSE	NA	NA	NA	NA	NA	NA
NC_045512.2	13079	T	C	11367	5018	44	2	1	30	0.000175824	11375	0.998291	FALSE	NA	NA	NA	NA	NA	NA
NC_045512.2	13079	T	A	11367	5018	44	3	0	24	0.000263736	11375	1	FALSE	NA	NA	NA	NA	NA	NA
NC_045512.2	13080	T	A	12872	6496	48	1	1	34	7.7682e-05	12873	0.999878	FALSE	NA	NA	NA	NA	NA	NA
NC_045512.2	13081	T	G	12799	6579	48	1	0	27	7.81128e-05	12802	1	FALSE	NA	NA	NA	NA	NA	NA
NC_045512.2	13081	T	A	12799	6579	48	2	1	26	0.000156226	12802	1	FALSE	NA	NA	NA	NA	NA	NA
NC_045512.2	13082	G	C	12881	6508	48	1	1	26	7.76217e-05	12883	1	FALSE	NA	NA	NA	NA	NA	NA
NC_045512.2	13082	G	A	12881	6508	48	1	0	68	7.76217e-05	12883	0.5	FALSE	NA	NA	NA	NA	NA	NA
NC_045512.2	13083	C	T	12938	6710	47	2	1	51	0.000154536	12942	0.249971	FALSE	NA	NA	NA	NA	NA	NA
NC_045512.2	13083	C	G	12938	6710	47	1	0	27	7.72678e-05	12942	1	FALSE	NA	NA	NA	NA	NA	NA
NC_045512.2	13083	C	A	12938	6710	47	1	0	26	7.72678e-05	12942	1	FALSE	NA	NA	NA	NA	NA	NA
NC_045512.2	13084	T	G	13004	6684	48	1	1	26	7.6864e-05	13010	1	FALSE	NA	NA	NA	NA	NA	NA
NC_045512.2	13084	T	C	13004	6684	48	4	4	40	0.000307456	13010	0.187452	FALSE	NA	NA	NA	NA	NA	NA
NC_045512.2	13084	T	A	13004	6684	48	1	1	27	7.6864e-05	13010	1	FALSE	NA	NA	NA	NA	NA	NA
NC_045512.2	13085	G	T	13065	6690	48	1	1	26	7.65228e-05	13068	1	FALSE	NA	NA	NA	NA	NA	NA
NC_045512.2	13085	G	A	13065	6690	48	2	1	34	0.000153046	13068	0.999513	FALSE	NA	NA	NA	NA	NA	NA
NC_045512.2	13086	T	G	12992	6606	48	2	2	34	0.000153917	12994	0.999087	FALSE	NA	NA	NA	NA	NA	NA
NC_045512.2	13087	A	G	13137	6815	48	1	0	34	7.61151e-05	13138	0.999939	FALSE	NA	NA	NA	NA	NA	NA
NC_045512.2	13088	G	T	13096	6721	48	1	1	27	7.63534e-05	13097	1	FALSE	NA	NA	NA	NA	NA	NA
NC_045512.2	13089	A	G	13100	6875	47	1	1	26	7.63184e-05	13103	1	FALSE	NA	NA	NA	NA	NA	NA
NC_045512.2	13089	A	C	13100	6875	47	2	1	34	0.000152637	13103	0.999513	FALSE	NA	NA	NA	NA	NA	NA
NC_045512.2	13090	T	A	13230	6896	48	1	1	27	7.55801e-05	13231	1	FALSE	NA	NA	NA	NA	NA	NA
NC_045512.2	13091	G	T	13055	6804	48	2	2	30	0.000153175	13057	0.999513	FALSE	NA	NA	NA	NA	NA	NA
NC_045512.2	13092	C	G	13300	7109	47	1	0	27	7.51823e-05	13301	1	FALSE	NA	NA	NA	NA	NA	NA
NC_045512.2	13093	T	C	13332	7024	48	2	1	51	0.000149981	13335	0.249991	FALSE	NA	NA	NA	NA	NA	NA
NC_045512.2	13093	T	A	13332	7024	48	1	1	34	7.49906e-05	13335	0.999939	FALSE	NA	NA	NA	NA	NA	NA
NC_045512.2	13099	A	G	13693	7456	47	2	1	34	0.000145996	13699	0.999512	FALSE	NA	NA	NA	NA	NA	NA
NC_045512.2	13099	A	C	13693	7456	47	4	2	26	0.000291992	13699	1	FALSE	NA	NA	NA	NA	NA	NA
NC_045512.2	13100	G	T	13920	7421	48	1	1	27	7.18339e-05	13921	1	FALSE	NA	NA	NA	NA	NA	NA
NC_045512.2	13101	C	G	13703	7300	48	2	2	27	0.000145932	13705	1	FALSE	NA	NA	NA	NA	NA	NA
NC_045512.2	13102	T	C	13398	7091	48	1	1	46	7.46269e-05	13400	0.750009	FALSE	NA	NA	NA	NA	NA	NA
NC_045512.2	13102	T	A	13398	7091	48	1	1	34	7.46269e-05	13400	0.999939	FALSE	NA	NA	NA	NA	NA	NA
NC_045512.2	13103	T	G	13301	7094	48	1	1	27	7.51654e-05	13304	1	FALSE	NA	NA	NA	NA	NA	NA
NC_045512.2	13103	T	C	13301	7094	48	1	1	68	7.51654e-05	13304	0.499981	FALSE	NA	NA	NA	NA	NA	NA
NC_045512.2	13103	T	A	13301	7094	48	1	0	27	7.51654e-05	13304	1	FALSE	NA	NA	NA	NA	NA	NA
NC_045512.2	13104	A	C	13245	7076	48	2	0	27	0.000150978	13247	1	FALSE	NA	NA	NA	NA	NA	NA
NC_045512.2	13105	C	G	13296	7167	48	1	0	26	7.52049e-05	13297	1	FALSE	NA	NA	NA	NA	NA	NA
NC_045512.2	13106	A	T	13291	7171	48	1	1	27	7.52332e-05	13292	1	FALSE	NA	NA	NA	NA	NA	NA
NC_045512.2	13107	A	T	13368	7291	48	2	2	40	0.000149589	13370	0.500028	FALSE	NA	NA	NA	NA	NA	NA
NC_045512.2	13108	A	T	12963	7301	47	1	1	20	7.71069e-05	12969	1	FALSE	NA	NA	NA	NA	NA	NA
NC_045512.2	13108	A	G	12963	7301	47	2	1	34	0.000154214	12969	0.999086	FALSE	NA	NA	NA	NA	NA	NA
NC_045512.2	13108	A	C	12963	7301	47	3	0	31	0.000231321	12969	0.996312	FALSE	NA	NA	NA	NA	NA	NA
NC_045512.2	13109	G	T	13425	7247	49	1	0	34	7.44768e-05	13427	0.999939	FALSE	NA	NA	NA	NA	NA	NA
NC_045512.2	13109	G	C	13425	7247	49	1	0	27	7.44768e-05	13427	1	FALSE	NA	NA	NA	NA	NA	NA
NC_045512.2	13110	A	T	13269	7240	48	1	1	26	7.53523e-05	13271	1	FALSE	NA	NA	NA	NA	NA	NA
NC_045512.2	13110	A	C	13269	7240	48	1	0	26	7.53523e-05	13271	1	FALSE	NA	NA	NA	NA	NA	NA
NC_045512.2	13111	T	G	13320	7311	48	1	0	26	7.50694e-05	13321	1	FALSE	NA	NA	NA	NA	NA	NA
NC_045512.2	13113	A	G	13198	7441	48	1	1	24	7.57576e-05	13200	1	FALSE	NA	NA	NA	NA	NA	NA
NC_045512.2	13113	A	C	13198	7441	48	1	0	34	7.57576e-05	13200	0.999939	FALSE	NA	NA	NA	NA	NA	NA
NC_045512.2	13114	T	G	12935	6833	46	1	0	27	7.72857e-05	12939	1	FALSE	NA	NA	NA	NA	NA	NA
NC_045512.2	13114	T	C	12935	6833	46	1	0	60	7.72857e-05	12939	0.499961	FALSE	NA	NA	NA	NA	NA	NA
NC_045512.2	13114	T	A	12935	6833	46	2	1	23	0.000154571	12939	1	FALSE	NA	NA	NA	NA	NA	NA
NC_045512.2	13115	C	G	13391	7413	48	2	1	30	0.000149298	13396	0.999513	FALSE	NA	NA	NA	NA	NA	NA
NC_045512.2	13115	C	A	13391	7413	48	3	0	33	0.000223947	13396	0.997914	FALSE	NA	NA	NA	NA	NA	NA
NC_045512.2	13116	T	C	13495	7451	49	1	1	34	7.40905e-05	13497	0.999939	FALSE	NA	NA	NA	NA	NA	NA
NC_045512.2	13116	T	A	13495	7451	49	1	0	26	7.40905e-05	13497	1	FALSE	NA	NA	NA	NA	NA	NA
NC_045512.2	13117	A	T	13292	7329	48	1	1	26	7.52162e-05	13295	1	FALSE	NA	NA	NA	NA	NA	NA
NC_045512.2	13117	A	C	13292	7329	48	2	0	30	0.000150432	13295	0.999513	FALSE	NA	NA	NA	NA	NA	NA
NC_045512.2	13118	G	T	13393	7254	48	1	1	26	7.46603e-05	13394	1	FALSE	NA	NA	NA	NA	NA	NA
NC_045512.2	13119	C	T	13301	7300	48	1	0	46	7.51428e-05	13308	0.749915	FALSE	NA	NA	NA	NA	NA	NA
NC_045512.2	13119	C	G	13301	7300	48	2	2	26	0.000150286	13308	1	FALSE	NA	NA	NA	NA	NA	NA
NC_045512.2	13119	C	A	13301	7300	48	4	1	25	0.000300571	13308	1	FALSE	NA	NA	NA	NA	NA	NA
NC_045512.2	13120	T	G	13363	7239	49	1	1	34	7.48279e-05	13364	0.999939	FALSE	NA	NA	NA	NA	NA	NA
NC_045512.2	13121	A	T	13467	7318	49	1	1	27	7.42446e-05	13469	1	FALSE	NA	NA	NA	NA	NA	NA
NC_045512.2	13121	A	C	13467	7318	49	1	0	26	7.42446e-05	13469	1	FALSE	NA	NA	NA	NA	NA	NA
NC_045512.2	13122	G	T	13575	7332	49	1	1	34	7.36594e-05	13576	0.999939	FALSE	NA	NA	NA	NA	NA	NA
NC_045512.2	13123	T	G	13204	7035	47	5	5	25	0.000378444	13212	1	FALSE	NA	NA	NA	NA	NA	NA
NC_045512.2	13123	T	A	13204	7035	47	3	1	33	0.000227066	13212	0.997911	FALSE	NA	NA	NA	NA	NA	NA
NC_045512.2	13124	G	C	13552	7483	48	1	0	27	7.3779e-05	13554	1	FALSE	NA	NA	NA	NA	NA	NA
NC_045512.2	13124	G	A	13552	7483	48	1	0	68	7.3779e-05	13554	0.5	FALSE	NA	NA	NA	NA	NA	NA
NC_045512.2	13125	G	T	13626	7530	48	2	1	27	0.000146757	13628	1	FALSE	NA	NA	NA	NA	NA	NA
NC_045512.2	13126	G	C	13501	7366	48	1	0	27	7.40631e-05	13502	1	FALSE	NA	NA	NA	NA	NA	NA
NC_045512.2	13127	G	C	13376	7456	47	2	1	27	0.000149488	13379	1	FALSE	NA	NA	NA	NA	NA	NA
NC_045512.2	13127	G	A	13376	7456	47	1	0	34	7.4744e-05	13379	0.999939	FALSE	NA	NA	NA	NA	NA	NA
NC_045512.2	13127	G	+T	13376	7456	47	1	0	20	7.4744e-05	13379	1	FALSE	NA	NA	NA	NA	NA	NA
NC_045512.2	13128	G	T	13434	7568	47	1	0	34	7.44325e-05	13435	0.999939	FALSE	NA	NA	NA	NA	NA	NA
NC_045512.2	13128	G	-ACAACC	13434	7568	47	1	0	20	7.44325e-05	13435	1	FALSE	NA	NA	NA	NA	NA	NA
NC_045512.2	13129	A	T	13471	7631	47	1	0	24	7.42225e-05	13473	1	FALSE	NA	NA	NA	NA	NA	NA
NC_045512.2	13129	A	G	13471	7631	47	1	0	34	7.42225e-05	13473	0.999939	FALSE	NA	NA	NA	NA	NA	NA
NC_045512.2	13130	C	T	13435	7580	47	1	1	34	7.44214e-05	13437	0.999939	FALSE	NA	NA	NA	NA	NA	NA
NC_045512.2	13130	C	G	13435	7580	47	1	0	26	7.44214e-05	13437	1	FALSE	NA	NA	NA	NA	NA	NA
NC_045512.2	13131	A	T	13197	7500	47	1	0	38	7.57691e-05	13198	0.999939	FALSE	NA	NA	NA	NA	NA	NA
NC_045512.2	13133	C	T	13343	7620	47	1	0	60	7.494e-05	13344	0.5	FALSE	NA	NA	NA	NA	NA	NA
NC_045512.2	13134	C	G	13157	7736	47	1	0	26	7.59878e-05	13160	1	FALSE	NA	NA	NA	NA	NA	NA
NC_045512.2	13134	C	A	13157	7736	47	2	0	34	0.000151976	13160	0.999513	FALSE	NA	NA	NA	NA	NA	NA
NC_045512.2	13135	A	T	13189	7699	47	2	2	26	0.000151596	13193	1	FALSE	NA	NA	NA	NA	NA	NA
NC_045512.2	13135	A	G	13189	7699	47	2	1	34	0.000151596	13193	0.999513	FALSE	NA	NA	NA	NA	NA	NA
NC_045512.2	13136	A	T	12621	7649	45	1	1	34	7.92016e-05	12626	0.999878	FALSE	NA	NA	NA	NA	NA	NA
NC_045512.2	13136	A	G	12621	7649	45	1	1	34	7.92016e-05	12626	0.999878	FALSE	NA	NA	NA	NA	NA	NA
NC_045512.2	13136	A	C	12621	7649	45	3	0	31	0.000237605	12626	0.996314	FALSE	NA	NA	NA	NA	NA	NA
NC_045512.2	13137	T	A	13129	7642	47	2	0	30	0.000152311	13131	0.999513	FALSE	NA	NA	NA	NA	NA	NA
NC_045512.2	13138	C	A	13432	7793	47	1	0	27	7.44435e-05	13433	1	FALSE	NA	NA	NA	NA	NA	NA
NC_045512.2	13139	A	C	13234	7755	47	1	0	34	7.55572e-05	13235	0.999939	FALSE	NA	NA	NA	NA	NA	NA
NC_045512.2	13140	C	A	13323	7907	46	1	0	26	7.50525e-05	13324	1	FALSE	NA	NA	NA	NA	NA	NA
NC_045512.2	13141	T	C	12927	7585	46	3	2	40	0.000232001	12931	0.312485	FALSE	NA	NA	NA	NA	NA	NA
NC_045512.2	13141	T	A	12927	7585	46	1	1	27	7.73335e-05	12931	1	FALSE	NA	NA	NA	NA	NA	NA
NC_045512.2	13142	A	T	12963	7601	46	3	3	25	0.000231374	12966	1	FALSE	NA	NA	NA	NA	NA	NA
NC_045512.2	13143	A	T	12515	7634	45	1	1	20	7.98594e-05	12522	1	FALSE	NA	NA	NA	NA	NA	NA
NC_045512.2	13143	A	G	12515	7634	45	3	1	65	0.000239578	12522	0.12494	FALSE	NA	NA	NA	NA	NA	NA
NC_045512.2	13143	A	C	12515	7634	45	3	0	26	0.000239578	12522	1	FALSE	NA	NA	NA	NA	NA	NA
NC_045512.2	13144	T	C	13028	7721	46	1	0	20	7.6746e-05	13030	1	FALSE	NA	NA	NA	NA	NA	NA
NC_045512.2	13144	T	A	13028	7721	46	1	0	26	7.6746e-05	13030	1	FALSE	NA	NA	NA	NA	NA	NA
NC_045512.2	13145	T	A	12746	7621	46	1	0	26	7.84498e-05	12747	1	FALSE	NA	NA	NA	NA	NA	NA
NC_045512.2	13146	G	C	13160	7678	46	2	1	30	0.000151953	13162	0.999513	FALSE	NA	NA	NA	NA	NA	NA
NC_045512.2	13147	T	G	12831	7409	46	1	1	26	7.79241e-05	12833	1	FALSE	NA	NA	NA	NA	NA	NA
NC_045512.2	13147	T	A	12831	7409	46	1	1	34	7.79241e-05	12833	0.999878	FALSE	NA	NA	NA	NA	NA	NA
NC_045512.2	13148	G	T	12935	7355	46	2	2	26	0.000154571	12939	1	FALSE	NA	NA	NA	NA	NA	NA
NC_045512.2	13148	G	C	12935	7355	46	2	1	26	0.000154571	12939	1	FALSE	NA	NA	NA	NA	NA	NA
NC_045512.2	13149	T	G	12480	6911	46	1	1	34	8.01154e-05	12482	0.999878	FALSE	NA	NA	NA	NA	NA	NA
NC_045512.2	13149	T	A	12480	6911	46	1	1	68	8.01154e-05	12482	0.5	FALSE	NA	NA	NA	NA	NA	NA
NC_045512.2	13151	A	C	12835	7331	46	1	1	27	7.79059e-05	12836	1	FALSE	NA	NA	NA	NA	NA	NA
NC_045512.2	13152	A	G	12614	7474	45	1	1	38	7.9233e-05	12621	0.999878	FALSE	NA	NA	NA	NA	NA	NA
NC_045512.2	13152	A	C	12614	7474	45	6	0	31	0.000475398	12621	0.951933	FALSE	NA	NA	NA	NA	NA	NA
NC_045512.2	13153	G	T	13066	7437	46	2	1	30	0.000153034	13069	0.999513	FALSE	NA	NA	NA	NA	NA	NA
NC_045512.2	13153	G	A	13066	7437	46	1	0	68	7.65169e-05	13069	0.499981	FALSE	NA	NA	NA	NA	NA	NA
NC_045512.2	13154	A	T	12617	7448	44	1	1	24	7.92393e-05	12620	1	FALSE	NA	NA	NA	NA	NA	NA
NC_045512.2	13154	A	G	12617	7448	44	1	1	34	7.92393e-05	12620	0.999878	FALSE	NA	NA	NA	NA	NA	NA
NC_045512.2	13154	A	C	12617	7448	44	1	1	27	7.92393e-05	12620	1	FALSE	NA	NA	NA	NA	NA	NA
NC_045512.2	13156	G	C	12888	7191	47	2	1	34	0.000155159	12890	0.999087	FALSE	NA	NA	NA	NA	NA	NA
NC_045512.2	13159	G	T	13084	7164	47	1	1	68	7.64175e-05	13086	0.5	FALSE	NA	NA	NA	NA	NA	NA
NC_045512.2	13159	G	A	13084	7164	47	1	0	26	7.64175e-05	13086	1	FALSE	NA	NA	NA	NA	NA	NA
NC_045512.2	13160	T	C	12854	7055	47	1	1	34	7.77907e-05	12855	0.999878	FALSE	NA	NA	NA	NA	NA	NA
NC_045512.2	13161	G	T	13123	7065	47	1	1	27	7.61325e-05	13135	1	FALSE	NA	NA	NA	NA	NA	NA
NC_045512.2	13161	G	A	13123	7065	47	11	5	44	0.000837457	13135	0.00316831	TRUE	NA	NA	NA	NA	NA	NA
NC_045512.2	13162	T	G	12948	7141	47	1	1	26	7.7226e-05	12949	1	FALSE	NA	NA	NA	NA	NA	NA
NC_045512.2	13163	A	C	12898	7238	47	4	0	26	0.000310029	12902	1	FALSE	NA	NA	NA	NA	NA	NA
NC_045512.2	13165	A	T	12584	6936	48	2	2	30	0.000158907	12586	0.999087	FALSE	NA	NA	NA	NA	NA	NA
NC_045512.2	13166	C	G	12627	6995	48	3	3	40	0.00023753	12630	0.312515	FALSE	NA	NA	NA	NA	NA	NA
NC_045512.2	13168	C	G	13519	7126	47	1	0	68	7.39645e-05	13520	0.500018	FALSE	NA	NA	NA	NA	NA	NA
NC_045512.2	13169	A	G	13247	6957	47	1	0	60	7.54831e-05	13248	0.500019	FALSE	NA	NA	NA	NA	NA	NA
NC_045512.2	13171	T	G	13283	6899	48	1	1	34	7.52672e-05	13286	0.999939	FALSE	NA	NA	NA	NA	NA	NA
NC_045512.2	13171	T	A	13283	6899	48	2	1	47	0.000150534	13286	0.499972	FALSE	NA	NA	NA	NA	NA	NA
NC_045512.2	13172	G	T	13427	6830	47	2	1	26	0.00014892	13430	1	FALSE	NA	NA	NA	NA	NA	NA
NC_045512.2	13172	G	A	13427	6830	47	1	1	34	7.44602e-05	13430	0.999939	FALSE	NA	NA	NA	NA	NA	NA
NC_045512.2	13173	G	C	13668	6916	47	1	1	26	7.31475e-05	13671	1	FALSE	NA	NA	NA	NA	NA	NA
NC_045512.2	13173	G	A	13668	6916	47	2	2	34	0.000146295	13671	0.999513	FALSE	NA	NA	NA	NA	NA	NA
NC_045512.2	13175	A	G	13730	6990	48	2	0	57	0.000145635	13733	0.249991	FALSE	NA	NA	NA	NA	NA	NA
NC_045512.2	13175	A	C	13730	6990	48	1	0	26	7.28173e-05	13733	1	FALSE	NA	NA	NA	NA	NA	NA
NC_045512.2	13176	C	G	13585	7021	47	2	0	23	0.000147189	13588	1	FALSE	NA	NA	NA	NA	NA	NA
NC_045512.2	13176	C	A	13585	7021	47	1	0	34	7.35943e-05	13588	0.999939	FALSE	NA	NA	NA	NA	NA	NA
NC_045512.2	13178	G	T	12331	5782	48	2	2	51	0.000162167	12333	0.25001	FALSE	NA	NA	NA	NA	NA	NA
NC_045512.2	13179	G	T	12208	5752	48	2	2	27	0.000163787	12211	1	FALSE	NA	NA	NA	NA	NA	NA
NC_045512.2	13179	G	C	12208	5752	48	1	1	27	8.18934e-05	12211	1	FALSE	NA	NA	NA	NA	NA	NA
NC_045512.2	13180	T	G	12306	5998	49	1	1	34	8.1248e-05	12308	0.999878	FALSE	NA	NA	NA	NA	NA	NA
NC_045512.2	13180	T	C	12306	5998	49	1	1	68	8.1248e-05	12308	0.5	FALSE	NA	NA	NA	NA	NA	NA
NC_045512.2	13181	C	T	12061	5809	49	1	1	68	8.28912e-05	12064	0.499979	FALSE	NA	NA	NA	NA	NA	NA
NC_045512.2	13181	C	G	12061	5809	49	2	1	26	0.000165782	12064	1	FALSE	NA	NA	NA	NA	NA	NA
NC_045512.2	13182	A	T	11749	5561	49	3	1	40	0.000255254	11753	0.312484	FALSE	NA	NA	NA	NA	NA	NA
NC_045512.2	13182	A	G	11749	5561	49	1	0	34	8.50847e-05	11753	0.999756	FALSE	NA	NA	NA	NA	NA	NA
NC_045512.2	13183	G	C	12334	5621	49	1	1	27	8.10701e-05	12335	1	FALSE	NA	NA	NA	NA	NA	NA
NC_045512.2	13184	G	T	12283	5633	48	1	1	26	8.14001e-05	12285	1	FALSE	NA	NA	NA	NA	NA	NA
NC_045512.2	13184	G	A	12283	5633	48	1	1	68	8.14001e-05	12285	0.5	FALSE	NA	NA	NA	NA	NA	NA
NC_045512.2	13185	C	T	12490	5867	49	1	1	68	8.00448e-05	12493	0.49998	FALSE	NA	NA	NA	NA	NA	NA
NC_045512.2	13185	C	G	12490	5867	49	1	1	34	8.00448e-05	12493	0.999878	FALSE	NA	NA	NA	NA	NA	NA
NC_045512.2	13185	C	A	12490	5867	49	1	0	34	8.00448e-05	12493	0.999878	FALSE	NA	NA	NA	NA	NA	NA
NC_045512.2	13186	A	G	12466	5838	49	1	1	34	8.02118e-05	12467	0.999878	FALSE	NA	NA	NA	NA	NA	NA
NC_045512.2	13188	T	A	12302	5708	48	3	3	26	0.000243803	12305	1	FALSE	NA	NA	NA	NA	NA	NA
NC_045512.2	13189	A	T	12182	5738	48	3	2	24	0.000246164	12187	1	FALSE	NA	NA	NA	NA	NA	NA
NC_045512.2	13189	A	G	12182	5738	48	1	0	26	8.20546e-05	12187	1	FALSE	NA	NA	NA	NA	NA	NA
NC_045512.2	13189	A	C	12182	5738	48	1	1	20	8.20546e-05	12187	1	FALSE	NA	NA	NA	NA	NA	NA
NC_045512.2	13190	A	G	12342	5766	49	1	1	46	8.10176e-05	12343	0.75003	FALSE	NA	NA	NA	NA	NA	NA
NC_045512.2	13191	C	G	12687	5843	48	1	0	27	7.88146e-05	12688	1	FALSE	NA	NA	NA	NA	NA	NA
NC_045512.2	13192	A	G	12150	5351	49	2	0	36	0.000164568	12153	0.999087	FALSE	NA	NA	NA	NA	NA	NA
NC_045512.2	13192	A	C	12150	5351	49	1	1	27	8.22842e-05	12153	1	FALSE	NA	NA	NA	NA	NA	NA
NC_045512.2	13193	G	T	12163	5331	49	2	1	26	0.000164379	12167	1	FALSE	NA	NA	NA	NA	NA	NA
NC_045512.2	13193	G	C	12163	5331	49	2	0	30	0.000164379	12167	0.999087	FALSE	NA	NA	NA	NA	NA	NA
NC_045512.2	13194	T	G	11915	5341	50	1	1	26	8.39067e-05	11918	1	FALSE	NA	NA	NA	NA	NA	NA
NC_045512.2	13194	T	A	11915	5341	50	2	2	34	0.000167813	11918	0.998295	FALSE	NA	NA	NA	NA	NA	NA
NC_045512.2	13195	T	A	12037	5447	50	2	1	26	0.000166127	12039	1	FALSE	NA	NA	NA	NA	NA	NA
NC_045512.2	13196	A	T	11937	5383	49	2	0	34	0.000167518	11939	0.998296	FALSE	NA	NA	NA	NA	NA	NA
NC_045512.2	13197	C	G	12013	5453	50	2	2	36	0.000166459	12015	0.999087	FALSE	NA	NA	NA	NA	NA	NA
NC_045512.2	13198	A	T	11775	5437	49	1	0	26	8.49185e-05	11776	1	FALSE	NA	NA	NA	NA	NA	NA
NC_045512.2	13199	C	G	12099	5438	50	2	1	26	0.000165262	12102	1	FALSE	NA	NA	NA	NA	NA	NA
NC_045512.2	13199	C	A	12099	5438	50	1	0	26	8.2631e-05	12102	1	FALSE	NA	NA	NA	NA	NA	NA
NC_045512.2	13200	C	T	11835	5312	50	1	0	34	8.4488e-05	11836	0.999757	FALSE	NA	NA	NA	NA	NA	NA
NC_045512.2	13201	G	T	11756	5249	50	1	1	27	8.50412e-05	11759	1	FALSE	NA	NA	NA	NA	NA	NA
NC_045512.2	13201	G	C	11756	5249	50	1	0	34	8.50412e-05	11759	0.999756	FALSE	NA	NA	NA	NA	NA	NA
NC_045512.2	13201	G	A	11756	5249	50	1	0	34	8.50412e-05	11759	0.999756	FALSE	NA	NA	NA	NA	NA	NA
NC_045512.2	13202	G	T	11723	5274	50	3	3	40	0.000255842	11726	0.312516	FALSE	NA	NA	NA	NA	NA	NA
NC_045512.2	13203	A	C	11794	5300	50	1	0	34	8.47817e-05	11795	0.999757	FALSE	NA	NA	NA	NA	NA	NA
NC_045512.2	13204	A	G	12116	5450	50	2	1	30	0.000165044	12118	0.999087	FALSE	NA	NA	NA	NA	NA	NA
NC_045512.2	13205	G	T	12102	5402	50	1	1	26	8.26173e-05	12104	1	FALSE	NA	NA	NA	NA	NA	NA
NC_045512.2	13205	G	C	12102	5402	50	1	0	27	8.26173e-05	12104	1	FALSE	NA	NA	NA	NA	NA	NA
NC_045512.2	13207	C	G	12186	5492	50	1	1	26	8.20546e-05	12187	1	FALSE	NA	NA	NA	NA	NA	NA
NC_045512.2	13207	C	-A	12186	5492	50	1	0	20	8.20546e-05	12187	1	FALSE	NA	NA	NA	NA	NA	NA
NC_045512.2	13208	A	T	11981	5497	50	1	1	34	8.34516e-05	11983	0.999756	FALSE	NA	NA	NA	NA	NA	NA
NC_045512.2	13208	A	G	11981	5497	50	1	0	24	8.34516e-05	11983	1	FALSE	NA	NA	NA	NA	NA	NA
NC_045512.2	13209	A	G	11932	5589	50	1	1	38	8.37942e-05	11934	0.999757	FALSE	NA	NA	NA	NA	NA	NA
NC_045512.2	13209	A	C	11932	5589	50	1	0	26	8.37942e-05	11934	1	FALSE	NA	NA	NA	NA	NA	NA
NC_045512.2	13211	A	T	11956	5560	50	1	1	26	8.3633e-05	11957	1	FALSE	NA	NA	NA	NA	NA	NA
NC_045512.2	13212	T	G	11881	5585	49	2	2	30	0.000168294	11884	0.998295	FALSE	NA	NA	NA	NA	NA	NA
NC_045512.2	13212	T	C	11881	5585	49	1	0	68	8.41468e-05	11884	0.499979	FALSE	NA	NA	NA	NA	NA	NA
NC_045512.2	13213	G	T	11615	5367	49	1	1	68	8.60511e-05	11621	0.499914	FALSE	NA	NA	NA	NA	NA	NA
NC_045512.2	13213	G	C	11615	5367	49	5	5	26	0.000430256	11621	1	FALSE	NA	NA	NA	NA	NA	NA
NC_045512.2	13214	G	T	11713	5401	49	2	2	30	0.000170678	11718	0.998293	FALSE	NA	NA	NA	NA	NA	NA
NC_045512.2	13214	G	C	11713	5401	49	2	1	26	0.000170678	11718	1	FALSE	NA	NA	NA	NA	NA	NA
NC_045512.2	13214	G	A	11713	5401	49	1	0	34	8.53388e-05	11718	0.999756	FALSE	NA	NA	NA	NA	NA	NA
NC_045512.2	13215	A	T	11806	5527	50	1	1	26	8.46955e-05	11807	1	FALSE	NA	NA	NA	NA	NA	NA
NC_045512.2	13219	A	C	11777	5688	50	1	0	27	8.49041e-05	11778	1	FALSE	NA	NA	NA	NA	NA	NA
NC_045512.2	13220	G	T	11838	5625	50	1	1	34	8.44595e-05	11840	0.999757	FALSE	NA	NA	NA	NA	NA	NA
NC_045512.2	13220	G	C	11838	5625	50	1	0	34	8.44595e-05	11840	0.999757	FALSE	NA	NA	NA	NA	NA	NA
NC_045512.2	13221	A	T	11670	5653	49	2	0	27	0.000171277	11677	1	FALSE	NA	NA	NA	NA	NA	NA
NC_045512.2	13221	A	G	11670	5653	49	3	2	56	0.000256915	11677	0.124936	FALSE	NA	NA	NA	NA	NA	NA
NC_045512.2	13221	A	C	11670	5653	49	2	2	27	0.000171277	11677	1	FALSE	NA	NA	NA	NA	NA	NA
NC_045512.2	13222	A	C	11725	5519	49	1	1	34	8.52806e-05	11726	0.999757	FALSE	NA	NA	NA	NA	NA	NA
NC_045512.2	13223	T	G	11814	5464	49	1	1	27	8.46238e-05	11817	1	FALSE	NA	NA	NA	NA	NA	NA
NC_045512.2	13223	T	A	11814	5464	49	2	1	30	0.000169248	11817	0.998295	FALSE	NA	NA	NA	NA	NA	NA
NC_045512.2	13224	C	A	11977	5651	50	1	0	26	8.34864e-05	11978	1	FALSE	NA	NA	NA	NA	NA	NA
NC_045512.2	13225	C	T	12158	5726	50	1	1	34	8.22436e-05	12159	0.999878	FALSE	NA	NA	NA	NA	NA	NA
NC_045512.2	13226	T	G	11873	5561	50	1	1	34	8.42105e-05	11875	0.999757	FALSE	NA	NA	NA	NA	NA	NA
NC_045512.2	13226	T	A	11873	5561	50	1	0	68	8.42105e-05	11875	0.5	FALSE	NA	NA	NA	NA	NA	NA
NC_045512.2	13227	T	G	11628	5419	48	4	4	26	0.000343702	11638	1	FALSE	NA	NA	NA	NA	NA	NA
NC_045512.2	13227	T	C	11628	5419	48	2	2	40	0.000171851	11638	0.499774	FALSE	NA	NA	NA	NA	NA	NA
NC_045512.2	13227	T	A	11628	5419	48	4	0	24	0.000343702	11638	1	FALSE	NA	NA	NA	NA	NA	NA
NC_045512.2	13228	T	A	12165	5979	52	1	0	27	8.21963e-05	12166	1	FALSE	NA	NA	NA	NA	NA	NA
NC_045512.2	13229	G	T	12138	5923	51	2	2	27	0.000164731	12141	1	FALSE	NA	NA	NA	NA	NA	NA
NC_045512.2	13229	G	C	12138	5923	51	1	0	27	8.23655e-05	12141	1	FALSE	NA	NA	NA	NA	NA	NA
NC_045512.2	13230	G	T	12441	6153	52	1	1	26	8.036e-05	12444	1	FALSE	NA	NA	NA	NA	NA	NA
NC_045512.2	13230	G	C	12441	6153	52	1	1	27	8.036e-05	12444	1	FALSE	NA	NA	NA	NA	NA	NA
NC_045512.2	13230	G	A	12441	6153	52	1	1	68	8.036e-05	12444	0.49998	FALSE	NA	NA	NA	NA	NA	NA
NC_045512.2	13231	T	-G	12391	6089	52	1	0	20	8.07037e-05	12391	1	FALSE	NA	NA	NA	NA	NA	NA
NC_045512.2	13232	G	T	12325	5989	52	3	3	31	0.000243329	12329	0.996316	FALSE	NA	NA	NA	NA	NA	NA
NC_045512.2	13232	G	C	12325	5989	52	1	0	27	8.11096e-05	12329	1	FALSE	NA	NA	NA	NA	NA	NA
NC_045512.2	13233	G	T	12383	6187	52	1	0	26	8.07428e-05	12385	1	FALSE	NA	NA	NA	NA	NA	NA
NC_045512.2	13233	G	A	12383	6187	52	1	1	34	8.07428e-05	12385	0.999878	FALSE	NA	NA	NA	NA	NA	NA
NC_045512.2	13234	T	G	12097	5869	51	4	4	28	0.000330524	12102	1	FALSE	NA	NA	NA	NA	NA	NA
NC_045512.2	13234	T	C	12097	5869	51	1	1	34	8.2631e-05	12102	0.999878	FALSE	NA	NA	NA	NA	NA	NA
NC_045512.2	13235	G	T	12396	6031	52	1	1	27	8.06387e-05	12401	1	FALSE	NA	NA	NA	NA	NA	NA
NC_045512.2	13235	G	A	12396	6031	52	4	1	57	0.000322555	12401	0.0624849	FALSE	NA	NA	NA	NA	NA	NA
NC_045512.2	13236	C	T	12267	6103	51	1	0	34	8.15129e-05	12268	0.999878	FALSE	NA	NA	NA	NA	NA	NA
NC_045512.2	13237	A	T	12583	6225	52	1	0	26	7.94407e-05	12588	1	FALSE	NA	NA	NA	NA	NA	NA
NC_045512.2	13237	A	G	12583	6225	52	1	0	68	7.94407e-05	12588	0.49994	FALSE	NA	NA	NA	NA	NA	NA
NC_045512.2	13237	A	C	12583	6225	52	3	0	24	0.000238322	12588	1	FALSE	NA	NA	NA	NA	NA	NA
NC_045512.2	13238	T	G	12703	6304	52	1	0	34	7.86968e-05	12707	0.999878	FALSE	NA	NA	NA	NA	NA	NA
NC_045512.2	13238	T	C	12703	6304	52	2	2	27	0.000157394	12707	1	FALSE	NA	NA	NA	NA	NA	NA
NC_045512.2	13238	T	A	12703	6304	52	1	0	20	7.86968e-05	12707	1	FALSE	NA	NA	NA	NA	NA	NA
NC_045512.2	13239	C	G	12418	6040	52	1	1	34	8.05218e-05	12419	0.999878	FALSE	NA	NA	NA	NA	NA	NA
NC_045512.2	13240	G	C	12866	6199	52	1	0	27	7.77122e-05	12868	1	FALSE	NA	NA	NA	NA	NA	NA
NC_045512.2	13240	G	A	12866	6199	52	1	1	46	7.77122e-05	12868	0.75001	FALSE	NA	NA	NA	NA	NA	NA
NC_045512.2	13241	T	A	12832	6215	52	1	0	27	7.79241e-05	12833	1	FALSE	NA	NA	NA	NA	NA	NA
NC_045512.2	13242	G	T	12813	6112	51	4	4	30	0.000312086	12817	0.989388	FALSE	NA	NA	NA	NA	NA	NA
NC_045512.2	13243	T	G	12743	6135	51	2	1	47	0.000156912	12746	0.5	FALSE	NA	NA	NA	NA	NA	NA
NC_045512.2	13243	T	C	12743	6135	51	1	1	68	7.8456e-05	12746	0.49998	FALSE	NA	NA	NA	NA	NA	NA
NC_045512.2	13244	T	A	13185	6280	52	1	1	68	7.5838e-05	13186	0.500019	FALSE	NA	NA	NA	NA	NA	NA
NC_045512.2	13245	G	T	13207	6321	51	1	1	20	7.57117e-05	13208	1	FALSE	NA	NA	NA	NA	NA	NA
NC_045512.2	13246	T	C	13047	6220	52	1	0	24	7.66401e-05	13048	1	FALSE	NA	NA	NA	NA	NA	NA
NC_045512.2	13248	T	C	13189	6280	52	1	1	27	7.58093e-05	13191	1	FALSE	NA	NA	NA	NA	NA	NA
NC_045512.2	13248	T	A	13189	6280	52	1	0	26	7.58093e-05	13191	1	FALSE	NA	NA	NA	NA	NA	NA
NC_045512.2	13249	G	T	13332	6123	51	2	2	27	0.000149948	13338	1	FALSE	NA	NA	NA	NA	NA	NA
NC_045512.2	13249	G	C	13332	6123	51	2	0	30	0.000149948	13338	0.999512	FALSE	NA	NA	NA	NA	NA	NA
NC_045512.2	13249	G	A	13332	6123	51	2	1	30	0.000149948	13338	0.999512	FALSE	NA	NA	NA	NA	NA	NA
NC_045512.2	13250	T	C	13355	6163	51	1	1	68	7.48615e-05	13358	0.499981	FALSE	NA	NA	NA	NA	NA	NA
NC_045512.2	13250	T	A	13355	6163	51	2	2	23	0.000149723	13358	1	FALSE	NA	NA	NA	NA	NA	NA
NC_045512.2	13251	A	T	13267	6140	51	1	0	34	7.53636e-05	13269	0.999939	FALSE	NA	NA	NA	NA	NA	NA
NC_045512.2	13251	A	C	13267	6140	51	1	0	34	7.53636e-05	13269	0.999939	FALSE	NA	NA	NA	NA	NA	NA
NC_045512.2	13252	C	T	13301	6189	51	3	2	65	0.000225479	13305	0.124986	FALSE	NA	NA	NA	NA	NA	NA
NC_045512.2	13252	C	G	13301	6189	51	1	1	34	7.51597e-05	13305	0.999939	FALSE	NA	NA	NA	NA	NA	NA
NC_045512.2	13253	T	C	12986	5879	52	2	2	29	0.000153976	12989	1	FALSE	NA	NA	NA	NA	NA	NA
NC_045512.2	13253	T	A	12986	5879	52	1	1	34	7.69882e-05	12989	0.999878	FALSE	NA	NA	NA	NA	NA	NA
NC_045512.2	13254	G	T	13027	5791	52	1	1	34	7.6746e-05	13030	0.999939	FALSE	NA	NA	NA	NA	NA	NA
NC_045512.2	13254	G	A	13027	5791	52	2	0	51	0.000153492	13030	0.24999	FALSE	NA	NA	NA	NA	NA	NA
NC_045512.2	13255	C	T	13007	6038	52	1	0	68	7.6858e-05	13011	0.499962	FALSE	NA	NA	NA	NA	NA	NA
NC_045512.2	13255	C	G	13007	6038	52	2	1	27	0.000153716	13011	1	FALSE	NA	NA	NA	NA	NA	NA
NC_045512.2	13255	C	A	13007	6038	52	1	0	26	7.6858e-05	13011	1	FALSE	NA	NA	NA	NA	NA	NA
NC_045512.2	13256	C	T	12890	6065	53	1	1	34	7.75675e-05	12892	0.999878	FALSE	NA	NA	NA	NA	NA	NA
NC_045512.2	13256	C	G	12890	6065	53	1	1	26	7.75675e-05	12892	1	FALSE	NA	NA	NA	NA	NA	NA
NC_045512.2	13257	G	T	12911	6045	53	1	1	26	7.74234e-05	12916	1	FALSE	NA	NA	NA	NA	NA	NA
NC_045512.2	13257	G	A	12911	6045	53	4	2	51	0.000309693	12916	0.0624855	FALSE	NA	NA	NA	NA	NA	NA
NC_045512.2	13258	T	G	12488	5699	52	1	1	27	8.00705e-05	12489	1	FALSE	NA	NA	NA	NA	NA	NA
NC_045512.2	13260	G	T	12623	5835	53	2	0	27	0.000158403	12626	1	FALSE	NA	NA	NA	NA	NA	NA
NC_045512.2	13260	G	A	12623	5835	53	1	0	24	7.92016e-05	12626	1	FALSE	NA	NA	NA	NA	NA	NA
NC_045512.2	13261	C	T	12648	5921	53	1	0	60	7.90514e-05	12650	0.5	FALSE	NA	NA	NA	NA	NA	NA
NC_045512.2	13261	C	G	12648	5921	53	1	1	26	7.90514e-05	12650	1	FALSE	NA	NA	NA	NA	NA	NA
NC_045512.2	13262	C	G	12824	6021	53	1	1	34	7.79666e-05	12826	0.999878	FALSE	NA	NA	NA	NA	NA	NA
NC_045512.2	13262	C	A	12824	6021	53	1	1	34	7.79666e-05	12826	0.999878	FALSE	NA	NA	NA	NA	NA	NA
NC_045512.2	13263	A	T	12818	6045	53	2	0	26	0.000155982	12822	1	FALSE	NA	NA	NA	NA	NA	NA
NC_045512.2	13263	A	G	12818	6045	53	2	0	34	0.000155982	12822	0.999086	FALSE	NA	NA	NA	NA	NA	NA
NC_045512.2	13264	C	T	12839	6042	53	2	1	68	0.000155715	12844	0.249951	FALSE	NA	NA	NA	NA	NA	NA
NC_045512.2	13264	C	G	12839	6042	53	3	2	26	0.000233572	12844	1	FALSE	NA	NA	NA	NA	NA	NA
NC_045512.2	13265	A	T	12965	6112	54	1	0	27	7.71188e-05	12967	1	FALSE	NA	NA	NA	NA	NA	NA
NC_045512.2	13265	A	C	12965	6112	54	1	0	26	7.71188e-05	12967	1	FALSE	NA	NA	NA	NA	NA	NA
NC_045512.2	13266	T	G	12850	6020	53	4	4	26	0.000311163	12855	1	FALSE	NA	NA	NA	NA	NA	NA
NC_045512.2	13266	T	C	12850	6020	53	1	1	24	7.77907e-05	12855	1	FALSE	NA	NA	NA	NA	NA	NA
NC_045512.2	13268	G	A	12919	6086	53	1	1	46	7.73994e-05	12920	0.750029	FALSE	NA	NA	NA	NA	NA	NA
NC_045512.2	13269	A	T	12904	6136	53	2	2	25	0.000154967	12906	1	FALSE	NA	NA	NA	NA	NA	NA
NC_045512.2	13270	T	C	12820	6044	53	1	0	46	7.7991e-05	12822	0.75001	FALSE	NA	NA	NA	NA	NA	NA
NC_045512.2	13270	T	A	12820	6044	53	1	1	27	7.7991e-05	12822	1	FALSE	NA	NA	NA	NA	NA	NA
NC_045512.2	13271	C	A	12668	6075	53	2	2	47	0.000157853	12670	0.50003	FALSE	NA	NA	NA	NA	NA	NA
NC_045512.2	13273	T	A	12913	6132	54	2	1	23	0.000154859	12915	1	FALSE	NA	NA	NA	NA	NA	NA
NC_045512.2	13274	C	G	12819	6145	53	3	3	31	0.000233918	12825	0.996312	FALSE	NA	NA	NA	NA	NA	NA
NC_045512.2	13274	C	A	12819	6145	53	3	2	40	0.000233918	12825	0.312427	FALSE	NA	NA	NA	NA	NA	NA
NC_045512.2	13275	C	T	12818	6181	53	1	1	34	7.7991e-05	12822	0.999878	FALSE	NA	NA	NA	NA	NA	NA
NC_045512.2	13275	C	G	12818	6181	53	2	0	30	0.000155982	12822	0.999086	FALSE	NA	NA	NA	NA	NA	NA
NC_045512.2	13275	C	A	12818	6181	53	1	1	68	7.7991e-05	12822	0.499961	FALSE	NA	NA	NA	NA	NA	NA
NC_045512.2	13276	A	C	12767	6178	53	1	0	34	7.83208e-05	12768	0.999878	FALSE	NA	NA	NA	NA	NA	NA
NC_045512.2	13277	A	G	12637	6106	53	1	0	27	7.91202e-05	12639	1	FALSE	NA	NA	NA	NA	NA	NA
NC_045512.2	13277	A	C	12637	6106	53	1	0	20	7.91202e-05	12639	1	FALSE	NA	NA	NA	NA	NA	NA
NC_045512.2	13278	A	T	12575	5968	52	1	1	68	7.95039e-05	12578	0.49998	FALSE	NA	NA	NA	NA	NA	NA
NC_045512.2	13278	A	C	12575	5968	52	2	1	29	0.000159008	12578	1	FALSE	NA	NA	NA	NA	NA	NA
NC_045512.2	13279	T	A	12830	6037	53	1	1	26	7.79362e-05	12831	1	FALSE	NA	NA	NA	NA	NA	NA
NC_045512.2	13281	C	G	12829	6207	53	1	0	27	7.79423e-05	12830	1	FALSE	NA	NA	NA	NA	NA	NA
NC_045512.2	13282	T	G	12566	5927	53	2	2	26	0.000159046	12575	1	FALSE	NA	NA	NA	NA	NA	NA
NC_045512.2	13282	T	C	12566	5927	53	3	2	46	0.000238569	12575	0.312336	FALSE	NA	NA	NA	NA	NA	NA
NC_045512.2	13282	T	A	12566	5927	53	4	1	30	0.000318091	12575	0.989367	FALSE	NA	NA	NA	NA	NA	NA
NC_045512.2	13283	A	T	12639	6062	53	1	1	27	7.91077e-05	12641	1	FALSE	NA	NA	NA	NA	NA	NA
NC_045512.2	13283	A	C	12639	6062	53	1	0	26	7.91077e-05	12641	1	FALSE	NA	NA	NA	NA	NA	NA
NC_045512.2	13284	A	T	12478	5915	52	1	1	27	8.01154e-05	12482	1	FALSE	NA	NA	NA	NA	NA	NA
NC_045512.2	13284	A	G	12478	5915	52	1	0	52	8.01154e-05	12482	0.49996	FALSE	NA	NA	NA	NA	NA	NA
NC_045512.2	13284	A	C	12478	5915	52	2	1	23	0.000160231	12482	1	FALSE	NA	NA	NA	NA	NA	NA
NC_045512.2	13285	A	T	11908	5947	49	2	2	26	0.000167757	11922	1	FALSE	NA	NA	NA	NA	NA	NA
NC_045512.2	13285	A	G	11908	5947	49	1	1	20	8.38785e-05	11922	1	FALSE	NA	NA	NA	NA	NA	NA
NC_045512.2	13285	A	C	11908	5947	49	11	2	26	0.000922664	11922	1	FALSE	NA	NA	NA	NA	NA	NA
NC_045512.2	13286	G	T	12670	5999	53	1	1	34	7.89141e-05	12672	0.999878	FALSE	NA	NA	NA	NA	NA	NA
NC_045512.2	13286	G	A	12670	5999	53	1	0	34	7.89141e-05	12672	0.999878	FALSE	NA	NA	NA	NA	NA	NA
NC_045512.2	13287	G	T	12602	6075	52	1	1	27	7.93462e-05	12603	1	FALSE	NA	NA	NA	NA	NA	NA
NC_045512.2	13288	A	T	12367	6103	52	3	1	31	0.000242503	12371	0.996316	FALSE	NA	NA	NA	NA	NA	NA
NC_045512.2	13288	A	C	12367	6103	52	1	1	20	8.08342e-05	12371	1	FALSE	NA	NA	NA	NA	NA	NA
NC_045512.2	13289	T	G	12436	6223	52	2	1	26	0.000160785	12439	1	FALSE	NA	NA	NA	NA	NA	NA
NC_045512.2	13289	T	C	12436	6223	52	1	0	34	8.03923e-05	12439	0.999878	FALSE	NA	NA	NA	NA	NA	NA
NC_045512.2	13290	T	A	12125	5826	51	1	1	46	8.24674e-05	12126	0.750031	FALSE	NA	NA	NA	NA	NA	NA
NC_045512.2	13291	T	A	12546	6232	54	1	0	27	7.97003e-05	12547	1	FALSE	NA	NA	NA	NA	NA	NA
NC_045512.2	13292	T	C	12554	6210	53	1	0	34	7.96495e-05	12555	0.999878	FALSE	NA	NA	NA	NA	NA	NA
NC_045512.2	13293	G	C	12415	6091	53	1	1	34	8.05412e-05	12416	0.999878	FALSE	NA	NA	NA	NA	NA	NA
NC_045512.2	13294	T	G	12529	6212	54	1	1	20	7.98085e-05	12530	1	FALSE	NA	NA	NA	NA	NA	NA
NC_045512.2	13296	A	C	12367	6132	54	1	0	26	8.08538e-05	12368	1	FALSE	NA	NA	NA	NA	NA	NA
NC_045512.2	13297	C	T	12602	6292	53	1	0	60	7.93336e-05	12605	0.49998	FALSE	NA	NA	NA	NA	NA	NA
NC_045512.2	13297	C	G	12602	6292	53	2	1	27	0.000158667	12605	1	FALSE	NA	NA	NA	NA	NA	NA
NC_045512.2	13300	A	C	12644	6363	53	1	0	26	7.90826e-05	12645	1	FALSE	NA	NA	NA	NA	NA	NA
NC_045512.2	13301	A	T	12681	6362	53	1	1	26	7.88519e-05	12682	1	FALSE	NA	NA	NA	NA	NA	NA
NC_045512.2	13302	A	T	12211	6337	50	1	1	20	8.18599e-05	12216	1	FALSE	NA	NA	NA	NA	NA	NA
NC_045512.2	13302	A	G	12211	6337	50	1	0	27	8.18599e-05	12216	1	FALSE	NA	NA	NA	NA	NA	NA
NC_045512.2	13302	A	C	12211	6337	50	3	0	26	0.00024558	12216	1	FALSE	NA	NA	NA	NA	NA	NA
NC_045512.2	13303	A	C	12771	6404	52	1	0	26	7.82963e-05	12772	1	FALSE	NA	NA	NA	NA	NA	NA
NC_045512.2	13304	G	C	13104	6455	52	1	0	26	7.63068e-05	13105	1	FALSE	NA	NA	NA	NA	NA	NA
NC_045512.2	13305	G	T	13043	6536	52	2	1	26	0.000153304	13046	1	FALSE	NA	NA	NA	NA	NA	NA
NC_045512.2	13305	G	C	13043	6536	52	1	0	34	7.66518e-05	13046	0.999939	FALSE	NA	NA	NA	NA	NA	NA
NC_045512.2	13306	T	C	12742	6237	52	1	1	26	7.84745e-05	12743	1	FALSE	NA	NA	NA	NA	NA	NA
NC_045512.2	13307	A	T	12820	6428	53	3	2	28	0.000233863	12828	1	FALSE	NA	NA	NA	NA	NA	NA
NC_045512.2	13307	A	G	12820	6428	53	2	0	36	0.000155909	12828	0.999085	FALSE	NA	NA	NA	NA	NA	NA
NC_045512.2	13307	A	C	12820	6428	53	3	0	31	0.000233863	12828	0.996309	FALSE	NA	NA	NA	NA	NA	NA
NC_045512.2	13308	A	T	12953	6529	52	1	0	27	7.71784e-05	12957	1	FALSE	NA	NA	NA	NA	NA	NA
NC_045512.2	13308	A	G	12953	6529	52	3	2	42	0.000231535	12957	0.312486	FALSE	NA	NA	NA	NA	NA	NA
NC_045512.2	13309	G	C	13174	6541	52	4	4	25	0.000303536	13178	1	FALSE	NA	NA	NA	NA	NA	NA
NC_045512.2	13310	T	C	13067	6606	51	1	0	68	7.65228e-05	13068	0.500019	FALSE	NA	NA	NA	NA	NA	NA
NC_045512.2	13311	A	T	13168	6767	51	4	0	28	0.000303674	13172	1	FALSE	NA	NA	NA	NA	NA	NA
NC_045512.2	13313	G	T	12879	6308	51	2	2	30	0.000155219	12885	0.999086	FALSE	NA	NA	NA	NA	NA	NA
NC_045512.2	13313	G	C	12879	6308	51	4	3	28	0.000310438	12885	1	FALSE	NA	NA	NA	NA	NA	NA
NC_045512.2	13314	T	G	12882	6300	51	4	4	28	0.00031039	12887	1	FALSE	NA	NA	NA	NA	NA	NA
NC_045512.2	13314	T	C	12882	6300	51	1	1	68	7.75976e-05	12887	0.499942	FALSE	NA	NA	NA	NA	NA	NA
NC_045512.2	13315	A	C	12983	6487	51	1	0	34	7.70179e-05	12984	0.999878	FALSE	NA	NA	NA	NA	NA	NA
NC_045512.2	13316	C	G	12947	6462	51	2	0	26	0.00015444	12950	1	FALSE	NA	NA	NA	NA	NA	NA
NC_045512.2	13316	C	A	12947	6462	51	1	1	26	7.72201e-05	12950	1	FALSE	NA	NA	NA	NA	NA	NA
NC_045512.2	13316	C	-A	12947	6462	51	1	0	20	7.72201e-05	12950	1	FALSE	NA	NA	NA	NA	NA	NA
NC_045512.2	13316	C	+A	12947	6462	51	1	0	20	7.72201e-05	12950	1	FALSE	NA	NA	NA	NA	NA	NA
NC_045512.2	13317	A	T	12822	6268	51	1	1	26	7.79849e-05	12823	1	FALSE	NA	NA	NA	NA	NA	NA
NC_045512.2	13318	A	T	12575	6144	51	2	0	34	0.000159008	12578	0.999087	FALSE	NA	NA	NA	NA	NA	NA
NC_045512.2	13318	A	G	12575	6144	51	1	1	68	7.95039e-05	12578	0.49998	FALSE	NA	NA	NA	NA	NA	NA
NC_045512.2	13319	A	C	12093	6504	48	2	1	30	0.000165358	12095	0.999087	FALSE	NA	NA	NA	NA	NA	NA
NC_045512.2	13320	T	G	12210	6331	49	1	1	27	8.18867e-05	12212	1	FALSE	NA	NA	NA	NA	NA	NA
NC_045512.2	13320	T	C	12210	6331	49	1	0	26	8.18867e-05	12212	1	FALSE	NA	NA	NA	NA	NA	NA
NC_045512.2	13321	A	T	12078	6449	48	1	0	20	8.27746e-05	12081	1	FALSE	NA	NA	NA	NA	NA	NA
NC_045512.2	13321	A	G	12078	6449	48	1	0	27	8.27746e-05	12081	1	FALSE	NA	NA	NA	NA	NA	NA
NC_045512.2	13321	A	C	12078	6449	48	1	1	27	8.27746e-05	12081	1	FALSE	NA	NA	NA	NA	NA	NA
NC_045512.2	13322	C	G	12091	6479	49	2	0	30	0.000165385	12093	0.999087	FALSE	NA	NA	NA	NA	NA	NA
NC_045512.2	13323	C	G	11819	6429	48	1	0	26	8.45881e-05	11822	1	FALSE	NA	NA	NA	NA	NA	NA
NC_045512.2	13323	C	A	11819	6429	48	2	1	30	0.000169176	11822	0.998295	FALSE	NA	NA	NA	NA	NA	NA
NC_045512.2	13324	T	G	11927	6375	49	1	0	27	8.38223e-05	11930	1	FALSE	NA	NA	NA	NA	NA	NA
NC_045512.2	13324	T	C	11927	6375	49	2	0	34	0.000167645	11930	0.998295	FALSE	NA	NA	NA	NA	NA	NA
NC_045512.2	13324	T	-A	11927	6375	49	1	0	20	8.38223e-05	11930	1	FALSE	NA	NA	NA	NA	NA	NA
NC_045512.2	13325	A	C	11812	6414	48	3	0	29	0.000253915	11815	1	FALSE	NA	NA	NA	NA	NA	NA
NC_045512.2	13326	C	G	11836	6393	49	2	1	27	0.000168933	11839	1	FALSE	NA	NA	NA	NA	NA	NA
NC_045512.2	13326	C	A	11836	6393	49	1	0	27	8.44666e-05	11839	1	FALSE	NA	NA	NA	NA	NA	NA
NC_045512.2	13328	A	G	11575	6444	47	1	1	20	8.63707e-05	11578	1	FALSE	NA	NA	NA	NA	NA	NA
NC_045512.2	13328	A	C	11575	6444	47	2	0	26	0.000172741	11578	1	FALSE	NA	NA	NA	NA	NA	NA
NC_045512.2	13329	C	G	11620	6367	48	1	1	27	8.60363e-05	11623	1	FALSE	NA	NA	NA	NA	NA	NA
NC_045512.2	13329	C	A	11620	6367	48	2	0	26	0.000172073	11623	1	FALSE	NA	NA	NA	NA	NA	NA
NC_045512.2	13330	T	C	11409	6096	49	1	1	34	8.76347e-05	11411	0.999757	FALSE	NA	NA	NA	NA	NA	NA
NC_045512.2	13330	T	A	11409	6096	49	1	0	26	8.76347e-05	11411	1	FALSE	NA	NA	NA	NA	NA	NA
NC_045512.2	13331	T	G	10951	5781	49	3	2	31	0.000273823	10956	0.988784	FALSE	NA	NA	NA	NA	NA	NA
NC_045512.2	13331	T	C	10951	5781	49	1	0	68	9.12742e-05	10956	0.499932	FALSE	NA	NA	NA	NA	NA	NA
NC_045512.2	13331	T	A	10951	5781	49	1	0	27	9.12742e-05	10956	1	FALSE	NA	NA	NA	NA	NA	NA
NC_045512.2	13332	G	T	10971	5798	49	1	0	34	9.11245e-05	10974	0.999513	FALSE	NA	NA	NA	NA	NA	NA
NC_045512.2	13332	G	C	10971	5798	49	2	1	27	0.000182249	10974	1	FALSE	NA	NA	NA	NA	NA	NA
NC_045512.2	13333	T	G	11004	5807	49	2	2	26	0.000181686	11008	1	FALSE	NA	NA	NA	NA	NA	NA
NC_045512.2	13333	T	C	11004	5807	49	1	1	68	9.0843e-05	11008	0.499955	FALSE	NA	NA	NA	NA	NA	NA
NC_045512.2	13333	T	A	11004	5807	49	1	1	26	9.0843e-05	11008	1	FALSE	NA	NA	NA	NA	NA	NA
NC_045512.2	13334	G	C	10913	5917	48	1	1	34	9.1617e-05	10915	0.999513	FALSE	NA	NA	NA	NA	NA	NA
NC_045512.2	13334	G	A	10913	5917	48	1	1	26	9.1617e-05	10915	1	FALSE	NA	NA	NA	NA	NA	NA
NC_045512.2	13335	C	G	10805	5985	47	1	0	27	9.25326e-05	10807	1	FALSE	NA	NA	NA	NA	NA	NA
NC_045512.2	13335	C	A	10805	5985	47	1	0	27	9.25326e-05	10807	1	FALSE	NA	NA	NA	NA	NA	NA
NC_045512.2	13336	T	A	10573	5672	47	12	11	29	0.00113368	10585	1	FALSE	NA	NA	NA	NA	NA	NA
NC_045512.2	13337	A	G	10753	5985	48	1	0	68	9.298e-05	10755	0.5	FALSE	NA	NA	NA	NA	NA	NA
NC_045512.2	13337	A	C	10753	5985	48	1	1	34	9.298e-05	10755	0.999513	FALSE	NA	NA	NA	NA	NA	NA
NC_045512.2	13338	A	C	10576	5941	47	3	1	26	0.000283581	10579	1	FALSE	NA	NA	NA	NA	NA	NA
NC_045512.2	13340	G	C	10745	5989	48	1	0	27	9.30579e-05	10746	1	FALSE	NA	NA	NA	NA	NA	NA
NC_045512.2	13341	A	T	10485	5749	48	1	0	27	9.53289e-05	10490	1	FALSE	NA	NA	NA	NA	NA	NA
NC_045512.2	13341	A	G	10485	5749	48	3	1	43	0.000285987	10490	0.312446	FALSE	NA	NA	NA	NA	NA	NA
NC_045512.2	13341	A	C	10485	5749	48	1	1	27	9.53289e-05	10490	1	FALSE	NA	NA	NA	NA	NA	NA
NC_045512.2	13342	C	G	10514	5962	48	1	1	34	9.51022e-05	10515	0.999513	FALSE	NA	NA	NA	NA	NA	NA
NC_045512.2	13344	C	A	10200	5754	47	2	0	30	0.00019604	10202	0.996835	FALSE	NA	NA	NA	NA	NA	NA
NC_045512.2	13345	T	C	9936	5474	47	4	1	52	0.000402414	9940	0.0624937	FALSE	NA	NA	NA	NA	NA	NA
NC_045512.2	13346	G	T	10005	5575	48	1	1	26	9.993e-05	10007	1	FALSE	NA	NA	NA	NA	NA	NA
NC_045512.2	13346	G	C	10005	5575	48	1	1	27	9.993e-05	10007	1	FALSE	NA	NA	NA	NA	NA	NA
NC_045512.2	13347	T	G	9808	5338	47	4	4	30	0.000407664	9812	0.953929	FALSE	NA	NA	NA	NA	NA	NA
NC_045512.2	13349	G	A	12350	6058	45	1	0	27	8.09651e-05	12351	1	FALSE	NA	NA	NA	NA	NA	NA
NC_045512.2	13350	G	C	12446	5984	45	1	0	27	8.03342e-05	12448	1	FALSE	NA	NA	NA	NA	NA	NA
NC_045512.2	13350	G	A	12446	5984	45	1	1	34	8.03342e-05	12448	0.999878	FALSE	NA	NA	NA	NA	NA	NA
NC_045512.2	13351	T	G	12504	6630	48	2	1	30	0.00015991	12507	0.999087	FALSE	NA	NA	NA	NA	NA	NA
NC_045512.2	13351	T	C	12504	6630	48	1	0	68	7.99552e-05	12507	0.49998	FALSE	NA	NA	NA	NA	NA	NA
NC_045512.2	13352	T	G	11922	6281	47	3	3	29	0.000251572	11925	1	FALSE	NA	NA	NA	NA	NA	NA
NC_045512.2	13354	T	G	12579	6926	49	2	2	34	0.00015897	12581	0.999087	FALSE	NA	NA	NA	NA	NA	NA
NC_045512.2	13355	A	T	12491	7021	48	2	2	30	0.000160051	12496	0.999086	FALSE	NA	NA	NA	NA	NA	NA
NC_045512.2	13355	A	G	12491	7021	48	1	0	27	8.00256e-05	12496	1	FALSE	NA	NA	NA	NA	NA	NA
NC_045512.2	13355	A	C	12491	7021	48	2	1	27	0.000160051	12496	1	FALSE	NA	NA	NA	NA	NA	NA
NC_045512.2	13356	C	T	12483	7045	48	2	1	34	0.000160167	12487	0.999086	FALSE	NA	NA	NA	NA	NA	NA
NC_045512.2	13356	C	G	12483	7045	48	2	2	30	0.000160167	12487	0.999086	FALSE	NA	NA	NA	NA	NA	NA
NC_045512.2	13357	A	T	12417	6918	48	1	0	24	8.05153e-05	12420	1	FALSE	NA	NA	NA	NA	NA	NA
NC_045512.2	13357	A	G	12417	6918	48	1	0	46	8.05153e-05	12420	0.74999	FALSE	NA	NA	NA	NA	NA	NA
NC_045512.2	13357	A	C	12417	6918	48	1	0	27	8.05153e-05	12420	1	FALSE	NA	NA	NA	NA	NA	NA
NC_045512.2	13358	C	G	12559	6922	48	6	5	28	0.000477479	12566	1	FALSE	NA	NA	NA	NA	NA	NA
NC_045512.2	13358	C	A	12559	6922	48	1	0	34	7.95798e-05	12566	0.999878	FALSE	NA	NA	NA	NA	NA	NA
NC_045512.2	13358	C	-T	12559	6922	48	1	0	20	7.95798e-05	12566	1	FALSE	NA	NA	NA	NA	NA	NA
NC_045512.2	13359	T	G	12139	6504	48	3	3	31	0.000247056	12143	0.996314	FALSE	NA	NA	NA	NA	NA	NA
NC_045512.2	13359	T	C	12139	6504	48	1	1	34	8.2352e-05	12143	0.999878	FALSE	NA	NA	NA	NA	NA	NA
NC_045512.2	13359	T	-TAA	12139	6504	48	1	0	20	8.23452e-05	12144	1	FALSE	NA	NA	NA	NA	NA	NA
NC_045512.2	13360	T	G	12562	6815	49	1	0	68	7.95798e-05	12566	0.49994	FALSE	NA	NA	NA	NA	NA	NA
NC_045512.2	13360	T	C	12562	6815	49	2	1	51	0.00015916	12566	0.24995	FALSE	NA	NA	NA	NA	NA	NA
NC_045512.2	13360	T	A	12562	6815	49	1	0	27	7.95798e-05	12566	1	FALSE	NA	NA	NA	NA	NA	NA
NC_045512.2	13360	T	-A	12562	6815	49	1	0	20	7.95735e-05	12567	1	FALSE	NA	NA	NA	NA	NA	NA
NC_045512.2	13361	A	T	12531	6924	49	1	1	34	7.97957e-05	12532	0.999878	FALSE	NA	NA	NA	NA	NA	NA
NC_045512.2	13362	A	G	12493	6951	48	1	0	34	8.00256e-05	12496	0.999878	FALSE	NA	NA	NA	NA	NA	NA
NC_045512.2	13362	A	C	12493	6951	48	2	0	23	0.000160051	12496	1	FALSE	NA	NA	NA	NA	NA	NA
NC_045512.2	13363	A	C	12404	6970	47	1	0	26	8.06127e-05	12405	1	FALSE	NA	NA	NA	NA	NA	NA
NC_045512.2	13364	A	G	12568	6817	48	1	0	34	7.95545e-05	12570	0.999878	FALSE	NA	NA	NA	NA	NA	NA
NC_045512.2	13364	A	C	12568	6817	48	1	1	34	7.95545e-05	12570	0.999878	FALSE	NA	NA	NA	NA	NA	NA
NC_045512.2	13365	A	T	12597	6973	48	1	1	27	7.93462e-05	12603	1	FALSE	NA	NA	NA	NA	NA	NA
NC_045512.2	13365	A	G	12597	6973	48	1	0	34	7.93462e-05	12603	0.999878	FALSE	NA	NA	NA	NA	NA	NA
NC_045512.2	13365	A	C	12597	6973	48	4	2	27	0.000317385	12603	1	FALSE	NA	NA	NA	NA	NA	NA
NC_045512.2	13366	C	A	12718	7070	48	3	0	35	0.000235831	12721	0.996317	FALSE	NA	NA	NA	NA	NA	NA
NC_045512.2	13367	A	T	12364	6772	49	1	0	27	8.08538e-05	12368	1	FALSE	NA	NA	NA	NA	NA	NA
NC_045512.2	13367	A	C	12364	6772	49	3	2	28	0.000242561	12368	1	FALSE	NA	NA	NA	NA	NA	NA
NC_045512.2	13368	C	G	12458	6815	48	3	3	29	0.000240751	12461	1	FALSE	NA	NA	NA	NA	NA	NA
NC_045512.2	13369	A	T	12824	6804	48	1	1	27	7.79606e-05	12827	1	FALSE	NA	NA	NA	NA	NA	NA
NC_045512.2	13369	A	G	12824	6804	48	1	1	46	7.79606e-05	12827	0.74999	FALSE	NA	NA	NA	NA	NA	NA
NC_045512.2	13369	A	C	12824	6804	48	1	1	26	7.79606e-05	12827	1	FALSE	NA	NA	NA	NA	NA	NA
NC_045512.2	13370	G	T	13557	6969	48	1	1	27	7.37409e-05	13561	1	FALSE	NA	NA	NA	NA	NA	NA
NC_045512.2	13370	G	C	13557	6969	48	1	0	26	7.37409e-05	13561	1	FALSE	NA	NA	NA	NA	NA	NA
NC_045512.2	13370	G	A	13557	6969	48	2	0	47	0.000147482	13561	0.499972	FALSE	NA	NA	NA	NA	NA	NA
NC_045512.2	13371	T	G	13656	7115	49	2	2	30	0.000146413	13660	0.999513	FALSE	NA	NA	NA	NA	NA	NA
NC_045512.2	13371	T	C	13656	7115	49	1	1	27	7.32064e-05	13660	1	FALSE	NA	NA	NA	NA	NA	NA
NC_045512.2	13371	T	A	13656	7115	49	1	0	27	7.32064e-05	13660	1	FALSE	NA	NA	NA	NA	NA	NA
NC_045512.2	13372	C	G	13628	7138	48	2	2	27	0.000146735	13630	1	FALSE	NA	NA	NA	NA	NA	NA
NC_045512.2	13373	T	G	13675	7265	49	2	2	23	0.00014621	13679	1	FALSE	NA	NA	NA	NA	NA	NA
NC_045512.2	13373	T	C	13675	7265	49	1	1	34	7.31048e-05	13679	0.999939	FALSE	NA	NA	NA	NA	NA	NA
NC_045512.2	13373	T	A	13675	7265	49	1	0	34	7.31048e-05	13679	0.999939	FALSE	NA	NA	NA	NA	NA	NA
NC_045512.2	13374	G	T	13757	7311	49	1	0	34	7.26797e-05	13759	0.999939	FALSE	NA	NA	NA	NA	NA	NA
NC_045512.2	13374	G	A	13757	7311	49	1	1	68	7.26797e-05	13759	0.5	FALSE	NA	NA	NA	NA	NA	NA
NC_045512.2	13375	T	G	13725	7385	49	1	1	34	7.28438e-05	13728	0.999939	FALSE	NA	NA	NA	NA	NA	NA
NC_045512.2	13375	T	C	13725	7385	49	1	0	34	7.28438e-05	13728	0.999939	FALSE	NA	NA	NA	NA	NA	NA
NC_045512.2	13375	T	A	13725	7385	49	1	1	24	7.28438e-05	13728	1	FALSE	NA	NA	NA	NA	NA	NA
NC_045512.2	13376	A	T	11511	5867	49	1	1	27	8.68508e-05	11514	1	FALSE	NA	NA	NA	NA	NA	NA
NC_045512.2	13376	A	C	11511	5867	49	2	0	26	0.000173702	11514	1	FALSE	NA	NA	NA	NA	NA	NA
NC_045512.2	13377	C	G	11562	5972	49	2	2	30	0.000172921	11566	0.998294	FALSE	NA	NA	NA	NA	NA	NA
NC_045512.2	13377	C	A	11562	5972	49	2	2	30	0.000172921	11566	0.998294	FALSE	NA	NA	NA	NA	NA	NA
NC_045512.2	13378	C	T	11598	6025	48	1	1	68	8.61623e-05	11606	0.499871	FALSE	NA	NA	NA	NA	NA	NA
NC_045512.2	13378	C	G	11598	6025	48	7	6	27	0.000603136	11606	1	FALSE	NA	NA	NA	NA	NA	NA
NC_045512.2	13379	G	T	11853	6133	49	2	2	30	0.000168663	11858	0.998293	FALSE	NA	NA	NA	NA	NA	NA
NC_045512.2	13379	G	C	11853	6133	49	1	1	34	8.43313e-05	11858	0.999756	FALSE	NA	NA	NA	NA	NA	NA
NC_045512.2	13379	G	A	11853	6133	49	2	2	34	0.000168663	11858	0.998293	FALSE	NA	NA	NA	NA	NA	NA
NC_045512.2	13381	C	G	11772	6107	49	5	4	29	0.000424556	11777	1	FALSE	NA	NA	NA	NA	NA	NA
NC_045512.2	13382	T	G	11673	5974	49	4	4	26	0.000342554	11677	1	FALSE	NA	NA	NA	NA	NA	NA
NC_045512.2	13384	C	T	11773	6171	49	3	2	51	0.000254626	11782	0.124905	FALSE	NA	NA	NA	NA	NA	NA
NC_045512.2	13384	C	G	11773	6171	49	6	2	26	0.000509251	11782	1	FALSE	NA	NA	NA	NA	NA	NA
NC_045512.2	13385	G	T	11924	6194	49	1	1	27	8.38364e-05	11928	1	FALSE	NA	NA	NA	NA	NA	NA
NC_045512.2	13385	G	C	11924	6194	49	2	2	23	0.000167673	11928	1	FALSE	NA	NA	NA	NA	NA	NA
NC_045512.2	13385	G	A	11924	6194	49	1	0	46	8.38364e-05	11928	0.749969	FALSE	NA	NA	NA	NA	NA	NA
NC_045512.2	13386	G	T	11973	6202	49	4	4	28	0.000333918	11979	1	FALSE	NA	NA	NA	NA	NA	NA
NC_045512.2	13386	G	C	11973	6202	49	2	2	34	0.000166959	11979	0.998293	FALSE	NA	NA	NA	NA	NA	NA
NC_045512.2	13387	T	C	12086	6704	50	1	0	24	8.27267e-05	12088	1	FALSE	NA	NA	NA	NA	NA	NA
NC_045512.2	13387	T	A	12086	6704	50	1	0	26	8.27267e-05	12088	1	FALSE	NA	NA	NA	NA	NA	NA
NC_045512.2	13388	A	T	12070	6740	50	3	2	28	0.000248488	12073	1	FALSE	NA	NA	NA	NA	NA	NA
NC_045512.2	13389	T	G	12265	6902	51	2	2	30	0.000163039	12267	0.999087	FALSE	NA	NA	NA	NA	NA	NA
NC_045512.2	13390	G	C	12708	7013	51	1	1	34	7.86782e-05	12710	0.999878	FALSE	NA	NA	NA	NA	NA	NA
NC_045512.2	13390	G	A	12708	7013	51	1	1	60	7.86782e-05	12710	0.5	FALSE	NA	NA	NA	NA	NA	NA
NC_045512.2	13391	T	G	12689	7048	51	3	3	29	0.000236351	12693	1	FALSE	NA	NA	NA	NA	NA	NA
NC_045512.2	13391	T	A	12689	7048	51	1	0	26	7.87836e-05	12693	1	FALSE	NA	NA	NA	NA	NA	NA
NC_045512.2	13392	G	T	12690	7075	51	2	2	27	0.000157542	12695	1	FALSE	NA	NA	NA	NA	NA	NA
NC_045512.2	13392	G	C	12690	7075	51	3	3	29	0.000236314	12695	1	FALSE	NA	NA	NA	NA	NA	NA
NC_045512.2	13393	G	T	12648	7068	51	2	2	34	0.00015809	12651	0.999087	FALSE	NA	NA	NA	NA	NA	NA
NC_045512.2	13393	G	C	12648	7068	51	1	1	27	7.90451e-05	12651	1	FALSE	NA	NA	NA	NA	NA	NA
NC_045512.2	13393	G	-A	12648	7068	51	1	0	20	7.90451e-05	12651	1	FALSE	NA	NA	NA	NA	NA	NA
NC_045512.2	13394	A	G	12849	7284	52	3	2	28	0.000233427	12852	1	FALSE	NA	NA	NA	NA	NA	NA
NC_045512.2	13395	A	T	12737	7237	51	1	1	26	7.84868e-05	12741	1	FALSE	NA	NA	NA	NA	NA	NA
NC_045512.2	13395	A	G	12737	7237	51	3	1	42	0.00023546	12741	0.312485	FALSE	NA	NA	NA	NA	NA	NA
NC_045512.2	13396	A	T	12701	7261	51	2	2	30	0.000157381	12708	0.999085	FALSE	NA	NA	NA	NA	NA	NA
NC_045512.2	13396	A	G	12701	7261	51	3	1	43	0.000236072	12708	0.312397	FALSE	NA	NA	NA	NA	NA	NA
NC_045512.2	13396	A	C	12701	7261	51	2	0	27	0.000157381	12708	1	FALSE	NA	NA	NA	NA	NA	NA
NC_045512.2	13397	G	C	14028	7689	51	1	1	34	7.12708e-05	14031	0.99997	FALSE	NA	NA	NA	NA	NA	NA
NC_045512.2	13397	G	A	14028	7689	51	2	0	30	0.000142542	14031	0.999741	FALSE	NA	NA	NA	NA	NA	NA
NC_045512.2	13398	G	T	14065	7782	51	2	2	27	0.000142157	14069	1	FALSE	NA	NA	NA	NA	NA	NA
NC_045512.2	13398	G	C	14065	7782	51	2	1	27	0.000142157	14069	1	FALSE	NA	NA	NA	NA	NA	NA
NC_045512.2	13399	T	G	14083	7856	52	2	2	30	0.000141975	14087	0.999741	FALSE	NA	NA	NA	NA	NA	NA
NC_045512.2	13399	T	C	14083	7856	52	2	1	57	0.000141975	14087	0.249973	FALSE	NA	NA	NA	NA	NA	NA
NC_045512.2	13400	T	C	13884	7738	51	3	3	43	0.000215921	13894	0.312325	FALSE	NA	NA	NA	NA	NA	NA
NC_045512.2	13400	T	A	13884	7738	51	7	6	29	0.000503815	13894	1	FALSE	NA	NA	NA	NA	NA	NA
NC_045512.2	13401	A	T	14139	8085	51	2	1	26	0.000141423	14142	1	FALSE	NA	NA	NA	NA	NA	NA
NC_045512.2	13401	A	C	14139	8085	51	1	0	26	7.07114e-05	14142	1	FALSE	NA	NA	NA	NA	NA	NA
NC_045512.2	13402	T	G	14181	7961	51	2	2	30	0.000141004	14184	0.999741	FALSE	NA	NA	NA	NA	NA	NA
NC_045512.2	13402	T	C	14181	7961	51	1	0	68	7.0502e-05	14184	0.499982	FALSE	NA	NA	NA	NA	NA	NA
NC_045512.2	13404	G	T	14219	8027	51	1	1	27	7.03185e-05	14221	1	FALSE	NA	NA	NA	NA	NA	NA
NC_045512.2	13404	G	A	14219	8027	51	1	0	68	7.03185e-05	14221	0.5	FALSE	NA	NA	NA	NA	NA	NA
NC_045512.2	13405	C	T	14493	8210	51	2	2	51	0.000137931	14500	0.249922	FALSE	NA	NA	NA	NA	NA	NA
NC_045512.2	13405	C	G	14493	8210	51	4	4	28	0.000275862	14500	1	FALSE	NA	NA	NA	NA	NA	NA
NC_045512.2	13405	C	A	14493	8210	51	1	0	27	6.89655e-05	14500	1	FALSE	NA	NA	NA	NA	NA	NA
NC_045512.2	13406	T	G	13633	7410	53	1	1	27	7.33407e-05	13635	1	FALSE	NA	NA	NA	NA	NA	NA
NC_045512.2	13406	T	A	13633	7410	53	1	1	26	7.33407e-05	13635	1	FALSE	NA	NA	NA	NA	NA	NA
NC_045512.2	13407	G	T	13508	7319	52	1	1	26	7.40083e-05	13512	1	FALSE	NA	NA	NA	NA	NA	NA
NC_045512.2	13407	G	A	13508	7319	52	3	2	54	0.000222025	13512	0.124986	FALSE	NA	NA	NA	NA	NA	NA
NC_045512.2	13409	A	C	13614	7438	53	4	4	27	0.000293729	13618	1	FALSE	NA	NA	NA	NA	NA	NA
NC_045512.2	13410	G	A	13725	7406	52	3	1	45	0.000218531	13728	0.312514	FALSE	NA	NA	NA	NA	NA	NA
NC_045512.2	13411	T	C	13704	7485	53	2	1	25	0.000145921	13706	1	FALSE	NA	NA	NA	NA	NA	NA
NC_045512.2	13413	G	T	13885	7579	53	1	0	27	7.2015e-05	13886	1	FALSE	NA	NA	NA	NA	NA	NA
NC_045512.2	13414	T	G	13534	7345	53	1	0	27	7.38825e-05	13535	1	FALSE	NA	NA	NA	NA	NA	NA
NC_045512.2	13415	G	A	13664	7350	53	1	1	68	7.31797e-05	13665	0.500018	FALSE	NA	NA	NA	NA	NA	NA
NC_045512.2	13416	A	G	13745	7531	53	1	0	27	7.27431e-05	13747	1	FALSE	NA	NA	NA	NA	NA	NA
NC_045512.2	13416	A	C	13745	7531	53	1	1	26	7.27431e-05	13747	1	FALSE	NA	NA	NA	NA	NA	NA
NC_045512.2	13417	T	G	13729	7500	53	1	1	26	7.28332e-05	13730	1	FALSE	NA	NA	NA	NA	NA	NA
NC_045512.2	13419	A	G	13436	7268	53	2	0	30	0.000148821	13439	0.999513	FALSE	NA	NA	NA	NA	NA	NA
NC_045512.2	13419	A	C	13436	7268	53	1	1	34	7.44103e-05	13439	0.999939	FALSE	NA	NA	NA	NA	NA	NA
NC_045512.2	13420	A	T	12993	7295	50	1	0	68	7.69231e-05	13000	0.499904	FALSE	NA	NA	NA	NA	NA	NA
NC_045512.2	13420	A	C	12993	7295	50	6	1	29	0.000461538	13000	1	FALSE	NA	NA	NA	NA	NA	NA
NC_045512.2	13421	C	G	13503	7429	53	1	1	20	7.40521e-05	13504	1	FALSE	NA	NA	NA	NA	NA	NA
NC_045512.2	13422	T	C	13339	7246	54	2	1	46	0.000149891	13343	0.499972	FALSE	NA	NA	NA	NA	NA	NA
NC_045512.2	13422	T	A	13339	7246	54	2	1	27	0.000149891	13343	1	FALSE	NA	NA	NA	NA	NA	NA
NC_045512.2	13423	C	T	13452	7360	53	1	1	34	7.43329e-05	13453	0.999939	FALSE	NA	NA	NA	NA	NA	NA
NC_045512.2	13424	C	T	13319	7266	53	2	0	57	0.000150094	13325	0.249934	FALSE	NA	NA	NA	NA	NA	NA
NC_045512.2	13424	C	G	13319	7266	53	1	0	20	7.50469e-05	13325	1	FALSE	NA	NA	NA	NA	NA	NA
NC_045512.2	13424	C	A	13319	7266	53	3	1	29	0.000225141	13325	1	FALSE	NA	NA	NA	NA	NA	NA
NC_045512.2	13425	G	T	13275	7179	53	1	1	27	7.53182e-05	13277	1	FALSE	NA	NA	NA	NA	NA	NA
NC_045512.2	13425	G	A	13275	7179	53	1	0	68	7.53182e-05	13277	0.5	FALSE	NA	NA	NA	NA	NA	NA
NC_045512.2	13426	C	T	13323	7230	53	1	0	68	7.50525e-05	13324	0.500019	FALSE	NA	NA	NA	NA	NA	NA
NC_045512.2	13427	G	A	13281	7167	53	12	8	35	0.000902731	13293	0.655121	FALSE	NA	NA	NA	NA	NA	NA
NC_045512.2	13428	A	T	13430	7282	54	1	0	24	7.44546e-05	13431	1	FALSE	NA	NA	NA	NA	NA	NA
NC_045512.2	13429	A	G	12799	7343	50	1	0	68	7.80457e-05	12813	0.499766	FALSE	NA	NA	NA	NA	NA	NA
NC_045512.2	13429	A	C	12799	7343	50	13	1	28	0.00101459	12813	1	FALSE	NA	NA	NA	NA	NA	NA
NC_045512.2	13431	C	T	13651	7419	53	1	1	68	7.32279e-05	13656	0.499945	FALSE	NA	NA	NA	NA	NA	NA
NC_045512.2	13431	C	A	13651	7419	53	4	3	28	0.000292912	13656	1	FALSE	NA	NA	NA	NA	NA	NA
NC_045512.2	13431	C	-CATG	13651	7419	53	1	0	20	7.32279e-05	13656	1	FALSE	NA	NA	NA	NA	NA	NA
NC_045512.2	13433	A	G	13594	7336	53	1	0	27	7.3551e-05	13596	1	FALSE	NA	NA	NA	NA	NA	NA
NC_045512.2	13433	A	C	13594	7336	53	1	1	27	7.3551e-05	13596	1	FALSE	NA	NA	NA	NA	NA	NA
NC_045512.2	13434	T	C	13499	7203	53	1	0	68	7.40741e-05	13500	0.5	FALSE	NA	NA	NA	NA	NA	NA
NC_045512.2	13435	G	T	13661	7308	53	2	2	26	0.000146381	13663	1	FALSE	NA	NA	NA	NA	NA	NA
NC_045512.2	13437	T	C	13617	7227	53	4	3	45	0.000293643	13622	0.187477	FALSE	NA	NA	NA	NA	NA	NA
NC_045512.2	13437	T	A	13617	7227	53	1	1	24	7.34107e-05	13622	1	FALSE	NA	NA	NA	NA	NA	NA
NC_045512.2	13438	T	G	13512	7134	52	2	2	25	0.000147951	13518	1	FALSE	NA	NA	NA	NA	NA	NA
NC_045512.2	13438	T	C	13512	7134	52	2	1	40	0.000147951	13518	0.499917	FALSE	NA	NA	NA	NA	NA	NA
NC_045512.2	13438	T	A	13512	7134	52	2	0	23	0.000147951	13518	1	FALSE	NA	NA	NA	NA	NA	NA
NC_045512.2	13441	G	T	13397	7000	53	1	1	26	7.46269e-05	13400	1	FALSE	NA	NA	NA	NA	NA	NA
NC_045512.2	13441	G	C	13397	7000	53	1	0	20	7.46269e-05	13400	1	FALSE	NA	NA	NA	NA	NA	NA
NC_045512.2	13441	G	A	13397	7000	53	1	1	34	7.46269e-05	13400	0.999939	FALSE	NA	NA	NA	NA	NA	NA
NC_045512.2	13442	T	G	13209	6877	52	3	1	24	0.000227032	13214	1	FALSE	NA	NA	NA	NA	NA	NA
NC_045512.2	13442	T	C	13209	6877	52	1	1	24	7.56773e-05	13214	1	FALSE	NA	NA	NA	NA	NA	NA
NC_045512.2	13442	T	A	13209	6877	52	1	0	34	7.56773e-05	13214	0.999939	FALSE	NA	NA	NA	NA	NA	NA
NC_045512.2	13443	C	T	13430	7086	53	1	1	68	7.44491e-05	13432	0.5	FALSE	NA	NA	NA	NA	NA	NA
NC_045512.2	13443	C	G	13430	7086	53	1	0	27	7.44491e-05	13432	1	FALSE	NA	NA	NA	NA	NA	NA
NC_045512.2	13444	A	T	13320	7024	53	2	2	30	0.000150116	13323	0.999513	FALSE	NA	NA	NA	NA	NA	NA
NC_045512.2	13444	A	G	13320	7024	53	1	0	26	7.50582e-05	13323	1	FALSE	NA	NA	NA	NA	NA	NA
NC_045512.2	13445	G	T	13436	6966	53	2	2	30	0.000148798	13441	0.999513	FALSE	NA	NA	NA	NA	NA	NA
NC_045512.2	13445	G	C	13436	6966	53	1	0	34	7.43992e-05	13441	0.999939	FALSE	NA	NA	NA	NA	NA	NA
NC_045512.2	13445	G	A	13436	6966	53	2	1	30	0.000148798	13441	0.999513	FALSE	NA	NA	NA	NA	NA	NA
NC_045512.2	13446	C	T	13421	7113	53	1	0	24	7.44934e-05	13424	1	FALSE	NA	NA	NA	NA	NA	NA
NC_045512.2	13446	C	A	13421	7113	53	2	0	26	0.000148987	13424	1	FALSE	NA	NA	NA	NA	NA	NA
NC_045512.2	13447	T	A	13414	7014	53	1	1	27	7.45434e-05	13415	1	FALSE	NA	NA	NA	NA	NA	NA
NC_045512.2	13448	G	T	13368	7023	53	1	0	46	7.47999e-05	13369	0.750028	FALSE	NA	NA	NA	NA	NA	NA
NC_045512.2	13450	T	G	13388	7061	53	3	1	40	0.000224031	13391	0.312514	FALSE	NA	NA	NA	NA	NA	NA
NC_045512.2	13451	G	C	13415	7064	53	1	0	26	7.45379e-05	13416	1	FALSE	NA	NA	NA	NA	NA	NA
NC_045512.2	13452	C	T	13341	7162	53	3	2	56	0.00022482	13344	0.125	FALSE	NA	NA	NA	NA	NA	NA
NC_045512.2	13453	A	C	13349	7156	52	4	3	27	0.000299558	13353	1	FALSE	NA	NA	NA	NA	NA	NA
NC_045512.2	13454	C	G	13330	7228	53	1	0	27	7.50131e-05	13331	1	FALSE	NA	NA	NA	NA	NA	NA
NC_045512.2	13455	A	T	13128	7074	53	2	1	30	0.000152311	13131	0.999513	FALSE	NA	NA	NA	NA	NA	NA
NC_045512.2	13455	A	G	13128	7074	53	1	1	68	7.61557e-05	13131	0.499981	FALSE	NA	NA	NA	NA	NA	NA
NC_045512.2	13456	A	T	13026	7042	52	3	1	33	0.00023022	13031	0.997914	FALSE	NA	NA	NA	NA	NA	NA
NC_045512.2	13456	A	G	13026	7042	52	2	0	30	0.00015348	13031	0.999513	FALSE	NA	NA	NA	NA	NA	NA
NC_045512.2	13457	T	A	13162	7108	53	2	1	30	0.00015193	13164	0.999513	FALSE	NA	NA	NA	NA	NA	NA
NC_045512.2	13458	C	G	13002	7064	53	2	2	30	0.000153787	13005	0.999513	FALSE	NA	NA	NA	NA	NA	NA
NC_045512.2	13458	C	A	13002	7064	53	1	0	60	7.68935e-05	13005	0.499981	FALSE	NA	NA	NA	NA	NA	NA
NC_045512.2	13458	C	-G	13002	7064	53	1	0	20	7.68935e-05	13005	1	FALSE	NA	NA	NA	NA	NA	NA
NC_045512.2	13459	G	A	12984	7089	53	1	1	68	7.70119e-05	12985	0.5	FALSE	NA	NA	NA	NA	NA	NA
NC_045512.2	13460	T	G	12349	6536	51	3	3	27	0.000242876	12352	1	FALSE	NA	NA	NA	NA	NA	NA
NC_045512.2	13461	T	C	12777	7048	52	2	0	34	0.000156495	12780	0.999087	FALSE	NA	NA	NA	NA	NA	NA
NC_045512.2	13461	T	A	12777	7048	52	1	0	27	7.82473e-05	12780	1	FALSE	NA	NA	NA	NA	NA	NA
NC_045512.2	13462	T	G	12769	6912	52	1	1	20	7.83024e-05	12771	1	FALSE	NA	NA	NA	NA	NA	NA
NC_045512.2	13462	T	A	12769	6912	52	1	0	26	7.83024e-05	12771	1	FALSE	NA	NA	NA	NA	NA	NA
NC_045512.2	13463	T	A	12880	6993	53	1	1	26	7.76337e-05	12881	1	FALSE	NA	NA	NA	NA	NA	NA
NC_045512.2	13464	T	G	12770	7000	52	2	2	23	0.000156593	12772	1	FALSE	NA	NA	NA	NA	NA	NA
NC_045512.2	13465	A	C	12904	7192	53	1	0	34	7.74893e-05	12905	0.999878	FALSE	NA	NA	NA	NA	NA	NA
NC_045512.2	13466	A	C	12684	7124	51	3	0	31	0.000236463	12687	0.996317	FALSE	NA	NA	NA	NA	NA	NA
NC_045512.2	13467	A	C	12133	7167	48	10	0	25	0.00082352	12143	1	FALSE	NA	NA	NA	NA	NA	NA
NC_045512.2	13468	C	T	12810	7215	52	3	2	56	0.000234101	12815	0.124971	FALSE	NA	NA	NA	NA	NA	NA
NC_045512.2	13468	C	G	12810	7215	52	1	1	26	7.80336e-05	12815	1	FALSE	NA	NA	NA	NA	NA	NA
NC_045512.2	13468	C	A	12810	7215	52	1	0	26	7.80336e-05	12815	1	FALSE	NA	NA	NA	NA	NA	NA
NC_045512.2	13469	G	T	12713	7132	52	3	2	42	0.000235905	12717	0.312485	FALSE	NA	NA	NA	NA	NA	NA
NC_045512.2	13469	G	A	12713	7132	52	1	1	46	7.86349e-05	12717	0.749971	FALSE	NA	NA	NA	NA	NA	NA
NC_045512.2	13470	G	C	12992	7168	52	1	0	26	7.69645e-05	12993	1	FALSE	NA	NA	NA	NA	NA	NA
NC_045512.2	13472	T	G	10705	4969	45	16	16	27	0.00149212	10723	1	FALSE	NA	NA	NA	NA	NA	NA
NC_045512.2	13472	T	A	10705	4969	45	2	0	27	0.000186515	10723	1	FALSE	NA	NA	NA	NA	NA	NA
NC_045512.2	13473	T	A	12949	7415	52	1	0	34	7.72201e-05	12950	0.999878	FALSE	NA	NA	NA	NA	NA	NA
NC_045512.2	13474	T	G	12686	7124	51	1	1	26	7.88022e-05	12690	1	FALSE	NA	NA	NA	NA	NA	NA
NC_045512.2	13474	T	C	12686	7124	51	3	1	54	0.000236407	12690	0.124985	FALSE	NA	NA	NA	NA	NA	NA
NC_045512.2	13475	G	T	12927	7383	52	1	1	34	7.73455e-05	12929	0.999878	FALSE	NA	NA	NA	NA	NA	NA
NC_045512.2	13475	G	C	12927	7383	52	1	0	27	7.73455e-05	12929	1	FALSE	NA	NA	NA	NA	NA	NA
NC_045512.2	13476	C	T	12803	7417	51	3	2	56	0.000234247	12807	0.124985	FALSE	NA	NA	NA	NA	NA	NA
NC_045512.2	13476	C	G	12803	7417	51	1	1	26	7.80823e-05	12807	1	FALSE	NA	NA	NA	NA	NA	NA
NC_045512.2	13478	G	T	13442	7503	51	1	0	27	7.43882e-05	13443	1	FALSE	NA	NA	NA	NA	NA	NA
NC_045512.2	13478	G	+C	13442	7503	51	1	0	20	7.43882e-05	13443	1	FALSE	NA	NA	NA	NA	NA	NA
NC_045512.2	13480	G	C	13045	7172	52	1	0	27	7.66342e-05	13049	1	FALSE	NA	NA	NA	NA	NA	NA
NC_045512.2	13480	G	A	13045	7172	52	3	1	42	0.000229903	13049	0.312486	FALSE	NA	NA	NA	NA	NA	NA
NC_045512.2	13481	T	C	13089	7213	52	1	1	68	7.63942e-05	13090	0.500019	FALSE	NA	NA	NA	NA	NA	NA
NC_045512.2	13482	A	G	13043	7194	51	1	1	68	7.6646e-05	13047	0.499962	FALSE	NA	NA	NA	NA	NA	NA
NC_045512.2	13482	A	C	13043	7194	51	3	0	28	0.000229938	13047	1	FALSE	NA	NA	NA	NA	NA	NA
NC_045512.2	13483	A	G	13000	7317	50	3	2	38	0.000230716	13003	0.997916	FALSE	NA	NA	NA	NA	NA	NA
NC_045512.2	13484	G	A	13183	7293	51	1	1	68	7.58495e-05	13184	0.500019	FALSE	NA	NA	NA	NA	NA	NA
NC_045512.2	13485	T	C	13058	7287	50	1	0	68	7.65697e-05	13060	0.5	FALSE	NA	NA	NA	NA	NA	NA
NC_045512.2	13485	T	A	13058	7287	50	1	0	20	7.65697e-05	13060	1	FALSE	NA	NA	NA	NA	NA	NA
NC_045512.2	13486	G	C	13085	7316	51	1	0	27	7.64059e-05	13088	1	FALSE	NA	NA	NA	NA	NA	NA
NC_045512.2	13486	G	A	13085	7316	51	2	2	68	0.000152812	13088	0.24999	FALSE	NA	NA	NA	NA	NA	NA
NC_045512.2	13487	C	T	12389	6993	50	2	2	34	0.00016129	12400	0.999083	FALSE	NA	NA	NA	NA	NA	NA
NC_045512.2	13487	C	G	12389	6993	50	1	1	27	8.06452e-05	12400	1	FALSE	NA	NA	NA	NA	NA	NA
NC_045512.2	13487	C	A	12389	6993	50	8	0	27	0.000645161	12400	1	FALSE	NA	NA	NA	NA	NA	NA
NC_045512.2	13489	G	C	12369	6858	51	1	0	27	8.08407e-05	12370	1	FALSE	NA	NA	NA	NA	NA	NA
NC_045512.2	13490	C	A	12309	6981	50	2	0	26	0.000162456	12311	1	FALSE	NA	NA	NA	NA	NA	NA
NC_045512.2	13491	C	G	12404	6997	51	1	0	27	8.06127e-05	12405	1	FALSE	NA	NA	NA	NA	NA	NA
NC_045512.2	13492	C	T	12299	7036	50	1	1	68	8.13008e-05	12300	0.50002	FALSE	NA	NA	NA	NA	NA	NA
NC_045512.2	13493	G	A	15216	7343	49	1	1	34	6.5716e-05	15217	0.999985	FALSE	NA	NA	NA	NA	NA	NA
NC_045512.2	13494	T	C	14827	6935	46	1	1	27	6.74309e-05	14830	1	FALSE	NA	NA	NA	NA	NA	NA
NC_045512.2	13494	T	A	14827	6935	46	2	1	68	0.000134862	14830	0.249992	FALSE	NA	NA	NA	NA	NA	NA
NC_045512.2	13496	T	C	15342	7383	49	1	1	34	6.51678e-05	15345	0.999985	FALSE	NA	NA	NA	NA	NA	NA
NC_045512.2	13496	T	A	15342	7383	49	2	1	26	0.000130336	15345	1	FALSE	NA	NA	NA	NA	NA	NA
NC_045512.2	13497	T	G	15311	7521	49	3	0	29	0.000195886	15315	1	FALSE	NA	NA	NA	NA	NA	NA
NC_045512.2	13497	T	A	15311	7521	49	1	0	27	6.52955e-05	15315	1	FALSE	NA	NA	NA	NA	NA	NA
NC_045512.2	13498	A	G	15371	7586	49	2	1	47	0.000130098	15373	0.500024	FALSE	NA	NA	NA	NA	NA	NA
NC_045512.2	13498	A	-C	15371	7586	49	1	0	20	6.50491e-05	15373	1	FALSE	NA	NA	NA	NA	NA	NA
NC_045512.2	13499	C	G	15274	7722	49	1	0	27	6.54579e-05	15277	1	FALSE	NA	NA	NA	NA	NA	NA
NC_045512.2	13499	C	A	15274	7722	49	2	0	30	0.000130916	15277	0.999863	FALSE	NA	NA	NA	NA	NA	NA
NC_045512.2	13501	C	T	15165	7671	49	1	1	68	6.59196e-05	15170	0.499951	FALSE	NA	NA	NA	NA	NA	NA
NC_045512.2	13501	C	G	15165	7671	49	2	1	23	0.000131839	15170	1	FALSE	NA	NA	NA	NA	NA	NA
NC_045512.2	13501	C	A	15165	7671	49	2	2	30	0.000131839	15170	0.999863	FALSE	NA	NA	NA	NA	NA	NA
NC_045512.2	13502	C	A	11956	5220	49	2	0	30	0.000167252	11958	0.998296	FALSE	NA	NA	NA	NA	NA	NA
NC_045512.2	13503	G	C	12321	5259	50	1	0	27	8.11227e-05	12327	1	FALSE	NA	NA	NA	NA	NA	NA
NC_045512.2	13503	G	A	12321	5259	50	5	1	58	0.000405614	12327	0.0312373	FALSE	NA	NA	NA	NA	NA	NA
NC_045512.2	13504	T	G	12267	5270	50	2	2	30	0.000162999	12270	0.999087	FALSE	NA	NA	NA	NA	NA	NA
NC_045512.2	13504	T	A	12267	5270	50	1	0	26	8.14996e-05	12270	1	FALSE	NA	NA	NA	NA	NA	NA
NC_045512.2	13505	G	T	12296	5281	50	1	1	26	8.13206e-05	12297	1	FALSE	NA	NA	NA	NA	NA	NA
NC_045512.2	13506	C	T	12207	5332	50	7	3	45	0.000573066	12215	0.0351339	FALSE	NA	NA	NA	NA	NA	NA
NC_045512.2	13506	C	G	12207	5332	50	1	1	20	8.18666e-05	12215	1	FALSE	NA	NA	NA	NA	NA	NA
NC_045512.2	13507	G	T	12273	5261	50	3	3	34	0.000244359	12277	0.996316	FALSE	NA	NA	NA	NA	NA	NA
NC_045512.2	13507	G	A	12273	5261	50	1	0	26	8.14531e-05	12277	1	FALSE	NA	NA	NA	NA	NA	NA
NC_045512.2	13508	G	T	12449	5316	49	1	0	26	8.03084e-05	12452	1	FALSE	NA	NA	NA	NA	NA	NA
NC_045512.2	13508	G	C	12449	5316	49	2	1	23	0.000160617	12452	1	FALSE	NA	NA	NA	NA	NA	NA
NC_045512.2	13509	C	T	12434	5490	50	1	0	60	8.04182e-05	12435	0.50002	FALSE	NA	NA	NA	NA	NA	NA
NC_045512.2	13510	A	T	12462	5561	50	1	1	26	8.02311e-05	12464	1	FALSE	NA	NA	NA	NA	NA	NA
NC_045512.2	13510	A	G	12462	5561	50	1	1	34	8.02311e-05	12464	0.999878	FALSE	NA	NA	NA	NA	NA	NA
NC_045512.2	13511	C	T	12419	5588	49	2	1	47	0.000161018	12421	0.50003	FALSE	NA	NA	NA	NA	NA	NA
NC_045512.2	13512	A	T	12151	5368	50	1	1	27	8.22842e-05	12153	1	FALSE	NA	NA	NA	NA	NA	NA
NC_045512.2	13512	A	C	12151	5368	50	1	0	68	8.22842e-05	12153	0.5	FALSE	NA	NA	NA	NA	NA	NA
NC_045512.2	13513	G	C	12425	5371	50	2	2	27	0.00016094	12427	1	FALSE	NA	NA	NA	NA	NA	NA
NC_045512.2	13515	C	A	13263	5679	50	2	0	34	0.000150773	13265	0.999513	FALSE	NA	NA	NA	NA	NA	NA
NC_045512.2	13516	A	C	13096	5686	49	2	0	30	0.000152695	13098	0.999513	FALSE	NA	NA	NA	NA	NA	NA
NC_045512.2	13518	T	G	13357	5709	50	1	0	27	7.48615e-05	13358	1	FALSE	NA	NA	NA	NA	NA	NA
NC_045512.2	13519	A	G	13411	5800	50	1	1	34	7.45545e-05	13413	0.999939	FALSE	NA	NA	NA	NA	NA	NA
NC_045512.2	13519	A	C	13411	5800	50	1	0	27	7.45545e-05	13413	1	FALSE	NA	NA	NA	NA	NA	NA
NC_045512.2	13520	G	T	13743	5911	49	1	0	27	7.27431e-05	13747	1	FALSE	NA	NA	NA	NA	NA	NA
NC_045512.2	13520	G	C	13743	5911	49	3	3	24	0.000218229	13747	1	FALSE	NA	NA	NA	NA	NA	NA
NC_045512.2	13521	T	C	13759	6086	48	1	0	46	7.26744e-05	13760	0.750027	FALSE	NA	NA	NA	NA	NA	NA
NC_045512.2	13522	A	T	13628	5940	49	1	0	27	7.3373e-05	13629	1	FALSE	NA	NA	NA	NA	NA	NA
NC_045512.2	13523	C	T	13640	6200	49	2	1	68	0.000146595	13643	0.249991	FALSE	NA	NA	NA	NA	NA	NA
NC_045512.2	13523	C	G	13640	6200	49	1	0	26	7.32977e-05	13643	1	FALSE	NA	NA	NA	NA	NA	NA
NC_045512.2	13524	T	A	12905	5616	49	1	1	26	7.74833e-05	12906	1	FALSE	NA	NA	NA	NA	NA	NA
NC_045512.2	13525	G	T	12909	5615	50	1	1	27	7.74533e-05	12911	1	FALSE	NA	NA	NA	NA	NA	NA
NC_045512.2	13525	G	C	12909	5615	50	1	1	27	7.74533e-05	12911	1	FALSE	NA	NA	NA	NA	NA	NA
NC_045512.2	13527	T	C	12777	5554	50	3	2	30	0.000234742	12780	0.996316	FALSE	NA	NA	NA	NA	NA	NA
NC_045512.2	13528	G	T	14091	5828	49	1	0	26	7.09522e-05	14094	1	FALSE	NA	NA	NA	NA	NA	NA
NC_045512.2	13528	G	C	14091	5828	49	2	2	23	0.000141904	14094	1	FALSE	NA	NA	NA	NA	NA	NA
NC_045512.2	13530	C	T	13811	5595	50	2	0	51	0.000144791	13813	0.250009	FALSE	NA	NA	NA	NA	NA	NA
NC_045512.2	13531	G	C	13947	5650	50	1	1	34	7.16949e-05	13948	0.999939	FALSE	NA	NA	NA	NA	NA	NA
NC_045512.2	13532	T	C	13965	5710	50	1	1	34	7.16025e-05	13966	0.999939	FALSE	NA	NA	NA	NA	NA	NA
NC_045512.2	13533	A	T	14245	5832	50	1	1	34	7.01804e-05	14249	0.99997	FALSE	NA	NA	NA	NA	NA	NA
NC_045512.2	13533	A	C	14245	5832	50	3	2	29	0.000210541	14249	1	FALSE	NA	NA	NA	NA	NA	NA
NC_045512.2	13534	T	C	14294	5791	50	1	0	34	6.99545e-05	14295	0.99997	FALSE	NA	NA	NA	NA	NA	NA
NC_045512.2	13536	C	G	14184	5808	50	3	3	20	0.000211446	14188	1	FALSE	NA	NA	NA	NA	NA	NA
NC_045512.2	13536	C	A	14184	5808	50	1	0	34	7.04821e-05	14188	0.99997	FALSE	NA	NA	NA	NA	NA	NA
NC_045512.2	13537	A	T	12979	4866	51	1	1	34	7.70416e-05	12980	0.999878	FALSE	NA	NA	NA	NA	NA	NA
NC_045512.2	13538	G	T	13058	4820	50	1	1	27	7.6558e-05	13062	1	FALSE	NA	NA	NA	NA	NA	NA
NC_045512.2	13538	G	C	13058	4820	50	2	1	30	0.000153116	13062	0.999513	FALSE	NA	NA	NA	NA	NA	NA
NC_045512.2	13538	G	A	13058	4820	50	1	0	34	7.6558e-05	13062	0.999939	FALSE	NA	NA	NA	NA	NA	NA
NC_045512.2	13540	G	T	13171	4828	50	3	3	29	0.000227704	13175	1	FALSE	NA	NA	NA	NA	NA	NA
NC_045512.2	13540	G	C	13171	4828	50	1	0	34	7.59013e-05	13175	0.999939	FALSE	NA	NA	NA	NA	NA	NA
NC_045512.2	13541	C	G	13177	4976	50	4	4	28	0.000303421	13183	1	FALSE	NA	NA	NA	NA	NA	NA
NC_045512.2	13541	C	A	13177	4976	50	2	0	26	0.000151711	13183	1	FALSE	NA	NA	NA	NA	NA	NA
NC_045512.2	13542	T	G	12967	4839	50	1	1	27	7.71069e-05	12969	1	FALSE	NA	NA	NA	NA	NA	NA
NC_045512.2	13542	T	A	12967	4839	50	1	0	34	7.71069e-05	12969	0.999878	FALSE	NA	NA	NA	NA	NA	NA
NC_045512.2	13543	T	C	12844	4746	49	1	1	27	7.78452e-05	12846	1	FALSE	NA	NA	NA	NA	NA	NA
NC_045512.2	13543	T	A	12844	4746	49	1	0	26	7.78452e-05	12846	1	FALSE	NA	NA	NA	NA	NA	NA
NC_045512.2	13544	T	G	12892	4669	48	2	2	26	0.000155075	12897	1	FALSE	NA	NA	NA	NA	NA	NA
NC_045512.2	13544	T	C	12892	4669	48	2	1	68	0.000155075	12897	0.249952	FALSE	NA	NA	NA	NA	NA	NA
NC_045512.2	13544	T	A	12892	4669	48	1	0	34	7.75374e-05	12897	0.999878	FALSE	NA	NA	NA	NA	NA	NA
NC_045512.2	13545	T	C	13132	4919	51	1	1	46	7.61383e-05	13134	0.75001	FALSE	NA	NA	NA	NA	NA	NA
NC_045512.2	13545	T	A	13132	4919	51	1	0	26	7.61383e-05	13134	1	FALSE	NA	NA	NA	NA	NA	NA
NC_045512.2	13546	G	T	13170	4921	51	1	0	68	7.59129e-05	13173	0.499981	FALSE	NA	NA	NA	NA	NA	NA
NC_045512.2	13546	G	C	13170	4921	51	2	0	30	0.000151826	13173	0.999513	FALSE	NA	NA	NA	NA	NA	NA
NC_045512.2	13547	A	T	13126	4913	51	2	2	27	0.000152346	13128	1	FALSE	NA	NA	NA	NA	NA	NA
NC_045512.2	13548	C	G	13213	5083	50	1	1	20	7.56773e-05	13214	1	FALSE	NA	NA	NA	NA	NA	NA
NC_045512.2	13551	C	G	13030	4866	50	2	0	34	0.000153468	13032	0.999513	FALSE	NA	NA	NA	NA	NA	NA
NC_045512.2	13552	T	G	13106	4860	50	3	3	26	0.000228833	13110	1	FALSE	NA	NA	NA	NA	NA	NA
NC_045512.2	13552	T	C	13106	4860	50	1	0	24	7.62777e-05	13110	1	FALSE	NA	NA	NA	NA	NA	NA
NC_045512.2	13552	T	-A	13106	4860	50	1	0	20	7.62777e-05	13110	1	FALSE	NA	NA	NA	NA	NA	NA
NC_045512.2	13553	A	G	12955	4836	49	2	1	51	0.000154357	12957	0.24999	FALSE	NA	NA	NA	NA	NA	NA
NC_045512.2	13554	C	T	13041	4961	51	1	0	34	7.66695e-05	13043	0.999939	FALSE	NA	NA	NA	NA	NA	NA
NC_045512.2	13554	C	G	13041	4961	51	1	0	26	7.66695e-05	13043	1	FALSE	NA	NA	NA	NA	NA	NA
NC_045512.2	13555	A	T	13076	4986	51	2	0	46	0.000152882	13082	0.499914	FALSE	NA	NA	NA	NA	NA	NA
NC_045512.2	13555	A	G	13076	4986	51	1	0	34	7.64409e-05	13082	0.999939	FALSE	NA	NA	NA	NA	NA	NA
NC_045512.2	13555	A	C	13076	4986	51	3	3	27	0.000229323	13082	1	FALSE	NA	NA	NA	NA	NA	NA
NC_045512.2	13556	A	T	13165	5140	51	1	0	34	7.59359e-05	13169	0.999939	FALSE	NA	NA	NA	NA	NA	NA
NC_045512.2	13556	A	G	13165	5140	51	1	0	68	7.59359e-05	13169	0.499962	FALSE	NA	NA	NA	NA	NA	NA
NC_045512.2	13556	A	C	13165	5140	51	2	1	27	0.000151872	13169	1	FALSE	NA	NA	NA	NA	NA	NA
NC_045512.2	13557	T	G	13326	5033	50	1	1	34	7.50244e-05	13329	0.999939	FALSE	NA	NA	NA	NA	NA	NA
NC_045512.2	13557	T	A	13326	5033	50	2	2	30	0.000150049	13329	0.999513	FALSE	NA	NA	NA	NA	NA	NA
NC_045512.2	13558	G	T	13471	5072	50	2	1	30	0.000148445	13473	0.999513	FALSE	NA	NA	NA	NA	NA	NA
NC_045512.2	13559	A	G	13622	5147	51	2	0	34	0.0001468	13624	0.999513	FALSE	NA	NA	NA	NA	NA	NA
NC_045512.2	13561	A	T	13348	5082	50	2	2	30	0.000149813	13350	0.999513	FALSE	NA	NA	NA	NA	NA	NA
NC_045512.2	13562	A	T	13515	5021	50	1	0	27	7.39754e-05	13518	1	FALSE	NA	NA	NA	NA	NA	NA
NC_045512.2	13562	A	G	13515	5021	50	2	0	27	0.000147951	13518	1	FALSE	NA	NA	NA	NA	NA	NA
NC_045512.2	13563	A	G	12644	5106	48	1	0	27	7.90514e-05	12650	1	FALSE	NA	NA	NA	NA	NA	NA
NC_045512.2	13563	A	C	12644	5106	48	5	0	26	0.000395257	12650	1	FALSE	NA	NA	NA	NA	NA	NA
NC_045512.2	13565	T	G	13419	5069	50	1	1	27	7.45101e-05	13421	1	FALSE	NA	NA	NA	NA	NA	NA
NC_045512.2	13565	T	C	13419	5069	50	1	0	34	7.45101e-05	13421	0.999939	FALSE	NA	NA	NA	NA	NA	NA
NC_045512.2	13566	A	T	13404	4975	51	1	0	26	7.45823e-05	13408	1	FALSE	NA	NA	NA	NA	NA	NA
NC_045512.2	13566	A	G	13404	4975	51	3	2	46	0.000223747	13408	0.312486	FALSE	NA	NA	NA	NA	NA	NA
NC_045512.2	13567	G	T	13342	4884	50	2	2	27	0.000149846	13347	1	FALSE	NA	NA	NA	NA	NA	NA
NC_045512.2	13567	G	C	13342	4884	50	3	2	26	0.00022477	13347	1	FALSE	NA	NA	NA	NA	NA	NA
NC_045512.2	13568	C	G	13309	5150	51	1	1	20	7.51202e-05	13312	1	FALSE	NA	NA	NA	NA	NA	NA
NC_045512.2	13568	C	A	13309	5150	51	2	0	23	0.00015024	13312	1	FALSE	NA	NA	NA	NA	NA	NA
NC_045512.2	13570	G	T	13352	5030	51	2	2	30	0.000149757	13355	0.999513	FALSE	NA	NA	NA	NA	NA	NA
NC_045512.2	13570	G	C	13352	5030	51	1	0	34	7.48783e-05	13355	0.999939	FALSE	NA	NA	NA	NA	NA	NA
NC_045512.2	13571	G	T	13424	5098	51	1	1	26	7.44879e-05	13425	1	FALSE	NA	NA	NA	NA	NA	NA
NC_045512.2	13571	G	-T	13424	5098	51	1	0	20	7.44879e-05	13425	1	FALSE	NA	NA	NA	NA	NA	NA
NC_045512.2	13572	T	G	13440	5281	52	1	1	26	7.43937e-05	13442	1	FALSE	NA	NA	NA	NA	NA	NA
NC_045512.2	13572	T	C	13440	5281	52	1	1	34	7.43937e-05	13442	0.999939	FALSE	NA	NA	NA	NA	NA	NA
NC_045512.2	13573	T	G	13122	4997	49	2	1	34	0.000152381	13125	0.999513	FALSE	NA	NA	NA	NA	NA	NA
NC_045512.2	13573	T	C	13122	4997	49	1	0	34	7.61905e-05	13125	0.999939	FALSE	NA	NA	NA	NA	NA	NA
NC_045512.2	13574	T	G	13449	5307	53	1	1	34	7.43494e-05	13450	0.999939	FALSE	NA	NA	NA	NA	NA	NA
NC_045512.2	13576	G	T	13349	5133	51	2	2	23	0.000149802	13351	1	FALSE	NA	NA	NA	NA	NA	NA
NC_045512.2	13576	G	+T	13349	5133	51	1	0	20	7.49008e-05	13351	1	FALSE	NA	NA	NA	NA	NA	NA
NC_045512.2	13577	C	T	13377	5701	53	3	0	60	0.000224182	13382	0.124972	FALSE	NA	NA	NA	NA	NA	NA
NC_045512.2	13577	C	A	13377	5701	53	2	0	23	0.000149454	13382	1	FALSE	NA	NA	NA	NA	NA	NA
NC_045512.2	13578	T	C	13598	5654	54	1	0	68	7.35348e-05	13599	0.500018	FALSE	NA	NA	NA	NA	NA	NA
NC_045512.2	13579	A	T	13538	5630	53	2	2	43	0.00014771	13540	0.500028	FALSE	NA	NA	NA	NA	NA	NA
NC_045512.2	13580	A	T	13205	5656	52	1	1	27	7.56888e-05	13212	1	FALSE	NA	NA	NA	NA	NA	NA
NC_045512.2	13580	A	G	13205	5656	52	1	0	68	7.56888e-05	13212	0.499905	FALSE	NA	NA	NA	NA	NA	NA
NC_045512.2	13580	A	C	13205	5656	52	5	1	28	0.000378444	13212	1	FALSE	NA	NA	NA	NA	NA	NA
NC_045512.2	13580	A	-AT	13205	5656	52	1	0	20	7.56888e-05	13212	1	FALSE	NA	NA	NA	NA	NA	NA
NC_045512.2	13581	A	T	13229	5735	52	2	2	30	0.000151103	13236	0.999512	FALSE	NA	NA	NA	NA	NA	NA
NC_045512.2	13581	A	C	13229	5735	52	5	3	25	0.000377758	13236	1	FALSE	NA	NA	NA	NA	NA	NA
NC_045512.2	13582	T	G	13488	5708	54	1	1	34	7.41345e-05	13489	0.999939	FALSE	NA	NA	NA	NA	NA	NA
NC_045512.2	13583	T	C	13453	5752	54	2	0	47	0.000148644	13455	0.500028	FALSE	NA	NA	NA	NA	NA	NA
NC_045512.2	13584	C	T	13700	5734	53	2	1	68	0.000145932	13705	0.249954	FALSE	NA	NA	NA	NA	NA	NA
NC_045512.2	13584	C	G	13700	5734	53	2	2	23	0.000145932	13705	1	FALSE	NA	NA	NA	NA	NA	NA
NC_045512.2	13584	C	A	13700	5734	53	1	0	26	7.29661e-05	13705	1	FALSE	NA	NA	NA	NA	NA	NA
NC_045512.2	13585	C	G	13531	5875	52	4	0	28	0.000295465	13538	1	FALSE	NA	NA	NA	NA	NA	NA
NC_045512.2	13585	C	A	13531	5875	52	3	0	31	0.000221598	13538	0.997912	FALSE	NA	NA	NA	NA	NA	NA
NC_045512.2	13586	T	G	13748	5743	53	1	1	27	7.2722e-05	13751	1	FALSE	NA	NA	NA	NA	NA	NA
NC_045512.2	13586	T	C	13748	5743	53	1	0	68	7.2722e-05	13751	0.499982	FALSE	NA	NA	NA	NA	NA	NA
NC_045512.2	13586	T	A	13748	5743	53	1	0	68	7.2722e-05	13751	0.499982	FALSE	NA	NA	NA	NA	NA	NA
NC_045512.2	13586	T	-A	13748	5743	53	2	0	20	0.000145444	13751	1	FALSE	NA	NA	NA	NA	NA	NA
NC_045512.2	13587	A	T	13739	5863	54	2	2	34	0.000145529	13743	0.999512	FALSE	NA	NA	NA	NA	NA	NA
NC_045512.2	13587	A	G	13739	5863	54	1	1	46	7.27643e-05	13743	0.749936	FALSE	NA	NA	NA	NA	NA	NA
NC_045512.2	13587	A	C	13739	5863	54	1	0	26	7.27643e-05	13743	1	FALSE	NA	NA	NA	NA	NA	NA
NC_045512.2	13588	A	G	13695	5863	53	2	1	47	0.000145985	13700	0.499945	FALSE	NA	NA	NA	NA	NA	NA
NC_045512.2	13588	A	C	13695	5863	53	3	1	31	0.000218978	13700	0.997914	FALSE	NA	NA	NA	NA	NA	NA
NC_045512.2	13589	A	G	13730	5877	53	1	1	27	7.28226e-05	13732	1	FALSE	NA	NA	NA	NA	NA	NA
NC_045512.2	13589	A	C	13730	5877	53	1	0	27	7.28226e-05	13732	1	FALSE	NA	NA	NA	NA	NA	NA
NC_045512.2	13590	A	G	14564	6057	53	2	0	30	0.000137297	14567	0.999741	FALSE	NA	NA	NA	NA	NA	NA
NC_045512.2	13590	A	C	14564	6057	53	1	1	27	6.86483e-05	14567	1	FALSE	NA	NA	NA	NA	NA	NA
NC_045512.2	13591	A	G	14009	6144	50	1	0	34	7.13572e-05	14014	0.99997	FALSE	NA	NA	NA	NA	NA	NA
NC_045512.2	13591	A	C	14009	6144	50	4	0	30	0.000285429	14014	0.99624	FALSE	NA	NA	NA	NA	NA	NA
NC_045512.2	13592	C	A	14683	6229	53	2	0	30	0.000136193	14685	0.999742	FALSE	NA	NA	NA	NA	NA	NA
NC_045512.2	13593	T	G	14647	6107	53	1	1	26	6.82547e-05	14651	1	FALSE	NA	NA	NA	NA	NA	NA
NC_045512.2	13593	T	C	14647	6107	53	1	1	34	6.82547e-05	14651	0.99997	FALSE	NA	NA	NA	NA	NA	NA
NC_045512.2	13593	T	A	14647	6107	53	2	2	25	0.000136509	14651	1	FALSE	NA	NA	NA	NA	NA	NA
NC_045512.2	13593	T	+A	14647	6107	53	1	0	20	6.82547e-05	14651	1	FALSE	NA	NA	NA	NA	NA	NA
NC_045512.2	13594	A	T	14700	6122	53	1	0	24	6.8018e-05	14702	1	FALSE	NA	NA	NA	NA	NA	NA
NC_045512.2	13594	A	C	14700	6122	53	1	0	34	6.8018e-05	14702	0.99997	FALSE	NA	NA	NA	NA	NA	NA
NC_045512.2	13595	A	T	14237	6207	52	1	1	20	7.02198e-05	14241	1	FALSE	NA	NA	NA	NA	NA	NA
NC_045512.2	13595	A	G	14237	6207	52	2	1	57	0.00014044	14241	0.249974	FALSE	NA	NA	NA	NA	NA	NA
NC_045512.2	13595	A	C	14237	6207	52	1	0	34	7.02198e-05	14241	0.99997	FALSE	NA	NA	NA	NA	NA	NA
NC_045512.2	13596	T	G	14775	6097	52	1	1	34	6.76682e-05	14778	0.99997	FALSE	NA	NA	NA	NA	NA	NA
NC_045512.2	13596	T	C	14775	6097	52	2	1	47	0.000135336	14778	0.5	FALSE	NA	NA	NA	NA	NA	NA
NC_045512.2	13597	T	C	14758	6172	52	1	1	68	6.77507e-05	14760	0.5	FALSE	NA	NA	NA	NA	NA	NA
NC_045512.2	13597	T	A	14758	6172	52	1	1	20	6.77507e-05	14760	1	FALSE	NA	NA	NA	NA	NA	NA
NC_045512.2	13599	T	G	14184	5749	51	6	6	28	0.000422803	14191	1	FALSE	NA	NA	NA	NA	NA	NA
NC_045512.2	13599	T	C	14184	5749	51	1	1	34	7.04672e-05	14191	0.99997	FALSE	NA	NA	NA	NA	NA	NA
NC_045512.2	13600	T	C	14242	5909	52	1	1	34	7.0205e-05	14244	0.99997	FALSE	NA	NA	NA	NA	NA	NA
NC_045512.2	13600	T	A	14242	5909	52	1	1	27	7.0205e-05	14244	1	FALSE	NA	NA	NA	NA	NA	NA
NC_045512.2	13604	G	A	14213	5914	53	3	1	56	0.00021103	14216	0.125	FALSE	NA	NA	NA	NA	NA	NA
NC_045512.2	13605	C	T	14108	5900	53	1	0	24	7.08767e-05	14109	1	FALSE	NA	NA	NA	NA	NA	NA
NC_045512.2	13606	T	A	14190	5815	53	1	0	34	7.04672e-05	14191	0.99997	FALSE	NA	NA	NA	NA	NA	NA
NC_045512.2	13607	T	G	14185	6085	54	2	0	30	0.000140964	14188	0.999741	FALSE	NA	NA	NA	NA	NA	NA
NC_045512.2	13607	T	A	14185	6085	54	1	0	26	7.04821e-05	14188	1	FALSE	NA	NA	NA	NA	NA	NA
NC_045512.2	13608	C	G	14088	6015	53	1	1	20	7.09723e-05	14090	1	FALSE	NA	NA	NA	NA	NA	NA
NC_045512.2	13608	C	A	14088	6015	53	1	0	26	7.09723e-05	14090	1	FALSE	NA	NA	NA	NA	NA	NA
NC_045512.2	13609	C	A	14035	6072	53	1	0	27	7.12454e-05	14036	1	FALSE	NA	NA	NA	NA	NA	NA
NC_045512.2	13610	A	C	13946	6046	53	1	0	34	7.17e-05	13947	0.999939	FALSE	NA	NA	NA	NA	NA	NA
NC_045512.2	13611	A	C	13855	6114	53	2	0	26	0.000144331	13857	1	FALSE	NA	NA	NA	NA	NA	NA
NC_045512.2	13612	G	T	14120	6043	54	2	1	23	0.000141603	14124	1	FALSE	NA	NA	NA	NA	NA	NA
NC_045512.2	13612	G	C	14120	6043	54	2	1	26	0.000141603	14124	1	FALSE	NA	NA	NA	NA	NA	NA
NC_045512.2	13612	G	-A	14120	6043	54	1	0	20	7.08015e-05	14124	1	FALSE	NA	NA	NA	NA	NA	NA
NC_045512.2	13613	A	T	13773	6135	51	2	0	40	0.000145169	13777	0.499946	FALSE	NA	NA	NA	NA	NA	NA
NC_045512.2	13613	A	G	13773	6135	51	2	0	47	0.000145169	13777	0.499946	FALSE	NA	NA	NA	NA	NA	NA
NC_045512.2	13614	A	C	13997	6076	54	1	0	26	7.14388e-05	13998	1	FALSE	NA	NA	NA	NA	NA	NA
NC_045512.2	13615	A	G	13997	6027	54	2	1	51	0.000142867	13999	0.250009	FALSE	NA	NA	NA	NA	NA	NA
NC_045512.2	13616	A	G	13846	6085	53	12	6	51	0.000865863	13859	0.00024356	TRUE	NA	NA	NA	NA	NA	NA
NC_045512.2	13616	A	C	13846	6085	53	1	0	20	7.21553e-05	13859	1	FALSE	NA	NA	NA	NA	NA	NA
NC_045512.2	13617	G	T	13991	5993	54	3	0	45	0.000214332	13997	0.312433	FALSE	NA	NA	NA	NA	NA	NA
NC_045512.2	13617	G	C	13991	5993	54	2	2	27	0.000142888	13997	1	FALSE	NA	NA	NA	NA	NA	NA
NC_045512.2	13617	G	A	13991	5993	54	1	0	34	7.14439e-05	13997	0.999939	FALSE	NA	NA	NA	NA	NA	NA
NC_045512.2	13618	G	C	13769	6078	53	1	0	26	7.26164e-05	13771	1	FALSE	NA	NA	NA	NA	NA	NA
NC_045512.2	13618	G	A	13769	6078	53	1	0	27	7.26164e-05	13771	1	FALSE	NA	NA	NA	NA	NA	NA
NC_045512.2	13619	A	G	13968	6058	54	2	2	51	0.000143154	13971	0.249991	FALSE	NA	NA	NA	NA	NA	NA
NC_045512.2	13619	A	C	13968	6058	54	1	0	20	7.15768e-05	13971	1	FALSE	NA	NA	NA	NA	NA	NA
NC_045512.2	13620	C	T	13837	6144	53	1	0	34	7.22126e-05	13848	0.999939	FALSE	NA	NA	NA	NA	NA	NA
NC_045512.2	13620	C	G	13837	6144	53	6	0	29	0.000433276	13848	1	FALSE	NA	NA	NA	NA	NA	NA
NC_045512.2	13620	C	A	13837	6144	53	4	0	28	0.00028885	13848	1	FALSE	NA	NA	NA	NA	NA	NA
NC_045512.2	13621	G	T	13702	6076	54	1	1	27	7.29767e-05	13703	1	FALSE	NA	NA	NA	NA	NA	NA
NC_045512.2	13622	A	T	13787	6090	54	2	1	34	0.000145043	13789	0.999513	FALSE	NA	NA	NA	NA	NA	NA
NC_045512.2	13623	A	T	13425	6286	52	1	0	34	7.44269e-05	13436	0.999939	FALSE	NA	NA	NA	NA	NA	NA
NC_045512.2	13623	A	G	13425	6286	52	2	0	47	0.000148854	13436	0.499777	FALSE	NA	NA	NA	NA	NA	NA
NC_045512.2	13623	A	C	13425	6286	52	8	0	27	0.000595415	13436	1	FALSE	NA	NA	NA	NA	NA	NA
NC_045512.2	13624	G	T	13739	6121	54	1	1	26	7.27643e-05	13743	1	FALSE	NA	NA	NA	NA	NA	NA
NC_045512.2	13624	G	C	13739	6121	54	3	2	31	0.000218293	13743	0.997915	FALSE	NA	NA	NA	NA	NA	NA
NC_045512.2	13625	A	G	15606	7038	51	1	0	27	6.40697e-05	15608	1	FALSE	NA	NA	NA	NA	NA	NA
NC_045512.2	13625	A	C	15606	7038	51	1	1	27	6.40697e-05	15608	1	FALSE	NA	NA	NA	NA	NA	NA
NC_045512.2	13626	T	G	15508	6680	51	1	0	27	6.44787e-05	15509	1	FALSE	NA	NA	NA	NA	NA	NA
NC_045512.2	13627	G	C	15607	6901	52	3	0	31	0.000192184	15610	0.999346	FALSE	NA	NA	NA	NA	NA	NA
NC_045512.2	13628	A	T	15611	6941	52	1	1	34	6.40492e-05	15613	0.999985	FALSE	NA	NA	NA	NA	NA	NA
NC_045512.2	13628	A	G	15611	6941	52	1	1	68	6.40492e-05	15613	0.5	FALSE	NA	NA	NA	NA	NA	NA
NC_045512.2	13629	C	T	15957	7407	52	1	1	26	6.26566e-05	15960	1	FALSE	NA	NA	NA	NA	NA	NA
NC_045512.2	13629	C	A	15957	7407	52	2	2	22	0.000125313	15960	1	FALSE	NA	NA	NA	NA	NA	NA
NC_045512.2	13630	A	T	15820	7380	52	1	1	26	6.32031e-05	15822	1	FALSE	NA	NA	NA	NA	NA	NA
NC_045512.2	13630	A	G	15820	7380	52	1	0	34	6.32031e-05	15822	0.999985	FALSE	NA	NA	NA	NA	NA	NA
NC_045512.2	13630	A	+T	15820	7380	52	1	0	20	6.32031e-05	15822	1	FALSE	NA	NA	NA	NA	NA	NA
NC_045512.2	13631	A	T	16302	7684	53	1	1	26	6.13346e-05	16304	1	FALSE	NA	NA	NA	NA	NA	NA
NC_045512.2	13631	A	C	16302	7684	53	1	0	27	6.13346e-05	16304	1	FALSE	NA	NA	NA	NA	NA	NA
NC_045512.2	13632	T	G	16236	7614	53	1	1	26	6.15839e-05	16238	1	FALSE	NA	NA	NA	NA	NA	NA
NC_045512.2	13632	T	A	16236	7614	53	1	1	68	6.15839e-05	16238	0.5	FALSE	NA	NA	NA	NA	NA	NA
NC_045512.2	13633	T	G	15694	7309	51	2	2	26	0.000127405	15698	1	FALSE	NA	NA	NA	NA	NA	NA
NC_045512.2	13633	T	C	15694	7309	51	1	1	60	6.37024e-05	15698	0.499968	FALSE	NA	NA	NA	NA	NA	NA
NC_045512.2	13633	T	A	15694	7309	51	1	1	27	6.37024e-05	15698	1	FALSE	NA	NA	NA	NA	NA	NA
NC_045512.2	13634	T	C	16005	7837	53	1	1	27	6.24727e-05	16007	1	FALSE	NA	NA	NA	NA	NA	NA
NC_045512.2	13634	T	A	16005	7837	53	1	0	20	6.24727e-05	16007	1	FALSE	NA	NA	NA	NA	NA	NA
NC_045512.2	13635	A	G	15946	7859	51	2	1	30	0.0001254	15949	0.999863	FALSE	NA	NA	NA	NA	NA	NA
NC_045512.2	13635	A	C	15946	7859	51	1	0	27	6.26999e-05	15949	1	FALSE	NA	NA	NA	NA	NA	NA
NC_045512.2	13636	A	T	16195	8115	54	1	1	34	6.1736e-05	16198	0.999992	FALSE	NA	NA	NA	NA	NA	NA
NC_045512.2	13636	A	C	16195	8115	54	2	0	23	0.000123472	16198	1	FALSE	NA	NA	NA	NA	NA	NA
NC_045512.2	13637	T	G	15882	7672	52	9	9	27	0.000566323	15892	1	FALSE	NA	NA	NA	NA	NA	NA
NC_045512.2	13637	T	C	15882	7672	52	1	1	24	6.29247e-05	15892	1	FALSE	NA	NA	NA	NA	NA	NA
NC_045512.2	13638	T	G	15822	7950	53	1	0	34	6.31792e-05	15828	0.999985	FALSE	NA	NA	NA	NA	NA	NA
NC_045512.2	13638	T	C	15822	7950	53	3	2	44	0.000189538	15828	0.312441	FALSE	NA	NA	NA	NA	NA	NA
NC_045512.2	13638	T	A	15822	7950	53	2	1	43	0.000126358	15828	0.499929	FALSE	NA	NA	NA	NA	NA	NA
NC_045512.2	13640	A	T	16354	8045	53	5	4	46	0.000305567	16363	0.109311	FALSE	NA	NA	NA	NA	NA	NA
NC_045512.2	13640	A	G	16354	8045	53	1	0	34	6.11135e-05	16363	0.999992	FALSE	NA	NA	NA	NA	NA	NA
NC_045512.2	13640	A	C	16354	8045	53	3	1	27	0.00018334	16363	1	FALSE	NA	NA	NA	NA	NA	NA
NC_045512.2	13641	T	G	16525	7928	53	6	6	26	0.000362932	16532	1	FALSE	NA	NA	NA	NA	NA	NA
NC_045512.2	13641	T	C	16525	7928	53	1	1	68	6.04887e-05	16532	0.499924	FALSE	NA	NA	NA	NA	NA	NA
NC_045512.2	13642	T	C	16377	8158	52	2	1	57	0.000122055	16386	0.249901	FALSE	NA	NA	NA	NA	NA	NA
NC_045512.2	13642	T	A	16377	8158	52	7	2	27	0.000427194	16386	1	FALSE	NA	NA	NA	NA	NA	NA
NC_045512.2	13643	C	T	16373	9060	50	1	0	34	6.10612e-05	16377	0.999992	FALSE	NA	NA	NA	NA	NA	NA
NC_045512.2	13643	C	G	16373	9060	50	2	0	23	0.000122122	16377	1	FALSE	NA	NA	NA	NA	NA	NA
NC_045512.2	13643	C	A	16373	9060	50	1	0	27	6.10612e-05	16377	1	FALSE	NA	NA	NA	NA	NA	NA
NC_045512.2	13644	T	C	16146	8831	51	1	1	68	6.19233e-05	16149	0.499985	FALSE	NA	NA	NA	NA	NA	NA
NC_045512.2	13644	T	A	16146	8831	51	2	2	30	0.000123847	16149	0.999928	FALSE	NA	NA	NA	NA	NA	NA
NC_045512.2	13645	T	G	16231	9065	51	2	2	30	0.000123206	16233	0.999928	FALSE	NA	NA	NA	NA	NA	NA
NC_045512.2	13646	A	T	16555	9145	50	5	5	29	0.000301878	16563	1	FALSE	NA	NA	NA	NA	NA	NA
NC_045512.2	13646	A	G	16555	9145	50	2	1	40	0.000120751	16563	0.499887	FALSE	NA	NA	NA	NA	NA	NA
NC_045512.2	13646	A	C	16555	9145	50	1	1	27	6.03755e-05	16563	1	FALSE	NA	NA	NA	NA	NA	NA
NC_045512.2	13647	C	G	16721	9349	51	1	0	26	5.98015e-05	16722	1	FALSE	NA	NA	NA	NA	NA	NA
NC_045512.2	13648	T	G	14323	6890	47	19	18	28	0.00132469	14343	1	FALSE	NA	NA	NA	NA	NA	NA
NC_045512.2	13648	T	C	14323	6890	47	1	1	68	6.97204e-05	14343	0.499686	FALSE	NA	NA	NA	NA	NA	NA
NC_045512.2	13649	T	G	15957	8687	51	4	3	30	0.000250564	15964	0.997791	FALSE	NA	NA	NA	NA	NA	NA
NC_045512.2	13649	T	C	15957	8687	51	1	1	27	6.26409e-05	15964	1	FALSE	NA	NA	NA	NA	NA	NA
NC_045512.2	13649	T	A	15957	8687	51	2	1	30	0.000125282	15964	0.999863	FALSE	NA	NA	NA	NA	NA	NA
NC_045512.2	13650	T	C	15983	8784	51	3	2	43	0.000187641	15988	0.312465	FALSE	NA	NA	NA	NA	NA	NA
NC_045512.2	13650	T	A	15983	8784	51	2	1	34	0.000125094	15988	0.999863	FALSE	NA	NA	NA	NA	NA	NA
NC_045512.2	13651	G	T	16566	8921	51	1	0	20	6.03537e-05	16569	1	FALSE	NA	NA	NA	NA	NA	NA
NC_045512.2	13651	G	C	16566	8921	51	2	2	27	0.000120707	16569	1	FALSE	NA	NA	NA	NA	NA	NA
NC_045512.2	13652	T	C	16497	9029	51	1	1	34	6.06134e-05	16498	0.999992	FALSE	NA	NA	NA	NA	NA	NA
NC_045512.2	13653	A	C	16607	9141	51	2	0	30	0.000120417	16609	0.999928	FALSE	NA	NA	NA	NA	NA	NA
NC_045512.2	13654	G	T	16912	9183	51	1	1	26	5.91191e-05	16915	1	FALSE	NA	NA	NA	NA	NA	NA
NC_045512.2	13654	G	A	16912	9183	51	2	1	47	0.000118238	16915	0.5	FALSE	NA	NA	NA	NA	NA	NA
NC_045512.2	13655	T	G	16116	8453	49	3	3	28	0.000186093	16121	1	FALSE	NA	NA	NA	NA	NA	NA
NC_045512.2	13655	T	C	16116	8453	49	1	1	68	6.20309e-05	16121	0.499953	FALSE	NA	NA	NA	NA	NA	NA
NC_045512.2	13655	T	A	16116	8453	49	1	0	34	6.20309e-05	16121	0.999992	FALSE	NA	NA	NA	NA	NA	NA
NC_045512.2	13656	T	G	16676	9068	52	1	1	20	5.99592e-05	16678	1	FALSE	NA	NA	NA	NA	NA	NA
NC_045512.2	13656	T	A	16676	9068	52	1	0	26	5.99592e-05	16678	1	FALSE	NA	NA	NA	NA	NA	NA
NC_045512.2	13657	A	T	16718	9075	51	1	1	26	5.98086e-05	16720	1	FALSE	NA	NA	NA	NA	NA	NA
NC_045512.2	13657	A	G	16718	9075	51	1	1	68	5.98086e-05	16720	0.5	FALSE	NA	NA	NA	NA	NA	NA
NC_045512.2	13658	A	G	16210	9284	49	1	1	46	6.16675e-05	16216	0.749946	FALSE	NA	NA	NA	NA	NA	NA
NC_045512.2	13658	A	C	16210	9284	49	5	1	31	0.000308337	16216	0.99641	FALSE	NA	NA	NA	NA	NA	NA
NC_045512.2	13659	G	C	17248	9381	51	1	0	27	5.79744e-05	17249	1	FALSE	NA	NA	NA	NA	NA	NA
NC_045512.2	13660	A	T	16588	9149	50	2	2	24	0.000120555	16590	1	FALSE	NA	NA	NA	NA	NA	NA
NC_045512.2	13661	G	C	16997	9153	52	1	1	34	5.88305e-05	16998	0.999992	FALSE	NA	NA	NA	NA	NA	NA
NC_045512.2	13662	A	T	16341	9046	49	2	1	47	0.000122362	16345	0.499977	FALSE	NA	NA	NA	NA	NA	NA
NC_045512.2	13662	A	G	16341	9046	49	2	0	51	0.000122362	16345	0.249977	FALSE	NA	NA	NA	NA	NA	NA
NC_045512.2	13663	C	T	16659	9272	51	1	0	34	6.0024e-05	16660	0.999992	FALSE	NA	NA	NA	NA	NA	NA
NC_045512.2	13664	A	T	16439	9299	51	2	1	35	0.000121625	16444	0.999928	FALSE	NA	NA	NA	NA	NA	NA
NC_045512.2	13664	A	G	16439	9299	51	3	0	65	0.000182437	16444	0.124977	FALSE	NA	NA	NA	NA	NA	NA
NC_045512.2	13664	A	+T	16439	9299	51	3	0	20	0.000182437	16444	1	FALSE	NA	NA	NA	NA	NA	NA
NC_045512.2	13664	A	+G	16439	9299	51	6	0	20	0.000364875	16444	1	FALSE	NA	NA	NA	NA	NA	NA
NC_045512.2	13665	C	T	17348	9823	52	1	0	34	5.76302e-05	17352	0.999996	FALSE	NA	NA	NA	NA	NA	NA
NC_045512.2	13665	C	G	17348	9823	52	2	0	27	0.00011526	17352	1	FALSE	NA	NA	NA	NA	NA	NA
NC_045512.2	13665	C	A	17348	9823	52	1	1	34	5.76302e-05	17352	0.999996	FALSE	NA	NA	NA	NA	NA	NA
NC_045512.2	13668	T	G	14835	8344	53	3	3	31	0.000202143	14841	0.998827	FALSE	NA	NA	NA	NA	NA	NA
NC_045512.2	13668	T	C	14835	8344	53	3	2	54	0.000202143	14841	0.124962	FALSE	NA	NA	NA	NA	NA	NA
NC_045512.2	13669	T	G	15126	8686	53	3	3	30	0.000198268	15131	0.999346	FALSE	NA	NA	NA	NA	NA	NA
NC_045512.2	13669	T	A	15126	8686	53	2	1	30	0.000132179	15131	0.999863	FALSE	NA	NA	NA	NA	NA	NA
NC_045512.2	13670	T	A	14734	8211	50	1	0	26	6.78656e-05	14735	1	FALSE	NA	NA	NA	NA	NA	NA
NC_045512.2	13671	C	T	15537	9108	54	1	1	38	6.43501e-05	15540	0.999985	FALSE	NA	NA	NA	NA	NA	NA
NC_045512.2	13671	C	G	15537	9108	54	1	0	34	6.43501e-05	15540	0.999985	FALSE	NA	NA	NA	NA	NA	NA
NC_045512.2	13671	C	A	15537	9108	54	1	0	27	6.43501e-05	15540	1	FALSE	NA	NA	NA	NA	NA	NA
NC_045512.2	13672	T	A	14989	8492	51	2	2	25	0.000133413	14991	1	FALSE	NA	NA	NA	NA	NA	NA
NC_045512.2	13673	C	T	15616	9106	54	1	1	26	6.40287e-05	15618	1	FALSE	NA	NA	NA	NA	NA	NA
NC_045512.2	13673	C	G	15616	9106	54	1	1	26	6.40287e-05	15618	1	FALSE	NA	NA	NA	NA	NA	NA
NC_045512.2	13674	T	A	15374	8899	54	4	3	26	0.000260112	15378	1	FALSE	NA	NA	NA	NA	NA	NA
NC_045512.2	13676	A	T	15385	9382	50	2	2	23	0.000129955	15390	1	FALSE	NA	NA	NA	NA	NA	NA
NC_045512.2	13676	A	C	15385	9382	50	3	0	24	0.000194932	15390	1	FALSE	NA	NA	NA	NA	NA	NA
NC_045512.2	13678	T	G	16012	9736	53	2	2	34	0.000124891	16014	0.999928	FALSE	NA	NA	NA	NA	NA	NA
NC_045512.2	13679	A	T	16059	9806	53	1	1	24	6.22471e-05	16065	1	FALSE	NA	NA	NA	NA	NA	NA
NC_045512.2	13679	A	G	16059	9806	53	2	2	36	0.000124494	16065	0.999928	FALSE	NA	NA	NA	NA	NA	NA
NC_045512.2	13679	A	C	16059	9806	53	3	2	27	0.000186741	16065	1	FALSE	NA	NA	NA	NA	NA	NA
NC_045512.2	13680	C	T	15994	9802	52	1	0	24	6.25195e-05	15995	1	FALSE	NA	NA	NA	NA	NA	NA
NC_045512.2	13681	C	T	16100	9935	53	1	1	27	6.21041e-05	16102	1	FALSE	NA	NA	NA	NA	NA	NA
NC_045512.2	13681	C	G	16100	9935	53	1	0	27	6.21041e-05	16102	1	FALSE	NA	NA	NA	NA	NA	NA
NC_045512.2	13682	A	C	16134	9949	53	1	0	27	6.19771e-05	16135	1	FALSE	NA	NA	NA	NA	NA	NA
NC_045512.2	13683	A	T	15889	10087	49	1	1	20	6.2905e-05	15897	1	FALSE	NA	NA	NA	NA	NA	NA
NC_045512.2	13683	A	G	15889	10087	49	1	1	68	6.2905e-05	15897	0.499906	FALSE	NA	NA	NA	NA	NA	NA
NC_045512.2	13683	A	C	15889	10087	49	6	0	29	0.00037743	15897	1	FALSE	NA	NA	NA	NA	NA	NA
NC_045512.2	13684	C	A	16204	10013	52	1	0	34	6.17093e-05	16205	0.999992	FALSE	NA	NA	NA	NA	NA	NA
NC_045512.2	13685	A	T	16270	10026	53	1	1	34	6.1459e-05	16271	0.999992	FALSE	NA	NA	NA	NA	NA	NA
NC_045512.2	13686	T	G	16121	9903	52	4	4	26	0.000248047	16126	1	FALSE	NA	NA	NA	NA	NA	NA
NC_045512.2	13686	T	C	16121	9903	52	1	0	68	6.20117e-05	16126	0.499953	FALSE	NA	NA	NA	NA	NA	NA
NC_045512.2	13687	G	T	16207	10002	52	1	1	27	6.16941e-05	16209	1	FALSE	NA	NA	NA	NA	NA	NA
NC_045512.2	13687	G	C	16207	10002	52	1	1	27	6.16941e-05	16209	1	FALSE	NA	NA	NA	NA	NA	NA
NC_045512.2	13688	A	T	16311	10073	53	1	1	27	6.13008e-05	16313	1	FALSE	NA	NA	NA	NA	NA	NA
NC_045512.2	13688	A	G	16311	10073	53	1	0	27	6.13008e-05	16313	1	FALSE	NA	NA	NA	NA	NA	NA
NC_045512.2	13689	A	T	16320	10257	52	1	0	34	6.1267e-05	16322	0.999992	FALSE	NA	NA	NA	NA	NA	NA
NC_045512.2	13689	A	C	16320	10257	52	1	0	26	6.1267e-05	16322	1	FALSE	NA	NA	NA	NA	NA	NA
NC_045512.2	13690	G	C	16297	10172	52	1	0	27	6.13572e-05	16298	1	FALSE	NA	NA	NA	NA	NA	NA
NC_045512.2	13691	A	T	16380	10257	52	3	2	26	0.000183094	16385	1	FALSE	NA	NA	NA	NA	NA	NA
NC_045512.2	13691	A	G	16380	10257	52	1	1	24	6.10314e-05	16385	1	FALSE	NA	NA	NA	NA	NA	NA
NC_045512.2	13691	A	C	16380	10257	52	1	1	27	6.10314e-05	16385	1	FALSE	NA	NA	NA	NA	NA	NA
NC_045512.2	13692	A	G	16443	10299	52	1	1	26	6.07977e-05	16448	1	FALSE	NA	NA	NA	NA	NA	NA
NC_045512.2	13692	A	C	16443	10299	52	4	1	26	0.000243191	16448	1	FALSE	NA	NA	NA	NA	NA	NA
NC_045512.2	13693	A	T	16242	10101	52	1	1	38	6.15498e-05	16247	0.999992	FALSE	NA	NA	NA	NA	NA	NA
NC_045512.2	13693	A	G	16242	10101	52	1	1	68	6.15498e-05	16247	0.499954	FALSE	NA	NA	NA	NA	NA	NA
NC_045512.2	13693	A	C	16242	10101	52	3	3	26	0.000184649	16247	1	FALSE	NA	NA	NA	NA	NA	NA
NC_045512.2	13694	C	G	16423	10298	52	2	2	26	0.000121766	16425	1	FALSE	NA	NA	NA	NA	NA	NA
NC_045512.2	13695	A	T	16365	10210	52	1	1	20	6.10948e-05	16368	1	FALSE	NA	NA	NA	NA	NA	NA
NC_045512.2	13695	A	G	16365	10210	52	2	1	47	0.00012219	16368	0.5	FALSE	NA	NA	NA	NA	NA	NA
NC_045512.2	13696	A	-T	16796	10500	52	1	0	20	5.9538e-05	16796	1	FALSE	NA	NA	NA	NA	NA	NA
NC_045512.2	13697	T	G	15982	9685	49	8	6	29	0.00050025	15992	1	FALSE	NA	NA	NA	NA	NA	NA
NC_045512.2	13697	T	C	15982	9685	49	1	1	27	6.25313e-05	15992	1	FALSE	NA	NA	NA	NA	NA	NA
NC_045512.2	13697	T	A	15982	9685	49	1	0	27	6.25313e-05	15992	1	FALSE	NA	NA	NA	NA	NA	NA
NC_045512.2	13698	T	C	16783	10510	52	1	0	68	5.95806e-05	16784	0.500015	FALSE	NA	NA	NA	NA	NA	NA
NC_045512.2	13699	T	C	16598	10321	52	1	1	27	6.02446e-05	16599	1	FALSE	NA	NA	NA	NA	NA	NA
NC_045512.2	13700	A	T	16737	10586	52	1	1	26	5.973e-05	16742	1	FALSE	NA	NA	NA	NA	NA	NA
NC_045512.2	13700	A	G	16737	10586	52	1	1	24	5.973e-05	16742	1	FALSE	NA	NA	NA	NA	NA	NA
NC_045512.2	13700	A	C	16737	10586	52	3	0	24	0.00017919	16742	1	FALSE	NA	NA	NA	NA	NA	NA
NC_045512.2	13701	T	A	16768	10475	52	2	0	47	0.000119261	16770	0.500022	FALSE	NA	NA	NA	NA	NA	NA
NC_045512.2	13702	A	T	16732	10502	52	1	1	27	5.9755e-05	16735	1	FALSE	NA	NA	NA	NA	NA	NA
NC_045512.2	13702	A	G	16732	10502	52	2	2	51	0.00011951	16735	0.249993	FALSE	NA	NA	NA	NA	NA	NA
NC_045512.2	13704	T	G	15885	9611	50	5	5	28	0.000314604	15893	1	FALSE	NA	NA	NA	NA	NA	NA
NC_045512.2	13704	T	C	15885	9611	50	1	1	34	6.29208e-05	15893	0.999985	FALSE	NA	NA	NA	NA	NA	NA
NC_045512.2	13704	T	A	15885	9611	50	2	0	30	0.000125842	15893	0.999863	FALSE	NA	NA	NA	NA	NA	NA
NC_045512.2	13705	T	A	16339	10156	53	2	2	26	0.000122392	16341	1	FALSE	NA	NA	NA	NA	NA	NA
NC_045512.2	13707	A	G	16446	10444	51	1	1	26	6.07977e-05	16448	1	FALSE	NA	NA	NA	NA	NA	NA
NC_045512.2	13707	A	C	16446	10444	51	1	0	20	6.07977e-05	16448	1	FALSE	NA	NA	NA	NA	NA	NA
NC_045512.2	13708	C	G	16808	10659	52	1	0	34	5.94849e-05	16811	0.999992	FALSE	NA	NA	NA	NA	NA	NA
NC_045512.2	13708	C	A	16808	10659	52	2	0	27	0.00011897	16811	1	FALSE	NA	NA	NA	NA	NA	NA
NC_045512.2	13709	T	G	15951	9689	50	8	8	28	0.000501128	15964	1	FALSE	NA	NA	NA	NA	NA	NA
NC_045512.2	13709	T	C	15951	9689	50	3	2	40	0.000187923	15964	0.312277	FALSE	NA	NA	NA	NA	NA	NA
NC_045512.2	13709	T	A	15951	9689	50	2	0	23	0.000125282	15964	1	FALSE	NA	NA	NA	NA	NA	NA
NC_045512.2	13710	T	G	16683	10485	52	3	2	26	0.00017977	16688	1	FALSE	NA	NA	NA	NA	NA	NA
NC_045512.2	13710	T	C	16683	10485	52	1	1	34	5.99233e-05	16688	0.999992	FALSE	NA	NA	NA	NA	NA	NA
NC_045512.2	13710	T	A	16683	10485	52	1	0	20	5.99233e-05	16688	1	FALSE	NA	NA	NA	NA	NA	NA
NC_045512.2	13711	A	C	16734	10597	52	3	1	24	0.000179244	16737	1	FALSE	NA	NA	NA	NA	NA	NA
NC_045512.2	13712	A	G	16803	10710	52	2	2	46	0.000119005	16806	0.5	FALSE	NA	NA	NA	NA	NA	NA
NC_045512.2	13712	A	C	16803	10710	52	1	0	34	5.95026e-05	16806	0.999992	FALSE	NA	NA	NA	NA	NA	NA
NC_045512.2	13713	G	T	16942	10666	52	4	3	26	0.000236016	16948	1	FALSE	NA	NA	NA	NA	NA	NA
NC_045512.2	13713	G	C	16942	10666	52	1	0	27	5.9004e-05	16948	1	FALSE	NA	NA	NA	NA	NA	NA
NC_045512.2	13713	G	A	16942	10666	52	1	1	34	5.9004e-05	16948	0.999992	FALSE	NA	NA	NA	NA	NA	NA
NC_045512.2	13714	G	C	16970	10798	52	2	2	34	0.000117841	16972	0.999928	FALSE	NA	NA	NA	NA	NA	NA
NC_045512.2	13716	T	C	16768	10513	52	2	1	46	0.000119261	16770	0.500022	FALSE	NA	NA	NA	NA	NA	NA
NC_045512.2	13717	T	C	16197	10073	52	3	2	45	0.000185174	16201	0.312488	FALSE	NA	NA	NA	NA	NA	NA
NC_045512.2	13717	T	A	16197	10073	52	1	1	24	6.17246e-05	16201	1	FALSE	NA	NA	NA	NA	NA	NA
NC_045512.2	13719	T	C	16818	10405	53	3	3	27	0.000178317	16824	1	FALSE	NA	NA	NA	NA	NA	NA
NC_045512.2	13719	T	A	16818	10405	53	3	1	32	0.000178317	16824	0.999637	FALSE	NA	NA	NA	NA	NA	NA
NC_045512.2	13722	A	T	16354	10196	52	1	1	27	6.11247e-05	16360	1	FALSE	NA	NA	NA	NA	NA	NA
NC_045512.2	13722	A	G	16354	10196	52	3	2	45	0.000183374	16360	0.312443	FALSE	NA	NA	NA	NA	NA	NA
NC_045512.2	13722	A	C	16354	10196	52	2	2	27	0.000122249	16360	1	FALSE	NA	NA	NA	NA	NA	NA
NC_045512.2	13723	G	T	16286	10042	53	2	2	26	0.000122767	16291	1	FALSE	NA	NA	NA	NA	NA	NA
NC_045512.2	13723	G	C	16286	10042	53	1	1	34	6.13836e-05	16291	0.999992	FALSE	NA	NA	NA	NA	NA	NA
NC_045512.2	13723	G	A	16286	10042	53	2	0	47	0.000122767	16291	0.499954	FALSE	NA	NA	NA	NA	NA	NA
NC_045512.2	13724	C	A	16344	10185	52	2	1	25	0.000122354	16346	1	FALSE	NA	NA	NA	NA	NA	NA
NC_045512.2	13725	T	C	16186	9978	52	1	0	68	6.1778e-05	16187	0.500015	FALSE	NA	NA	NA	NA	NA	NA
NC_045512.2	13726	G	T	16047	9875	53	2	2	30	0.000124595	16052	0.999928	FALSE	NA	NA	NA	NA	NA	NA
NC_045512.2	13726	G	C	16047	9875	53	3	3	27	0.000186893	16052	1	FALSE	NA	NA	NA	NA	NA	NA
NC_045512.2	13728	T	C	15223	9229	54	1	0	68	6.56858e-05	15224	0.500016	FALSE	NA	NA	NA	NA	NA	NA
NC_045512.2	13729	G	T	15015	9015	54	1	1	26	6.65912e-05	15017	1	FALSE	NA	NA	NA	NA	NA	NA
NC_045512.2	13729	G	A	15015	9015	54	1	0	68	6.65912e-05	15017	0.5	FALSE	NA	NA	NA	NA	NA	NA
NC_045512.2	13731	T	C	15064	9071	54	1	1	27	6.6379e-05	15065	1	FALSE	NA	NA	NA	NA	NA	NA
NC_045512.2	13731	T	-A	15064	9071	54	1	0	20	6.6379e-05	15065	1	FALSE	NA	NA	NA	NA	NA	NA
NC_045512.2	13732	A	T	15147	9177	54	1	0	26	6.60022e-05	15151	1	FALSE	NA	NA	NA	NA	NA	NA
NC_045512.2	13732	A	G	15147	9177	54	1	1	34	6.60022e-05	15151	0.999985	FALSE	NA	NA	NA	NA	NA	NA
NC_045512.2	13732	A	C	15147	9177	54	2	1	25	0.000132004	15151	1	FALSE	NA	NA	NA	NA	NA	NA
NC_045512.2	13733	A	T	15049	9181	53	2	2	23	0.000132837	15056	1	FALSE	NA	NA	NA	NA	NA	NA
NC_045512.2	13733	A	G	15049	9181	53	4	0	36	0.000265675	15056	0.997791	FALSE	NA	NA	NA	NA	NA	NA
NC_045512.2	13733	A	C	15049	9181	53	1	0	26	6.64187e-05	15056	1	FALSE	NA	NA	NA	NA	NA	NA
NC_045512.2	13734	A	C	15028	9231	53	3	1	26	0.000199588	15031	1	FALSE	NA	NA	NA	NA	NA	NA
NC_045512.2	13735	C	A	15033	9233	53	1	0	27	6.65159e-05	15034	1	FALSE	NA	NA	NA	NA	NA	NA
NC_045512.2	13737	T	C	14971	9187	54	1	1	34	6.67869e-05	14973	0.99997	FALSE	NA	NA	NA	NA	NA	NA
NC_045512.2	13737	T	A	14971	9187	54	1	0	26	6.67869e-05	14973	1	FALSE	NA	NA	NA	NA	NA	NA
NC_045512.2	13738	G	A	14767	9073	54	1	0	27	6.7714e-05	14768	1	FALSE	NA	NA	NA	NA	NA	NA
NC_045512.2	13739	A	G	14852	9118	54	2	1	30	0.000134644	14854	0.999742	FALSE	NA	NA	NA	NA	NA	NA
NC_045512.2	13740	C	G	14720	9283	52	1	0	34	6.79256e-05	14722	0.99997	FALSE	NA	NA	NA	NA	NA	NA
NC_045512.2	13740	C	A	14720	9283	52	1	0	27	6.79256e-05	14722	1	FALSE	NA	NA	NA	NA	NA	NA
NC_045512.2	13741	T	C	14460	9060	53	6	3	53	0.000414737	14467	0.0156169	FALSE	NA	NA	NA	NA	NA	NA
NC_045512.2	13741	T	A	14460	9060	53	1	0	34	6.91228e-05	14467	0.99997	FALSE	NA	NA	NA	NA	NA	NA
NC_045512.2	13742	T	C	14368	9026	53	1	1	27	6.95894e-05	14370	1	FALSE	NA	NA	NA	NA	NA	NA
NC_045512.2	13742	T	A	14368	9026	53	1	0	27	6.95894e-05	14370	1	FALSE	NA	NA	NA	NA	NA	NA
NC_045512.2	13743	C	T	14314	9010	53	1	0	68	6.9847e-05	14317	0.499983	FALSE	NA	NA	NA	NA	NA	NA
NC_045512.2	13743	C	G	14314	9010	53	1	0	27	6.9847e-05	14317	1	FALSE	NA	NA	NA	NA	NA	NA
NC_045512.2	13743	C	A	14314	9010	53	1	1	24	6.9847e-05	14317	1	FALSE	NA	NA	NA	NA	NA	NA
NC_045512.2	13744	T	G	13708	8389	51	1	1	27	7.29448e-05	13709	1	FALSE	NA	NA	NA	NA	NA	NA
NC_045512.2	13745	T	G	14216	8964	53	1	0	27	7.03284e-05	14219	1	FALSE	NA	NA	NA	NA	NA	NA
NC_045512.2	13745	T	C	14216	8964	53	2	1	51	0.000140657	14219	0.249991	FALSE	NA	NA	NA	NA	NA	NA
NC_045512.2	13746	T	G	14211	8953	54	2	2	26	0.000140706	14214	1	FALSE	NA	NA	NA	NA	NA	NA
NC_045512.2	13746	T	A	14211	8953	54	1	0	34	7.03532e-05	14214	0.99997	FALSE	NA	NA	NA	NA	NA	NA
NC_045512.2	13747	A	G	14246	9059	53	1	0	68	7.01902e-05	14247	0.500018	FALSE	NA	NA	NA	NA	NA	NA
NC_045512.2	13748	A	G	14139	9089	52	1	1	34	7.07164e-05	14141	0.99997	FALSE	NA	NA	NA	NA	NA	NA
NC_045512.2	13748	A	C	14139	9089	52	1	0	27	7.07164e-05	14141	1	FALSE	NA	NA	NA	NA	NA	NA
NC_045512.2	13749	G	-T	14160	8944	52	1	0	20	7.06215e-05	14160	1	FALSE	NA	NA	NA	NA	NA	NA
NC_045512.2	13750	T	A	12992	7762	50	1	0	27	7.69645e-05	12993	1	FALSE	NA	NA	NA	NA	NA	NA
NC_045512.2	13751	T	G	13789	8634	52	1	0	27	7.25058e-05	13792	1	FALSE	NA	NA	NA	NA	NA	NA
NC_045512.2	13751	T	C	13789	8634	52	1	0	26	7.25058e-05	13792	1	FALSE	NA	NA	NA	NA	NA	NA
NC_045512.2	13751	T	A	13789	8634	52	1	0	26	7.25058e-05	13792	1	FALSE	NA	NA	NA	NA	NA	NA
NC_045512.2	13752	T	A	14089	8947	54	1	0	34	7.09723e-05	14090	0.99997	FALSE	NA	NA	NA	NA	NA	NA
NC_045512.2	13754	G	T	13782	8616	53	4	4	24	0.000290149	13786	1	FALSE	NA	NA	NA	NA	NA	NA
NC_045512.2	13755	A	T	14017	8862	53	1	0	38	7.13369e-05	14018	0.99997	FALSE	NA	NA	NA	NA	NA	NA
NC_045512.2	13757	T	G	13770	8663	52	2	1	27	0.000145212	13773	1	FALSE	NA	NA	NA	NA	NA	NA
NC_045512.2	13757	T	A	13770	8663	52	1	0	27	7.26058e-05	13773	1	FALSE	NA	NA	NA	NA	NA	NA
NC_045512.2	13758	A	T	13031	8203	53	1	0	27	7.67342e-05	13032	1	FALSE	NA	NA	NA	NA	NA	NA
NC_045512.2	13759	G	T	13010	8154	54	1	0	26	7.6858e-05	13011	1	FALSE	NA	NA	NA	NA	NA	NA
NC_045512.2	13760	A	G	12981	8139	53	2	1	51	0.000154048	12983	0.25001	FALSE	NA	NA	NA	NA	NA	NA
NC_045512.2	13761	C	T	13038	8200	54	5	5	44	0.000383318	13044	0.109348	FALSE	NA	NA	NA	NA	NA	NA
NC_045512.2	13761	C	G	13038	8200	54	1	0	27	7.66636e-05	13044	1	FALSE	NA	NA	NA	NA	NA	NA
NC_045512.2	13763	G	C	12696	7997	54	4	1	23	0.000314936	12701	1	FALSE	NA	NA	NA	NA	NA	NA
NC_045512.2	13763	G	A	12696	7997	54	1	1	34	7.8734e-05	12701	0.999878	FALSE	NA	NA	NA	NA	NA	NA
NC_045512.2	13764	T	C	12687	7977	54	1	1	26	7.88146e-05	12688	1	FALSE	NA	NA	NA	NA	NA	NA
NC_045512.2	13766	A	T	12705	8055	53	1	1	27	7.8703e-05	12706	1	FALSE	NA	NA	NA	NA	NA	NA
NC_045512.2	13767	C	G	12726	8120	53	2	1	26	0.000157134	12728	1	FALSE	NA	NA	NA	NA	NA	NA
NC_045512.2	13768	A	T	12280	8046	49	3	1	25	0.00024424	12283	1	FALSE	NA	NA	NA	NA	NA	NA
NC_045512.2	13769	T	A	12500	7970	54	2	1	26	0.000159974	12502	1	FALSE	NA	NA	NA	NA	NA	NA
NC_045512.2	13770	G	T	12158	7693	53	1	1	27	8.22368e-05	12160	1	FALSE	NA	NA	NA	NA	NA	NA
NC_045512.2	13770	G	C	12158	7693	53	1	1	26	8.22368e-05	12160	1	FALSE	NA	NA	NA	NA	NA	NA
NC_045512.2	13771	G	A	12387	7757	53	2	1	51	0.000161434	12389	0.25001	FALSE	NA	NA	NA	NA	NA	NA
NC_045512.2	13772	T	C	12156	7620	54	1	1	27	8.22571e-05	12157	1	FALSE	NA	NA	NA	NA	NA	NA
NC_045512.2	13773	A	T	12107	7649	53	1	1	34	8.259e-05	12108	0.999878	FALSE	NA	NA	NA	NA	NA	NA
NC_045512.2	13774	C	G	12057	7692	52	1	0	27	8.29256e-05	12059	1	FALSE	NA	NA	NA	NA	NA	NA
NC_045512.2	13774	C	A	12057	7692	52	1	1	26	8.29256e-05	12059	1	FALSE	NA	NA	NA	NA	NA	NA
NC_045512.2	13775	C	T	11841	7470	52	2	2	51	0.000168862	11844	0.249989	FALSE	NA	NA	NA	NA	NA	NA
NC_045512.2	13775	C	G	11841	7470	52	1	0	27	8.44309e-05	11844	1	FALSE	NA	NA	NA	NA	NA	NA
NC_045512.2	13776	A	G	11726	7311	52	2	2	51	0.000170532	11728	0.250011	FALSE	NA	NA	NA	NA	NA	NA
NC_045512.2	13777	C	-AT	11843	7356	53	1	0	20	8.44381e-05	11843	1	FALSE	NA	NA	NA	NA	NA	NA
NC_045512.2	13779	T	G	11541	7147	52	1	0	34	8.66326e-05	11543	0.999756	FALSE	NA	NA	NA	NA	NA	NA
NC_045512.2	13779	T	C	11541	7147	52	1	0	34	8.66326e-05	11543	0.999756	FALSE	NA	NA	NA	NA	NA	NA
NC_045512.2	13780	A	C	10195	6179	53	3	0	27	0.000294175	10198	1	FALSE	NA	NA	NA	NA	NA	NA
NC_045512.2	13781	T	C	9963	5931	52	1	0	34	0.000100351	9965	0.999026	FALSE	NA	NA	NA	NA	NA	NA
NC_045512.2	13781	T	A	9963	5931	52	1	0	24	0.000100351	9965	1	FALSE	NA	NA	NA	NA	NA	NA
NC_045512.2	13782	A	G	10048	6170	53	2	1	51	0.000199005	10050	0.250012	FALSE	NA	NA	NA	NA	NA	NA
NC_045512.2	13783	T	A	10014	6145	53	1	1	34	9.98502e-05	10015	0.999513	FALSE	NA	NA	NA	NA	NA	NA
NC_045512.2	13785	A	T	8798	5264	53	1	1	27	0.000113636	8800	1	FALSE	NA	NA	NA	NA	NA	NA
NC_045512.2	13785	A	C	8798	5264	53	1	1	60	0.000113636	8800	0.5	FALSE	NA	NA	NA	NA	NA	NA
NC_045512.2	13786	C	T	8285	4878	53	1	0	68	0.000120685	8286	0.50003	FALSE	NA	NA	NA	NA	NA	NA
NC_045512.2	13787	G	C	8221	4856	53	1	1	27	0.000121625	8222	1	FALSE	NA	NA	NA	NA	NA	NA
NC_045512.2	13788	T	G	8017	4690	52	1	1	27	0.000124688	8020	1	FALSE	NA	NA	NA	NA	NA	NA
NC_045512.2	13788	T	A	8017	4690	52	2	0	30	0.000249377	8020	0.989277	FALSE	NA	NA	NA	NA	NA	NA
NC_045512.2	13789	C	T	8077	4871	52	1	1	68	0.000123762	8080	0.499969	FALSE	NA	NA	NA	NA	NA	NA
NC_045512.2	13789	C	G	8077	4871	52	1	0	27	0.000123762	8080	1	FALSE	NA	NA	NA	NA	NA	NA
NC_045512.2	13789	C	A	8077	4871	52	1	0	34	0.000123762	8080	0.99805	FALSE	NA	NA	NA	NA	NA	NA
NC_045512.2	13790	A	T	7911	4728	52	1	0	20	0.00012639	7912	1	FALSE	NA	NA	NA	NA	NA	NA
NC_045512.2	13791	A	G	7573	4812	46	2	2	36	0.000263922	7578	0.980478	FALSE	NA	NA	NA	NA	NA	NA
NC_045512.2	13791	A	C	7573	4812	46	3	0	27	0.000395883	7578	1	FALSE	NA	NA	NA	NA	NA	NA
NC_045512.2	13793	G	C	7952	4785	51	1	0	20	0.000125723	7954	1	FALSE	NA	NA	NA	NA	NA	NA
NC_045512.2	13793	G	A	7952	4785	51	1	1	68	0.000125723	7954	0.5	FALSE	NA	NA	NA	NA	NA	NA
NC_045512.2	13794	T	C	7063	3935	46	1	0	60	0.000141523	7066	0.499965	FALSE	NA	NA	NA	NA	NA	NA
NC_045512.2	13794	T	A	7063	3935	46	2	1	30	0.000283046	7066	0.980499	FALSE	NA	NA	NA	NA	NA	NA
NC_045512.2	13795	C	A	7542	4546	51	1	0	26	0.000132573	7543	1	FALSE	NA	NA	NA	NA	NA	NA
NC_045512.2	13796	T	A	7432	4461	52	1	1	27	0.000134535	7433	1	FALSE	NA	NA	NA	NA	NA	NA
NC_045512.2	13797	T	G	7455	4495	52	1	1	34	0.000134102	7457	0.996101	FALSE	NA	NA	NA	NA	NA	NA
NC_045512.2	13797	T	C	7455	4495	52	1	0	68	0.000134102	7457	0.5	FALSE	NA	NA	NA	NA	NA	NA
NC_045512.2	13798	A	C	7448	4484	51	1	0	20	0.000134246	7449	1	FALSE	NA	NA	NA	NA	NA	NA
NC_045512.2	13799	C	T	7461	4495	51	1	0	68	0.000133994	7463	0.5	FALSE	NA	NA	NA	NA	NA	NA
NC_045512.2	13799	C	G	7461	4495	51	1	0	27	0.000133994	7463	1	FALSE	NA	NA	NA	NA	NA	NA
NC_045512.2	13800	T	G	7410	4427	51	1	1	27	0.000134916	7412	1	FALSE	NA	NA	NA	NA	NA	NA
NC_045512.2	13800	T	A	7410	4427	51	1	1	27	0.000134916	7412	1	FALSE	NA	NA	NA	NA	NA	NA
NC_045512.2	13803	A	T	7121	4310	50	1	0	27	0.00014041	7122	1	FALSE	NA	NA	NA	NA	NA	NA
NC_045512.2	13804	T	C	7133	4350	50	1	1	34	0.000140174	7134	0.996104	FALSE	NA	NA	NA	NA	NA	NA
NC_045512.2	13807	A	+C	6565	3926	51	1	0	20	0.000152323	6565	1	FALSE	NA	NA	NA	NA	NA	NA
NC_045512.2	13808	C	A	6547	3919	50	1	0	34	0.000152718	6548	0.992204	FALSE	NA	NA	NA	NA	NA	NA
NC_045512.2	13810	A	G	6208	3707	50	2	0	27	0.000322061	6210	1	FALSE	NA	NA	NA	NA	NA	NA
NC_045512.2	13812	G	C	5844	3426	50	1	0	27	0.000171057	5846	1	FALSE	NA	NA	NA	NA	NA	NA
NC_045512.2	13812	G	A	5844	3426	50	1	0	68	0.000171057	5846	0.5	FALSE	NA	NA	NA	NA	NA	NA
NC_045512.2	13813	G	C	5803	3393	50	1	0	27	0.000172295	5804	1	FALSE	NA	NA	NA	NA	NA	NA
NC_045512.2	13814	C	T	5783	3418	50	1	1	34	0.000172801	5787	0.984379	FALSE	NA	NA	NA	NA	NA	NA
NC_045512.2	13814	C	G	5783	3418	50	2	1	23	0.000345602	5787	1	FALSE	NA	NA	NA	NA	NA	NA
NC_045512.2	13814	C	A	5783	3418	50	1	0	68	0.000172801	5787	0.499914	FALSE	NA	NA	NA	NA	NA	NA
NC_045512.2	13815	A	T	5287	3015	51	1	0	20	0.000189036	5290	1	FALSE	NA	NA	NA	NA	NA	NA
NC_045512.2	13815	A	G	5287	3015	51	2	1	34	0.000378072	5290	0.937562	FALSE	NA	NA	NA	NA	NA	NA
NC_045512.2	13816	G	T	5332	3060	49	1	1	24	0.000187477	5334	1	FALSE	NA	NA	NA	NA	NA	NA
NC_045512.2	13816	G	A	5332	3060	49	1	1	68	0.000187477	5334	0.5	FALSE	NA	NA	NA	NA	NA	NA
NC_045512.2	13817	A	C	4994	2767	50	1	1	26	0.0002002	4995	1	FALSE	NA	NA	NA	NA	NA	NA
NC_045512.2	13819	C	G	4172	2241	50	1	1	20	0.000239636	4173	1	FALSE	NA	NA	NA	NA	NA	NA
NC_045512.2	13820	T	G	3840	1964	50	2	2	30	0.000520427	3843	0.812581	FALSE	NA	NA	NA	NA	NA	NA
NC_045512.2	13820	T	C	3840	1964	50	1	1	46	0.000260213	3843	0.499935	FALSE	NA	NA	NA	NA	NA	NA
NC_045512.2	13822	G	C	3656	1681	50	1	1	27	0.000273448	3657	1	FALSE	NA	NA	NA	NA	NA	NA
NC_045512.2	13828	G	C	3424	1520	50	1	1	27	0.000291971	3425	1	FALSE	NA	NA	NA	NA	NA	NA
NC_045512.2	13829	C	G	3477	1551	49	2	2	30	0.000574878	3479	0.81268	FALSE	NA	NA	NA	NA	NA	NA
NC_045512.2	13830	T	G	3288	1403	49	1	1	26	0.000304044	3289	1	FALSE	NA	NA	NA	NA	NA	NA
NC_045512.2	13831	T	G	3333	1434	50	1	1	26	0.00029976	3336	1	FALSE	NA	NA	NA	NA	NA	NA
NC_045512.2	13831	T	C	3333	1434	50	1	0	24	0.00029976	3336	1	FALSE	NA	NA	NA	NA	NA	NA
NC_045512.2	13831	T	A	3333	1434	50	1	1	27	0.00029976	3336	1	FALSE	NA	NA	NA	NA	NA	NA
NC_045512.2	13832	T	G	3392	1470	52	1	1	27	0.000294724	3393	1	FALSE	NA	NA	NA	NA	NA	NA
NC_045512.2	13836	G	A	3353	1479	51	1	0	68	0.000298151	3354	0.500075	FALSE	NA	NA	NA	NA	NA	NA
NC_045512.2	13837	C	G	3268	1441	49	1	0	20	0.00030581	3270	1	FALSE	NA	NA	NA	NA	NA	NA
NC_045512.2	13837	C	A	3268	1441	49	1	1	68	0.00030581	3270	0.5	FALSE	NA	NA	NA	NA	NA	NA
NC_045512.2	13842	T	G	3325	1462	53	1	0	34	0.000300661	3326	0.937594	FALSE	NA	NA	NA	NA	NA	NA
NC_045512.2	13844	A	T	3324	1459	52	1	1	34	0.000300752	3325	0.937594	FALSE	NA	NA	NA	NA	NA	NA
NC_045512.2	13845	T	C	3291	1444	51	1	1	24	0.000303767	3292	1	FALSE	NA	NA	NA	NA	NA	NA
NC_045512.2	13845	T	-G	3291	1444	51	1	0	20	0.000303767	3292	1	FALSE	NA	NA	NA	NA	NA	NA
NC_045512.2	13846	G	T	3327	1483	51	1	1	20	0.000300391	3329	1	FALSE	NA	NA	NA	NA	NA	NA
NC_045512.2	13846	G	A	3327	1483	51	1	0	34	0.000300391	3329	0.937519	FALSE	NA	NA	NA	NA	NA	NA
NC_045512.2	13846	G	-A	3327	1483	51	1	0	20	0.0003003	3330	1	FALSE	NA	NA	NA	NA	NA	NA
NC_045512.2	13847	A	G	3332	1486	52	1	0	34	0.00030003	3333	0.937556	FALSE	NA	NA	NA	NA	NA	NA
NC_045512.2	13848	A	G	3672	1532	52	2	1	51	0.000544366	3674	0.250034	FALSE	NA	NA	NA	NA	NA	NA
NC_045512.2	13849	G	A	3665	1541	51	3	2	30	0.000817884	3668	0.656442	FALSE	NA	NA	NA	NA	NA	NA
NC_045512.2	13851	T	-A	3698	1573	52	1	0	20	0.000270416	3698	1	FALSE	NA	NA	NA	NA	NA	NA
NC_045512.2	13853	A	G	3758	1595	52	2	1	25	0.000531915	3760	1	FALSE	NA	NA	NA	NA	NA	NA
NC_045512.2	13856	G	T	3855	1624	52	1	0	20	0.000259336	3856	1	FALSE	NA	NA	NA	NA	NA	NA
NC_045512.2	13857	T	G	3702	1562	53	1	1	34	0.000269906	3705	0.937517	FALSE	NA	NA	NA	NA	NA	NA
NC_045512.2	13857	T	A	3702	1562	53	2	2	36	0.000539811	3705	0.812584	FALSE	NA	NA	NA	NA	NA	NA
NC_045512.2	13859	A	G	3688	1616	53	2	1	47	0.000541859	3691	0.249966	FALSE	NA	NA	NA	NA	NA	NA
NC_045512.2	13859	A	C	3688	1616	53	1	0	68	0.000270929	3691	0.499932	FALSE	NA	NA	NA	NA	NA	NA
NC_045512.2	13860	C	G	3678	1620	53	1	1	34	0.000271813	3679	0.937585	FALSE	NA	NA	NA	NA	NA	NA
NC_045512.2	13861	A	+T	3656	1629	53	1	0	20	0.000273523	3656	1	FALSE	NA	NA	NA	NA	NA	NA
NC_045512.2	13861	A	+C	3656	1629	53	1	0	20	0.000273523	3656	1	FALSE	NA	NA	NA	NA	NA	NA
NC_045512.2	13862	C	A	3813	1638	53	2	1	23	0.000524246	3815	1	FALSE	NA	NA	NA	NA	NA	NA
NC_045512.2	13863	A	T	3793	1624	54	1	1	27	0.000263574	3794	1	FALSE	NA	NA	NA	NA	NA	NA
NC_045512.2	13864	T	G	3734	1599	52	1	1	26	0.000267738	3735	1	FALSE	NA	NA	NA	NA	NA	NA
NC_045512.2	13866	A	T	3798	1706	54	1	1	34	0.000263227	3799	0.937582	FALSE	NA	NA	NA	NA	NA	NA
NC_045512.2	13868	A	G	3826	1752	53	2	1	42	0.000522466	3828	0.250033	FALSE	NA	NA	NA	NA	NA	NA
NC_045512.2	13869	A	C	3862	1802	53	1	1	26	0.000258866	3863	1	FALSE	NA	NA	NA	NA	NA	NA
NC_045512.2	13870	G	T	3847	1767	52	2	2	27	0.000519615	3849	1	FALSE	NA	NA	NA	NA	NA	NA
NC_045512.2	13873	A	G	3756	1760	54	1	0	24	0.00026617	3757	1	FALSE	NA	NA	NA	NA	NA	NA
NC_045512.2	13874	T	A	3793	1762	53	1	0	20	0.000263574	3794	1	FALSE	NA	NA	NA	NA	NA	NA
NC_045512.2	13875	A	C	3755	1764	53	1	1	27	0.000266241	3756	1	FALSE	NA	NA	NA	NA	NA	NA
NC_045512.2	13885	T	G	3929	1802	55	1	1	34	0.000254453	3930	0.93758	FALSE	NA	NA	NA	NA	NA	NA
NC_045512.2	13887	C	G	4105	1874	53	2	2	23	0.000486855	4108	1	FALSE	NA	NA	NA	NA	NA	NA
NC_045512.2	13887	C	A	4105	1874	53	1	0	20	0.000243427	4108	1	FALSE	NA	NA	NA	NA	NA	NA
NC_045512.2	13888	A	G	4056	1845	53	1	0	34	0.000246488	4057	0.968808	FALSE	NA	NA	NA	NA	NA	NA
NC_045512.2	13890	T	G	4048	1851	53	1	1	27	0.000246975	4049	1	FALSE	NA	NA	NA	NA	NA	NA
NC_045512.2	13892	G	T	4095	1826	53	2	1	29	0.000487924	4099	1	FALSE	NA	NA	NA	NA	NA	NA
NC_045512.2	13892	G	C	4095	1826	53	2	1	26	0.000487924	4099	1	FALSE	NA	NA	NA	NA	NA	NA
NC_045512.2	13892	G	-T	4095	1826	53	1	0	20	0.000243962	4099	1	FALSE	NA	NA	NA	NA	NA	NA
NC_045512.2	13893	T	G	4013	1787	54	2	2	27	0.000498132	4015	1	FALSE	NA	NA	NA	NA	NA	NA
NC_045512.2	13896	T	C	3843	1702	55	1	0	24	0.000260146	3844	1	FALSE	NA	NA	NA	NA	NA	NA
NC_045512.2	13897	G	T	3854	1675	55	1	1	27	0.000259336	3856	1	FALSE	NA	NA	NA	NA	NA	NA
NC_045512.2	13897	G	C	3854	1675	55	1	1	27	0.000259336	3856	1	FALSE	NA	NA	NA	NA	NA	NA
NC_045512.2	13898	A	T	3883	1723	55	1	0	26	0.000257467	3884	1	FALSE	NA	NA	NA	NA	NA	NA
NC_045512.2	13902	T	C	3872	1743	55	1	1	24	0.000258131	3874	1	FALSE	NA	NA	NA	NA	NA	NA
NC_045512.2	13902	T	A	3872	1743	55	1	1	26	0.000258131	3874	1	FALSE	NA	NA	NA	NA	NA	NA
NC_045512.2	13904	A	T	3912	1782	54	1	1	26	0.000255493	3914	1	FALSE	NA	NA	NA	NA	NA	NA
NC_045512.2	13904	A	G	3912	1782	54	1	0	68	0.000255493	3914	0.5	FALSE	NA	NA	NA	NA	NA	NA
NC_045512.2	13905	T	A	3918	1782	55	2	2	26	0.000510204	3920	1	FALSE	NA	NA	NA	NA	NA	NA
NC_045512.2	13906	T	A	3866	1771	54	1	0	20	0.000258598	3867	1	FALSE	NA	NA	NA	NA	NA	NA
NC_045512.2	13908	T	C	3905	1802	56	1	1	27	0.000256016	3906	1	FALSE	NA	NA	NA	NA	NA	NA
NC_045512.2	13909	T	G	3874	1784	55	1	1	34	0.000257998	3876	0.937548	FALSE	NA	NA	NA	NA	NA	NA
NC_045512.2	13909	T	C	3874	1784	55	1	1	46	0.000257998	3876	0.5	FALSE	NA	NA	NA	NA	NA	NA
NC_045512.2	13911	C	A	3843	1813	55	2	1	23	0.000520156	3845	1	FALSE	NA	NA	NA	NA	NA	NA
NC_045512.2	13913	A	C	3709	1810	52	1	0	34	0.000269542	3710	0.937584	FALSE	NA	NA	NA	NA	NA	NA
NC_045512.2	13917	A	G	3831	1855	54	1	1	46	0.000260892	3833	0.5	FALSE	NA	NA	NA	NA	NA	NA
NC_045512.2	13917	A	C	3831	1855	54	1	1	34	0.000260892	3833	0.937549	FALSE	NA	NA	NA	NA	NA	NA
NC_045512.2	13918	A	T	3858	1843	55	1	1	34	0.000259134	3859	0.937581	FALSE	NA	NA	NA	NA	NA	NA
NC_045512.2	13921	G	A	3816	1940	53	1	1	46	0.000261986	3817	0.500066	FALSE	NA	NA	NA	NA	NA	NA
NC_045512.2	13922	A	G	3829	1901	54	1	0	46	0.000261097	3830	0.500065	FALSE	NA	NA	NA	NA	NA	NA
NC_045512.2	13923	C	G	3816	1951	54	2	2	23	0.000523834	3818	1	FALSE	NA	NA	NA	NA	NA	NA
NC_045512.2	13924	T	G	3768	1902	54	1	1	24	0.000265322	3769	1	FALSE	NA	NA	NA	NA	NA	NA
NC_045512.2	13926	G	T	3733	1918	53	2	1	26	0.000535332	3736	1	FALSE	NA	NA	NA	NA	NA	NA
NC_045512.2	13926	G	A	3733	1918	53	1	0	68	0.000267666	3736	0.499933	FALSE	NA	NA	NA	NA	NA	NA
NC_045512.2	13929	T	A	3689	1940	54	1	1	26	0.000271003	3690	1	FALSE	NA	NA	NA	NA	NA	NA
NC_045512.2	13931	A	G	3660	1991	52	2	1	68	0.00054615	3662	0.250034	FALSE	NA	NA	NA	NA	NA	NA
NC_045512.2	13932	T	C	3657	1971	53	2	1	51	0.000546597	3659	0.250034	FALSE	NA	NA	NA	NA	NA	NA
NC_045512.2	13933	T	G	3381	1678	49	1	1	26	0.000295683	3382	1	FALSE	NA	NA	NA	NA	NA	NA
NC_045512.2	13934	T	C	3570	1903	54	1	1	34	0.000280034	3571	0.937588	FALSE	NA	NA	NA	NA	NA	NA
NC_045512.2	13935	T	G	3499	1851	54	1	1	26	0.000285714	3500	1	FALSE	NA	NA	NA	NA	NA	NA
NC_045512.2	13936	G	T	3507	1860	54	1	1	27	0.000285063	3508	1	FALSE	NA	NA	NA	NA	NA	NA
NC_045512.2	13938	A	C	3490	1897	54	1	0	34	0.000286451	3491	0.93759	FALSE	NA	NA	NA	NA	NA	NA
NC_045512.2	13939	G	T	3495	1881	54	2	2	25	0.000571919	3497	1	FALSE	NA	NA	NA	NA	NA	NA
NC_045512.2	13940	A	C	3466	1878	53	1	0	27	0.000288434	3467	1	FALSE	NA	NA	NA	NA	NA	NA
NC_045512.2	13942	A	G	3468	1881	54	1	1	68	0.000288268	3469	0.500072	FALSE	NA	NA	NA	NA	NA	NA
NC_045512.2	13944	C	A	3446	1913	53	1	0	20	0.000290107	3447	1	FALSE	NA	NA	NA	NA	NA	NA
NC_045512.2	13945	C	A	3410	1902	53	1	0	27	0.000293169	3411	1	FALSE	NA	NA	NA	NA	NA	NA
NC_045512.2	13946	C	A	3414	1904	53	2	0	27	0.00058548	3416	1	FALSE	NA	NA	NA	NA	NA	NA
NC_045512.2	13949	A	T	3417	1926	53	2	1	26	0.000584966	3419	1	FALSE	NA	NA	NA	NA	NA	NA
NC_045512.2	13953	A	T	4142	2094	50	1	1	26	0.000241371	4143	1	FALSE	NA	NA	NA	NA	NA	NA
NC_045512.2	13954	T	C	4144	2104	50	1	0	26	0.00024108	4148	1	FALSE	NA	NA	NA	NA	NA	NA
NC_045512.2	13954	T	A	4144	2104	50	3	1	28	0.00072324	4148	1	FALSE	NA	NA	NA	NA	NA	NA
NC_045512.2	13955	T	G	3977	1994	48	2	2	30	0.000502639	3979	0.812657	FALSE	NA	NA	NA	NA	NA	NA
NC_045512.2	13956	A	C	4123	2090	49	1	1	26	0.000242483	4124	1	FALSE	NA	NA	NA	NA	NA	NA
NC_045512.2	13958	G	T	3863	1947	49	2	1	34	0.000517464	3865	0.812662	FALSE	NA	NA	NA	NA	NA	NA
NC_045512.2	13961	T	A	3307	1549	46	1	0	34	0.000302297	3308	0.937594	FALSE	NA	NA	NA	NA	NA	NA
NC_045512.2	13963	T	A	3261	1502	45	3	3	28	0.000919118	3264	1	FALSE	NA	NA	NA	NA	NA	NA
NC_045512.2	13966	G	A	3444	1684	48	1	0	68	0.000290276	3445	0.500073	FALSE	NA	NA	NA	NA	NA	NA
NC_045512.2	13967	C	G	3472	1703	48	1	1	27	0.000287936	3473	1	FALSE	NA	NA	NA	NA	NA	NA
NC_045512.2	13969	A	C	3496	1728	47	2	0	26	0.000571755	3498	1	FALSE	NA	NA	NA	NA	NA	NA
NC_045512.2	13970	A	C	3216	1816	42	6	0	26	0.0018622	3222	0.999998	FALSE	NA	NA	NA	NA	NA	NA
NC_045512.2	13972	T	G	3471	1692	46	1	1	34	0.000288018	3472	0.93759	FALSE	NA	NA	NA	NA	NA	NA
NC_045512.2	13973	T	A	3510	1744	47	2	0	23	0.000569476	3512	1	FALSE	NA	NA	NA	NA	NA	NA
NC_045512.2	13974	A	G	3600	1794	47	1	1	68	0.000277701	3601	0.500069	FALSE	NA	NA	NA	NA	NA	NA
NC_045512.2	13976	G	A	3642	1844	47	1	0	34	0.000274499	3643	0.937586	FALSE	NA	NA	NA	NA	NA	NA
NC_045512.2	13977	T	G	3398	1560	45	5	5	28	0.00146929	3403	1	FALSE	NA	NA	NA	NA	NA	NA
NC_045512.2	13980	A	C	3524	1937	45	3	0	29	0.000850581	3527	1	FALSE	NA	NA	NA	NA	NA	NA
NC_045512.2	13981	C	G	3754	1975	48	3	3	26	0.000798509	3757	1	FALSE	NA	NA	NA	NA	NA	NA
NC_045512.2	13983	T	G	3755	1941	48	1	1	20	0.000266241	3756	1	FALSE	NA	NA	NA	NA	NA	NA
NC_045512.2	13984	G	T	3793	1971	48	1	1	27	0.000263505	3795	1	FALSE	NA	NA	NA	NA	NA	NA
NC_045512.2	13984	G	C	3793	1971	48	1	0	26	0.000263505	3795	1	FALSE	NA	NA	NA	NA	NA	NA
NC_045512.2	13986	A	G	3867	2039	48	1	1	26	0.000258465	3869	1	FALSE	NA	NA	NA	NA	NA	NA
NC_045512.2	13986	A	C	3867	2039	48	1	0	26	0.000258465	3869	1	FALSE	NA	NA	NA	NA	NA	NA
NC_045512.2	13987	C	G	3900	2067	49	1	0	26	0.000256345	3901	1	FALSE	NA	NA	NA	NA	NA	NA
NC_045512.2	13988	G	C	3882	2046	48	1	1	34	0.000257533	3883	0.93758	FALSE	NA	NA	NA	NA	NA	NA
NC_045512.2	13989	C	G	3890	2053	48	1	1	34	0.000256937	3892	0.937548	FALSE	NA	NA	NA	NA	NA	NA
NC_045512.2	13989	C	A	3890	2053	48	1	1	20	0.000256937	3892	1	FALSE	NA	NA	NA	NA	NA	NA
NC_045512.2	13990	C	G	3737	1960	48	1	0	20	0.000267451	3739	1	FALSE	NA	NA	NA	NA	NA	NA
NC_045512.2	13990	C	A	3737	1960	48	1	0	27	0.000267451	3739	1	FALSE	NA	NA	NA	NA	NA	NA
NC_045512.2	13992	A	C	3593	1944	46	2	0	26	0.000556328	3595	1	FALSE	NA	NA	NA	NA	NA	NA
NC_045512.2	13993	G	T	3692	1902	48	1	1	26	0.000270709	3694	1	FALSE	NA	NA	NA	NA	NA	NA
NC_045512.2	13993	G	C	3692	1902	48	1	0	26	0.000270709	3694	1	FALSE	NA	NA	NA	NA	NA	NA
NC_045512.2	13995	T	G	3473	1723	46	2	2	23	0.00057554	3475	1	FALSE	NA	NA	NA	NA	NA	NA
NC_045512.2	13996	T	C	3599	1858	49	1	0	34	0.000277701	3601	0.937552	FALSE	NA	NA	NA	NA	NA	NA
NC_045512.2	13996	T	A	3599	1858	49	1	0	26	0.000277701	3601	1	FALSE	NA	NA	NA	NA	NA	NA
NC_045512.2	13997	T	G	3595	1852	49	1	1	27	0.000278087	3596	1	FALSE	NA	NA	NA	NA	NA	NA
NC_045512.2	13999	T	C	3628	1845	47	2	1	34	0.000550812	3631	0.812586	FALSE	NA	NA	NA	NA	NA	NA
NC_045512.2	13999	T	A	3628	1845	47	1	0	27	0.000275406	3631	1	FALSE	NA	NA	NA	NA	NA	NA
NC_045512.2	14001	A	G	3770	2020	47	1	1	34	0.000265182	3771	0.937583	FALSE	NA	NA	NA	NA	NA	NA
NC_045512.2	14002	A	G	3666	1990	46	1	1	27	0.000272628	3668	1	FALSE	NA	NA	NA	NA	NA	NA
NC_045512.2	14002	A	C	3666	1990	46	1	0	26	0.000272628	3668	1	FALSE	NA	NA	NA	NA	NA	NA
NC_045512.2	14003	A	T	3790	2017	47	2	2	23	0.000527287	3793	1	FALSE	NA	NA	NA	NA	NA	NA
NC_045512.2	14003	A	G	3790	2017	47	1	1	34	0.000263644	3793	0.937516	FALSE	NA	NA	NA	NA	NA	NA
NC_045512.2	14010	A	G	3628	1879	47	1	0	34	0.000275406	3631	0.937517	FALSE	NA	NA	NA	NA	NA	NA
NC_045512.2	14010	A	C	3628	1879	47	2	2	30	0.000550812	3631	0.812586	FALSE	NA	NA	NA	NA	NA	NA
NC_045512.2	14013	A	T	3606	1843	46	1	1	26	0.000277239	3607	1	FALSE	NA	NA	NA	NA	NA	NA
NC_045512.2	14016	C	G	3590	1826	46	1	0	20	0.000278474	3591	1	FALSE	NA	NA	NA	NA	NA	NA
NC_045512.2	14017	T	G	3433	1668	46	1	1	34	0.000291206	3434	0.937591	FALSE	NA	NA	NA	NA	NA	NA
NC_045512.2	14018	G	C	3453	1681	46	1	1	27	0.000289519	3454	1	FALSE	NA	NA	NA	NA	NA	NA
NC_045512.2	14021	A	T	3447	1728	47	1	1	20	0.000289939	3449	1	FALSE	NA	NA	NA	NA	NA	NA
NC_045512.2	14021	A	G	3447	1728	47	1	1	34	0.000289939	3449	0.937554	FALSE	NA	NA	NA	NA	NA	NA
NC_045512.2	14024	C	T	3334	1681	47	1	0	68	0.00029976	3336	0.5	FALSE	NA	NA	NA	NA	NA	NA
NC_045512.2	14024	C	G	3334	1681	47	1	1	20	0.00029976	3336	1	FALSE	NA	NA	NA	NA	NA	NA
NC_045512.2	14027	T	G	3172	1501	46	1	1	26	0.000315159	3173	1	FALSE	NA	NA	NA	NA	NA	NA
NC_045512.2	14028	G	T	3275	1583	47	1	1	26	0.00030525	3276	1	FALSE	NA	NA	NA	NA	NA	NA
NC_045512.2	14030	G	T	3259	1648	48	1	1	27	0.000306748	3260	1	FALSE	NA	NA	NA	NA	NA	NA
NC_045512.2	14032	A	C	3070	1654	46	1	0	26	0.000325627	3071	1	FALSE	NA	NA	NA	NA	NA	NA
NC_045512.2	14033	A	T	3271	1648	48	2	1	26	0.00061106	3273	1	FALSE	NA	NA	NA	NA	NA	NA
NC_045512.2	14035	G	T	3256	1701	47	1	1	26	0.000307031	3257	1	FALSE	NA	NA	NA	NA	NA	NA
NC_045512.2	14036	C	G	3250	1747	46	1	0	27	0.000307598	3251	1	FALSE	NA	NA	NA	NA	NA	NA
NC_045512.2	14038	G	T	3352	1713	47	3	1	42	0.000894188	3355	0.125	FALSE	NA	NA	NA	NA	NA	NA
NC_045512.2	14039	G	C	3359	1716	47	3	2	26	0.000892326	3362	1	FALSE	NA	NA	NA	NA	NA	NA
NC_045512.2	14040	T	A	3329	1747	46	1	0	26	0.0003003	3330	1	FALSE	NA	NA	NA	NA	NA	NA
NC_045512.2	14043	T	C	3374	1763	48	1	1	27	0.000296296	3375	1	FALSE	NA	NA	NA	NA	NA	NA
NC_045512.2	14044	G	T	3359	1695	46	3	2	26	0.000892326	3362	1	FALSE	NA	NA	NA	NA	NA	NA
NC_045512.2	14045	T	G	3226	1547	45	1	1	27	0.000309885	3227	1	FALSE	NA	NA	NA	NA	NA	NA
NC_045512.2	14049	T	G	3436	1764	49	1	1	34	0.000290951	3437	0.937591	FALSE	NA	NA	NA	NA	NA	NA
NC_045512.2	14050	G	T	3457	1734	48	1	1	27	0.000289101	3459	1	FALSE	NA	NA	NA	NA	NA	NA
NC_045512.2	14050	G	C	3457	1734	48	1	1	34	0.000289101	3459	0.937554	FALSE	NA	NA	NA	NA	NA	NA
NC_045512.2	14051	T	A	3489	1782	49	1	0	27	0.000286533	3490	1	FALSE	NA	NA	NA	NA	NA	NA
NC_045512.2	14052	A	T	3475	1778	49	1	1	26	0.000287687	3476	1	FALSE	NA	NA	NA	NA	NA	NA
NC_045512.2	14053	C	G	3475	1810	49	1	1	26	0.000287687	3476	1	FALSE	NA	NA	NA	NA	NA	NA
NC_045512.2	14054	T	A	3456	1779	49	1	1	26	0.000289268	3457	1	FALSE	NA	NA	NA	NA	NA	NA
NC_045512.2	14059	T	G	3334	1622	49	1	1	34	0.00029985	3335	0.937594	FALSE	NA	NA	NA	NA	NA	NA
NC_045512.2	14062	G	T	3437	1714	50	1	1	20	0.000290867	3438	1	FALSE	NA	NA	NA	NA	NA	NA
NC_045512.2	14068	C	G	3404	1746	52	1	1	27	0.000293686	3405	1	FALSE	NA	NA	NA	NA	NA	NA
NC_045512.2	14070	A	T	3305	1740	50	1	1	34	0.000302389	3307	0.937557	FALSE	NA	NA	NA	NA	NA	NA
NC_045512.2	14070	A	C	3305	1740	50	1	0	27	0.000302389	3307	1	FALSE	NA	NA	NA	NA	NA	NA
NC_045512.2	14071	G	T	3399	1734	52	1	1	60	0.000294118	3400	0.500074	FALSE	NA	NA	NA	NA	NA	NA
NC_045512.2	14072	A	C	3323	1734	49	1	1	27	0.000300842	3324	1	FALSE	NA	NA	NA	NA	NA	NA
NC_045512.2	14073	T	G	3387	1653	49	2	0	26	0.000589449	3393	1	FALSE	NA	NA	NA	NA	NA	NA
NC_045512.2	14073	T	A	3387	1653	49	4	3	26	0.0011789	3393	1	FALSE	NA	NA	NA	NA	NA	NA
NC_045512.2	14074	C	A	3479	1815	52	1	0	27	0.000287356	3480	1	FALSE	NA	NA	NA	NA	NA	NA
NC_045512.2	14075	T	G	3326	1672	51	1	1	27	0.000300571	3327	1	FALSE	NA	NA	NA	NA	NA	NA
NC_045512.2	14077	A	C	3335	1754	52	2	0	26	0.000599341	3337	1	FALSE	NA	NA	NA	NA	NA	NA
NC_045512.2	14079	T	G	3392	1743	52	1	1	26	0.000294638	3394	1	FALSE	NA	NA	NA	NA	NA	NA
NC_045512.2	14079	T	A	3392	1743	52	1	0	34	0.000294638	3394	0.937555	FALSE	NA	NA	NA	NA	NA	NA
NC_045512.2	14080	G	C	3393	1738	52	1	0	20	0.000294551	3395	1	FALSE	NA	NA	NA	NA	NA	NA
NC_045512.2	14080	G	A	3393	1738	52	1	1	68	0.000294551	3395	0.5	FALSE	NA	NA	NA	NA	NA	NA
NC_045512.2	14084	A	T	3312	1707	53	1	0	34	0.00030175	3314	0.937557	FALSE	NA	NA	NA	NA	NA	NA
NC_045512.2	14084	A	C	3312	1707	53	1	0	34	0.00030175	3314	0.937557	FALSE	NA	NA	NA	NA	NA	NA
NC_045512.2	14085	C	A	3334	1715	53	1	0	26	0.00029985	3335	1	FALSE	NA	NA	NA	NA	NA	NA
NC_045512.2	14086	T	G	3338	1689	53	2	2	30	0.000598802	3340	0.812687	FALSE	NA	NA	NA	NA	NA	NA
NC_045512.2	14087	G	C	3357	1684	53	1	1	26	0.000297796	3358	1	FALSE	NA	NA	NA	NA	NA	NA
NC_045512.2	14088	G	C	3398	1746	53	1	1	34	0.000294204	3399	0.937592	FALSE	NA	NA	NA	NA	NA	NA
NC_045512.2	14089	T	A	3350	1721	54	2	0	30	0.000596659	3352	0.812687	FALSE	NA	NA	NA	NA	NA	NA
NC_045512.2	14091	T	A	3330	1705	54	2	0	26	0.00060024	3332	1	FALSE	NA	NA	NA	NA	NA	NA
NC_045512.2	14093	A	G	3369	1795	54	1	0	46	0.000296736	3370	0.500074	FALSE	NA	NA	NA	NA	NA	NA
NC_045512.2	14094	T	G	3315	1729	54	1	1	26	0.000301568	3316	1	FALSE	NA	NA	NA	NA	NA	NA
NC_045512.2	14100	T	A	3209	1743	54	1	1	26	0.000311526	3210	1	FALSE	NA	NA	NA	NA	NA	NA
NC_045512.2	14101	G	C	3184	1724	54	1	0	26	0.000313972	3185	1	FALSE	NA	NA	NA	NA	NA	NA
NC_045512.2	14103	T	C	3202	1738	53	1	1	27	0.000312207	3203	1	FALSE	NA	NA	NA	NA	NA	NA
NC_045512.2	14104	T	G	3092	1630	51	1	1	26	0.000323311	3093	1	FALSE	NA	NA	NA	NA	NA	NA
NC_045512.2	14105	T	C	3197	1736	53	1	1	68	0.000312598	3199	0.5	FALSE	NA	NA	NA	NA	NA	NA
NC_045512.2	14105	T	A	3197	1736	53	1	1	27	0.000312598	3199	1	FALSE	NA	NA	NA	NA	NA	NA
NC_045512.2	14107	A	G	3281	1772	54	1	1	46	0.000304692	3282	0.500076	FALSE	NA	NA	NA	NA	NA	NA
NC_045512.2	14113	A	C	3016	1802	46	2	0	30	0.000662691	3018	0.812707	FALSE	NA	NA	NA	NA	NA	NA
NC_045512.2	14117	C	G	3243	1774	53	1	1	34	0.000308261	3244	0.937596	FALSE	NA	NA	NA	NA	NA	NA
NC_045512.2	14118	G	C	3232	1774	52	1	0	26	0.00030931	3233	1	FALSE	NA	NA	NA	NA	NA	NA
NC_045512.2	14120	C	G	3236	1795	52	2	1	34	0.000617665	3238	0.812693	FALSE	NA	NA	NA	NA	NA	NA
NC_045512.2	14123	G	C	3418	1794	52	1	0	34	0.000292483	3419	0.937591	FALSE	NA	NA	NA	NA	NA	NA
NC_045512.2	14124	T	C	3406	1816	51	2	2	27	0.000586682	3409	1	FALSE	NA	NA	NA	NA	NA	NA
NC_045512.2	14124	T	A	3406	1816	51	1	1	20	0.000293341	3409	1	FALSE	NA	NA	NA	NA	NA	NA
NC_045512.2	14125	A	C	3349	1790	51	1	0	27	0.000298507	3350	1	FALSE	NA	NA	NA	NA	NA	NA
NC_045512.2	14127	T	C	3374	1773	51	1	0	68	0.000296209	3376	0.5	FALSE	NA	NA	NA	NA	NA	NA
NC_045512.2	14127	T	A	3374	1773	51	1	0	20	0.000296209	3376	1	FALSE	NA	NA	NA	NA	NA	NA
NC_045512.2	14129	G	A	3429	1828	52	1	0	34	0.000291545	3430	0.937591	FALSE	NA	NA	NA	NA	NA	NA
NC_045512.2	14130	A	T	3286	1719	52	1	0	20	0.000303951	3290	1	FALSE	NA	NA	NA	NA	NA	NA
NC_045512.2	14130	A	C	3286	1719	52	3	3	31	0.000911854	3290	0.656321	FALSE	NA	NA	NA	NA	NA	NA
NC_045512.2	14132	T	C	2990	1462	50	1	0	46	0.000334336	2991	0.500084	FALSE	NA	NA	NA	NA	NA	NA
NC_045512.2	14133	T	A	3079	1570	51	1	0	34	0.000324675	3080	0.937601	FALSE	NA	NA	NA	NA	NA	NA
NC_045512.2	14134	C	A	3067	1587	51	1	1	34	0.000325945	3068	0.937602	FALSE	NA	NA	NA	NA	NA	NA
NC_045512.2	14139	T	G	3089	1609	52	1	1	20	0.00032352	3091	1	FALSE	NA	NA	NA	NA	NA	NA
NC_045512.2	14139	T	A	3089	1609	52	1	0	26	0.00032352	3091	1	FALSE	NA	NA	NA	NA	NA	NA
NC_045512.2	14143	G	T	3118	1607	52	1	1	20	0.000320616	3119	1	FALSE	NA	NA	NA	NA	NA	NA
NC_045512.2	14144	A	T	3061	1613	52	1	1	34	0.000326584	3062	0.937602	FALSE	NA	NA	NA	NA	NA	NA
NC_045512.2	14147	C	A	2983	1594	52	4	0	28	0.00133914	2987	0.999999	FALSE	NA	NA	NA	NA	NA	NA
NC_045512.2	14149	T	A	3009	1591	51	1	0	27	0.000332226	3010	1	FALSE	NA	NA	NA	NA	NA	NA
NC_045512.2	14153	A	G	3010	1617	51	1	0	20	0.000332116	3011	1	FALSE	NA	NA	NA	NA	NA	NA
NC_045512.2	14154	T	G	2992	1582	51	1	1	27	0.000334113	2993	1	FALSE	NA	NA	NA	NA	NA	NA
NC_045512.2	14156	C	G	2958	1621	51	1	1	26	0.000337838	2960	1	FALSE	NA	NA	NA	NA	NA	NA
NC_045512.2	14156	C	A	2958	1621	51	1	0	27	0.000337838	2960	1	FALSE	NA	NA	NA	NA	NA	NA
NC_045512.2	14157	A	G	2911	1594	51	1	1	68	0.000343407	2912	0.500086	FALSE	NA	NA	NA	NA	NA	NA
NC_045512.2	14160	G	C	3049	1643	51	1	1	34	0.000327869	3050	0.937602	FALSE	NA	NA	NA	NA	NA	NA
NC_045512.2	14161	T	G	2884	1461	48	2	2	26	0.000693001	2886	1	FALSE	NA	NA	NA	NA	NA	NA
NC_045512.2	14163	A	T	3045	1646	51	1	0	20	0.000328299	3046	1	FALSE	NA	NA	NA	NA	NA	NA
NC_045512.2	14164	A	G	2970	1671	49	1	0	27	0.000336587	2971	1	FALSE	NA	NA	NA	NA	NA	NA
NC_045512.2	14168	C	G	3096	1718	50	2	0	23	0.000645578	3098	1	FALSE	NA	NA	NA	NA	NA	NA
NC_045512.2	14170	A	T	3158	1640	49	1	1	60	0.000316456	3160	0.5	FALSE	NA	NA	NA	NA	NA	NA
NC_045512.2	14170	A	G	3158	1640	49	1	0	34	0.000316456	3160	0.937559	FALSE	NA	NA	NA	NA	NA	NA
NC_045512.2	14173	T	G	3060	1494	49	3	3	26	0.000978793	3065	1	FALSE	NA	NA	NA	NA	NA	NA
NC_045512.2	14173	T	C	3060	1494	49	2	0	46	0.000652529	3065	0.249796	FALSE	NA	NA	NA	NA	NA	NA
NC_045512.2	14178	C	T	3132	1611	49	2	2	68	0.000638162	3134	0.25004	FALSE	NA	NA	NA	NA	NA	NA
NC_045512.2	14184	C	G	2907	1425	49	1	1	26	0.000343879	2908	1	FALSE	NA	NA	NA	NA	NA	NA
NC_045512.2	14185	A	-G	2823	1337	50	1	0	20	0.000354233	2823	1	FALSE	NA	NA	NA	NA	NA	NA
NC_045512.2	14186	G	T	2819	1327	49	1	1	34	0.00035461	2820	0.875067	FALSE	NA	NA	NA	NA	NA	NA
NC_045512.2	14187	G	T	2931	1358	49	1	1	34	0.000341064	2932	0.875128	FALSE	NA	NA	NA	NA	NA	NA
NC_045512.2	14188	G	T	2936	1354	49	1	1	20	0.000340483	2937	1	FALSE	NA	NA	NA	NA	NA	NA
NC_045512.2	14190	T	C	2881	1345	48	2	1	36	0.000693722	2883	0.687695	FALSE	NA	NA	NA	NA	NA	NA
NC_045512.2	14192	T	C	2920	1392	49	1	1	34	0.000342349	2921	0.875128	FALSE	NA	NA	NA	NA	NA	NA
NC_045512.2	14193	A	G	2921	1417	49	1	1	24	0.000342231	2922	1	FALSE	NA	NA	NA	NA	NA	NA
NC_045512.2	14194	A	C	2822	1419	48	2	1	26	0.000708215	2824	1	FALSE	NA	NA	NA	NA	NA	NA
NC_045512.2	14197	G	T	2750	1280	48	1	0	24	0.000363504	2751	1	FALSE	NA	NA	NA	NA	NA	NA
NC_045512.2	14198	C	T	2749	1310	48	1	1	68	0.000363504	2751	0.5	FALSE	NA	NA	NA	NA	NA	NA
NC_045512.2	14198	C	A	2749	1310	48	1	0	34	0.000363504	2751	0.875068	FALSE	NA	NA	NA	NA	NA	NA
NC_045512.2	14199	A	C	2768	1295	49	1	0	27	0.000361141	2769	1	FALSE	NA	NA	NA	NA	NA	NA
NC_045512.2	14202	G	C	2903	1302	48	1	1	34	0.000344353	2904	0.875129	FALSE	NA	NA	NA	NA	NA	NA
NC_045512.2	14206	C	T	2876	1318	48	1	0	68	0.000347584	2877	0.500087	FALSE	NA	NA	NA	NA	NA	NA
NC_045512.2	14210	T	G	2630	1072	44	3	3	24	0.00113938	2633	0.999999	FALSE	NA	NA	NA	NA	NA	NA
NC_045512.2	14211	T	C	2724	1208	48	2	1	51	0.000733676	2726	0.250046	FALSE	NA	NA	NA	NA	NA	NA
NC_045512.2	14214	C	A	2735	1254	49	1	0	26	0.000365497	2736	1	FALSE	NA	NA	NA	NA	NA	NA
NC_045512.2	14216	C	A	2650	1225	48	1	0	34	0.000377216	2651	0.875141	FALSE	NA	NA	NA	NA	NA	NA
NC_045512.2	14217	T	C	2543	1161	49	1	0	34	0.000393082	2544	0.875147	FALSE	NA	NA	NA	NA	NA	NA
NC_045512.2	14221	T	G	2465	1103	48	2	2	26	0.000810701	2467	1	FALSE	NA	NA	NA	NA	NA	NA
NC_045512.2	14223	A	C	2519	1162	50	1	0	34	0.000396825	2520	0.875149	FALSE	NA	NA	NA	NA	NA	NA
NC_045512.2	14227	A	G	2421	1142	49	3	2	51	0.00123762	2424	0.125	FALSE	NA	NA	NA	NA	NA	NA
NC_045512.2	14228	A	G	2289	1166	47	1	1	68	0.000436681	2290	0.500109	FALSE	NA	NA	NA	NA	NA	NA
NC_045512.2	14229	G	C	2387	1142	48	2	1	30	0.00083717	2389	0.687736	FALSE	NA	NA	NA	NA	NA	NA
NC_045512.2	14230	C	T	2393	1155	49	1	1	60	0.000417537	2395	0.5	FALSE	NA	NA	NA	NA	NA	NA
NC_045512.2	14230	C	G	2393	1155	49	1	1	26	0.000417537	2395	1	FALSE	NA	NA	NA	NA	NA	NA
NC_045512.2	14232	T	A	2341	1102	49	1	0	27	0.000426985	2342	1	FALSE	NA	NA	NA	NA	NA	NA
NC_045512.2	14234	A	T	2328	1123	49	2	2	30	0.000858369	2330	0.687742	FALSE	NA	NA	NA	NA	NA	NA
NC_045512.2	14237	T	G	3086	1351	44	2	2	26	0.000647668	3088	1	FALSE	NA	NA	NA	NA	NA	NA
NC_045512.2	14238	T	G	2979	1240	45	2	2	26	0.000670466	2983	1	FALSE	NA	NA	NA	NA	NA	NA
NC_045512.2	14238	T	A	2979	1240	45	2	0	34	0.000670466	2983	0.687437	FALSE	NA	NA	NA	NA	NA	NA
NC_045512.2	14239	A	T	2967	1266	44	2	0	27	0.000673627	2969	1	FALSE	NA	NA	NA	NA	NA	NA
NC_045512.2	14240	A	T	2828	1311	44	1	1	34	0.000353107	2832	0.874934	FALSE	NA	NA	NA	NA	NA	NA
NC_045512.2	14240	A	C	2828	1311	44	3	0	29	0.00105932	2832	1	FALSE	NA	NA	NA	NA	NA	NA
NC_045512.2	14242	T	G	2974	1276	45	2	2	30	0.000672043	2976	0.687689	FALSE	NA	NA	NA	NA	NA	NA
NC_045512.2	14245	G	C	3005	1288	46	1	0	34	0.000332668	3006	0.937604	FALSE	NA	NA	NA	NA	NA	NA
NC_045512.2	14246	A	G	3011	1336	46	2	0	47	0.00066379	3013	0.250041	FALSE	NA	NA	NA	NA	NA	NA
NC_045512.2	14247	T	G	2895	1199	45	1	1	34	0.000345304	2896	0.87513	FALSE	NA	NA	NA	NA	NA	NA
NC_045512.2	14250	G	T	3021	1347	47	2	2	27	0.000661594	3023	1	FALSE	NA	NA	NA	NA	NA	NA
NC_045512.2	14251	T	G	3003	1354	47	1	1	26	0.000332779	3005	1	FALSE	NA	NA	NA	NA	NA	NA
NC_045512.2	14251	T	C	3003	1354	47	1	1	60	0.000332779	3005	0.5	FALSE	NA	NA	NA	NA	NA	NA
NC_045512.2	14252	T	A	3078	1445	48	1	0	34	0.000324781	3079	0.937601	FALSE	NA	NA	NA	NA	NA	NA
NC_045512.2	14255	A	T	3084	1455	48	1	1	27	0.000324149	3085	1	FALSE	NA	NA	NA	NA	NA	NA
NC_045512.2	14258	A	T	3099	1510	48	1	0	20	0.000322581	3100	1	FALSE	NA	NA	NA	NA	NA	NA
NC_045512.2	14259	T	C	3074	1440	48	1	1	46	0.000325098	3076	0.5	FALSE	NA	NA	NA	NA	NA	NA
NC_045512.2	14259	T	A	3074	1440	48	1	1	20	0.000325098	3076	1	FALSE	NA	NA	NA	NA	NA	NA
NC_045512.2	14263	T	G	2974	1318	46	5	5	29	0.00167842	2979	0.999997	FALSE	NA	NA	NA	NA	NA	NA
NC_045512.2	14265	C	A	3104	1518	48	1	0	27	0.000322061	3105	1	FALSE	NA	NA	NA	NA	NA	NA
NC_045512.2	14266	A	T	3132	1505	48	1	1	20	0.000319081	3134	1	FALSE	NA	NA	NA	NA	NA	NA
NC_045512.2	14266	A	C	3132	1505	48	1	0	34	0.000319081	3134	0.93756	FALSE	NA	NA	NA	NA	NA	NA
NC_045512.2	14268	G	C	3150	1519	48	1	1	34	0.00031736	3151	0.937599	FALSE	NA	NA	NA	NA	NA	NA
NC_045512.2	14269	G	T	2864	1269	48	1	1	26	0.000348675	2868	1	FALSE	NA	NA	NA	NA	NA	NA
NC_045512.2	14269	G	A	2864	1269	48	3	0	34	0.00104603	2868	0.5	FALSE	NA	NA	NA	NA	NA	NA
NC_045512.2	14271	A	G	2899	1308	48	1	0	27	0.000344828	2900	1	FALSE	NA	NA	NA	NA	NA	NA
NC_045512.2	14275	A	T	2753	1393	46	1	0	27	0.000363108	2754	1	FALSE	NA	NA	NA	NA	NA	NA
NC_045512.2	14276	G	T	3030	1393	47	1	1	26	0.000329924	3031	1	FALSE	NA	NA	NA	NA	NA	NA
NC_045512.2	14278	T	G	2906	1254	46	2	2	30	0.000687758	2908	0.687694	FALSE	NA	NA	NA	NA	NA	NA
NC_045512.2	14280	A	G	3108	1498	48	1	0	27	0.000321647	3109	1	FALSE	NA	NA	NA	NA	NA	NA
NC_045512.2	14282	A	G	3008	1490	47	1	1	27	0.000332336	3009	1	FALSE	NA	NA	NA	NA	NA	NA
NC_045512.2	14285	T	C	3047	1365	46	2	1	30	0.000655523	3051	0.8125	FALSE	NA	NA	NA	NA	NA	NA
NC_045512.2	14285	T	A	3047	1365	46	2	1	20	0.000655523	3051	1	FALSE	NA	NA	NA	NA	NA	NA
NC_045512.2	14286	C	G	3208	1520	48	1	1	27	0.000311624	3209	1	FALSE	NA	NA	NA	NA	NA	NA
NC_045512.2	14287	T	G	3193	1505	48	1	1	27	0.000313087	3194	1	FALSE	NA	NA	NA	NA	NA	NA
NC_045512.2	14289	T	G	3235	1543	48	1	0	26	0.000308928	3237	1	FALSE	NA	NA	NA	NA	NA	NA
NC_045512.2	14289	T	A	3235	1543	48	1	1	27	0.000308928	3237	1	FALSE	NA	NA	NA	NA	NA	NA
NC_045512.2	14292	C	G	3198	1530	48	1	1	27	0.000312598	3199	1	FALSE	NA	NA	NA	NA	NA	NA
NC_045512.2	14293	C	T	3211	1549	48	1	0	34	0.000311139	3214	0.937519	FALSE	NA	NA	NA	NA	NA	NA
NC_045512.2	14293	C	G	3211	1549	48	1	1	26	0.000311139	3214	1	FALSE	NA	NA	NA	NA	NA	NA
NC_045512.2	14293	C	A	3211	1549	48	1	0	34	0.000311139	3214	0.937519	FALSE	NA	NA	NA	NA	NA	NA
NC_045512.2	14295	T	G	3237	1577	48	1	1	26	0.000308833	3238	1	FALSE	NA	NA	NA	NA	NA	NA
NC_045512.2	14302	A	T	3317	1590	48	1	1	34	0.000301386	3318	0.937594	FALSE	NA	NA	NA	NA	NA	NA
NC_045512.2	14303	A	G	3214	1598	47	1	1	68	0.000310849	3217	0.499922	FALSE	NA	NA	NA	NA	NA	NA
NC_045512.2	14303	A	C	3214	1598	47	2	0	23	0.000621697	3217	1	FALSE	NA	NA	NA	NA	NA	NA
NC_045512.2	14304	A	C	3228	1613	47	1	0	27	0.000309693	3229	1	FALSE	NA	NA	NA	NA	NA	NA
NC_045512.2	14308	T	C	3267	1566	48	1	0	68	0.000305998	3268	0.500077	FALSE	NA	NA	NA	NA	NA	NA
NC_045512.2	14310	G	A	3305	1555	47	1	0	60	0.00030248	3306	0.500076	FALSE	NA	NA	NA	NA	NA	NA
NC_045512.2	14326	C	T	3289	1637	45	1	0	34	0.000303951	3290	0.937595	FALSE	NA	NA	NA	NA	NA	NA
NC_045512.2	14328	A	T	3118	1654	44	1	0	27	0.00032041	3121	1	FALSE	NA	NA	NA	NA	NA	NA
NC_045512.2	14328	A	C	3118	1654	44	2	0	29	0.00064082	3121	1	FALSE	NA	NA	NA	NA	NA	NA
NC_045512.2	14329	A	C	3272	1639	45	2	0	27	0.000610874	3274	1	FALSE	NA	NA	NA	NA	NA	NA
NC_045512.2	14331	T	G	3297	1665	45	1	0	34	0.000303214	3298	0.937595	FALSE	NA	NA	NA	NA	NA	NA
NC_045512.2	14332	T	G	3293	1691	46	1	0	34	0.00030349	3295	0.937557	FALSE	NA	NA	NA	NA	NA	NA
NC_045512.2	14332	T	A	3293	1691	46	1	0	26	0.00030349	3295	1	FALSE	NA	NA	NA	NA	NA	NA
NC_045512.2	14336	T	G	3116	1359	43	6	6	30	0.00192184	3122	0.253906	FALSE	NA	NA	NA	NA	NA	NA
NC_045512.2	14337	T	C	3319	1645	46	1	1	34	0.000301114	3321	0.937556	FALSE	NA	NA	NA	NA	NA	NA
NC_045512.2	14337	T	A	3319	1645	46	1	1	34	0.000301114	3321	0.937556	FALSE	NA	NA	NA	NA	NA	NA
NC_045512.2	14339	A	G	3063	1722	43	1	0	34	0.000326052	3067	0.93748	FALSE	NA	NA	NA	NA	NA	NA
NC_045512.2	14339	A	C	3063	1722	43	3	0	26	0.000978155	3067	1	FALSE	NA	NA	NA	NA	NA	NA
NC_045512.2	14340	C	G	3345	1740	45	1	1	20	0.000298864	3346	1	FALSE	NA	NA	NA	NA	NA	NA
NC_045512.2	14341	T	A	3353	1728	45	1	1	27	0.000298151	3354	1	FALSE	NA	NA	NA	NA	NA	NA
NC_045512.2	14343	T	G	2997	1379	44	1	1	38	0.000333556	2998	0.875125	FALSE	NA	NA	NA	NA	NA	NA
NC_045512.2	14345	T	G	3204	1583	46	1	1	26	0.000312012	3205	1	FALSE	NA	NA	NA	NA	NA	NA
NC_045512.2	14347	G	C	3210	1657	46	1	0	26	0.000311429	3211	1	FALSE	NA	NA	NA	NA	NA	NA
NC_045512.2	14349	T	G	3214	1651	48	1	0	20	0.000311042	3215	1	FALSE	NA	NA	NA	NA	NA	NA
NC_045512.2	14350	G	C	3166	1640	47	1	0	20	0.000315756	3167	1	FALSE	NA	NA	NA	NA	NA	NA
NC_045512.2	14353	A	+G	3209	1705	47	1	0	20	0.000311624	3209	1	FALSE	NA	NA	NA	NA	NA	NA
NC_045512.2	14354	G	T	3248	1687	47	1	1	34	0.000307787	3249	0.937596	FALSE	NA	NA	NA	NA	NA	NA
NC_045512.2	14356	T	A	3222	1675	47	1	0	26	0.00031027	3223	1	FALSE	NA	NA	NA	NA	NA	NA
NC_045512.2	14357	G	T	3239	1736	47	1	1	26	0.000308642	3240	1	FALSE	NA	NA	NA	NA	NA	NA
NC_045512.2	14358	C	G	3212	1788	46	1	0	34	0.000311139	3214	0.937558	FALSE	NA	NA	NA	NA	NA	NA
NC_045512.2	14358	C	A	3212	1788	46	1	0	34	0.000311139	3214	0.937558	FALSE	NA	NA	NA	NA	NA	NA
NC_045512.2	14360	T	C	3488	1836	47	1	1	46	0.000286615	3489	0.500072	FALSE	NA	NA	NA	NA	NA	NA
NC_045512.2	14361	T	A	3415	1806	47	1	0	27	0.00029274	3416	1	FALSE	NA	NA	NA	NA	NA	NA
NC_045512.2	14363	T	G	3310	1699	47	1	1	20	0.000302024	3311	1	FALSE	NA	NA	NA	NA	NA	NA
NC_045512.2	14364	G	T	3351	1734	47	1	1	26	0.000298329	3352	1	FALSE	NA	NA	NA	NA	NA	NA
NC_045512.2	14369	G	A	3187	1576	49	1	1	34	0.000313676	3188	0.937598	FALSE	NA	NA	NA	NA	NA	NA
NC_045512.2	14371	G	A	3177	1572	48	1	1	68	0.000314663	3178	0.500079	FALSE	NA	NA	NA	NA	NA	NA
NC_045512.2	14374	A	G	3124	1605	49	1	0	24	0.00032	3125	1	FALSE	NA	NA	NA	NA	NA	NA
NC_045512.2	14375	A	C	2735	1605	44	4	0	28	0.00146039	2739	0.999998	FALSE	NA	NA	NA	NA	NA	NA
NC_045512.2	14376	C	T	3211	1619	48	1	1	68	0.000311333	3212	0.500078	FALSE	NA	NA	NA	NA	NA	NA
NC_045512.2	14377	T	G	3175	1571	48	1	1	26	0.000314861	3176	1	FALSE	NA	NA	NA	NA	NA	NA
NC_045512.2	14380	A	T	3078	1587	49	2	1	23	0.000649351	3080	1	FALSE	NA	NA	NA	NA	NA	NA
NC_045512.2	14381	A	T	2973	1562	48	1	1	26	0.000336247	2974	1	FALSE	NA	NA	NA	NA	NA	NA
NC_045512.2	14383	G	C	3202	1608	49	1	0	27	0.000312207	3203	1	FALSE	NA	NA	NA	NA	NA	NA
NC_045512.2	14385	T	G	2981	1390	47	1	1	34	0.000335345	2982	0.875126	FALSE	NA	NA	NA	NA	NA	NA
NC_045512.2	14386	T	A	3184	1703	50	2	2	30	0.000627746	3186	0.812696	FALSE	NA	NA	NA	NA	NA	NA
NC_045512.2	14387	T	C	3144	1670	49	1	1	27	0.000317965	3145	1	FALSE	NA	NA	NA	NA	NA	NA
NC_045512.2	14389	T	G	3274	1718	50	1	1	26	0.00030525	3276	1	FALSE	NA	NA	NA	NA	NA	NA
NC_045512.2	14389	T	C	3274	1718	50	1	0	34	0.00030525	3276	0.937557	FALSE	NA	NA	NA	NA	NA	NA
NC_045512.2	14390	T	A	3336	1717	49	1	0	34	0.00029967	3337	0.937594	FALSE	NA	NA	NA	NA	NA	NA
NC_045512.2	14394	T	G	3333	1611	49	3	3	26	0.000899281	3336	1	FALSE	NA	NA	NA	NA	NA	NA
NC_045512.2	14395	A	G	3426	1711	51	1	0	68	0.0002918	3427	0.500073	FALSE	NA	NA	NA	NA	NA	NA
NC_045512.2	14399	T	G	3314	1580	51	1	1	26	0.000301568	3316	1	FALSE	NA	NA	NA	NA	NA	NA
NC_045512.2	14399	T	A	3314	1580	51	1	0	27	0.000301568	3316	1	FALSE	NA	NA	NA	NA	NA	NA
NC_045512.2	14401	T	G	3292	1527	49	3	3	24	0.00091047	3295	1	FALSE	NA	NA	NA	NA	NA	NA
NC_045512.2	14406	A	C	3160	1493	50	2	1	30	0.000632511	3162	0.812698	FALSE	NA	NA	NA	NA	NA	NA
NC_045512.2	14408	C	T	0	0	0	3192	1458	52	0.999687	3193	0	TRUE	NA	NA	NA	NA	NA	NA
NC_045512.2	14408	C	G	0	0	0	1	1	27	0.000313185	3193	0.0100219	FALSE	NA	NA	NA	NA	NA	NA
NC_045512.2	14409	T	G	3145	1423	52	1	1	26	0.000317864	3146	1	FALSE	NA	NA	NA	NA	NA	NA
NC_045512.2	14410	A	G	3097	1440	51	1	1	60	0.000322685	3099	0.5	FALSE	NA	NA	NA	NA	NA	NA
NC_045512.2	14410	A	C	3097	1440	51	1	0	26	0.000322685	3099	1	FALSE	NA	NA	NA	NA	NA	NA
NC_045512.2	14412	A	C	3096	1422	51	1	1	26	0.000322893	3097	1	FALSE	NA	NA	NA	NA	NA	NA
NC_045512.2	14413	A	C	3058	1459	50	1	0	27	0.000326904	3059	1	FALSE	NA	NA	NA	NA	NA	NA
NC_045512.2	14413	A	+G	3058	1459	50	1	0	20	0.000326904	3059	1	FALSE	NA	NA	NA	NA	NA	NA
NC_045512.2	14417	T	G	3164	1466	52	1	1	27	0.000315856	3166	1	FALSE	NA	NA	NA	NA	NA	NA
NC_045512.2	14417	T	C	3164	1466	52	1	1	34	0.000315856	3166	0.937559	FALSE	NA	NA	NA	NA	NA	NA
NC_045512.2	14419	G	C	3168	1459	51	1	0	20	0.000315557	3169	1	FALSE	NA	NA	NA	NA	NA	NA
NC_045512.2	14420	G	A	3215	1534	52	1	0	60	0.000310945	3216	0.500078	FALSE	NA	NA	NA	NA	NA	NA
NC_045512.2	14421	A	T	3210	1538	52	1	0	26	0.000311429	3211	1	FALSE	NA	NA	NA	NA	NA	NA
NC_045512.2	14422	C	T	3250	1568	52	2	0	51	0.000615006	3252	0.250038	FALSE	NA	NA	NA	NA	NA	NA
NC_045512.2	14423	C	G	3104	1528	51	1	0	34	0.000322061	3105	0.937601	FALSE	NA	NA	NA	NA	NA	NA
NC_045512.2	14425	C	G	3150	1538	53	1	0	34	0.000317259	3152	0.93756	FALSE	NA	NA	NA	NA	NA	NA
NC_045512.2	14425	C	A	3150	1538	53	1	1	24	0.000317259	3152	1	FALSE	NA	NA	NA	NA	NA	NA
NC_045512.2	14426	T	C	3139	1541	52	1	0	46	0.00031837	3141	0.5	FALSE	NA	NA	NA	NA	NA	NA
NC_045512.2	14426	T	A	3139	1541	52	1	0	34	0.00031837	3141	0.93756	FALSE	NA	NA	NA	NA	NA	NA
NC_045512.2	14427	A	G	3144	1558	52	1	0	27	0.000317965	3145	1	FALSE	NA	NA	NA	NA	NA	NA
NC_045512.2	14428	G	A	3169	1555	52	1	1	68	0.000315457	3170	0.500079	FALSE	NA	NA	NA	NA	NA	NA
NC_045512.2	14429	T	G	3069	1493	52	1	1	20	0.000325733	3070	1	FALSE	NA	NA	NA	NA	NA	NA
NC_045512.2	14430	G	T	3146	1549	53	1	1	34	0.000317763	3147	0.937599	FALSE	NA	NA	NA	NA	NA	NA
NC_045512.2	14432	G	T	3128	1511	52	2	1	26	0.000638774	3131	1	FALSE	NA	NA	NA	NA	NA	NA
NC_045512.2	14432	G	C	3128	1511	52	1	1	27	0.000319387	3131	1	FALSE	NA	NA	NA	NA	NA	NA
NC_045512.2	14434	A	T	3145	1630	54	1	0	27	0.000317662	3148	1	FALSE	NA	NA	NA	NA	NA	NA
NC_045512.2	14434	A	G	3145	1630	54	1	1	24	0.000317662	3148	1	FALSE	NA	NA	NA	NA	NA	NA
NC_045512.2	14434	A	C	3145	1630	54	1	0	27	0.000317662	3148	1	FALSE	NA	NA	NA	NA	NA	NA
NC_045512.2	14436	A	T	3119	1644	53	1	1	20	0.000320307	3122	1	FALSE	NA	NA	NA	NA	NA	NA
NC_045512.2	14436	A	C	3119	1644	53	2	0	26	0.000640615	3122	1	FALSE	NA	NA	NA	NA	NA	NA
NC_045512.2	14437	A	C	3118	1661	53	1	0	27	0.000320616	3119	1	FALSE	NA	NA	NA	NA	NA	NA
NC_045512.2	14439	A	T	3120	1641	53	1	1	34	0.00032041	3121	0.9376	FALSE	NA	NA	NA	NA	NA	NA
NC_045512.2	14441	T	G	3114	1629	53	1	1	26	0.000320924	3116	1	FALSE	NA	NA	NA	NA	NA	NA
NC_045512.2	14441	T	C	3114	1629	53	1	0	27	0.000320924	3116	1	FALSE	NA	NA	NA	NA	NA	NA
NC_045512.2	14444	T	G	2909	1361	47	5	4	27	0.00171585	2914	0.999997	FALSE	NA	NA	NA	NA	NA	NA
NC_045512.2	14450	G	T	3227	1696	53	1	1	26	0.000309789	3228	1	FALSE	NA	NA	NA	NA	NA	NA
NC_045512.2	14454	T	C	3245	1701	54	1	0	34	0.000308071	3246	0.937596	FALSE	NA	NA	NA	NA	NA	NA
NC_045512.2	14456	C	T	3234	1713	53	1	0	34	0.000309119	3235	0.937597	FALSE	NA	NA	NA	NA	NA	NA
NC_045512.2	14457	A	T	3266	1729	54	1	1	26	0.000306091	3267	1	FALSE	NA	NA	NA	NA	NA	NA
NC_045512.2	14459	T	G	3196	1685	54	1	1	26	0.000312793	3197	1	FALSE	NA	NA	NA	NA	NA	NA
NC_045512.2	14460	T	C	3211	1698	54	1	0	68	0.000311333	3212	0.500078	FALSE	NA	NA	NA	NA	NA	NA
NC_045512.2	14462	T	C	3164	1698	53	1	1	34	0.000315956	3165	0.937599	FALSE	NA	NA	NA	NA	NA	NA
NC_045512.2	14463	A	T	3162	1709	53	1	1	27	0.000315956	3165	1	FALSE	NA	NA	NA	NA	NA	NA
NC_045512.2	14463	A	C	3162	1709	53	2	0	27	0.000631912	3165	1	FALSE	NA	NA	NA	NA	NA	NA
NC_045512.2	14470	A	C	2983	1755	47	2	0	27	0.000670017	2985	1	FALSE	NA	NA	NA	NA	NA	NA
NC_045512.2	14472	T	A	3172	1745	53	1	1	34	0.000315159	3173	0.937598	FALSE	NA	NA	NA	NA	NA	NA
NC_045512.2	14473	G	T	3215	1722	52	2	2	34	0.000621697	3217	0.812694	FALSE	NA	NA	NA	NA	NA	NA
NC_045512.2	14477	A	T	3210	1757	52	1	0	27	0.000311429	3211	1	FALSE	NA	NA	NA	NA	NA	NA
NC_045512.2	14478	C	G	3224	1747	52	1	1	34	0.000310078	3225	0.937597	FALSE	NA	NA	NA	NA	NA	NA
NC_045512.2	14483	T	A	3199	1749	52	1	0	27	0.0003125	3200	1	FALSE	NA	NA	NA	NA	NA	NA
NC_045512.2	14487	A	C	3123	1725	52	1	1	34	0.000320102	3124	0.9376	FALSE	NA	NA	NA	NA	NA	NA
NC_045512.2	14488	G	T	3200	1729	52	1	0	34	0.000312402	3201	0.937598	FALSE	NA	NA	NA	NA	NA	NA
NC_045512.2	14490	G	T	3183	1662	51	1	1	34	0.00031407	3184	0.937598	FALSE	NA	NA	NA	NA	NA	NA
NC_045512.2	14499	T	C	3089	1585	52	1	1	24	0.000323625	3090	1	FALSE	NA	NA	NA	NA	NA	NA
NC_045512.2	14502	A	G	3126	1635	51	1	1	60	0.000319795	3127	0.50008	FALSE	NA	NA	NA	NA	NA	NA
NC_045512.2	14503	C	G	3099	1643	51	1	0	27	0.000322581	3100	1	FALSE	NA	NA	NA	NA	NA	NA
NC_045512.2	14509	C	G	2837	1545	50	1	1	27	0.000352361	2838	1	FALSE	NA	NA	NA	NA	NA	NA
NC_045512.2	14512	G	C	2851	1543	50	1	0	27	0.000350631	2852	1	FALSE	NA	NA	NA	NA	NA	NA
NC_045512.2	14516	T	C	2839	1534	50	1	1	68	0.000352113	2840	0.500088	FALSE	NA	NA	NA	NA	NA	NA
NC_045512.2	14517	A	C	2867	1560	50	1	0	27	0.000348675	2868	1	FALSE	NA	NA	NA	NA	NA	NA
NC_045512.2	14524	C	G	2848	1533	49	1	0	27	0.000351	2849	1	FALSE	NA	NA	NA	NA	NA	NA
NC_045512.2	14525	A	-T	2856	1556	49	1	0	20	0.00035014	2856	1	FALSE	NA	NA	NA	NA	NA	NA
NC_045512.2	14526	T	C	2879	1580	50	1	1	52	0.000347222	2880	0.500087	FALSE	NA	NA	NA	NA	NA	NA
NC_045512.2	14528	G	T	3102	1570	49	1	1	34	0.000322269	3103	0.937601	FALSE	NA	NA	NA	NA	NA	NA
NC_045512.2	14529	C	G	3093	1592	49	1	1	20	0.000323206	3094	1	FALSE	NA	NA	NA	NA	NA	NA
NC_045512.2	14531	C	G	3110	1595	49	1	1	20	0.00032144	3111	1	FALSE	NA	NA	NA	NA	NA	NA
NC_045512.2	14532	T	C	3105	1572	49	1	0	68	0.000321958	3106	0.500081	FALSE	NA	NA	NA	NA	NA	NA
NC_045512.2	14536	C	G	3107	1619	49	1	0	34	0.00032175	3108	0.937601	FALSE	NA	NA	NA	NA	NA	NA
NC_045512.2	14537	T	G	2602	1194	47	1	1	27	0.000384172	2603	1	FALSE	NA	NA	NA	NA	NA	NA
NC_045512.2	14538	T	G	2674	1289	49	1	1	27	0.000373832	2675	1	FALSE	NA	NA	NA	NA	NA	NA
NC_045512.2	14542	T	G	2581	1225	47	1	1	26	0.000387297	2582	1	FALSE	NA	NA	NA	NA	NA	NA
NC_045512.2	14545	A	C	2659	1315	48	1	1	20	0.00037594	2660	1	FALSE	NA	NA	NA	NA	NA	NA
NC_045512.2	14553	A	T	2594	1311	47	1	0	26	0.000385356	2595	1	FALSE	NA	NA	NA	NA	NA	NA
NC_045512.2	14554	C	T	2595	1330	48	1	1	34	0.000385208	2596	0.875144	FALSE	NA	NA	NA	NA	NA	NA
NC_045512.2	14559	G	A	2546	1311	48	1	1	68	0.000392619	2547	0.500098	FALSE	NA	NA	NA	NA	NA	NA
NC_045512.2	14560	T	C	2527	1319	48	1	0	34	0.000395413	2529	0.875074	FALSE	NA	NA	NA	NA	NA	NA
NC_045512.2	14560	T	A	2527	1319	48	1	0	34	0.000395413	2529	0.875074	FALSE	NA	NA	NA	NA	NA	NA
NC_045512.2	14561	A	C	2533	1318	48	1	0	27	0.000394633	2534	1	FALSE	NA	NA	NA	NA	NA	NA
NC_045512.2	14564	C	A	2493	1319	47	1	0	27	0.000400962	2494	1	FALSE	NA	NA	NA	NA	NA	NA
NC_045512.2	14565	T	C	2435	1253	47	2	0	47	0.000820681	2437	0.250051	FALSE	NA	NA	NA	NA	NA	NA
NC_045512.2	14572	C	T	2404	1355	49	1	1	34	0.0004158	2405	0.875156	FALSE	NA	NA	NA	NA	NA	NA
NC_045512.2	14573	C	A	2325	1285	50	1	1	34	0.000429923	2326	0.875161	FALSE	NA	NA	NA	NA	NA	NA
NC_045512.2	14574	T	C	3015	1529	46	1	1	27	0.000331565	3016	1	FALSE	NA	NA	NA	NA	NA	NA
NC_045512.2	14575	G	T	3214	1562	46	3	3	31	0.000932256	3218	0.656323	FALSE	NA	NA	NA	NA	NA	NA
NC_045512.2	14575	G	A	3214	1562	46	1	0	26	0.000310752	3218	1	FALSE	NA	NA	NA	NA	NA	NA
NC_045512.2	14581	C	A	2920	1365	47	1	0	26	0.000342349	2921	1	FALSE	NA	NA	NA	NA	NA	NA
NC_045512.2	14582	A	G	2907	1347	47	1	1	68	0.000343879	2908	0.500086	FALSE	NA	NA	NA	NA	NA	NA
NC_045512.2	14587	G	T	3064	1373	47	1	1	34	0.000326264	3065	0.937602	FALSE	NA	NA	NA	NA	NA	NA
NC_045512.2	14590	T	C	3087	1425	47	2	2	36	0.000647459	3089	0.812702	FALSE	NA	NA	NA	NA	NA	NA
NC_045512.2	14593	G	T	3112	1417	47	2	2	34	0.000642261	3114	0.812701	FALSE	NA	NA	NA	NA	NA	NA
NC_045512.2	14600	T	C	3260	1523	47	1	1	68	0.00030656	3262	0.5	FALSE	NA	NA	NA	NA	NA	NA
NC_045512.2	14600	T	A	3260	1523	47	1	0	26	0.00030656	3262	1	FALSE	NA	NA	NA	NA	NA	NA
NC_045512.2	14601	A	T	3278	1572	48	1	1	60	0.000304878	3280	0.5	FALSE	NA	NA	NA	NA	NA	NA
NC_045512.2	14601	A	C	3278	1572	48	1	0	20	0.000304878	3280	1	FALSE	NA	NA	NA	NA	NA	NA
NC_045512.2	14602	T	A	3269	1520	48	1	1	27	0.00030581	3270	1	FALSE	NA	NA	NA	NA	NA	NA
NC_045512.2	14603	T	G	3275	1548	48	1	1	26	0.00030525	3276	1	FALSE	NA	NA	NA	NA	NA	NA
NC_045512.2	14607	A	G	3276	1540	48	1	0	68	0.000305064	3278	0.5	FALSE	NA	NA	NA	NA	NA	NA
NC_045512.2	14607	A	C	3276	1540	48	1	0	27	0.000305064	3278	1	FALSE	NA	NA	NA	NA	NA	NA
NC_045512.2	14611	A	T	3313	1545	48	1	1	26	0.000301659	3315	1	FALSE	NA	NA	NA	NA	NA	NA
NC_045512.2	14611	A	C	3313	1545	48	1	1	27	0.000301659	3315	1	FALSE	NA	NA	NA	NA	NA	NA
NC_045512.2	14612	A	G	3326	1539	48	1	0	26	0.000300571	3327	1	FALSE	NA	NA	NA	NA	NA	NA
NC_045512.2	14615	G	T	3296	1539	47	2	2	26	0.000606428	3298	1	FALSE	NA	NA	NA	NA	NA	NA
NC_045512.2	14617	A	C	3204	1535	47	1	0	20	0.000312012	3205	1	FALSE	NA	NA	NA	NA	NA	NA
NC_045512.2	14618	C	T	3346	1553	48	1	0	20	0.000298775	3347	1	FALSE	NA	NA	NA	NA	NA	NA
NC_045512.2	14619	T	C	3261	1470	47	1	1	34	0.00030656	3262	0.937596	FALSE	NA	NA	NA	NA	NA	NA
NC_045512.2	14621	C	G	3324	1563	48	1	0	34	0.000300752	3325	0.937594	FALSE	NA	NA	NA	NA	NA	NA
NC_045512.2	14623	T	A	3341	1548	48	1	0	26	0.000299222	3342	1	FALSE	NA	NA	NA	NA	NA	NA
NC_045512.2	14628	T	G	3371	1574	48	1	1	34	0.000296472	3373	0.937556	FALSE	NA	NA	NA	NA	NA	NA
NC_045512.2	14628	T	C	3371	1574	48	1	1	20	0.000296472	3373	1	FALSE	NA	NA	NA	NA	NA	NA
NC_045512.2	14632	G	T	3310	1553	47	1	1	27	0.000302024	3311	1	FALSE	NA	NA	NA	NA	NA	NA
NC_045512.2	14634	A	T	3287	1649	48	1	0	34	0.000304136	3288	0.937595	FALSE	NA	NA	NA	NA	NA	NA
NC_045512.2	14638	G	T	3259	1616	48	1	1	27	0.000306654	3261	1	FALSE	NA	NA	NA	NA	NA	NA
NC_045512.2	14638	G	A	3259	1616	48	1	1	68	0.000306654	3261	0.5	FALSE	NA	NA	NA	NA	NA	NA
NC_045512.2	14639	C	A	3268	1692	48	1	0	34	0.000305904	3269	0.937596	FALSE	NA	NA	NA	NA	NA	NA
NC_045512.2	14641	C	A	3374	1736	48	1	1	26	0.000296296	3375	1	FALSE	NA	NA	NA	NA	NA	NA
NC_045512.2	14643	T	A	3405	1743	48	1	0	20	0.0002936	3406	1	FALSE	NA	NA	NA	NA	NA	NA
NC_045512.2	14644	A	T	3353	1719	48	1	1	27	0.000298151	3354	1	FALSE	NA	NA	NA	NA	NA	NA
NC_045512.2	14645	C	A	3402	1762	47	1	0	68	0.000293858	3403	0.500073	FALSE	NA	NA	NA	NA	NA	NA
NC_045512.2	14646	T	C	3416	1761	48	1	1	60	0.000292654	3417	0.500073	FALSE	NA	NA	NA	NA	NA	NA
NC_045512.2	14646	T	-A	3416	1761	48	1	0	20	0.000292654	3417	1	FALSE	NA	NA	NA	NA	NA	NA
NC_045512.2	14648	A	C	3185	1772	46	3	0	29	0.000941029	3188	1	FALSE	NA	NA	NA	NA	NA	NA
NC_045512.2	14651	A	C	3302	1684	46	1	1	20	0.000302755	3303	1	FALSE	NA	NA	NA	NA	NA	NA
NC_045512.2	14657	C	G	3213	1646	48	2	2	27	0.000622084	3215	1	FALSE	NA	NA	NA	NA	NA	NA
NC_045512.2	14660	T	C	3179	1604	48	2	1	34	0.000628733	3181	0.812697	FALSE	NA	NA	NA	NA	NA	NA
NC_045512.2	14663	A	G	3192	1654	48	1	1	46	0.000313185	3193	0.500078	FALSE	NA	NA	NA	NA	NA	NA
NC_045512.2	14665	A	C	2859	1668	44	2	1	30	0.000699056	2861	0.687697	FALSE	NA	NA	NA	NA	NA	NA
NC_045512.2	14667	T	G	3192	1650	47	1	0	68	0.000313087	3194	0.5	FALSE	NA	NA	NA	NA	NA	NA
NC_045512.2	14667	T	A	3192	1650	47	1	0	24	0.000313087	3194	1	FALSE	NA	NA	NA	NA	NA	NA
NC_045512.2	14668	G	C	3327	1691	48	1	0	34	0.000300481	3328	0.937594	FALSE	NA	NA	NA	NA	NA	NA
NC_045512.2	14669	T	C	3373	1761	49	1	0	24	0.000296384	3374	1	FALSE	NA	NA	NA	NA	NA	NA
NC_045512.2	14670	C	A	3345	1740	48	1	0	34	0.000298864	3346	0.937593	FALSE	NA	NA	NA	NA	NA	NA
NC_045512.2	14672	A	C	3119	1765	45	7	1	25	0.00223928	3126	0.999989	FALSE	NA	NA	NA	NA	NA	NA
NC_045512.2	14673	A	G	3193	1760	46	1	0	24	0.000312989	3195	1	FALSE	NA	NA	NA	NA	NA	NA
NC_045512.2	14673	A	C	3193	1760	46	1	0	26	0.000312989	3195	1	FALSE	NA	NA	NA	NA	NA	NA
NC_045512.2	14676	C	G	3241	1695	48	1	1	34	0.000308452	3242	0.937596	FALSE	NA	NA	NA	NA	NA	NA
NC_045512.2	14677	G	A	3097	1585	48	1	0	68	0.000322789	3098	0.500081	FALSE	NA	NA	NA	NA	NA	NA
NC_045512.2	14678	G	C	3129	1629	49	1	0	26	0.000319387	3131	1	FALSE	NA	NA	NA	NA	NA	NA
NC_045512.2	14678	G	A	3129	1629	49	1	0	68	0.000319387	3131	0.5	FALSE	NA	NA	NA	NA	NA	NA
NC_045512.2	14680	A	G	3109	1701	48	2	1	68	0.00064288	3111	0.25004	FALSE	NA	NA	NA	NA	NA	NA
NC_045512.2	14682	T	G	3075	1673	47	1	1	34	0.000325098	3076	0.937602	FALSE	NA	NA	NA	NA	NA	NA
NC_045512.2	14683	T	C	3049	1667	47	1	1	26	0.000327654	3052	1	FALSE	NA	NA	NA	NA	NA	NA
NC_045512.2	14683	T	A	3049	1667	47	2	1	30	0.000655308	3052	0.812602	FALSE	NA	NA	NA	NA	NA	NA
NC_045512.2	14684	T	G	3038	1634	47	1	1	27	0.000328839	3041	1	FALSE	NA	NA	NA	NA	NA	NA
NC_045512.2	14684	T	C	3038	1634	47	2	1	34	0.000657678	3041	0.812603	FALSE	NA	NA	NA	NA	NA	NA
NC_045512.2	14685	T	C	3060	1680	47	1	1	34	0.000326691	3061	0.937602	FALSE	NA	NA	NA	NA	NA	NA
NC_045512.2	14688	C	A	3061	1759	47	1	0	34	0.000326584	3062	0.937602	FALSE	NA	NA	NA	NA	NA	NA
NC_045512.2	14689	A	T	3106	1748	48	1	0	27	0.000321854	3107	1	FALSE	NA	NA	NA	NA	NA	NA
NC_045512.2	14691	A	G	2979	1756	46	1	1	68	0.000335458	2981	0.5	FALSE	NA	NA	NA	NA	NA	NA
NC_045512.2	14691	A	C	2979	1756	46	1	0	27	0.000335458	2981	1	FALSE	NA	NA	NA	NA	NA	NA
NC_045512.2	14693	A	T	3109	1768	47	2	1	30	0.00064288	3111	0.812701	FALSE	NA	NA	NA	NA	NA	NA
NC_045512.2	14695	T	A	3222	1764	47	1	1	26	0.00031027	3223	1	FALSE	NA	NA	NA	NA	NA	NA
NC_045512.2	14697	C	G	3204	1795	48	1	0	27	0.000311721	3208	1	FALSE	NA	NA	NA	NA	NA	NA
NC_045512.2	14697	C	A	3204	1795	48	3	0	26	0.000935162	3208	1	FALSE	NA	NA	NA	NA	NA	NA
NC_045512.2	14698	T	A	3221	1750	47	2	2	25	0.00062054	3223	1	FALSE	NA	NA	NA	NA	NA	NA
NC_045512.2	14699	A	T	3230	1804	48	1	1	26	0.000309502	3231	1	FALSE	NA	NA	NA	NA	NA	NA
NC_045512.2	14701	G	T	3186	1798	48	1	1	34	0.000313676	3188	0.937559	FALSE	NA	NA	NA	NA	NA	NA
NC_045512.2	14701	G	C	3186	1798	48	1	0	26	0.000313676	3188	1	FALSE	NA	NA	NA	NA	NA	NA
NC_045512.2	14703	C	G	3161	1759	48	3	1	31	0.000948167	3164	0.656472	FALSE	NA	NA	NA	NA	NA	NA
NC_045512.2	14707	G	C	3007	1647	49	1	0	27	0.000332447	3008	1	FALSE	NA	NA	NA	NA	NA	NA
NC_045512.2	14708	C	G	2945	1657	48	1	1	26	0.000339328	2947	1	FALSE	NA	NA	NA	NA	NA	NA
NC_045512.2	14708	C	A	2945	1657	48	1	0	26	0.000339328	2947	1	FALSE	NA	NA	NA	NA	NA	NA
NC_045512.2	14709	T	C	3010	1675	49	1	1	68	0.000332116	3011	0.500083	FALSE	NA	NA	NA	NA	NA	NA
NC_045512.2	14715	T	G	3342	1677	48	1	1	26	0.000299133	3343	1	FALSE	NA	NA	NA	NA	NA	NA
NC_045512.2	14716	A	T	3287	1697	48	1	1	26	0.000304044	3289	1	FALSE	NA	NA	NA	NA	NA	NA
NC_045512.2	14716	A	C	3287	1697	48	1	0	27	0.000304044	3289	1	FALSE	NA	NA	NA	NA	NA	NA
NC_045512.2	14717	A	C	3234	1692	47	1	0	26	0.000309119	3235	1	FALSE	NA	NA	NA	NA	NA	NA
NC_045512.2	14718	G	C	3341	1713	48	2	2	27	0.000598265	3343	1	FALSE	NA	NA	NA	NA	NA	NA
NC_045512.2	14720	G	T	3331	1690	49	1	1	26	0.00030012	3332	1	FALSE	NA	NA	NA	NA	NA	NA
NC_045512.2	14721	T	C	2726	1218	49	1	1	34	0.000366703	2727	0.875138	FALSE	NA	NA	NA	NA	NA	NA
NC_045512.2	14722	T	G	2756	1265	49	1	0	27	0.000362713	2757	1	FALSE	NA	NA	NA	NA	NA	NA
NC_045512.2	14723	T	A	2759	1246	49	1	0	26	0.000362319	2760	1	FALSE	NA	NA	NA	NA	NA	NA
NC_045512.2	14724	C	G	2744	1304	48	1	1	34	0.000364299	2745	0.875137	FALSE	NA	NA	NA	NA	NA	NA
NC_045512.2	14725	T	C	2701	1239	47	1	1	27	0.000369959	2703	1	FALSE	NA	NA	NA	NA	NA	NA
NC_045512.2	14725	T	A	2701	1239	47	1	0	20	0.000369959	2703	1	FALSE	NA	NA	NA	NA	NA	NA
NC_045512.2	14727	T	A	2772	1346	49	1	1	26	0.00036062	2773	1	FALSE	NA	NA	NA	NA	NA	NA
NC_045512.2	14728	A	C	2756	1330	50	1	0	34	0.000362713	2757	0.875136	FALSE	NA	NA	NA	NA	NA	NA
NC_045512.2	14729	A	C	2701	1337	48	1	0	34	0.000370096	2702	0.875139	FALSE	NA	NA	NA	NA	NA	NA
NC_045512.2	14733	A	T	2766	1340	50	2	1	30	0.000722543	2768	0.687703	FALSE	NA	NA	NA	NA	NA	NA
NC_045512.2	14735	G	T	2770	1374	49	1	1	26	0.000360881	2771	1	FALSE	NA	NA	NA	NA	NA	NA
NC_045512.2	14737	A	G	2788	1395	50	1	0	34	0.000358551	2789	0.875134	FALSE	NA	NA	NA	NA	NA	NA
NC_045512.2	14738	G	C	2715	1308	47	3	3	27	0.00110375	2718	1	FALSE	NA	NA	NA	NA	NA	NA
NC_045512.2	14740	T	C	2766	1389	49	1	0	34	0.000361402	2767	0.875136	FALSE	NA	NA	NA	NA	NA	NA
NC_045512.2	14743	G	T	2719	1370	49	1	1	27	0.000367512	2721	1	FALSE	NA	NA	NA	NA	NA	NA
NC_045512.2	14743	G	C	2719	1370	49	1	0	27	0.000367512	2721	1	FALSE	NA	NA	NA	NA	NA	NA
NC_045512.2	14744	T	G	2686	1338	48	1	1	26	0.000372162	2687	1	FALSE	NA	NA	NA	NA	NA	NA
NC_045512.2	14745	T	G	2650	1311	48	1	1	27	0.000377216	2651	1	FALSE	NA	NA	NA	NA	NA	NA
NC_045512.2	14746	G	C	2759	1405	50	1	1	26	0.000362319	2760	1	FALSE	NA	NA	NA	NA	NA	NA
NC_045512.2	14750	T	G	2769	1439	49	2	2	23	0.000721761	2771	1	FALSE	NA	NA	NA	NA	NA	NA
NC_045512.2	14751	A	G	2734	1445	49	1	1	27	0.000365631	2735	1	FALSE	NA	NA	NA	NA	NA	NA
NC_045512.2	14753	A	G	2738	1447	49	1	1	34	0.000365097	2739	0.875137	FALSE	NA	NA	NA	NA	NA	NA
NC_045512.2	14755	C	T	2789	1464	49	1	0	34	0.000358423	2790	0.875134	FALSE	NA	NA	NA	NA	NA	NA
NC_045512.2	14760	C	G	2797	1539	49	2	2	26	0.000714286	2800	1	FALSE	NA	NA	NA	NA	NA	NA
NC_045512.2	14760	C	A	2797	1539	49	1	1	27	0.000357143	2800	1	FALSE	NA	NA	NA	NA	NA	NA
NC_045512.2	14761	T	C	2815	1545	50	1	1	34	0.000354988	2817	0.875067	FALSE	NA	NA	NA	NA	NA	NA
NC_045512.2	14761	T	A	2815	1545	50	1	0	34	0.000354988	2817	0.875067	FALSE	NA	NA	NA	NA	NA	NA
NC_045512.2	14762	T	C	2837	1550	49	1	1	68	0.000352113	2840	0.499912	FALSE	NA	NA	NA	NA	NA	NA
NC_045512.2	14762	T	A	2837	1550	49	2	0	30	0.000704225	2840	0.687566	FALSE	NA	NA	NA	NA	NA	NA
NC_045512.2	14763	C	G	2810	1541	49	1	1	34	0.000355745	2811	0.875133	FALSE	NA	NA	NA	NA	NA	NA
NC_045512.2	14764	T	G	2744	1466	49	1	1	27	0.000364299	2745	1	FALSE	NA	NA	NA	NA	NA	NA
NC_045512.2	14765	T	C	2841	1579	50	1	1	34	0.000351865	2842	0.875132	FALSE	NA	NA	NA	NA	NA	NA
NC_045512.2	14768	C	G	2791	1538	49	3	2	29	0.00107373	2794	1	FALSE	NA	NA	NA	NA	NA	NA
NC_045512.2	14770	C	G	2829	1556	50	1	0	24	0.000353357	2830	1	FALSE	NA	NA	NA	NA	NA	NA
NC_045512.2	14771	A	T	2754	1528	50	1	1	27	0.000362713	2757	1	FALSE	NA	NA	NA	NA	NA	NA
NC_045512.2	14771	A	C	2754	1528	50	2	1	30	0.000725426	2757	0.687568	FALSE	NA	NA	NA	NA	NA	NA
NC_045512.2	14772	G	T	3090	1597	50	2	2	30	0.000646831	3092	0.812702	FALSE	NA	NA	NA	NA	NA	NA
NC_045512.2	14773	G	T	3084	1617	49	1	1	34	0.000324149	3085	0.937601	FALSE	NA	NA	NA	NA	NA	NA
NC_045512.2	14774	A	T	3046	1613	48	2	2	30	0.000656168	3048	0.812705	FALSE	NA	NA	NA	NA	NA	NA
NC_045512.2	14775	T	G	3163	1648	50	1	1	20	0.000315956	3165	1	FALSE	NA	NA	NA	NA	NA	NA
NC_045512.2	14775	T	A	3163	1648	50	1	1	26	0.000315956	3165	1	FALSE	NA	NA	NA	NA	NA	NA
NC_045512.2	14778	T	C	3167	1600	48	1	0	24	0.000315457	3170	1	FALSE	NA	NA	NA	NA	NA	NA
NC_045512.2	14778	T	A	3167	1600	48	2	2	34	0.000630915	3170	0.812599	FALSE	NA	NA	NA	NA	NA	NA
NC_045512.2	14781	T	G	2939	1419	50	1	1	34	0.000340136	2940	0.875128	FALSE	NA	NA	NA	NA	NA	NA
NC_045512.2	14782	G	C	2950	1452	50	2	1	27	0.000677507	2952	1	FALSE	NA	NA	NA	NA	NA	NA
NC_045512.2	14783	C	T	2931	1466	49	1	0	68	0.000341064	2932	0.500085	FALSE	NA	NA	NA	NA	NA	NA
NC_045512.2	14785	G	C	2911	1420	50	1	1	27	0.000343407	2912	1	FALSE	NA	NA	NA	NA	NA	NA
NC_045512.2	14786	C	A	2823	1372	50	1	0	20	0.000354108	2824	1	FALSE	NA	NA	NA	NA	NA	NA
NC_045512.2	14787	T	G	2833	1349	50	1	0	27	0.000352734	2835	1	FALSE	NA	NA	NA	NA	NA	NA
NC_045512.2	14787	T	A	2833	1349	50	1	1	27	0.000352734	2835	1	FALSE	NA	NA	NA	NA	NA	NA
NC_045512.2	14788	A	G	2865	1409	51	1	1	34	0.000348918	2866	0.875131	FALSE	NA	NA	NA	NA	NA	NA
NC_045512.2	14789	T	G	2856	1399	51	2	2	26	0.00069979	2858	1	FALSE	NA	NA	NA	NA	NA	NA
NC_045512.2	14793	C	G	2819	1449	50	1	1	20	0.00035461	2820	1	FALSE	NA	NA	NA	NA	NA	NA
NC_045512.2	14796	T	A	2871	1484	50	1	1	20	0.000348189	2872	1	FALSE	NA	NA	NA	NA	NA	NA
NC_045512.2	14797	T	A	2890	1478	50	1	1	34	0.000345901	2891	0.87513	FALSE	NA	NA	NA	NA	NA	NA
NC_045512.2	14798	A	T	2902	1479	51	1	1	26	0.000344471	2903	1	FALSE	NA	NA	NA	NA	NA	NA
NC_045512.2	14801	A	T	2900	1482	50	1	1	26	0.000344709	2901	1	FALSE	NA	NA	NA	NA	NA	NA
NC_045512.2	14802	C	-T	2961	1495	50	1	0	20	0.000337724	2961	1	FALSE	NA	NA	NA	NA	NA	NA
NC_045512.2	14804	A	G	2884	1445	50	1	0	34	0.00034662	2885	0.87513	FALSE	NA	NA	NA	NA	NA	NA
NC_045512.2	14805	C	G	2895	1443	50	1	1	27	0.000345304	2896	1	FALSE	NA	NA	NA	NA	NA	NA
NC_045512.2	14808	T	G	2894	1429	50	4	4	32	0.00138026	2898	0.343831	FALSE	NA	NA	NA	NA	NA	NA
NC_045512.2	14809	C	G	2897	1420	50	3	3	26	0.00103448	2900	1	FALSE	NA	NA	NA	NA	NA	NA
NC_045512.2	14811	T	G	2889	1385	50	1	1	20	0.000345901	2891	1	FALSE	NA	NA	NA	NA	NA	NA
NC_045512.2	14811	T	C	2889	1385	50	1	1	68	0.000345901	2891	0.5	FALSE	NA	NA	NA	NA	NA	NA
NC_045512.2	14815	A	G	2866	1384	49	1	0	27	0.000348797	2867	1	FALSE	NA	NA	NA	NA	NA	NA
NC_045512.2	14817	T	G	2848	1349	48	1	1	27	0.000351	2849	1	FALSE	NA	NA	NA	NA	NA	NA
NC_045512.2	14818	C	A	2838	1381	49	1	0	26	0.000352237	2839	1	FALSE	NA	NA	NA	NA	NA	NA
NC_045512.2	14822	C	G	2790	1342	49	1	0	27	0.000358295	2791	1	FALSE	NA	NA	NA	NA	NA	NA
NC_045512.2	14824	A	C	2651	1345	48	1	0	27	0.000377074	2652	1	FALSE	NA	NA	NA	NA	NA	NA
NC_045512.2	14827	A	C	2777	1384	49	1	1	27	0.000359971	2778	1	FALSE	NA	NA	NA	NA	NA	NA
NC_045512.2	14830	T	A	2905	1381	50	1	1	27	0.000344116	2906	1	FALSE	NA	NA	NA	NA	NA	NA
NC_045512.2	14831	G	C	2906	1386	51	1	1	27	0.000343997	2907	1	FALSE	NA	NA	NA	NA	NA	NA
NC_045512.2	14832	T	C	2924	1449	52	1	1	68	0.00034188	2925	0.500085	FALSE	NA	NA	NA	NA	NA	NA
NC_045512.2	14838	C	G	2823	1378	52	1	1	27	0.000354108	2824	1	FALSE	NA	NA	NA	NA	NA	NA
NC_045512.2	14839	A	T	2841	1393	52	1	0	27	0.000351617	2844	1	FALSE	NA	NA	NA	NA	NA	NA
NC_045512.2	14839	A	G	2841	1393	52	2	0	26	0.000703235	2844	1	FALSE	NA	NA	NA	NA	NA	NA
NC_045512.2	14842	C	A	2949	1435	51	1	0	24	0.000338983	2950	1	FALSE	NA	NA	NA	NA	NA	NA
NC_045512.2	14844	A	G	2869	1402	51	1	1	34	0.000348432	2870	0.875131	FALSE	NA	NA	NA	NA	NA	NA
NC_045512.2	14846	T	C	2948	1404	50	1	1	34	0.000339098	2949	0.875127	FALSE	NA	NA	NA	NA	NA	NA
NC_045512.2	14847	A	T	2973	1460	50	1	0	27	0.000336247	2974	1	FALSE	NA	NA	NA	NA	NA	NA
NC_045512.2	14848	C	A	2988	1467	50	1	0	26	0.00033456	2989	1	FALSE	NA	NA	NA	NA	NA	NA
NC_045512.2	14849	T	A	2865	1353	49	1	0	26	0.000348918	2866	1	FALSE	NA	NA	NA	NA	NA	NA
NC_045512.2	14851	T	G	2660	1147	46	2	2	30	0.000751315	2662	0.687711	FALSE	NA	NA	NA	NA	NA	NA
NC_045512.2	14855	T	G	2830	1342	50	1	1	34	0.000353107	2832	0.875066	FALSE	NA	NA	NA	NA	NA	NA
NC_045512.2	14855	T	A	2830	1342	50	1	0	34	0.000353107	2832	0.875066	FALSE	NA	NA	NA	NA	NA	NA
NC_045512.2	14856	A	T	2782	1356	50	1	1	20	0.000359066	2785	1	FALSE	NA	NA	NA	NA	NA	NA
NC_045512.2	14856	A	G	2782	1356	50	1	1	34	0.000359066	2785	0.875	FALSE	NA	NA	NA	NA	NA	NA
NC_045512.2	14856	A	C	2782	1356	50	1	0	27	0.000359066	2785	1	FALSE	NA	NA	NA	NA	NA	NA
NC_045512.2	14857	G	T	2819	1335	51	1	1	27	0.00035461	2820	1	FALSE	NA	NA	NA	NA	NA	NA
NC_045512.2	14858	T	G	2647	1186	47	1	1	20	0.000377644	2648	1	FALSE	NA	NA	NA	NA	NA	NA
NC_045512.2	14860	G	T	2800	1363	51	2	2	26	0.000713521	2803	1	FALSE	NA	NA	NA	NA	NA	NA
NC_045512.2	14860	G	C	2800	1363	51	1	0	34	0.000356761	2803	0.875	FALSE	NA	NA	NA	NA	NA	NA
NC_045512.2	14862	A	T	2784	1482	49	3	0	26	0.00107643	2787	1	FALSE	NA	NA	NA	NA	NA	NA
NC_045512.2	14864	T	G	2722	1441	49	1	1	26	0.000367242	2723	1	FALSE	NA	NA	NA	NA	NA	NA
NC_045512.2	14867	T	G	2605	1323	47	3	3	31	0.00115031	2608	0.50018	FALSE	NA	NA	NA	NA	NA	NA
NC_045512.2	14869	G	T	2743	1485	49	1	1	34	0.000364166	2746	0.875	FALSE	NA	NA	NA	NA	NA	NA
NC_045512.2	14869	G	C	2743	1485	49	2	0	34	0.000728332	2746	0.687568	FALSE	NA	NA	NA	NA	NA	NA
NC_045512.2	14873	A	G	2746	1510	50	1	0	68	0.000363901	2748	0.5	FALSE	NA	NA	NA	NA	NA	NA
NC_045512.2	14873	A	C	2746	1510	50	1	0	27	0.000363901	2748	1	FALSE	NA	NA	NA	NA	NA	NA
NC_045512.2	14875	T	G	2681	1455	50	1	1	34	0.000372856	2682	0.87514	FALSE	NA	NA	NA	NA	NA	NA
NC_045512.2	14879	T	A	2456	1260	48	1	0	27	0.000407	2457	1	FALSE	NA	NA	NA	NA	NA	NA
NC_045512.2	14883	T	G	2499	1328	50	1	1	20	0.00039984	2501	1	FALSE	NA	NA	NA	NA	NA	NA
NC_045512.2	14883	T	C	2499	1328	50	1	1	27	0.00039984	2501	1	FALSE	NA	NA	NA	NA	NA	NA
NC_045512.2	14888	A	T	2412	1286	50	1	0	27	0.000414422	2413	1	FALSE	NA	NA	NA	NA	NA	NA
NC_045512.2	14889	C	G	2390	1322	49	2	1	27	0.00083612	2392	0.999999	FALSE	NA	NA	NA	NA	NA	NA
NC_045512.2	14890	G	C	2398	1317	50	1	0	34	0.00041684	2399	0.875156	FALSE	NA	NA	NA	NA	NA	NA
NC_045512.2	14895	T	C	2325	1292	51	1	1	34	0.000429923	2326	0.875161	FALSE	NA	NA	NA	NA	NA	NA
NC_045512.2	14896	G	C	1688	845	50	1	1	27	0.000592066	1689	0.999993	FALSE	NA	NA	NA	NA	NA	NA
NC_045512.2	14898	C	T	1688	868	49	1	0	68	0.000592066	1689	0.500148	FALSE	NA	NA	NA	NA	NA	NA
NC_045512.2	14903	T	G	2503	1028	45	1	1	34	0.000399202	2505	0.875075	FALSE	NA	NA	NA	NA	NA	NA
NC_045512.2	14903	T	C	2503	1028	45	1	0	46	0.000399202	2505	0.5	FALSE	NA	NA	NA	NA	NA	NA
NC_045512.2	14906	A	C	2531	1165	45	1	0	34	0.000394945	2532	0.875148	FALSE	NA	NA	NA	NA	NA	NA
NC_045512.2	14908	G	T	2599	1126	46	2	2	30	0.000768935	2601	0.687716	FALSE	NA	NA	NA	NA	NA	NA
NC_045512.2	14909	C	A	2628	1183	47	1	0	27	0.000380373	2629	1	FALSE	NA	NA	NA	NA	NA	NA
NC_045512.2	14911	A	G	2739	1233	48	1	0	68	0.000364964	2740	0.500091	FALSE	NA	NA	NA	NA	NA	NA
NC_045512.2	14912	A	C	2570	1246	46	2	0	27	0.000777605	2572	1	FALSE	NA	NA	NA	NA	NA	NA
NC_045512.2	14913	C	A	2687	1220	47	1	1	34	0.000372024	2688	0.87514	FALSE	NA	NA	NA	NA	NA	NA
NC_045512.2	14916	A	G	2704	1251	47	1	1	34	0.000369549	2706	0.875069	FALSE	NA	NA	NA	NA	NA	NA
NC_045512.2	14916	A	C	2704	1251	47	1	0	27	0.000369549	2706	1	FALSE	NA	NA	NA	NA	NA	NA
NC_045512.2	14918	T	C	2762	1258	47	1	1	27	0.000361795	2764	1	FALSE	NA	NA	NA	NA	NA	NA
NC_045512.2	14918	T	A	2762	1258	47	1	0	27	0.000361795	2764	1	FALSE	NA	NA	NA	NA	NA	NA
NC_045512.2	14922	C	T	2759	1312	46	1	0	34	0.000362319	2760	0.875136	FALSE	NA	NA	NA	NA	NA	NA
NC_045512.2	14933	T	G	2880	1373	46	1	1	20	0.000347102	2881	1	FALSE	NA	NA	NA	NA	NA	NA
NC_045512.2	14934	A	C	2875	1417	46	1	0	27	0.000347705	2876	1	FALSE	NA	NA	NA	NA	NA	NA
NC_045512.2	14937	C	G	2951	1416	47	1	1	34	0.000338753	2952	0.875127	FALSE	NA	NA	NA	NA	NA	NA
NC_045512.2	14938	A	T	2856	1367	47	1	1	26	0.000350018	2857	1	FALSE	NA	NA	NA	NA	NA	NA
NC_045512.2	14939	A	T	2840	1337	46	1	1	27	0.000351989	2841	1	FALSE	NA	NA	NA	NA	NA	NA
NC_045512.2	14940	A	C	2722	1312	46	1	1	27	0.000367242	2723	1	FALSE	NA	NA	NA	NA	NA	NA
NC_045512.2	14941	T	A	2862	1334	47	1	1	34	0.000349284	2863	0.875131	FALSE	NA	NA	NA	NA	NA	NA
NC_045512.2	14944	G	T	2753	1260	46	1	1	20	0.000363108	2754	1	FALSE	NA	NA	NA	NA	NA	NA
NC_045512.2	14947	G	C	2755	1276	46	1	1	20	0.000362845	2756	1	FALSE	NA	NA	NA	NA	NA	NA
NC_045512.2	14948	G	T	2789	1287	46	1	1	26	0.000358423	2790	1	FALSE	NA	NA	NA	NA	NA	NA
NC_045512.2	14948	G	-T	2789	1287	46	1	0	20	0.000358423	2790	1	FALSE	NA	NA	NA	NA	NA	NA
NC_045512.2	14949	T	G	2721	1248	45	1	0	20	0.000367377	2722	1	FALSE	NA	NA	NA	NA	NA	NA
NC_045512.2	14950	T	C	2827	1331	47	1	1	68	0.000353607	2828	0.500088	FALSE	NA	NA	NA	NA	NA	NA
NC_045512.2	14951	T	G	2854	1407	48	1	1	26	0.00035014	2856	1	FALSE	NA	NA	NA	NA	NA	NA
NC_045512.2	14951	T	C	2854	1407	48	1	0	52	0.00035014	2856	0.5	FALSE	NA	NA	NA	NA	NA	NA
NC_045512.2	14952	T	A	2845	1418	48	1	1	26	0.00035137	2846	1	FALSE	NA	NA	NA	NA	NA	NA
NC_045512.2	14953	C	T	2789	1391	47	1	0	34	0.000358295	2791	0.875067	FALSE	NA	NA	NA	NA	NA	NA
NC_045512.2	14953	C	A	2789	1391	47	1	1	34	0.000358295	2791	0.875067	FALSE	NA	NA	NA	NA	NA	NA
NC_045512.2	14957	T	G	2663	1269	46	1	1	20	0.000375375	2664	1	FALSE	NA	NA	NA	NA	NA	NA
NC_045512.2	14959	A	G	2787	1422	47	1	0	34	0.000358551	2789	0.875067	FALSE	NA	NA	NA	NA	NA	NA
NC_045512.2	14959	A	C	2787	1422	47	1	0	34	0.000358551	2789	0.875067	FALSE	NA	NA	NA	NA	NA	NA
NC_045512.2	14962	A	T	2785	1454	47	1	0	34	0.000358938	2786	0.875135	FALSE	NA	NA	NA	NA	NA	NA
NC_045512.2	14968	G	T	3012	1485	47	1	0	34	0.000331895	3013	0.937604	FALSE	NA	NA	NA	NA	NA	NA
NC_045512.2	14971	A	T	3045	1520	47	1	1	27	0.000328299	3046	1	FALSE	NA	NA	NA	NA	NA	NA
NC_045512.2	14972	A	T	3112	1551	47	1	0	27	0.000321234	3113	1	FALSE	NA	NA	NA	NA	NA	NA
NC_045512.2	14974	G	C	3323	1569	46	1	0	26	0.000300842	3324	1	FALSE	NA	NA	NA	NA	NA	NA
NC_045512.2	14975	C	G	3299	1584	46	1	0	27	0.000302847	3302	1	FALSE	NA	NA	NA	NA	NA	NA
NC_045512.2	14975	C	A	3299	1584	46	2	2	30	0.000605694	3302	0.812595	FALSE	NA	NA	NA	NA	NA	NA
NC_045512.2	14976	T	G	3163	1439	47	1	1	26	0.000315956	3165	1	FALSE	NA	NA	NA	NA	NA	NA
NC_045512.2	14976	T	A	3163	1439	47	1	0	27	0.000315956	3165	1	FALSE	NA	NA	NA	NA	NA	NA
NC_045512.2	14977	A	T	3133	1440	47	1	1	34	0.000318979	3135	0.93756	FALSE	NA	NA	NA	NA	NA	NA
NC_045512.2	14977	A	G	3133	1440	47	1	0	34	0.000318979	3135	0.93756	FALSE	NA	NA	NA	NA	NA	NA
NC_045512.2	14979	A	T	3124	1435	46	1	1	26	0.000319898	3126	1	FALSE	NA	NA	NA	NA	NA	NA
NC_045512.2	14979	A	G	3124	1435	46	1	1	46	0.000319898	3126	0.5	FALSE	NA	NA	NA	NA	NA	NA
NC_045512.2	14981	T	G	2981	1272	45	1	1	34	0.000335233	2983	0.875063	FALSE	NA	NA	NA	NA	NA	NA
NC_045512.2	14981	T	A	2981	1272	45	1	0	26	0.000335233	2983	1	FALSE	NA	NA	NA	NA	NA	NA
NC_045512.2	14982	T	G	2991	1323	48	1	0	26	0.000334113	2993	1	FALSE	NA	NA	NA	NA	NA	NA
NC_045512.2	14982	T	C	2991	1323	48	1	1	46	0.000334113	2993	0.5	FALSE	NA	NA	NA	NA	NA	NA
NC_045512.2	14983	T	C	2932	1250	46	1	1	68	0.000340948	2933	0.500085	FALSE	NA	NA	NA	NA	NA	NA
NC_045512.2	14984	A	G	3002	1335	48	1	1	34	0.000332889	3004	0.937562	FALSE	NA	NA	NA	NA	NA	NA
NC_045512.2	14984	A	C	3002	1335	48	1	1	34	0.000332889	3004	0.937562	FALSE	NA	NA	NA	NA	NA	NA
NC_045512.2	14985	T	C	3034	1393	48	1	0	24	0.000329489	3035	1	FALSE	NA	NA	NA	NA	NA	NA
NC_045512.2	14992	T	G	2954	1399	49	1	1	27	0.000338409	2955	1	FALSE	NA	NA	NA	NA	NA	NA
NC_045512.2	14993	C	T	2957	1437	49	1	1	34	0.000338066	2958	0.875127	FALSE	NA	NA	NA	NA	NA	NA
NC_045512.2	14994	A	G	2863	1428	48	1	0	27	0.000348918	2866	1	FALSE	NA	NA	NA	NA	NA	NA
NC_045512.2	14994	A	C	2863	1428	48	2	2	25	0.000697837	2866	1	FALSE	NA	NA	NA	NA	NA	NA
NC_045512.2	15000	T	G	3142	1556	49	1	1	27	0.000318167	3143	1	FALSE	NA	NA	NA	NA	NA	NA
NC_045512.2	15002	A	G	3165	1595	50	1	1	24	0.000315856	3166	1	FALSE	NA	NA	NA	NA	NA	NA
NC_045512.2	15006	G	C	2797	1173	46	6	6	26	0.00214056	2803	0.999982	FALSE	NA	NA	NA	NA	NA	NA
NC_045512.2	15007	G	C	2567	939	45	15	13	27	0.0058072	2583	0.960239	FALSE	NA	NA	NA	NA	NA	NA
NC_045512.2	15007	G	A	2567	939	45	1	1	24	0.000387147	2583	1	FALSE	NA	NA	NA	NA	NA	NA
NC_045512.2	15008	A	G	2959	1410	50	1	0	34	0.000337724	2961	0.875063	FALSE	NA	NA	NA	NA	NA	NA
NC_045512.2	15008	A	C	2959	1410	50	1	1	24	0.000337724	2961	1	FALSE	NA	NA	NA	NA	NA	NA
NC_045512.2	15009	T	G	2593	977	47	1	1	27	0.00038506	2597	1	FALSE	NA	NA	NA	NA	NA	NA
NC_045512.2	15009	T	A	2593	977	47	3	3	31	0.00115518	2597	0.5	FALSE	NA	NA	NA	NA	NA	NA
NC_045512.2	15012	A	C	2999	1515	50	4	0	30	0.001332	3003	0.500182	FALSE	NA	NA	NA	NA	NA	NA
NC_045512.2	15017	C	G	2934	1460	51	1	1	20	0.000340716	2935	1	FALSE	NA	NA	NA	NA	NA	NA
NC_045512.2	15020	T	G	2851	1351	50	1	1	26	0.000350631	2852	1	FALSE	NA	NA	NA	NA	NA	NA
NC_045512.2	15021	T	C	2919	1445	51	1	0	34	0.000342466	2920	0.875128	FALSE	NA	NA	NA	NA	NA	NA
NC_045512.2	15022	T	G	2762	1275	48	3	3	22	0.00108499	2765	1	FALSE	NA	NA	NA	NA	NA	NA
NC_045512.2	15025	G	A	2898	1449	51	2	1	34	0.000689655	2900	0.687694	FALSE	NA	NA	NA	NA	NA	NA
NC_045512.2	15027	A	G	2902	1491	51	1	1	68	0.000344471	2903	0.500086	FALSE	NA	NA	NA	NA	NA	NA
NC_045512.2	15036	A	G	3103	1503	50	2	1	34	0.000644122	3105	0.812701	FALSE	NA	NA	NA	NA	NA	NA
NC_045512.2	15037	C	T	3134	1529	50	2	0	30	0.000637755	3136	0.812699	FALSE	NA	NA	NA	NA	NA	NA
NC_045512.2	15038	G	A	3083	1492	50	1	1	26	0.000324254	3084	1	FALSE	NA	NA	NA	NA	NA	NA
NC_045512.2	15039	T	A	3069	1492	49	1	0	26	0.000325733	3070	1	FALSE	NA	NA	NA	NA	NA	NA
NC_045512.2	15039	T	-A	3069	1492	49	1	0	20	0.000325733	3070	1	FALSE	NA	NA	NA	NA	NA	NA
NC_045512.2	15040	A	G	3076	1487	50	2	2	68	0.000649773	3078	0.249959	FALSE	NA	NA	NA	NA	NA	NA
NC_045512.2	15043	G	A	3491	1623	50	2	1	34	0.000572574	3493	0.812679	FALSE	NA	NA	NA	NA	NA	NA
NC_045512.2	15044	T	A	3505	1661	51	1	0	26	0.000285225	3506	1	FALSE	NA	NA	NA	NA	NA	NA
NC_045512.2	15044	T	+C	3505	1661	51	1	0	20	0.000285225	3506	1	FALSE	NA	NA	NA	NA	NA	NA
NC_045512.2	15047	T	+C	3941	1665	51	1	0	20	0.000253743	3941	1	FALSE	NA	NA	NA	NA	NA	NA
NC_045512.2	15051	T	C	4903	1963	49	1	1	27	0.000203915	4904	1	FALSE	NA	NA	NA	NA	NA	NA
NC_045512.2	15052	A	C	5425	2091	49	1	0	26	0.000184298	5426	1	FALSE	NA	NA	NA	NA	NA	NA
NC_045512.2	15054	T	C	6477	2275	48	1	1	27	0.000154369	6478	1	FALSE	NA	NA	NA	NA	NA	NA
NC_045512.2	15055	A	C	6542	2413	50	1	0	27	0.000152835	6543	1	FALSE	NA	NA	NA	NA	NA	NA
NC_045512.2	15056	T	C	6466	2328	49	1	0	26	0.000154583	6469	1	FALSE	NA	NA	NA	NA	NA	NA
NC_045512.2	15056	T	A	6466	2328	49	2	2	23	0.000309167	6469	1	FALSE	NA	NA	NA	NA	NA	NA
NC_045512.2	15056	T	+A	6466	2328	49	1	0	20	0.000154583	6469	1	FALSE	NA	NA	NA	NA	NA	NA
NC_045512.2	15059	C	T	6716	2548	50	1	1	68	0.000148876	6717	0.500037	FALSE	NA	NA	NA	NA	NA	NA
NC_045512.2	15061	C	-A	6739	2529	50	1	0	20	0.00014839	6739	1	FALSE	NA	NA	NA	NA	NA	NA
NC_045512.2	15062	A	C	6305	2486	47	1	1	34	0.000158579	6306	0.992201	FALSE	NA	NA	NA	NA	NA	NA
NC_045512.2	15063	A	T	6839	2518	50	1	0	68	0.000146199	6840	0.500037	FALSE	NA	NA	NA	NA	NA	NA
NC_045512.2	15064	A	T	6346	2536	47	1	1	27	0.00015753	6348	1	FALSE	NA	NA	NA	NA	NA	NA
NC_045512.2	15064	A	C	6346	2536	47	1	0	34	0.00015753	6348	0.9922	FALSE	NA	NA	NA	NA	NA	NA
NC_045512.2	15065	T	G	6747	2429	48	3	2	27	0.000444444	6750	1	FALSE	NA	NA	NA	NA	NA	NA
NC_045512.2	15066	G	T	6807	2546	50	1	1	26	0.000146864	6809	1	FALSE	NA	NA	NA	NA	NA	NA
NC_045512.2	15066	G	C	6807	2546	50	1	0	34	0.000146864	6809	0.9922	FALSE	NA	NA	NA	NA	NA	NA
NC_045512.2	15068	A	T	7873	2759	49	1	1	34	0.000126968	7876	0.996099	FALSE	NA	NA	NA	NA	NA	NA
NC_045512.2	15068	A	C	7873	2759	49	2	0	20	0.000253936	7876	1	FALSE	NA	NA	NA	NA	NA	NA
NC_045512.2	15070	C	A	7904	2778	50	1	0	27	0.000126502	7905	1	FALSE	NA	NA	NA	NA	NA	NA
NC_045512.2	15071	T	G	7933	2741	49	2	2	27	0.000252016	7936	1	FALSE	NA	NA	NA	NA	NA	NA
NC_045512.2	15071	T	C	7933	2741	49	1	0	68	0.000126008	7936	0.499968	FALSE	NA	NA	NA	NA	NA	NA
NC_045512.2	15072	T	C	7985	2893	51	1	0	68	0.000125219	7986	0.500031	FALSE	NA	NA	NA	NA	NA	NA
NC_045512.2	15073	A	G	8083	2911	51	1	0	34	0.000123686	8085	0.998051	FALSE	NA	NA	NA	NA	NA	NA
NC_045512.2	15073	A	C	8083	2911	51	1	0	26	0.000123686	8085	1	FALSE	NA	NA	NA	NA	NA	NA
NC_045512.2	15079	G	T	8415	3150	52	1	1	34	0.000118807	8417	0.998051	FALSE	NA	NA	NA	NA	NA	NA
NC_045512.2	15079	G	A	8415	3150	52	1	0	34	0.000118807	8417	0.998051	FALSE	NA	NA	NA	NA	NA	NA
NC_045512.2	15080	C	T	8571	3246	52	1	1	68	0.000116632	8574	0.499971	FALSE	NA	NA	NA	NA	NA	NA
NC_045512.2	15080	C	A	8571	3246	52	2	0	26	0.000233263	8574	1	FALSE	NA	NA	NA	NA	NA	NA
NC_045512.2	15081	C	A	8700	3313	52	2	1	30	0.000229832	8702	0.989281	FALSE	NA	NA	NA	NA	NA	NA
NC_045512.2	15082	A	G	8762	3332	52	1	1	24	0.000114103	8764	1	FALSE	NA	NA	NA	NA	NA	NA
NC_045512.2	15082	A	C	8762	3332	52	1	0	27	0.000114103	8764	1	FALSE	NA	NA	NA	NA	NA	NA
NC_045512.2	15083	T	A	8696	3252	50	1	0	24	0.000114982	8697	1	FALSE	NA	NA	NA	NA	NA	NA
NC_045512.2	15086	G	C	9097	3428	52	1	0	34	0.000109902	9099	0.999026	FALSE	NA	NA	NA	NA	NA	NA
NC_045512.2	15086	G	A	9097	3428	52	1	0	34	0.000109902	9099	0.999026	FALSE	NA	NA	NA	NA	NA	NA
NC_045512.2	15087	T	G	9092	3459	51	3	3	22	0.000329852	9095	1	FALSE	NA	NA	NA	NA	NA	NA
NC_045512.2	15088	G	A	9325	3572	52	2	2	68	0.000214431	9327	0.250013	FALSE	NA	NA	NA	NA	NA	NA
NC_045512.2	15091	A	G	9660	3695	53	1	0	68	0.000103509	9661	0.500026	FALSE	NA	NA	NA	NA	NA	NA
NC_045512.2	15092	A	C	9053	3733	50	1	0	27	0.000110448	9054	1	FALSE	NA	NA	NA	NA	NA	NA
NC_045512.2	15093	G	T	12016	4198	51	2	2	27	0.000166417	12018	1	FALSE	NA	NA	NA	NA	NA	NA
NC_045512.2	15095	A	T	12146	4317	52	1	0	27	8.23249e-05	12147	1	FALSE	NA	NA	NA	NA	NA	NA
NC_045512.2	15096	T	G	12163	4296	52	2	1	27	0.000164406	12165	1	FALSE	NA	NA	NA	NA	NA	NA
NC_045512.2	15099	A	G	11812	4361	50	3	1	49	0.000253893	11816	0.312484	FALSE	NA	NA	NA	NA	NA	NA
NC_045512.2	15099	A	C	11812	4361	50	1	1	34	8.4631e-05	11816	0.999756	FALSE	NA	NA	NA	NA	NA	NA
NC_045512.2	15100	G	C	12513	4358	51	3	1	24	0.000239693	12516	1	FALSE	NA	NA	NA	NA	NA	NA
NC_045512.2	15101	C	G	12562	4581	52	2	2	27	0.00015916	12566	1	FALSE	NA	NA	NA	NA	NA	NA
NC_045512.2	15101	C	A	12562	4581	52	2	0	26	0.00015916	12566	1	FALSE	NA	NA	NA	NA	NA	NA
NC_045512.2	15102	T	C	12474	4408	53	1	0	34	8.01603e-05	12475	0.999878	FALSE	NA	NA	NA	NA	NA	NA
NC_045512.2	15103	C	T	12417	4422	53	3	1	38	0.000241488	12423	0.996312	FALSE	NA	NA	NA	NA	NA	NA
NC_045512.2	15103	C	G	12417	4422	53	3	3	27	0.000241488	12423	1	FALSE	NA	NA	NA	NA	NA	NA
NC_045512.2	15104	G	C	12187	4061	48	8	8	27	0.000656007	12195	1	FALSE	NA	NA	NA	NA	NA	NA
NC_045512.2	15105	C	A	12723	4482	53	1	0	26	7.85916e-05	12724	1	FALSE	NA	NA	NA	NA	NA	NA
NC_045512.2	15106	A	G	12485	4517	51	1	0	34	8.00833e-05	12487	0.999878	FALSE	NA	NA	NA	NA	NA	NA
NC_045512.2	15106	A	C	12485	4517	51	1	0	20	8.00833e-05	12487	1	FALSE	NA	NA	NA	NA	NA	NA
NC_045512.2	15107	C	T	13118	4577	52	1	0	34	7.62137e-05	13121	0.999939	FALSE	NA	NA	NA	NA	NA	NA
NC_045512.2	15107	C	G	13118	4577	52	2	2	23	0.000152427	13121	1	FALSE	NA	NA	NA	NA	NA	NA
NC_045512.2	15108	C	G	13077	4557	52	1	1	26	7.64584e-05	13079	1	FALSE	NA	NA	NA	NA	NA	NA
NC_045512.2	15108	C	A	13077	4557	52	1	1	34	7.64584e-05	13079	0.999939	FALSE	NA	NA	NA	NA	NA	NA
NC_045512.2	15109	G	C	13178	4564	52	2	1	23	0.000151711	13183	1	FALSE	NA	NA	NA	NA	NA	NA
NC_045512.2	15109	G	A	13178	4564	52	3	0	45	0.000227566	13183	0.312457	FALSE	NA	NA	NA	NA	NA	NA
NC_045512.2	15110	T	A	13442	4713	53	1	0	34	7.43882e-05	13443	0.999939	FALSE	NA	NA	NA	NA	NA	NA
NC_045512.2	15112	G	T	13586	4805	53	1	1	27	7.35998e-05	13587	1	FALSE	NA	NA	NA	NA	NA	NA
NC_045512.2	15113	C	T	13551	4934	53	1	1	34	7.37572e-05	13558	0.999939	FALSE	NA	NA	NA	NA	NA	NA
NC_045512.2	15113	C	G	13551	4934	53	6	5	27	0.000442543	13558	1	FALSE	NA	NA	NA	NA	NA	NA
NC_045512.2	15115	G	C	13645	4956	53	2	2	27	0.000146542	13648	1	FALSE	NA	NA	NA	NA	NA	NA
NC_045512.2	15115	G	A	13645	4956	53	1	0	68	7.32708e-05	13648	0.499982	FALSE	NA	NA	NA	NA	NA	NA
NC_045512.2	15117	T	C	13712	5025	54	1	1	24	7.29235e-05	13713	1	FALSE	NA	NA	NA	NA	NA	NA
NC_045512.2	15118	G	A	14284	5191	53	1	1	68	7.00035e-05	14285	0.500018	FALSE	NA	NA	NA	NA	NA	NA
NC_045512.2	15120	C	T	14552	5297	54	1	0	24	6.87144e-05	14553	1	FALSE	NA	NA	NA	NA	NA	NA
NC_045512.2	15121	T	C	14594	5251	52	2	0	68	0.000137014	14597	0.249991	FALSE	NA	NA	NA	NA	NA	NA
NC_045512.2	15121	T	A	14594	5251	52	1	0	34	6.85072e-05	14597	0.99997	FALSE	NA	NA	NA	NA	NA	NA
NC_045512.2	15123	T	C	14655	5475	53	2	1	34	0.000136454	14657	0.999742	FALSE	NA	NA	NA	NA	NA	NA
NC_045512.2	15124	A	G	14757	5580	53	1	1	68	6.77599e-05	14758	0.500017	FALSE	NA	NA	NA	NA	NA	NA
NC_045512.2	15125	T	G	14944	5633	54	1	1	34	6.69075e-05	14946	0.99997	FALSE	NA	NA	NA	NA	NA	NA
NC_045512.2	15125	T	C	14944	5633	54	1	0	46	6.69075e-05	14946	0.750008	FALSE	NA	NA	NA	NA	NA	NA
NC_045512.2	15126	C	T	16307	5792	52	1	0	68	6.13196e-05	16308	0.500015	FALSE	NA	NA	NA	NA	NA	NA
NC_045512.2	15129	T	C	17119	5906	52	1	1	38	5.84112e-05	17120	0.999996	FALSE	NA	NA	NA	NA	NA	NA
NC_045512.2	15130	A	G	17140	5890	52	1	1	68	5.83294e-05	17144	0.499971	FALSE	NA	NA	NA	NA	NA	NA
NC_045512.2	15130	A	C	17140	5890	52	3	1	26	0.000174988	17144	1	FALSE	NA	NA	NA	NA	NA	NA
NC_045512.2	15133	A	T	18079	6208	52	2	1	26	0.000110607	18082	1	FALSE	NA	NA	NA	NA	NA	NA
NC_045512.2	15133	A	G	18079	6208	52	1	1	68	5.53036e-05	18082	0.499986	FALSE	NA	NA	NA	NA	NA	NA
NC_045512.2	15134	C	A	18051	6244	53	1	0	26	5.53955e-05	18052	1	FALSE	NA	NA	NA	NA	NA	NA
NC_045512.2	15135	T	G	17870	6045	52	1	1	27	5.59503e-05	17873	1	FALSE	NA	NA	NA	NA	NA	NA
NC_045512.2	15135	T	A	17870	6045	52	2	0	30	0.000111901	17873	0.999962	FALSE	NA	NA	NA	NA	NA	NA
NC_045512.2	15136	A	G	17946	6211	53	2	0	34	0.000111433	17948	0.999962	FALSE	NA	NA	NA	NA	NA	NA
NC_045512.2	15137	T	C	17925	6528	54	1	0	68	5.57849e-05	17926	0.500014	FALSE	NA	NA	NA	NA	NA	NA
NC_045512.2	15138	G	T	18279	6754	55	2	2	23	0.000109385	18284	1	FALSE	NA	NA	NA	NA	NA	NA
NC_045512.2	15138	G	C	18279	6754	55	3	1	29	0.000164078	18284	1	FALSE	NA	NA	NA	NA	NA	NA
NC_045512.2	15139	A	G	18406	6847	55	1	1	68	5.43272e-05	18407	0.500014	FALSE	NA	NA	NA	NA	NA	NA
NC_045512.2	15140	C	T	19153	6952	54	1	0	24	5.22002e-05	19157	1	FALSE	NA	NA	NA	NA	NA	NA
NC_045512.2	15140	C	G	19153	6952	54	1	0	27	5.22002e-05	19157	1	FALSE	NA	NA	NA	NA	NA	NA
NC_045512.2	15140	C	A	19153	6952	54	2	1	27	0.0001044	19157	1	FALSE	NA	NA	NA	NA	NA	NA
NC_045512.2	15141	C	T	19109	7002	54	1	1	68	5.23259e-05	19111	0.5	FALSE	NA	NA	NA	NA	NA	NA
NC_045512.2	15141	C	A	19109	7002	54	1	0	34	5.23259e-05	19111	0.999999	FALSE	NA	NA	NA	NA	NA	NA
NC_045512.2	15142	A	T	19140	6925	54	2	2	27	0.000104477	19143	1	FALSE	NA	NA	NA	NA	NA	NA
NC_045512.2	15142	A	C	19140	6925	54	1	0	27	5.22384e-05	19143	1	FALSE	NA	NA	NA	NA	NA	NA
NC_045512.2	15143	A	C	18885	7120	54	3	2	23	0.000158831	18888	1	FALSE	NA	NA	NA	NA	NA	NA
NC_045512.2	15144	T	G	19242	7077	53	7	6	28	0.000363655	19249	1	FALSE	NA	NA	NA	NA	NA	NA
NC_045512.2	15147	A	G	19285	7250	55	2	0	29	0.000103697	19287	1	FALSE	NA	NA	NA	NA	NA	NA
NC_045512.2	15148	C	G	19385	7251	55	2	2	30	0.000103151	19389	0.99999	FALSE	NA	NA	NA	NA	NA	NA
NC_045512.2	15148	C	A	19385	7251	55	2	1	26	0.000103151	19389	1	FALSE	NA	NA	NA	NA	NA	NA
NC_045512.2	15149	A	G	19081	7084	55	2	1	46	0.000104805	19083	0.50002	FALSE	NA	NA	NA	NA	NA	NA
NC_045512.2	15150	G	T	19014	7059	54	5	5	26	0.00026284	19023	1	FALSE	NA	NA	NA	NA	NA	NA
NC_045512.2	15150	G	C	19014	7059	54	1	0	27	5.25679e-05	19023	1	FALSE	NA	NA	NA	NA	NA	NA
NC_045512.2	15150	G	A	19014	7059	54	3	2	60	0.000157704	19023	0.124941	FALSE	NA	NA	NA	NA	NA	NA
NC_045512.2	15151	T	G	19028	7358	56	1	1	34	5.25486e-05	19030	0.999999	FALSE	NA	NA	NA	NA	NA	NA
NC_045512.2	15151	T	A	19028	7358	56	1	0	26	5.25486e-05	19030	1	FALSE	NA	NA	NA	NA	NA	NA
NC_045512.2	15152	T	G	18929	7326	56	1	1	27	5.28178e-05	18933	1	FALSE	NA	NA	NA	NA	NA	NA
NC_045512.2	15152	T	C	18929	7326	56	2	1	64	0.000105636	18933	0.24998	FALSE	NA	NA	NA	NA	NA	NA
NC_045512.2	15152	T	A	18929	7326	56	1	0	27	5.28178e-05	18933	1	FALSE	NA	NA	NA	NA	NA	NA
NC_045512.2	15153	T	G	19060	7350	56	1	0	27	5.24466e-05	19067	1	FALSE	NA	NA	NA	NA	NA	NA
NC_045512.2	15153	T	C	19060	7350	56	4	2	44	0.000209787	19067	0.187451	FALSE	NA	NA	NA	NA	NA	NA
NC_045512.2	15153	T	A	19060	7350	56	2	0	26	0.000104893	19067	1	FALSE	NA	NA	NA	NA	NA	NA
NC_045512.2	15154	C	G	19058	7319	56	1	1	20	5.24659e-05	19060	1	FALSE	NA	NA	NA	NA	NA	NA
NC_045512.2	15154	C	A	19058	7319	56	1	1	24	5.24659e-05	19060	1	FALSE	NA	NA	NA	NA	NA	NA
NC_045512.2	15155	A	T	19101	7592	57	1	1	34	5.23451e-05	19104	0.999999	FALSE	NA	NA	NA	NA	NA	NA
NC_045512.2	15155	A	G	19101	7592	57	2	1	51	0.00010469	19104	0.249993	FALSE	NA	NA	NA	NA	NA	NA
NC_045512.2	15155	A	-T	19101	7592	57	2	0	20	0.00010469	19104	1	FALSE	NA	NA	NA	NA	NA	NA
NC_045512.2	15156	T	-C	19076	7573	56	5	0	20	0.000262109	19076	1	FALSE	NA	NA	NA	NA	NA	NA
NC_045512.2	15157	C	T	18986	7596	56	1	0	34	5.26676e-05	18987	0.999998	FALSE	NA	NA	NA	NA	NA	NA
NC_045512.2	15157	C	-A	18986	7596	56	2827	0	20	0.148884	18988	0	TRUE	NA	NA	NA	NA	NA	NA
NC_045512.2	15158	A	G	16236	6570	57	2	1	29	0.000123138	16242	1	FALSE	NA	NA	NA	NA	NA	NA
NC_045512.2	15158	A	C	16236	6570	57	4	4	32	0.000246275	16242	0.999094	FALSE	NA	NA	NA	NA	NA	NA
NC_045512.2	15159	A	T	18477	7699	54	1	1	27	5.40979e-05	18485	1	FALSE	NA	NA	NA	NA	NA	NA
NC_045512.2	15159	A	C	18477	7699	54	7	1	27	0.000378685	18485	1	FALSE	NA	NA	NA	NA	NA	NA
NC_045512.2	15160	A	T	19013	7706	56	1	1	27	5.25845e-05	19017	1	FALSE	NA	NA	NA	NA	NA	NA
NC_045512.2	15160	A	G	19013	7706	56	2	1	51	0.000105169	19017	0.24998	FALSE	NA	NA	NA	NA	NA	NA
NC_045512.2	15160	A	C	19013	7706	56	1	0	27	5.25845e-05	19017	1	FALSE	NA	NA	NA	NA	NA	NA
NC_045512.2	15161	A	T	19031	7719	56	1	1	20	5.2532e-05	19036	1	FALSE	NA	NA	NA	NA	NA	NA
NC_045512.2	15161	A	G	19031	7719	56	2	0	34	0.000105064	19036	0.99999	FALSE	NA	NA	NA	NA	NA	NA
NC_045512.2	15161	A	C	19031	7719	56	2	0	30	0.000105064	19036	0.99999	FALSE	NA	NA	NA	NA	NA	NA
NC_045512.2	15162	A	T	18667	7775	55	11	6	62	0.000588708	18685	0.000486702	TRUE	NA	NA	NA	NA	NA	NA
NC_045512.2	15162	A	G	18667	7775	55	1	0	68	5.35189e-05	18685	0.499786	FALSE	NA	NA	NA	NA	NA	NA
NC_045512.2	15162	A	C	18667	7775	55	6	0	28	0.000321113	18685	1	FALSE	NA	NA	NA	NA	NA	NA
NC_045512.2	15163	T	C	19180	7770	57	2	0	40	0.000104254	19184	0.499941	FALSE	NA	NA	NA	NA	NA	NA
NC_045512.2	15163	T	A	19180	7770	57	2	1	30	0.000104254	19184	0.99999	FALSE	NA	NA	NA	NA	NA	NA
NC_045512.2	15164	T	G	19038	7816	55	1	0	27	5.25127e-05	19043	1	FALSE	NA	NA	NA	NA	NA	NA
NC_045512.2	15164	T	C	19038	7816	55	3	3	40	0.000157538	19043	0.31247	FALSE	NA	NA	NA	NA	NA	NA
NC_045512.2	15164	T	A	19038	7816	55	1	0	20	5.25127e-05	19043	1	FALSE	NA	NA	NA	NA	NA	NA
NC_045512.2	15166	T	G	19143	7824	56	5	5	26	0.00026111	19149	1	FALSE	NA	NA	NA	NA	NA	NA
NC_045512.2	15166	T	A	19143	7824	56	1	0	46	5.2222e-05	19149	0.749954	FALSE	NA	NA	NA	NA	NA	NA
NC_045512.2	15167	T	G	19177	7899	57	4	3	25	0.00020854	19181	1	FALSE	NA	NA	NA	NA	NA	NA
NC_045512.2	15167	T	-G	19177	7899	57	1	0	20	5.21349e-05	19181	1	FALSE	NA	NA	NA	NA	NA	NA
NC_045512.2	15168	G	T	19187	7930	57	3	3	26	0.000156315	19192	1	FALSE	NA	NA	NA	NA	NA	NA
NC_045512.2	15168	G	C	19187	7930	57	2	2	30	0.00010421	19192	0.99999	FALSE	NA	NA	NA	NA	NA	NA
NC_045512.2	15169	A	T	19088	7968	57	2	2	30	0.000104739	19095	0.99999	FALSE	NA	NA	NA	NA	NA	NA
NC_045512.2	15169	A	G	19088	7968	57	1	0	24	5.23697e-05	19095	1	FALSE	NA	NA	NA	NA	NA	NA
NC_045512.2	15169	A	C	19088	7968	57	4	3	34	0.000209479	19095	0.999757	FALSE	NA	NA	NA	NA	NA	NA
NC_045512.2	15170	A	T	19219	7995	58	1	1	27	5.20129e-05	19226	1	FALSE	NA	NA	NA	NA	NA	NA
NC_045512.2	15170	A	G	19219	7995	58	3	1	26	0.000156039	19226	1	FALSE	NA	NA	NA	NA	NA	NA
NC_045512.2	15170	A	C	19219	7995	58	3	0	40	0.000156039	19226	0.312432	FALSE	NA	NA	NA	NA	NA	NA
NC_045512.2	15172	T	C	19264	8052	58	4	3	50	0.000207598	19268	0.0624968	FALSE	NA	NA	NA	NA	NA	NA
NC_045512.2	15173	C	T	19065	8069	57	1	1	68	5.24384e-05	19070	0.499961	FALSE	NA	NA	NA	NA	NA	NA
NC_045512.2	15173	C	G	19065	8069	57	2	1	23	0.000104877	19070	1	FALSE	NA	NA	NA	NA	NA	NA
NC_045512.2	15173	C	A	19065	8069	57	2	0	26	0.000104877	19070	1	FALSE	NA	NA	NA	NA	NA	NA
NC_045512.2	15174	A	G	19226	8044	58	4	1	44	0.000208008	19230	0.1875	FALSE	NA	NA	NA	NA	NA	NA
NC_045512.2	15175	A	G	19069	8090	57	2	0	34	0.000104855	19074	0.99999	FALSE	NA	NA	NA	NA	NA	NA
NC_045512.2	15175	A	C	19069	8090	57	3	0	22	0.000157282	19074	1	FALSE	NA	NA	NA	NA	NA	NA
NC_045512.2	15176	T	G	19130	8124	58	2	0	34	0.000104515	19136	0.99999	FALSE	NA	NA	NA	NA	NA	NA
NC_045512.2	15176	T	C	19130	8124	58	2	0	68	0.000104515	19136	0.249954	FALSE	NA	NA	NA	NA	NA	NA
NC_045512.2	15176	T	A	19130	8124	58	2	2	22	0.000104515	19136	1	FALSE	NA	NA	NA	NA	NA	NA
NC_045512.2	15177	A	T	18853	8197	57	1	0	34	5.30307e-05	18857	0.999998	FALSE	NA	NA	NA	NA	NA	NA
NC_045512.2	15177	A	G	18853	8197	57	3	2	53	0.000159092	18857	0.12499	FALSE	NA	NA	NA	NA	NA	NA
NC_045512.2	15178	G	T	19083	8179	58	1	1	34	5.23972e-05	19085	0.999999	FALSE	NA	NA	NA	NA	NA	NA
NC_045512.2	15178	G	A	19083	8179	58	1	0	26	5.23972e-05	19085	1	FALSE	NA	NA	NA	NA	NA	NA
NC_045512.2	15179	C	G	18806	8178	57	1	1	27	5.31632e-05	18810	1	FALSE	NA	NA	NA	NA	NA	NA
NC_045512.2	15179	C	A	18806	8178	57	3	0	29	0.00015949	18810	1	FALSE	NA	NA	NA	NA	NA	NA
NC_045512.2	15180	C	G	18926	8183	58	1	0	26	5.28262e-05	18930	1	FALSE	NA	NA	NA	NA	NA	NA
NC_045512.2	15180	C	A	18926	8183	58	3	0	27	0.000158479	18930	1	FALSE	NA	NA	NA	NA	NA	NA
NC_045512.2	15181	G	T	18838	8042	56	1	1	27	5.30588e-05	18847	1	FALSE	NA	NA	NA	NA	NA	NA
NC_045512.2	15181	G	C	18838	8042	56	6	5	25	0.000318353	18847	1	FALSE	NA	NA	NA	NA	NA	NA
NC_045512.2	15181	G	A	18838	8042	56	2	1	68	0.000106118	18847	0.249914	FALSE	NA	NA	NA	NA	NA	NA
NC_045512.2	15182	C	A	18829	8112	58	2	1	23	0.000106208	18831	1	FALSE	NA	NA	NA	NA	NA	NA
NC_045512.2	15183	C	G	18795	8120	58	1	0	27	5.32e-05	18797	1	FALSE	NA	NA	NA	NA	NA	NA
NC_045512.2	15183	C	A	18795	8120	58	1	1	27	5.32e-05	18797	1	FALSE	NA	NA	NA	NA	NA	NA
NC_045512.2	15184	A	T	18519	8176	57	1	1	20	5.39782e-05	18526	1	FALSE	NA	NA	NA	NA	NA	NA
NC_045512.2	15184	A	G	18519	8176	57	1	0	46	5.39782e-05	18526	0.749939	FALSE	NA	NA	NA	NA	NA	NA
NC_045512.2	15184	A	C	18519	8176	57	5	1	27	0.000269891	18526	1	FALSE	NA	NA	NA	NA	NA	NA
NC_045512.2	15185	C	T	18799	8274	58	1	0	34	5.31802e-05	18804	0.999998	FALSE	NA	NA	NA	NA	NA	NA
NC_045512.2	15185	C	G	18799	8274	58	4	0	28	0.000212721	18804	1	FALSE	NA	NA	NA	NA	NA	NA
NC_045512.2	15186	T	G	18784	8271	57	3	3	22	0.000159651	18791	1	FALSE	NA	NA	NA	NA	NA	NA
NC_045512.2	15186	T	C	18784	8271	57	3	1	43	0.000159651	18791	0.31243	FALSE	NA	NA	NA	NA	NA	NA
NC_045512.2	15186	T	A	18784	8271	57	1	1	20	5.3217e-05	18791	1	FALSE	NA	NA	NA	NA	NA	NA
NC_045512.2	15187	A	T	18482	8317	57	3	1	40	0.000162276	18487	0.31247	FALSE	NA	NA	NA	NA	NA	NA
NC_045512.2	15187	A	G	18482	8317	57	1	0	34	5.40921e-05	18487	0.999998	FALSE	NA	NA	NA	NA	NA	NA
NC_045512.2	15187	A	C	18482	8317	57	1	0	34	5.40921e-05	18487	0.999998	FALSE	NA	NA	NA	NA	NA	NA
NC_045512.2	15188	G	C	18666	8263	58	3	3	27	0.000160694	18669	1	FALSE	NA	NA	NA	NA	NA	NA
NC_045512.2	15189	A	T	18266	8301	55	7	3	28	0.000383037	18275	1	FALSE	NA	NA	NA	NA	NA	NA
NC_045512.2	15189	A	G	18266	8301	55	1	0	68	5.47196e-05	18275	0.499904	FALSE	NA	NA	NA	NA	NA	NA
NC_045512.2	15189	A	C	18266	8301	55	1	1	34	5.47196e-05	18275	0.999998	FALSE	NA	NA	NA	NA	NA	NA
NC_045512.2	15190	G	T	18694	8228	58	1	1	27	5.34902e-05	18695	1	FALSE	NA	NA	NA	NA	NA	NA
NC_045512.2	15191	G	C	18273	8289	57	5	1	32	0.000273508	18281	0.998703	FALSE	NA	NA	NA	NA	NA	NA
NC_045512.2	15191	G	A	18273	8289	57	3	1	28	0.000164105	18281	1	FALSE	NA	NA	NA	NA	NA	NA
NC_045512.2	15192	A	T	18043	8144	58	1	0	27	5.54109e-05	18047	1	FALSE	NA	NA	NA	NA	NA	NA
NC_045512.2	15192	A	G	18043	8144	58	3	0	54	0.000166233	18047	0.12499	FALSE	NA	NA	NA	NA	NA	NA
NC_045512.2	15193	G	C	18086	8111	58	1	1	20	5.52822e-05	18089	1	FALSE	NA	NA	NA	NA	NA	NA
NC_045512.2	15193	G	A	18086	8111	58	2	1	57	0.000110564	18089	0.249993	FALSE	NA	NA	NA	NA	NA	NA
NC_045512.2	15194	C	T	17471	8005	57	1	0	68	5.72279e-05	17474	0.499986	FALSE	NA	NA	NA	NA	NA	NA
NC_045512.2	15194	C	G	17471	8005	57	2	1	23	0.000114456	17474	1	FALSE	NA	NA	NA	NA	NA	NA
NC_045512.2	15195	T	G	17619	7955	58	1	1	34	5.67408e-05	17624	0.999996	FALSE	NA	NA	NA	NA	NA	NA
NC_045512.2	15195	T	C	17619	7955	58	2	2	27	0.000113482	17624	1	FALSE	NA	NA	NA	NA	NA	NA
NC_045512.2	15195	T	A	17619	7955	58	2	1	23	0.000113482	17624	1	FALSE	NA	NA	NA	NA	NA	NA
NC_045512.2	15196	A	G	17208	7945	57	3	1	54	0.000174277	17214	0.124967	FALSE	NA	NA	NA	NA	NA	NA
NC_045512.2	15196	A	C	17208	7945	57	3	1	26	0.000174277	17214	1	FALSE	NA	NA	NA	NA	NA	NA
NC_045512.2	15197	C	T	21916	9784	52	2	1	51	9.1245e-05	21919	0.249994	FALSE	NA	NA	NA	NA	NA	NA
NC_045512.2	15197	C	G	21916	9784	52	1	0	27	4.56225e-05	21919	1	FALSE	NA	NA	NA	NA	NA	NA
NC_045512.2	15198	T	G	21966	9878	52	1	1	24	4.55228e-05	21967	1	FALSE	NA	NA	NA	NA	NA	NA
NC_045512.2	15199	G	T	22323	9801	52	2	2	20	8.95817e-05	22326	1	FALSE	NA	NA	NA	NA	NA	NA
NC_045512.2	15199	G	C	22323	9801	52	1	0	27	4.47908e-05	22326	1	FALSE	NA	NA	NA	NA	NA	NA
NC_045512.2	15200	T	C	22172	9827	52	3	1	31	0.000135287	22175	0.99999	FALSE	NA	NA	NA	NA	NA	NA
NC_045512.2	15201	A	T	21843	9856	51	2	0	51	9.15332e-05	21850	0.249949	FALSE	NA	NA	NA	NA	NA	NA
NC_045512.2	15201	A	C	21843	9856	51	5	0	26	0.000228833	21850	1	FALSE	NA	NA	NA	NA	NA	NA
NC_045512.2	15202	G	T	22014	9765	52	7	6	32	0.000317821	22025	0.998844	FALSE	NA	NA	NA	NA	NA	NA
NC_045512.2	15202	G	C	22014	9765	52	1	1	26	4.5403e-05	22025	1	FALSE	NA	NA	NA	NA	NA	NA
NC_045512.2	15202	G	A	22014	9765	52	3	2	34	0.000136209	22025	0.99999	FALSE	NA	NA	NA	NA	NA	NA
NC_045512.2	15203	T	C	21452	9818	51	1	1	34	4.66135e-05	21453	1	FALSE	NA	NA	NA	NA	NA	NA
NC_045512.2	15204	A	T	21465	10019	51	5	3	26	0.000232872	21471	1	FALSE	NA	NA	NA	NA	NA	NA
NC_045512.2	15204	A	G	21465	10019	51	1	0	34	4.65744e-05	21471	1	FALSE	NA	NA	NA	NA	NA	NA
NC_045512.2	15205	A	T	21426	10076	51	1	1	26	4.66614e-05	21431	1	FALSE	NA	NA	NA	NA	NA	NA
NC_045512.2	15205	A	G	21426	10076	51	3	1	51	0.000139984	21431	0.124983	FALSE	NA	NA	NA	NA	NA	NA
NC_045512.2	15205	A	C	21426	10076	51	1	0	27	4.66614e-05	21431	1	FALSE	NA	NA	NA	NA	NA	NA
NC_045512.2	15206	T	G	20685	9208	49	8	8	27	0.000386548	20696	1	FALSE	NA	NA	NA	NA	NA	NA
NC_045512.2	15206	T	C	20685	9208	49	1	1	27	4.83185e-05	20696	1	FALSE	NA	NA	NA	NA	NA	NA
NC_045512.2	15206	T	A	20685	9208	49	2	0	23	9.6637e-05	20696	1	FALSE	NA	NA	NA	NA	NA	NA
NC_045512.2	15207	T	G	21182	9900	51	2	2	26	9.4402e-05	21186	1	FALSE	NA	NA	NA	NA	NA	NA
NC_045512.2	15207	T	C	21182	9900	51	2	1	68	9.4402e-05	21186	0.249982	FALSE	NA	NA	NA	NA	NA	NA
NC_045512.2	15207	T	+G	21182	9900	51	1	0	20	4.7201e-05	21186	1	FALSE	NA	NA	NA	NA	NA	NA
NC_045512.2	15208	G	T	20664	9450	51	5	4	26	0.000241896	20670	1	FALSE	NA	NA	NA	NA	NA	NA
NC_045512.2	15208	G	A	20664	9450	51	1	1	60	4.83793e-05	20670	0.499952	FALSE	NA	NA	NA	NA	NA	NA
NC_045512.2	15209	G	T	20491	9455	50	3	2	31	0.000146377	20495	0.999967	FALSE	NA	NA	NA	NA	NA	NA
NC_045512.2	15209	G	C	20491	9455	50	1	0	27	4.87924e-05	20495	1	FALSE	NA	NA	NA	NA	NA	NA
NC_045512.2	15210	A	T	20877	9707	51	1	1	26	4.78858e-05	20883	1	FALSE	NA	NA	NA	NA	NA	NA
NC_045512.2	15210	A	G	20877	9707	51	5	1	36	0.000239429	20883	0.999546	FALSE	NA	NA	NA	NA	NA	NA
NC_045512.2	15211	A	T	20487	9761	50	2	0	30	9.75753e-05	20497	0.999995	FALSE	NA	NA	NA	NA	NA	NA
NC_045512.2	15211	A	G	20487	9761	50	2	1	29	9.75753e-05	20497	1	FALSE	NA	NA	NA	NA	NA	NA
NC_045512.2	15211	A	C	20487	9761	50	6	0	28	0.000292726	20497	1	FALSE	NA	NA	NA	NA	NA	NA
NC_045512.2	15212	C	T	20689	9697	51	3	3	54	0.000144963	20695	0.124973	FALSE	NA	NA	NA	NA	NA	NA
NC_045512.2	15212	C	G	20689	9697	51	2	0	27	9.66417e-05	20695	1	FALSE	NA	NA	NA	NA	NA	NA
NC_045512.2	15212	C	A	20689	9697	51	1	0	60	4.83209e-05	20695	0.499952	FALSE	NA	NA	NA	NA	NA	NA
NC_045512.2	15213	A	T	20650	9569	51	1	0	27	4.84191e-05	20653	1	FALSE	NA	NA	NA	NA	NA	NA
NC_045512.2	15213	A	G	20650	9569	51	1	1	68	4.84191e-05	20653	0.499988	FALSE	NA	NA	NA	NA	NA	NA
NC_045512.2	15213	A	C	20650	9569	51	1	1	34	4.84191e-05	20653	1	FALSE	NA	NA	NA	NA	NA	NA
NC_045512.2	15215	G	T	20964	9596	50	2	2	26	9.53925e-05	20966	1	FALSE	NA	NA	NA	NA	NA	NA
NC_045512.2	15216	C	A	20908	9734	50	2	0	26	9.5648e-05	20910	1	FALSE	NA	NA	NA	NA	NA	NA
NC_045512.2	15217	A	T	21122	9801	51	3	1	26	0.000142005	21126	1	FALSE	NA	NA	NA	NA	NA	NA
NC_045512.2	15217	A	C	21122	9801	51	1	1	34	4.7335e-05	21126	1	FALSE	NA	NA	NA	NA	NA	NA
NC_045512.2	15218	A	T	20802	9945	50	1	0	27	4.80584e-05	20808	1	FALSE	NA	NA	NA	NA	NA	NA
NC_045512.2	15218	A	G	20802	9945	50	3	0	27	0.000144175	20808	1	FALSE	NA	NA	NA	NA	NA	NA
NC_045512.2	15218	A	C	20802	9945	50	2	0	30	9.61169e-05	20808	0.999995	FALSE	NA	NA	NA	NA	NA	NA
NC_045512.2	15219	A	T	20817	10200	48	1	1	34	4.80238e-05	20823	1	FALSE	NA	NA	NA	NA	NA	NA
NC_045512.2	15219	A	G	20817	10200	48	1	0	34	4.80238e-05	20823	1	FALSE	NA	NA	NA	NA	NA	NA
NC_045512.2	15219	A	C	20817	10200	48	4	0	21	0.000192095	20823	1	FALSE	NA	NA	NA	NA	NA	NA
NC_045512.2	15220	T	C	21639	10072	49	2	1	47	9.24044e-05	21644	0.687474	FALSE	NA	NA	NA	NA	NA	NA
NC_045512.2	15220	T	A	21639	10072	49	3	2	31	0.000138607	21644	0.999982	FALSE	NA	NA	NA	NA	NA	NA
NC_045512.2	15221	T	C	21742	10406	50	2	2	46	9.19752e-05	21745	0.687509	FALSE	NA	NA	NA	NA	NA	NA
NC_045512.2	15221	T	A	21742	10406	50	1	0	26	4.59876e-05	21745	1	FALSE	NA	NA	NA	NA	NA	NA
NC_045512.2	15222	C	A	19203	8941	49	1	0	34	5.20725e-05	19204	0.999999	FALSE	NA	NA	NA	NA	NA	NA
NC_045512.2	15223	T	G	19204	8844	49	2	1	36	0.000104123	19208	0.99999	FALSE	NA	NA	NA	NA	NA	NA
NC_045512.2	15223	T	C	19204	8844	49	2	1	27	0.000104123	19208	1	FALSE	NA	NA	NA	NA	NA	NA
NC_045512.2	15224	A	G	19327	9045	49	2	1	30	0.000103455	19332	0.99999	FALSE	NA	NA	NA	NA	NA	NA
NC_045512.2	15224	A	C	19327	9045	49	3	1	26	0.000155183	19332	1	FALSE	NA	NA	NA	NA	NA	NA
NC_045512.2	15225	T	G	19439	9108	49	1	1	27	5.14377e-05	19441	1	FALSE	NA	NA	NA	NA	NA	NA
NC_045512.2	15225	T	C	19439	9108	49	1	0	52	5.14377e-05	19441	0.5	FALSE	NA	NA	NA	NA	NA	NA
NC_045512.2	15226	G	T	19323	9116	49	1	1	27	5.17384e-05	19328	1	FALSE	NA	NA	NA	NA	NA	NA
NC_045512.2	15226	G	C	19323	9116	49	3	0	24	0.000155215	19328	1	FALSE	NA	NA	NA	NA	NA	NA
NC_045512.2	15226	G	A	19323	9116	49	1	1	68	5.17384e-05	19328	0.499961	FALSE	NA	NA	NA	NA	NA	NA
NC_045512.2	15227	G	T	19384	9224	49	3	2	27	0.000154703	19392	1	FALSE	NA	NA	NA	NA	NA	NA
NC_045512.2	15227	G	C	19384	9224	49	5	3	31	0.000257838	19392	0.99923	FALSE	NA	NA	NA	NA	NA	NA
NC_045512.2	15228	T	G	19601	9284	50	3	3	26	0.000153014	19606	1	FALSE	NA	NA	NA	NA	NA	NA
NC_045512.2	15228	T	C	19601	9284	50	1	0	34	5.10048e-05	19606	0.999999	FALSE	NA	NA	NA	NA	NA	NA
NC_045512.2	15228	T	A	19601	9284	50	1	0	27	5.10048e-05	19606	1	FALSE	NA	NA	NA	NA	NA	NA
NC_045512.2	15229	G	C	19859	9335	49	1	0	27	5.03499e-05	19861	1	FALSE	NA	NA	NA	NA	NA	NA
NC_045512.2	15229	G	A	19859	9335	49	1	0	68	5.03499e-05	19861	0.5	FALSE	NA	NA	NA	NA	NA	NA
NC_045512.2	15230	G	T	19721	9318	49	3	2	28	0.000152084	19726	1	FALSE	NA	NA	NA	NA	NA	NA
NC_045512.2	15230	G	A	19721	9318	49	2	1	34	0.000101389	19726	0.99999	FALSE	NA	NA	NA	NA	NA	NA
NC_045512.2	15231	T	G	18744	8325	46	14	14	28	0.000746269	18760	1	FALSE	NA	NA	NA	NA	NA	NA
NC_045512.2	15231	T	C	18744	8325	46	2	1	29	0.00010661	18760	1	FALSE	NA	NA	NA	NA	NA	NA
NC_045512.2	15232	T	G	20102	9903	50	2	0	27	9.94678e-05	20107	1	FALSE	NA	NA	NA	NA	NA	NA
NC_045512.2	15232	T	C	20102	9903	50	1	1	26	4.97339e-05	20107	1	FALSE	NA	NA	NA	NA	NA	NA
NC_045512.2	15232	T	A	20102	9903	50	2	2	30	9.94678e-05	20107	0.999995	FALSE	NA	NA	NA	NA	NA	NA
NC_045512.2	15233	G	T	20041	9796	50	1	1	26	4.98902e-05	20044	1	FALSE	NA	NA	NA	NA	NA	NA
NC_045512.2	15233	G	C	20041	9796	50	1	1	27	4.98902e-05	20044	1	FALSE	NA	NA	NA	NA	NA	NA
NC_045512.2	15233	G	A	20041	9796	50	1	1	34	4.98902e-05	20044	1	FALSE	NA	NA	NA	NA	NA	NA
NC_045512.2	15234	G	T	20185	9766	50	2	2	30	9.90491e-05	20192	0.999995	FALSE	NA	NA	NA	NA	NA	NA
NC_045512.2	15234	G	C	20185	9766	50	1	1	27	4.95246e-05	20192	1	FALSE	NA	NA	NA	NA	NA	NA
NC_045512.2	15234	G	A	20185	9766	50	4	4	42	0.000198098	20192	0.343692	FALSE	NA	NA	NA	NA	NA	NA
NC_045512.2	15235	C	T	20187	10014	50	2	0	46	9.90344e-05	20195	0.687416	FALSE	NA	NA	NA	NA	NA	NA
NC_045512.2	15235	C	G	20187	10014	50	3	2	26	0.000148552	20195	1	FALSE	NA	NA	NA	NA	NA	NA
NC_045512.2	15235	C	A	20187	10014	50	3	0	26	0.000148552	20195	1	FALSE	NA	NA	NA	NA	NA	NA
NC_045512.2	15236	A	T	20423	9977	50	1	1	27	4.89596e-05	20425	1	FALSE	NA	NA	NA	NA	NA	NA
NC_045512.2	15236	A	G	20423	9977	50	1	0	27	4.89596e-05	20425	1	FALSE	NA	NA	NA	NA	NA	NA
NC_045512.2	15237	C	G	20345	10034	50	3	0	29	0.000147435	20348	1	FALSE	NA	NA	NA	NA	NA	NA
NC_045512.2	15239	A	T	20294	10159	50	1	1	68	4.92587e-05	20301	0.499938	FALSE	NA	NA	NA	NA	NA	NA
NC_045512.2	15239	A	G	20294	10159	50	3	0	45	0.000147776	20301	0.499931	FALSE	NA	NA	NA	NA	NA	NA
NC_045512.2	15239	A	C	20294	10159	50	3	0	28	0.000147776	20301	1	FALSE	NA	NA	NA	NA	NA	NA
NC_045512.2	15240	C	T	20230	10143	49	2	1	34	9.88338e-05	20236	0.999995	FALSE	NA	NA	NA	NA	NA	NA
NC_045512.2	15240	C	G	20230	10143	49	1	1	27	4.94169e-05	20236	1	FALSE	NA	NA	NA	NA	NA	NA
NC_045512.2	15240	C	A	20230	10143	49	3	2	40	0.000148251	20236	0.499954	FALSE	NA	NA	NA	NA	NA	NA
NC_045512.2	15241	A	T	20404	10252	50	1	1	26	4.90052e-05	20406	1	FALSE	NA	NA	NA	NA	NA	NA
NC_045512.2	15241	A	C	20404	10252	50	1	1	34	4.90052e-05	20406	1	FALSE	NA	NA	NA	NA	NA	NA
NC_045512.2	15242	T	G	20438	10241	50	1	0	34	4.89189e-05	20442	1	FALSE	NA	NA	NA	NA	NA	NA
NC_045512.2	15242	T	C	20438	10241	50	3	3	47	0.000146757	20442	0.5	FALSE	NA	NA	NA	NA	NA	NA
NC_045512.2	15243	G	T	20794	10316	49	4	4	28	0.000192289	20802	1	FALSE	NA	NA	NA	NA	NA	NA
NC_045512.2	15243	G	C	20794	10316	49	3	1	27	0.000144217	20802	1	FALSE	NA	NA	NA	NA	NA	NA
NC_045512.2	15243	G	A	20794	10316	49	1	0	68	4.80723e-05	20802	0.499928	FALSE	NA	NA	NA	NA	NA	NA
NC_045512.2	15244	T	G	20598	10383	49	3	2	33	0.000145624	20601	0.999967	FALSE	NA	NA	NA	NA	NA	NA
NC_045512.2	15245	T	G	20897	10763	49	1	1	34	4.78515e-05	20898	1	FALSE	NA	NA	NA	NA	NA	NA
NC_045512.2	15246	A	T	21005	10899	49	1	0	26	4.76054e-05	21006	1	FALSE	NA	NA	NA	NA	NA	NA
NC_045512.2	15247	A	G	20495	10930	48	1	1	68	4.87852e-05	20498	0.499988	FALSE	NA	NA	NA	NA	NA	NA
NC_045512.2	15247	A	C	20495	10930	48	2	1	30	9.75705e-05	20498	0.999995	FALSE	NA	NA	NA	NA	NA	NA
NC_045512.2	15248	A	T	20692	10902	48	1	1	34	4.83115e-05	20699	1	FALSE	NA	NA	NA	NA	NA	NA
NC_045512.2	15248	A	G	20692	10902	48	1	0	27	4.83115e-05	20699	1	FALSE	NA	NA	NA	NA	NA	NA
NC_045512.2	15248	A	C	20692	10902	48	5	2	31	0.000241558	20699	0.999546	FALSE	NA	NA	NA	NA	NA	NA
NC_045512.2	15249	A	T	20945	10904	49	1	1	26	4.77373e-05	20948	1	FALSE	NA	NA	NA	NA	NA	NA
NC_045512.2	15249	A	G	20945	10904	49	2	2	64	9.54745e-05	20948	0.249994	FALSE	NA	NA	NA	NA	NA	NA
NC_045512.2	15250	A	T	19844	11054	46	1	1	27	5.0355e-05	19859	1	FALSE	NA	NA	NA	NA	NA	NA
NC_045512.2	15250	A	G	19844	11054	46	1	0	68	5.0355e-05	19859	0.499836	FALSE	NA	NA	NA	NA	NA	NA
NC_045512.2	15250	A	C	19844	11054	46	13	0	29	0.000654615	19859	1	FALSE	NA	NA	NA	NA	NA	NA
NC_045512.2	15251	C	T	21014	11065	48	2	1	26	9.5152e-05	21019	1	FALSE	NA	NA	NA	NA	NA	NA
NC_045512.2	15251	C	G	21014	11065	48	1	1	26	4.7576e-05	21019	1	FALSE	NA	NA	NA	NA	NA	NA
NC_045512.2	15251	C	A	21014	11065	48	2	0	30	9.5152e-05	21019	0.999997	FALSE	NA	NA	NA	NA	NA	NA
NC_045512.2	15252	T	A	20489	10725	49	1	1	24	4.88043e-05	20490	1	FALSE	NA	NA	NA	NA	NA	NA
NC_045512.2	15253	G	T	21181	10690	48	2	1	34	9.44064e-05	21185	0.999997	FALSE	NA	NA	NA	NA	NA	NA
NC_045512.2	15253	G	A	21181	10690	48	2	0	47	9.44064e-05	21185	0.687491	FALSE	NA	NA	NA	NA	NA	NA
NC_045512.2	15253	G	-T	21181	10690	48	2	0	20	9.44064e-05	21185	1	FALSE	NA	NA	NA	NA	NA	NA
NC_045512.2	15254	T	G	19001	8508	44	9	8	29	0.000473435	19010	1	FALSE	NA	NA	NA	NA	NA	NA
NC_045512.2	15255	T	A	21298	11039	49	1	1	27	4.69506e-05	21299	1	FALSE	NA	NA	NA	NA	NA	NA
NC_045512.2	15256	T	C	21409	11038	49	1	0	34	4.67006e-05	21413	1	FALSE	NA	NA	NA	NA	NA	NA
NC_045512.2	15256	T	A	21409	11038	49	3	0	26	0.000140102	21413	1	FALSE	NA	NA	NA	NA	NA	NA
NC_045512.2	15257	A	T	20939	11033	48	1	1	26	4.77441e-05	20945	1	FALSE	NA	NA	NA	NA	NA	NA
NC_045512.2	15257	A	G	20939	11033	48	1	1	24	4.77441e-05	20945	1	FALSE	NA	NA	NA	NA	NA	NA
NC_045512.2	15257	A	C	20939	11033	48	4	0	28	0.000190976	20945	1	FALSE	NA	NA	NA	NA	NA	NA
NC_045512.2	15259	A	T	21186	11129	49	1	1	34	4.71943e-05	21189	1	FALSE	NA	NA	NA	NA	NA	NA
NC_045512.2	15259	A	G	21186	11129	49	1	1	68	4.71943e-05	21189	0.499988	FALSE	NA	NA	NA	NA	NA	NA
NC_045512.2	15259	A	C	21186	11129	49	1	0	26	4.71943e-05	21189	1	FALSE	NA	NA	NA	NA	NA	NA
NC_045512.2	15260	G	T	21422	11197	48	1	0	26	4.66744e-05	21425	1	FALSE	NA	NA	NA	NA	NA	NA
NC_045512.2	15260	G	C	21422	11197	48	2	2	27	9.33489e-05	21425	1	FALSE	NA	NA	NA	NA	NA	NA
NC_045512.2	15261	T	A	20961	10906	48	2	0	30	9.54062e-05	20963	0.999995	FALSE	NA	NA	NA	NA	NA	NA
NC_045512.2	15262	G	T	20067	10149	48	1	1	34	4.98256e-05	20070	1	FALSE	NA	NA	NA	NA	NA	NA
NC_045512.2	15262	G	C	20067	10149	48	1	0	26	4.98256e-05	20070	1	FALSE	NA	NA	NA	NA	NA	NA
NC_045512.2	15262	G	A	20067	10149	48	1	1	34	4.98256e-05	20070	1	FALSE	NA	NA	NA	NA	NA	NA
NC_045512.2	15265	G	T	20547	10716	49	3	1	33	0.000145957	20554	0.999967	FALSE	NA	NA	NA	NA	NA	NA
NC_045512.2	15265	G	C	20547	10716	49	4	3	25	0.000194609	20554	1	FALSE	NA	NA	NA	NA	NA	NA
NC_045512.2	15266	T	G	20425	10824	48	2	2	30	9.79048e-05	20428	0.999995	FALSE	NA	NA	NA	NA	NA	NA
NC_045512.2	15266	T	A	20425	10824	48	1	0	34	4.89524e-05	20428	1	FALSE	NA	NA	NA	NA	NA	NA
NC_045512.2	15267	A	C	20927	10989	49	2	0	30	9.55612e-05	20929	0.999995	FALSE	NA	NA	NA	NA	NA	NA
NC_045512.2	15268	G	T	20726	10875	49	1	0	26	4.82439e-05	20728	1	FALSE	NA	NA	NA	NA	NA	NA
NC_045512.2	15268	G	C	20726	10875	49	1	1	34	4.82439e-05	20728	1	FALSE	NA	NA	NA	NA	NA	NA
NC_045512.2	15269	A	G	20316	10911	47	2	1	30	9.84349e-05	20318	0.999995	FALSE	NA	NA	NA	NA	NA	NA
NC_045512.2	15270	A	T	20620	10941	49	1	0	24	4.84919e-05	20622	1	FALSE	NA	NA	NA	NA	NA	NA
NC_045512.2	15270	A	G	20620	10941	49	1	0	34	4.84919e-05	20622	1	FALSE	NA	NA	NA	NA	NA	NA
NC_045512.2	15271	A	G	20428	10813	49	2	1	68	9.78953e-05	20430	0.250006	FALSE	NA	NA	NA	NA	NA	NA
NC_045512.2	15272	A	C	20500	10946	48	1	0	26	4.87781e-05	20501	1	FALSE	NA	NA	NA	NA	NA	NA
NC_045512.2	15273	C	T	20859	11155	48	2	1	51	9.58681e-05	20862	0.249994	FALSE	NA	NA	NA	NA	NA	NA
NC_045512.2	15273	C	A	20859	11155	48	1	0	27	4.7934e-05	20862	1	FALSE	NA	NA	NA	NA	NA	NA
NC_045512.2	15274	C	T	20497	10979	48	1	1	27	4.87852e-05	20498	1	FALSE	NA	NA	NA	NA	NA	NA
NC_045512.2	15275	C	T	20397	11283	47	1	1	68	4.90076e-05	20405	0.499926	FALSE	NA	NA	NA	NA	NA	NA
NC_045512.2	15275	C	G	20397	11283	47	2	0	27	9.80152e-05	20405	1	FALSE	NA	NA	NA	NA	NA	NA
NC_045512.2	15275	C	A	20397	11283	47	5	0	35	0.000245038	20405	0.999546	FALSE	NA	NA	NA	NA	NA	NA
NC_045512.2	15276	T	C	20369	11117	47	5	3	53	0.000245363	20378	0.0312308	FALSE	NA	NA	NA	NA	NA	NA
NC_045512.2	15276	T	A	20369	11117	47	4	0	28	0.00019629	20378	1	FALSE	NA	NA	NA	NA	NA	NA
NC_045512.2	15277	C	G	20384	11304	47	2	1	27	9.80969e-05	20388	1	FALSE	NA	NA	NA	NA	NA	NA
NC_045512.2	15277	C	A	20384	11304	47	2	1	27	9.80969e-05	20388	1	FALSE	NA	NA	NA	NA	NA	NA
NC_045512.2	15278	A	T	20018	11325	47	1	1	34	4.99451e-05	20022	1	FALSE	NA	NA	NA	NA	NA	NA
NC_045512.2	15278	A	C	20018	11325	47	3	1	26	0.000149835	20022	1	FALSE	NA	NA	NA	NA	NA	NA
NC_045512.2	15279	C	T	21992	11964	46	1	1	24	4.54628e-05	21996	1	FALSE	NA	NA	NA	NA	NA	NA
NC_045512.2	15279	C	G	21992	11964	46	2	2	26	9.09256e-05	21996	1	FALSE	NA	NA	NA	NA	NA	NA
NC_045512.2	15279	C	A	21992	11964	46	1	1	26	4.54628e-05	21996	1	FALSE	NA	NA	NA	NA	NA	NA
NC_045512.2	15280	C	T	21960	12186	46	1	1	46	4.55208e-05	21968	0.874957	FALSE	NA	NA	NA	NA	NA	NA
NC_045512.2	15280	C	G	21960	12186	46	3	2	26	0.000136562	21968	1	FALSE	NA	NA	NA	NA	NA	NA
NC_045512.2	15280	C	A	21960	12186	46	4	1	32	0.000182083	21968	0.999922	FALSE	NA	NA	NA	NA	NA	NA
NC_045512.2	15281	T	G	21771	11996	46	1	0	24	4.59242e-05	21775	1	FALSE	NA	NA	NA	NA	NA	NA
NC_045512.2	15281	T	C	21771	11996	46	3	2	40	0.000137773	21775	0.5	FALSE	NA	NA	NA	NA	NA	NA
NC_045512.2	15282	T	G	21387	11851	46	1	1	27	4.67377e-05	21396	1	FALSE	NA	NA	NA	NA	NA	NA
NC_045512.2	15282	T	C	21387	11851	46	3	1	68	0.000140213	21396	0.124947	FALSE	NA	NA	NA	NA	NA	NA
NC_045512.2	15282	T	A	21387	11851	46	5	0	28	0.000233689	21396	1	FALSE	NA	NA	NA	NA	NA	NA
NC_045512.2	15283	A	T	21181	11835	46	3	0	24	0.000141603	21186	1	FALSE	NA	NA	NA	NA	NA	NA
NC_045512.2	15283	A	C	21181	11835	46	2	0	26	9.4402e-05	21186	1	FALSE	NA	NA	NA	NA	NA	NA
NC_045512.2	15284	T	G	21019	11567	45	5	5	27	0.00023779	21027	1	FALSE	NA	NA	NA	NA	NA	NA
NC_045512.2	15284	T	C	21019	11567	45	2	2	27	9.51158e-05	21027	1	FALSE	NA	NA	NA	NA	NA	NA
NC_045512.2	15284	T	A	21019	11567	45	1	0	34	4.75579e-05	21027	1	FALSE	NA	NA	NA	NA	NA	NA
NC_045512.2	15285	G	C	21703	12120	47	4	1	28	0.000184272	21707	1	FALSE	NA	NA	NA	NA	NA	NA
NC_045512.2	15286	G	T	22020	12076	47	3	0	31	0.000136209	22025	0.99999	FALSE	NA	NA	NA	NA	NA	NA
NC_045512.2	15286	G	C	22020	12076	47	1	0	34	4.5403e-05	22025	1	FALSE	NA	NA	NA	NA	NA	NA
NC_045512.2	15286	G	A	22020	12076	47	1	0	34	4.5403e-05	22025	1	FALSE	NA	NA	NA	NA	NA	NA
NC_045512.2	15287	G	T	22138	12146	46	2	2	23	9.03302e-05	22141	1	FALSE	NA	NA	NA	NA	NA	NA
NC_045512.2	15287	G	A	22138	12146	46	1	1	68	4.51651e-05	22141	0.499989	FALSE	NA	NA	NA	NA	NA	NA
NC_045512.2	15288	T	G	19908	10244	46	5	3	22	0.000251042	19917	1	FALSE	NA	NA	NA	NA	NA	NA
NC_045512.2	15288	T	C	19908	10244	46	2	2	30	0.000100417	19917	0.99999	FALSE	NA	NA	NA	NA	NA	NA
NC_045512.2	15288	T	A	19908	10244	46	2	1	23	0.000100417	19917	1	FALSE	NA	NA	NA	NA	NA	NA
NC_045512.2	15289	T	G	20649	11018	48	1	0	34	4.84238e-05	20651	1	FALSE	NA	NA	NA	NA	NA	NA
NC_045512.2	15289	T	A	20649	11018	48	1	1	34	4.84238e-05	20651	1	FALSE	NA	NA	NA	NA	NA	NA
NC_045512.2	15290	G	T	20474	10835	47	2	2	27	9.76753e-05	20476	1	FALSE	NA	NA	NA	NA	NA	NA
NC_045512.2	15291	G	C	20916	11015	46	1	0	27	4.78034e-05	20919	1	FALSE	NA	NA	NA	NA	NA	NA
NC_045512.2	15291	G	A	20916	11015	46	2	1	34	9.56069e-05	20919	0.999995	FALSE	NA	NA	NA	NA	NA	NA
NC_045512.2	15292	G	T	21031	11159	47	1	1	34	4.75443e-05	21033	1	FALSE	NA	NA	NA	NA	NA	NA
NC_045512.2	15292	G	C	21031	11159	47	1	1	34	4.75443e-05	21033	1	FALSE	NA	NA	NA	NA	NA	NA
NC_045512.2	15293	A	T	21146	11354	47	1	1	27	4.72858e-05	21148	1	FALSE	NA	NA	NA	NA	NA	NA
NC_045512.2	15293	A	G	21146	11354	47	1	0	38	4.72858e-05	21148	1	FALSE	NA	NA	NA	NA	NA	NA
NC_045512.2	15294	T	G	20848	11268	47	1	0	34	4.79593e-05	20851	1	FALSE	NA	NA	NA	NA	NA	NA
NC_045512.2	15294	T	C	20848	11268	47	1	1	27	4.79593e-05	20851	1	FALSE	NA	NA	NA	NA	NA	NA
NC_045512.2	15294	T	A	20848	11268	47	1	1	27	4.79593e-05	20851	1	FALSE	NA	NA	NA	NA	NA	NA
NC_045512.2	15295	T	G	20594	10854	47	1	1	34	4.85508e-05	20597	1	FALSE	NA	NA	NA	NA	NA	NA
NC_045512.2	15295	T	C	20594	10854	47	1	1	68	4.85508e-05	20597	0.499988	FALSE	NA	NA	NA	NA	NA	NA
NC_045512.2	15295	T	A	20594	10854	47	1	0	26	4.85508e-05	20597	1	FALSE	NA	NA	NA	NA	NA	NA
NC_045512.2	15296	A	T	20561	11025	47	1	0	34	4.8631e-05	20563	1	FALSE	NA	NA	NA	NA	NA	NA
NC_045512.2	15296	A	G	20561	11025	47	1	1	34	4.8631e-05	20563	1	FALSE	NA	NA	NA	NA	NA	NA
NC_045512.2	15297	T	C	21623	11263	48	1	0	34	4.62449e-05	21624	1	FALSE	NA	NA	NA	NA	NA	NA
NC_045512.2	15298	C	T	21224	11027	47	1	1	34	4.71054e-05	21229	1	FALSE	NA	NA	NA	NA	NA	NA
NC_045512.2	15298	C	G	21224	11027	47	2	2	26	9.42107e-05	21229	1	FALSE	NA	NA	NA	NA	NA	NA
NC_045512.2	15298	C	A	21224	11027	47	2	1	30	9.42107e-05	21229	0.999997	FALSE	NA	NA	NA	NA	NA	NA
NC_045512.2	15299	C	A	21119	11196	47	6	5	32	0.000284024	21125	0.999246	FALSE	NA	NA	NA	NA	NA	NA
NC_045512.2	15300	T	G	20328	10290	48	3	3	29	0.000147529	20335	1	FALSE	NA	NA	NA	NA	NA	NA
NC_045512.2	15300	T	C	20328	10290	48	3	1	54	0.000147529	20335	0.124963	FALSE	NA	NA	NA	NA	NA	NA
NC_045512.2	15300	T	A	20328	10290	48	1	0	34	4.91763e-05	20335	1	FALSE	NA	NA	NA	NA	NA	NA
NC_045512.2	15300	T	-A	20328	10290	48	1	0	20	4.91763e-05	20335	1	FALSE	NA	NA	NA	NA	NA	NA
NC_045512.2	15301	A	C	20620	10460	48	1	0	26	4.84943e-05	20621	1	FALSE	NA	NA	NA	NA	NA	NA
NC_045512.2	15302	A	T	20358	10515	48	2	2	30	9.82222e-05	20362	0.999995	FALSE	NA	NA	NA	NA	NA	NA
NC_045512.2	15302	A	G	20358	10515	48	1	1	68	4.91111e-05	20362	0.499975	FALSE	NA	NA	NA	NA	NA	NA
NC_045512.2	15302	A	C	20358	10515	48	1	0	27	4.91111e-05	20362	1	FALSE	NA	NA	NA	NA	NA	NA
NC_045512.2	15303	A	T	20372	10481	47	4	4	30	0.000196271	20380	0.999862	FALSE	NA	NA	NA	NA	NA	NA
NC_045512.2	15303	A	G	20372	10481	47	3	3	46	0.000147203	20380	0.499908	FALSE	NA	NA	NA	NA	NA	NA
NC_045512.2	15303	A	C	20372	10481	47	1	1	26	4.90677e-05	20380	1	FALSE	NA	NA	NA	NA	NA	NA
NC_045512.2	15304	T	C	20825	10605	48	3	3	29	0.00014403	20829	1	FALSE	NA	NA	NA	NA	NA	NA
NC_045512.2	15304	T	A	20825	10605	48	1	1	34	4.801e-05	20829	1	FALSE	NA	NA	NA	NA	NA	NA
NC_045512.2	15305	G	A	20783	10569	48	2	1	34	9.62232e-05	20785	0.999995	FALSE	NA	NA	NA	NA	NA	NA
NC_045512.2	15306	T	C	20244	9768	48	1	1	60	4.939e-05	20247	0.499988	FALSE	NA	NA	NA	NA	NA	NA
NC_045512.2	15306	T	A	20244	9768	48	2	1	30	9.87801e-05	20247	0.999995	FALSE	NA	NA	NA	NA	NA	NA
NC_045512.2	15307	G	T	20480	9946	49	1	0	27	4.88186e-05	20484	1	FALSE	NA	NA	NA	NA	NA	NA
NC_045512.2	15307	G	C	20480	9946	49	3	2	24	0.000146456	20484	1	FALSE	NA	NA	NA	NA	NA	NA
NC_045512.2	15308	A	G	20602	10055	49	1	0	24	4.85366e-05	20603	1	FALSE	NA	NA	NA	NA	NA	NA
NC_045512.2	15309	T	G	20473	9874	49	2	2	26	9.76658e-05	20478	1	FALSE	NA	NA	NA	NA	NA	NA
NC_045512.2	15309	T	C	20473	9874	49	1	0	46	4.88329e-05	20478	0.874982	FALSE	NA	NA	NA	NA	NA	NA
NC_045512.2	15309	T	A	20473	9874	49	2	2	26	9.76658e-05	20478	1	FALSE	NA	NA	NA	NA	NA	NA
NC_045512.2	15310	A	C	20282	10010	49	1	1	20	4.93024e-05	20283	1	FALSE	NA	NA	NA	NA	NA	NA
NC_045512.2	15311	G	T	20581	9977	49	2	0	26	9.71676e-05	20583	1	FALSE	NA	NA	NA	NA	NA	NA
NC_045512.2	15312	A	T	20047	10018	48	2	1	27	9.97407e-05	20052	1	FALSE	NA	NA	NA	NA	NA	NA
NC_045512.2	15312	A	G	20047	10018	48	3	2	29	0.000149611	20052	1	FALSE	NA	NA	NA	NA	NA	NA
NC_045512.2	15313	G	C	20669	9805	49	1	0	27	4.83793e-05	20670	1	FALSE	NA	NA	NA	NA	NA	NA
NC_045512.2	15314	C	T	20610	10108	50	1	0	34	4.85131e-05	20613	1	FALSE	NA	NA	NA	NA	NA	NA
NC_045512.2	15314	C	G	20610	10108	50	1	1	26	4.85131e-05	20613	1	FALSE	NA	NA	NA	NA	NA	NA
NC_045512.2	15314	C	A	20610	10108	50	1	0	27	4.85131e-05	20613	1	FALSE	NA	NA	NA	NA	NA	NA
NC_045512.2	15315	C	G	20368	10044	51	1	1	34	4.90918e-05	20370	1	FALSE	NA	NA	NA	NA	NA	NA
NC_045512.2	15315	C	A	20368	10044	51	1	1	27	4.90918e-05	20370	1	FALSE	NA	NA	NA	NA	NA	NA
NC_045512.2	15317	T	G	20727	10001	51	1	1	20	4.82416e-05	20729	1	FALSE	NA	NA	NA	NA	NA	NA
NC_045512.2	15317	T	A	20727	10001	51	1	1	26	4.82416e-05	20729	1	FALSE	NA	NA	NA	NA	NA	NA
NC_045512.2	15318	G	C	20909	10084	50	3	0	29	0.000143445	20914	1	FALSE	NA	NA	NA	NA	NA	NA
NC_045512.2	15318	G	A	20909	10084	50	2	0	51	9.56297e-05	20914	0.24997	FALSE	NA	NA	NA	NA	NA	NA
NC_045512.2	15319	C	T	21023	10292	51	1	1	34	4.75647e-05	21024	1	FALSE	NA	NA	NA	NA	NA	NA
NC_045512.2	15320	C	T	20947	10551	52	1	0	34	4.77327e-05	20950	1	FALSE	NA	NA	NA	NA	NA	NA
NC_045512.2	15320	C	G	20947	10551	52	1	0	27	4.77327e-05	20950	1	FALSE	NA	NA	NA	NA	NA	NA
NC_045512.2	15320	C	A	20947	10551	52	1	1	34	4.77327e-05	20950	1	FALSE	NA	NA	NA	NA	NA	NA
NC_045512.2	15321	T	G	20789	10341	52	1	0	27	4.80977e-05	20791	1	FALSE	NA	NA	NA	NA	NA	NA
NC_045512.2	15321	T	A	20789	10341	52	1	1	26	4.80977e-05	20791	1	FALSE	NA	NA	NA	NA	NA	NA
NC_045512.2	15322	A	T	20208	10100	51	1	1	26	4.94658e-05	20216	1	FALSE	NA	NA	NA	NA	NA	NA
NC_045512.2	15322	A	G	20208	10100	51	2	2	27	9.89315e-05	20216	1	FALSE	NA	NA	NA	NA	NA	NA
NC_045512.2	15322	A	C	20208	10100	51	5	1	25	0.000247329	20216	1	FALSE	NA	NA	NA	NA	NA	NA
NC_045512.2	15323	A	G	19931	10196	51	1	1	34	5.0158e-05	19937	0.999999	FALSE	NA	NA	NA	NA	NA	NA
NC_045512.2	15323	A	C	19931	10196	51	5	0	32	0.00025079	19937	0.99923	FALSE	NA	NA	NA	NA	NA	NA
NC_045512.2	15324	C	T	20380	10138	52	1	1	24	4.90605e-05	20383	1	FALSE	NA	NA	NA	NA	NA	NA
NC_045512.2	15324	C	G	20380	10138	52	2	2	30	9.8121e-05	20383	0.999995	FALSE	NA	NA	NA	NA	NA	NA
NC_045512.2	15325	A	T	20111	10109	52	1	0	27	4.97166e-05	20114	1	FALSE	NA	NA	NA	NA	NA	NA
NC_045512.2	15325	A	G	20111	10109	52	2	1	68	9.94332e-05	20114	0.249994	FALSE	NA	NA	NA	NA	NA	NA
NC_045512.2	15326	T	G	20025	9928	52	1	1	34	4.99276e-05	20029	1	FALSE	NA	NA	NA	NA	NA	NA
NC_045512.2	15326	T	C	20025	9928	52	2	2	23	9.98552e-05	20029	1	FALSE	NA	NA	NA	NA	NA	NA
NC_045512.2	15326	T	A	20025	9928	52	1	1	26	4.99276e-05	20029	1	FALSE	NA	NA	NA	NA	NA	NA
NC_045512.2	15327	G	T	20258	9779	52	3	3	26	0.000148038	20265	1	FALSE	NA	NA	NA	NA	NA	NA
NC_045512.2	15327	G	C	20258	9779	52	2	0	26	9.86923e-05	20265	1	FALSE	NA	NA	NA	NA	NA	NA
NC_045512.2	15327	G	A	20258	9779	52	2	1	51	9.86923e-05	20265	0.249944	FALSE	NA	NA	NA	NA	NA	NA
NC_045512.2	15328	C	T	20164	9823	52	1	0	34	4.95712e-05	20173	1	FALSE	NA	NA	NA	NA	NA	NA
NC_045512.2	15328	C	G	20164	9823	52	5	3	25	0.000247856	20173	1	FALSE	NA	NA	NA	NA	NA	NA
NC_045512.2	15328	C	A	20164	9823	52	3	1	31	0.000148714	20173	0.999967	FALSE	NA	NA	NA	NA	NA	NA
NC_045512.2	15328	C	-T	20164	9823	52	1	0	20	4.95712e-05	20173	1	FALSE	NA	NA	NA	NA	NA	NA
NC_045512.2	15329	T	G	19753	9286	51	4	3	27	0.000202419	19761	1	FALSE	NA	NA	NA	NA	NA	NA
NC_045512.2	15329	T	C	19753	9286	51	2	1	47	0.000101209	19761	0.499905	FALSE	NA	NA	NA	NA	NA	NA
NC_045512.2	15329	T	A	19753	9286	51	2	1	30	0.000101209	19761	0.99999	FALSE	NA	NA	NA	NA	NA	NA
NC_045512.2	15330	T	G	20237	9998	53	1	1	34	4.94022e-05	20242	1	FALSE	NA	NA	NA	NA	NA	NA
NC_045512.2	15330	T	C	20237	9998	53	2	2	27	9.88045e-05	20242	1	FALSE	NA	NA	NA	NA	NA	NA
NC_045512.2	15330	T	A	20237	9998	53	2	0	26	9.88045e-05	20242	1	FALSE	NA	NA	NA	NA	NA	NA
NC_045512.2	15331	A	G	19938	10013	51	2	1	36	0.000100241	19952	0.999989	FALSE	NA	NA	NA	NA	NA	NA
NC_045512.2	15331	A	C	19938	10013	51	12	0	29	0.000601443	19952	1	FALSE	NA	NA	NA	NA	NA	NA
NC_045512.2	15332	G	C	20935	10061	53	2	2	30	9.55247e-05	20937	0.999995	FALSE	NA	NA	NA	NA	NA	NA
NC_045512.2	15333	A	T	20866	10160	52	1	0	34	4.79203e-05	20868	1	FALSE	NA	NA	NA	NA	NA	NA
NC_045512.2	15333	A	G	20866	10160	52	1	1	24	4.79203e-05	20868	1	FALSE	NA	NA	NA	NA	NA	NA
NC_045512.2	15334	A	T	20927	10410	51	3	0	26	0.000143335	20930	1	FALSE	NA	NA	NA	NA	NA	NA
NC_045512.2	15335	T	G	20971	10307	52	3	0	27	0.000143014	20977	1	FALSE	NA	NA	NA	NA	NA	NA
NC_045512.2	15335	T	C	20971	10307	52	3	2	38	0.000143014	20977	0.999967	FALSE	NA	NA	NA	NA	NA	NA
NC_045512.2	15336	T	C	20261	9896	52	1	1	34	4.93462e-05	20265	1	FALSE	NA	NA	NA	NA	NA	NA
NC_045512.2	15336	T	A	20261	9896	52	3	1	24	0.000148038	20265	1	FALSE	NA	NA	NA	NA	NA	NA
NC_045512.2	15336	T	-A	20261	9896	52	1	0	20	4.93462e-05	20265	1	FALSE	NA	NA	NA	NA	NA	NA
NC_045512.2	15337	A	T	20136	9954	52	2	2	26	9.93049e-05	20140	1	FALSE	NA	NA	NA	NA	NA	NA
NC_045512.2	15337	A	G	20136	9954	52	1	0	68	4.96524e-05	20140	0.499963	FALSE	NA	NA	NA	NA	NA	NA
NC_045512.2	15337	A	C	20136	9954	52	1	1	27	4.96524e-05	20140	1	FALSE	NA	NA	NA	NA	NA	NA
NC_045512.2	15338	T	G	20359	10024	53	1	1	20	4.91159e-05	20360	1	FALSE	NA	NA	NA	NA	NA	NA
NC_045512.2	15339	G	C	20366	10024	53	1	1	34	4.90966e-05	20368	1	FALSE	NA	NA	NA	NA	NA	NA
NC_045512.2	15339	G	A	20366	10024	53	1	0	38	4.90966e-05	20368	1	FALSE	NA	NA	NA	NA	NA	NA
NC_045512.2	15340	G	T	20344	10030	52	2	2	30	9.82801e-05	20350	0.999995	FALSE	NA	NA	NA	NA	NA	NA
NC_045512.2	15340	G	C	20344	10030	52	2	1	23	9.82801e-05	20350	1	FALSE	NA	NA	NA	NA	NA	NA
NC_045512.2	15340	G	A	20344	10030	52	2	0	51	9.82801e-05	20350	0.249957	FALSE	NA	NA	NA	NA	NA	NA
NC_045512.2	15341	C	G	19903	9873	53	3	3	24	0.000150701	19907	1	FALSE	NA	NA	NA	NA	NA	NA
NC_045512.2	15341	C	A	19903	9873	53	1	1	68	5.02336e-05	19907	0.499975	FALSE	NA	NA	NA	NA	NA	NA
NC_045512.2	15342	C	G	19904	10002	53	1	0	34	5.02336e-05	19907	0.999999	FALSE	NA	NA	NA	NA	NA	NA
NC_045512.2	15342	C	A	19904	10002	53	2	1	26	0.000100467	19907	1	FALSE	NA	NA	NA	NA	NA	NA
NC_045512.2	15343	T	G	19736	9783	54	3	3	24	0.000151968	19741	1	FALSE	NA	NA	NA	NA	NA	NA
NC_045512.2	15343	T	C	19736	9783	54	2	2	34	0.000101312	19741	0.99999	FALSE	NA	NA	NA	NA	NA	NA
NC_045512.2	15344	C	G	20555	10094	53	2	1	34	9.72905e-05	20557	0.999995	FALSE	NA	NA	NA	NA	NA	NA
NC_045512.2	15345	A	T	20468	10163	53	1	0	34	4.88448e-05	20473	1	FALSE	NA	NA	NA	NA	NA	NA
NC_045512.2	15345	A	G	20468	10163	53	2	0	32	9.76896e-05	20473	0.999995	FALSE	NA	NA	NA	NA	NA	NA
NC_045512.2	15345	A	C	20468	10163	53	2	1	26	9.76896e-05	20473	1	FALSE	NA	NA	NA	NA	NA	NA
NC_045512.2	15346	C	G	20526	10222	53	1	1	26	4.87163e-05	20527	1	FALSE	NA	NA	NA	NA	NA	NA
NC_045512.2	15347	T	G	20640	10311	53	1	1	27	4.84402e-05	20644	1	FALSE	NA	NA	NA	NA	NA	NA
NC_045512.2	15347	T	C	20640	10311	53	3	1	54	0.000145321	20644	0.124991	FALSE	NA	NA	NA	NA	NA	NA
NC_045512.2	15348	T	C	20511	10292	53	1	1	34	4.8752e-05	20512	1	FALSE	NA	NA	NA	NA	NA	NA
NC_045512.2	15349	G	T	20560	10150	52	2	2	26	9.72668e-05	20562	1	FALSE	NA	NA	NA	NA	NA	NA
NC_045512.2	15350	T	G	20521	10363	53	1	1	20	4.87234e-05	20524	1	FALSE	NA	NA	NA	NA	NA	NA
NC_045512.2	15350	T	C	20521	10363	53	2	1	57	9.74469e-05	20524	0.249994	FALSE	NA	NA	NA	NA	NA	NA
NC_045512.2	15351	T	C	20215	10090	51	3	1	42	0.000148375	20219	0.5	FALSE	NA	NA	NA	NA	NA	NA
NC_045512.2	15351	T	A	20215	10090	51	1	0	34	4.94584e-05	20219	1	FALSE	NA	NA	NA	NA	NA	NA
NC_045512.2	15352	C	G	20521	10585	53	3	2	31	0.00014617	20524	0.999967	FALSE	NA	NA	NA	NA	NA	NA
NC_045512.2	15354	T	G	19798	9978	53	4	4	26	0.000201939	19808	1	FALSE	NA	NA	NA	NA	NA	NA
NC_045512.2	15354	T	C	19798	9978	53	4	2	36	0.000201939	19808	0.999756	FALSE	NA	NA	NA	NA	NA	NA
NC_045512.2	15354	T	A	19798	9978	53	2	0	26	0.000100969	19808	1	FALSE	NA	NA	NA	NA	NA	NA
NC_045512.2	15355	G	T	19728	9979	53	2	2	23	0.000101363	19731	1	FALSE	NA	NA	NA	NA	NA	NA
NC_045512.2	15355	G	A	19728	9979	53	1	0	68	5.06817e-05	19731	0.499987	FALSE	NA	NA	NA	NA	NA	NA
NC_045512.2	15356	C	T	19678	10174	53	3	2	60	0.000152385	19687	0.124943	FALSE	NA	NA	NA	NA	NA	NA
NC_045512.2	15356	C	A	19678	10174	53	6	0	27	0.00030477	19687	1	FALSE	NA	NA	NA	NA	NA	NA
NC_045512.2	15357	T	G	19879	10095	54	2	2	27	0.000100594	19882	1	FALSE	NA	NA	NA	NA	NA	NA
NC_045512.2	15357	T	C	19879	10095	54	1	0	34	5.02968e-05	19882	0.999999	FALSE	NA	NA	NA	NA	NA	NA
NC_045512.2	15358	C	T	19710	10012	54	1	0	68	5.07202e-05	19716	0.499949	FALSE	NA	NA	NA	NA	NA	NA
NC_045512.2	15358	C	G	19710	10012	54	4	3	27	0.000202881	19716	1	FALSE	NA	NA	NA	NA	NA	NA
NC_045512.2	15358	C	A	19710	10012	54	1	0	26	5.07202e-05	19716	1	FALSE	NA	NA	NA	NA	NA	NA
NC_045512.2	15359	G	T	19604	9912	53	2	2	22	0.000101973	19613	1	FALSE	NA	NA	NA	NA	NA	NA
NC_045512.2	15359	G	C	19604	9912	53	1	1	26	5.09866e-05	19613	1	FALSE	NA	NA	NA	NA	NA	NA
NC_045512.2	15359	G	A	19604	9912	53	6	4	62	0.00030592	19613	0.0156142	FALSE	NA	NA	NA	NA	NA	NA
NC_045512.2	15360	C	T	20175	10302	53	1	0	46	4.95589e-05	20178	0.875	FALSE	NA	NA	NA	NA	NA	NA
NC_045512.2	15360	C	A	20175	10302	53	2	0	30	9.91179e-05	20178	0.999995	FALSE	NA	NA	NA	NA	NA	NA
NC_045512.2	15361	A	G	20308	10383	54	2	0	36	9.84737e-05	20310	0.999995	FALSE	NA	NA	NA	NA	NA	NA
NC_045512.2	15362	A	G	20566	10428	54	1	1	38	4.86192e-05	20568	1	FALSE	NA	NA	NA	NA	NA	NA
NC_045512.2	15362	A	C	20566	10428	54	1	0	27	4.86192e-05	20568	1	FALSE	NA	NA	NA	NA	NA	NA
NC_045512.2	15363	A	T	19187	10585	48	1	1	26	5.20888e-05	19198	1	FALSE	NA	NA	NA	NA	NA	NA
NC_045512.2	15363	A	G	19187	10585	48	3	1	68	0.000156266	19198	0.124922	FALSE	NA	NA	NA	NA	NA	NA
NC_045512.2	15363	A	C	19187	10585	48	7	0	27	0.000364621	19198	1	FALSE	NA	NA	NA	NA	NA	NA
NC_045512.2	15364	C	T	21208	10717	53	1	1	24	4.71431e-05	21212	1	FALSE	NA	NA	NA	NA	NA	NA
NC_045512.2	15364	C	G	21208	10717	53	1	1	27	4.71431e-05	21212	1	FALSE	NA	NA	NA	NA	NA	NA
NC_045512.2	15364	C	A	21208	10717	53	2	1	47	9.42863e-05	21212	0.687491	FALSE	NA	NA	NA	NA	NA	NA
NC_045512.2	15365	A	T	21534	11169	54	1	1	34	4.64317e-05	21537	1	FALSE	NA	NA	NA	NA	NA	NA
NC_045512.2	15365	A	G	21534	11169	54	2	1	26	9.28634e-05	21537	1	FALSE	NA	NA	NA	NA	NA	NA
NC_045512.2	15366	T	G	21509	11152	54	2	2	30	9.29627e-05	21514	0.999997	FALSE	NA	NA	NA	NA	NA	NA
NC_045512.2	15366	T	C	21509	11152	54	3	2	38	0.000139444	21514	0.999982	FALSE	NA	NA	NA	NA	NA	NA
NC_045512.2	15367	A	T	21529	11230	55	4	4	28	0.000185736	21536	1	FALSE	NA	NA	NA	NA	NA	NA
NC_045512.2	15367	A	G	21529	11230	55	3	1	37	0.000139302	21536	0.999982	FALSE	NA	NA	NA	NA	NA	NA
NC_045512.2	15369	A	T	21131	10856	54	1	1	34	4.73149e-05	21135	1	FALSE	NA	NA	NA	NA	NA	NA
NC_045512.2	15369	A	G	21131	10856	54	3	2	54	0.000141945	21135	0.124991	FALSE	NA	NA	NA	NA	NA	NA
NC_045512.2	15370	A	T	20731	10894	51	1	1	34	4.8216e-05	20740	1	FALSE	NA	NA	NA	NA	NA	NA
NC_045512.2	15370	A	G	20731	10894	51	1	0	34	4.8216e-05	20740	1	FALSE	NA	NA	NA	NA	NA	NA
NC_045512.2	15370	A	C	20731	10894	51	7	2	28	0.000337512	20740	1	FALSE	NA	NA	NA	NA	NA	NA
NC_045512.2	15371	C	T	20986	11007	53	1	1	34	4.76395e-05	20991	1	FALSE	NA	NA	NA	NA	NA	NA
NC_045512.2	15371	C	G	20986	11007	53	2	2	26	9.52789e-05	20991	1	FALSE	NA	NA	NA	NA	NA	NA
NC_045512.2	15371	C	A	20986	11007	53	2	1	30	9.52789e-05	20991	0.999995	FALSE	NA	NA	NA	NA	NA	NA
NC_045512.2	15372	G	T	20497	10610	53	3	3	28	0.000136999	21898	1	FALSE	NA	NA	NA	NA	NA	NA
NC_045512.2	15372	G	C	20497	10610	53	1398	738	51	0.0638414	21898	0	TRUE	NA	NA	NA	NA	NA	NA
NC_045512.2	15373	T	G	21281	10857	53	1	1	34	4.69814e-05	21285	1	FALSE	NA	NA	NA	NA	NA	NA
NC_045512.2	15373	T	C	21281	10857	53	1	0	68	4.69814e-05	21285	0.499977	FALSE	NA	NA	NA	NA	NA	NA
NC_045512.2	15373	T	A	21281	10857	53	2	0	23	9.39629e-05	21285	1	FALSE	NA	NA	NA	NA	NA	NA
NC_045512.2	15374	G	T	21487	10646	52	4	4	28	0.000186116	21492	1	FALSE	NA	NA	NA	NA	NA	NA
NC_045512.2	15374	G	C	21487	10646	52	1	0	26	4.65289e-05	21492	1	FALSE	NA	NA	NA	NA	NA	NA
NC_045512.2	15375	T	G	21575	10961	53	1	1	26	4.63478e-05	21576	1	FALSE	NA	NA	NA	NA	NA	NA
NC_045512.2	15376	T	C	21730	11152	54	2	2	34	9.2026e-05	21733	0.999997	FALSE	NA	NA	NA	NA	NA	NA
NC_045512.2	15376	T	A	21730	11152	54	1	1	27	4.6013e-05	21733	1	FALSE	NA	NA	NA	NA	NA	NA
NC_045512.2	15377	G	T	21606	10956	54	4	4	27	0.000185091	21611	1	FALSE	NA	NA	NA	NA	NA	NA
NC_045512.2	15377	G	C	21606	10956	54	1	1	27	4.62727e-05	21611	1	FALSE	NA	NA	NA	NA	NA	NA
NC_045512.2	15378	T	G	21667	11094	54	1	0	27	4.61446e-05	21671	1	FALSE	NA	NA	NA	NA	NA	NA
NC_045512.2	15378	T	C	21667	11094	54	2	2	36	9.22892e-05	21671	0.999997	FALSE	NA	NA	NA	NA	NA	NA
NC_045512.2	15378	T	A	21667	11094	54	1	1	24	4.61446e-05	21671	1	FALSE	NA	NA	NA	NA	NA	NA
NC_045512.2	15379	A	T	21475	10944	54	2	1	25	9.31185e-05	21478	1	FALSE	NA	NA	NA	NA	NA	NA
NC_045512.2	15379	A	G	21475	10944	54	1	1	60	4.65593e-05	21478	0.499988	FALSE	NA	NA	NA	NA	NA	NA
NC_045512.2	15380	G	T	21512	10962	54	2	2	26	9.29584e-05	21515	1	FALSE	NA	NA	NA	NA	NA	NA
NC_045512.2	15380	G	A	21512	10962	54	1	1	34	4.64792e-05	21515	1	FALSE	NA	NA	NA	NA	NA	NA
NC_045512.2	15381	C	G	20494	10184	53	4	4	28	0.000195131	20499	1	FALSE	NA	NA	NA	NA	NA	NA
NC_045512.2	15381	C	A	20494	10184	53	1	0	46	4.87829e-05	20499	0.874982	FALSE	NA	NA	NA	NA	NA	NA
NC_045512.2	15382	T	G	20861	10366	54	3	2	43	0.000143781	20865	0.5	FALSE	NA	NA	NA	NA	NA	NA
NC_045512.2	15382	T	C	20861	10366	54	1	1	68	4.79272e-05	20865	0.499976	FALSE	NA	NA	NA	NA	NA	NA
NC_045512.2	15383	T	C	20348	10003	54	2	1	23	9.82704e-05	20352	1	FALSE	NA	NA	NA	NA	NA	NA
NC_045512.2	15383	T	A	20348	10003	54	2	1	25	9.82704e-05	20352	1	FALSE	NA	NA	NA	NA	NA	NA
NC_045512.2	15384	G	T	20479	10057	54	1	1	27	4.88281e-05	20480	1	FALSE	NA	NA	NA	NA	NA	NA
NC_045512.2	15385	T	G	20536	10147	54	1	1	26	4.86831e-05	20541	1	FALSE	NA	NA	NA	NA	NA	NA
NC_045512.2	15385	T	C	20536	10147	54	2	1	68	9.73662e-05	20541	0.24997	FALSE	NA	NA	NA	NA	NA	NA
NC_045512.2	15385	T	A	20536	10147	54	2	2	36	9.73662e-05	20541	0.999995	FALSE	NA	NA	NA	NA	NA	NA
NC_045512.2	15386	C	A	20515	10201	54	1	0	20	4.87424e-05	20516	1	FALSE	NA	NA	NA	NA	NA	NA
NC_045512.2	15387	A	T	20411	10219	54	2	0	26	9.79672e-05	20415	1	FALSE	NA	NA	NA	NA	NA	NA
NC_045512.2	15387	A	G	20411	10219	54	2	1	51	9.79672e-05	20415	0.249982	FALSE	NA	NA	NA	NA	NA	NA
NC_045512.2	15388	C	T	20439	10210	54	3	3	68	0.000146757	20442	0.125	FALSE	NA	NA	NA	NA	NA	NA
NC_045512.2	15389	A	T	20199	10149	53	2	1	30	9.90001e-05	20202	0.999995	FALSE	NA	NA	NA	NA	NA	NA
NC_045512.2	15389	A	G	20199	10149	53	1	0	26	4.95e-05	20202	1	FALSE	NA	NA	NA	NA	NA	NA
NC_045512.2	15390	C	G	20319	10092	53	5	1	25	0.000246002	20325	1	FALSE	NA	NA	NA	NA	NA	NA
NC_045512.2	15390	C	A	20319	10092	53	1	0	27	4.92005e-05	20325	1	FALSE	NA	NA	NA	NA	NA	NA
NC_045512.2	15391	C	G	20052	9932	53	3	3	24	0.000149559	20059	1	FALSE	NA	NA	NA	NA	NA	NA
NC_045512.2	15391	C	A	20052	9932	53	4	1	26	0.000199412	20059	1	FALSE	NA	NA	NA	NA	NA	NA
NC_045512.2	15392	G	T	20324	9947	54	1	1	26	4.91932e-05	20328	1	FALSE	NA	NA	NA	NA	NA	NA
NC_045512.2	15392	G	C	20324	9947	54	2	1	23	9.83865e-05	20328	1	FALSE	NA	NA	NA	NA	NA	NA
NC_045512.2	15392	G	A	20324	9947	54	1	0	68	4.91932e-05	20328	0.499975	FALSE	NA	NA	NA	NA	NA	NA
NC_045512.2	15393	T	G	20055	9675	52	2	2	23	9.97009e-05	20060	1	FALSE	NA	NA	NA	NA	NA	NA
NC_045512.2	15393	T	C	20055	9675	52	1	1	68	4.98504e-05	20060	0.499963	FALSE	NA	NA	NA	NA	NA	NA
NC_045512.2	15393	T	A	20055	9675	52	2	0	30	9.97009e-05	20060	0.999995	FALSE	NA	NA	NA	NA	NA	NA
NC_045512.2	15394	T	C	20293	10203	53	1	0	46	4.92732e-05	20295	0.875009	FALSE	NA	NA	NA	NA	NA	NA
NC_045512.2	15394	T	A	20293	10203	53	1	0	27	4.92732e-05	20295	1	FALSE	NA	NA	NA	NA	NA	NA
NC_045512.2	15395	T	G	20465	10178	53	1	0	27	4.88591e-05	20467	1	FALSE	NA	NA	NA	NA	NA	NA
NC_045512.2	15395	T	A	20465	10178	53	1	0	34	4.88591e-05	20467	1	FALSE	NA	NA	NA	NA	NA	NA
NC_045512.2	15396	C	T	20544	10232	54	1	1	34	4.86665e-05	20548	1	FALSE	NA	NA	NA	NA	NA	NA
NC_045512.2	15396	C	G	20544	10232	54	2	0	23	9.73331e-05	20548	1	FALSE	NA	NA	NA	NA	NA	NA
NC_045512.2	15396	C	A	20544	10232	54	1	0	34	4.86665e-05	20548	1	FALSE	NA	NA	NA	NA	NA	NA
NC_045512.2	15397	T	C	20586	10302	54	2	0	68	9.71345e-05	20590	0.249982	FALSE	NA	NA	NA	NA	NA	NA
NC_045512.2	15397	T	A	20586	10302	54	2	1	30	9.71345e-05	20590	0.999995	FALSE	NA	NA	NA	NA	NA	NA
NC_045512.2	15398	A	T	20586	10428	54	3	3	26	0.000145702	20590	1	FALSE	NA	NA	NA	NA	NA	NA
NC_045512.2	15398	A	G	20586	10428	54	1	1	24	4.85673e-05	20590	1	FALSE	NA	NA	NA	NA	NA	NA
NC_045512.2	15399	T	G	20706	10417	54	1	1	27	4.82882e-05	20709	1	FALSE	NA	NA	NA	NA	NA	NA
NC_045512.2	15399	T	C	20706	10417	54	1	0	46	4.82882e-05	20709	0.875	FALSE	NA	NA	NA	NA	NA	NA
NC_045512.2	15399	T	A	20706	10417	54	1	0	34	4.82882e-05	20709	1	FALSE	NA	NA	NA	NA	NA	NA
NC_045512.2	15400	A	T	20263	10352	52	4	2	28	0.000197365	20267	1	FALSE	NA	NA	NA	NA	NA	NA
NC_045512.2	15401	G	T	20456	10228	54	2	2	26	9.77517e-05	20460	1	FALSE	NA	NA	NA	NA	NA	NA
NC_045512.2	15401	G	C	20456	10228	54	1	0	27	4.88759e-05	20460	1	FALSE	NA	NA	NA	NA	NA	NA
NC_045512.2	15401	G	A	20456	10228	54	1	1	68	4.88759e-05	20460	0.499976	FALSE	NA	NA	NA	NA	NA	NA
NC_045512.2	15402	A	T	20252	10429	53	7	4	27	0.000345525	20259	1	FALSE	NA	NA	NA	NA	NA	NA
NC_045512.2	15403	T	G	20127	10140	53	5	4	29	0.000248361	20132	1	FALSE	NA	NA	NA	NA	NA	NA
NC_045512.2	15404	T	C	20386	10641	54	2	0	30	9.80873e-05	20390	0.999995	FALSE	NA	NA	NA	NA	NA	NA
NC_045512.2	15404	T	A	20386	10641	54	2	0	26	9.80873e-05	20390	1	FALSE	NA	NA	NA	NA	NA	NA
NC_045512.2	15405	A	T	20177	10389	54	1	0	34	4.9554e-05	20180	1	FALSE	NA	NA	NA	NA	NA	NA
NC_045512.2	15405	A	G	20177	10389	54	1	1	38	4.9554e-05	20180	1	FALSE	NA	NA	NA	NA	NA	NA
NC_045512.2	15405	A	C	20177	10389	54	1	0	60	4.9554e-05	20180	0.499988	FALSE	NA	NA	NA	NA	NA	NA
NC_045512.2	15406	G	T	21264	10581	53	3	1	29	0.000141044	21270	1	FALSE	NA	NA	NA	NA	NA	NA
NC_045512.2	15406	G	C	21264	10581	53	3	0	24	0.000141044	21270	1	FALSE	NA	NA	NA	NA	NA	NA
NC_045512.2	15407	C	T	21276	10809	53	2	1	43	9.39717e-05	21283	0.687438	FALSE	NA	NA	NA	NA	NA	NA
NC_045512.2	15407	C	G	21276	10809	53	3	2	27	0.000140958	21283	1	FALSE	NA	NA	NA	NA	NA	NA
NC_045512.2	15407	C	A	21276	10809	53	2	0	27	9.39717e-05	21283	1	FALSE	NA	NA	NA	NA	NA	NA
NC_045512.2	15408	T	G	21409	10689	53	1	1	27	4.66984e-05	21414	1	FALSE	NA	NA	NA	NA	NA	NA
NC_045512.2	15408	T	C	21409	10689	53	1	1	27	4.66984e-05	21414	1	FALSE	NA	NA	NA	NA	NA	NA
NC_045512.2	15408	T	A	21409	10689	53	3	1	28	0.000140095	21414	1	FALSE	NA	NA	NA	NA	NA	NA
NC_045512.2	15409	A	G	21402	10764	54	2	0	29	9.34405e-05	21404	1	FALSE	NA	NA	NA	NA	NA	NA
NC_045512.2	15410	A	T	20916	10658	52	1	1	27	4.77966e-05	20922	1	FALSE	NA	NA	NA	NA	NA	NA
NC_045512.2	15410	A	G	20916	10658	52	1	0	68	4.77966e-05	20922	0.499952	FALSE	NA	NA	NA	NA	NA	NA
NC_045512.2	15410	A	C	20916	10658	52	4	1	28	0.000191186	20922	1	FALSE	NA	NA	NA	NA	NA	NA
NC_045512.2	15411	T	G	21013	10388	53	8	8	27	0.000380499	21025	1	FALSE	NA	NA	NA	NA	NA	NA
NC_045512.2	15411	T	C	21013	10388	53	2	1	34	9.51249e-05	21025	0.999997	FALSE	NA	NA	NA	NA	NA	NA
NC_045512.2	15411	T	A	21013	10388	53	2	1	26	9.51249e-05	21025	1	FALSE	NA	NA	NA	NA	NA	NA
NC_045512.2	15412	G	T	21291	10840	53	1	0	24	4.6955e-05	21297	1	FALSE	NA	NA	NA	NA	NA	NA
NC_045512.2	15412	G	C	21291	10840	53	5	0	29	0.000234775	21297	1	FALSE	NA	NA	NA	NA	NA	NA
NC_045512.2	15413	A	T	21346	10796	54	3	2	29	0.000140502	21352	1	FALSE	NA	NA	NA	NA	NA	NA
NC_045512.2	15413	A	G	21346	10796	54	3	1	50	0.000140502	21352	0.124974	FALSE	NA	NA	NA	NA	NA	NA
NC_045512.2	15414	G	T	21239	10644	54	4	3	41	0.000188288	21244	0.343739	FALSE	NA	NA	NA	NA	NA	NA
NC_045512.2	15414	G	C	21239	10644	54	1	0	27	4.70721e-05	21244	1	FALSE	NA	NA	NA	NA	NA	NA
NC_045512.2	15415	T	A	19593	9465	53	2	1	25	0.000102067	19595	1	FALSE	NA	NA	NA	NA	NA	NA
NC_045512.2	15416	G	T	19894	9648	53	2	1	26	0.000100497	19901	1	FALSE	NA	NA	NA	NA	NA	NA
NC_045512.2	15416	G	C	19894	9648	53	5	5	28	0.000251244	19901	1	FALSE	NA	NA	NA	NA	NA	NA
NC_045512.2	15417	T	G	19888	9772	53	3	3	26	0.000150814	19892	1	FALSE	NA	NA	NA	NA	NA	NA
NC_045512.2	15417	T	C	19888	9772	53	1	1	27	5.02715e-05	19892	1	FALSE	NA	NA	NA	NA	NA	NA
NC_045512.2	15418	G	T	19946	9872	53	2	2	30	0.000100256	19949	0.99999	FALSE	NA	NA	NA	NA	NA	NA
NC_045512.2	15418	G	C	19946	9872	53	1	1	27	5.01278e-05	19949	1	FALSE	NA	NA	NA	NA	NA	NA
NC_045512.2	15419	C	T	20450	10321	54	3	1	45	0.000146635	20459	0.499885	FALSE	NA	NA	NA	NA	NA	NA
NC_045512.2	15419	C	G	20450	10321	54	2	1	27	9.77565e-05	20459	1	FALSE	NA	NA	NA	NA	NA	NA
NC_045512.2	15419	C	A	20450	10321	54	4	0	26	0.000195513	20459	1	FALSE	NA	NA	NA	NA	NA	NA
NC_045512.2	15420	T	C	20574	10261	55	2	2	68	9.72006e-05	20576	0.250006	FALSE	NA	NA	NA	NA	NA	NA
NC_045512.2	15421	C	G	20688	10276	54	2	1	26	9.66604e-05	20691	1	FALSE	NA	NA	NA	NA	NA	NA
NC_045512.2	15421	C	A	20688	10276	54	1	0	38	4.83302e-05	20691	1	FALSE	NA	NA	NA	NA	NA	NA
NC_045512.2	15422	A	T	20169	10369	53	2	2	27	9.9108e-05	20180	1	FALSE	NA	NA	NA	NA	NA	NA
NC_045512.2	15422	A	G	20169	10369	53	4	1	39	0.000198216	20180	0.999862	FALSE	NA	NA	NA	NA	NA	NA
NC_045512.2	15422	A	C	20169	10369	53	5	0	25	0.00024777	20180	1	FALSE	NA	NA	NA	NA	NA	NA
NC_045512.2	15423	A	T	20758	10500	54	2	0	26	9.63159e-05	20765	1	FALSE	NA	NA	NA	NA	NA	NA
NC_045512.2	15423	A	C	20758	10500	54	5	2	28	0.00024079	20765	1	FALSE	NA	NA	NA	NA	NA	NA
NC_045512.2	15424	G	T	21086	10501	54	3	3	30	0.000142241	21091	0.999982	FALSE	NA	NA	NA	NA	NA	NA
NC_045512.2	15424	G	C	21086	10501	54	1	0	26	4.74136e-05	21091	1	FALSE	NA	NA	NA	NA	NA	NA
NC_045512.2	15424	G	A	21086	10501	54	1	0	27	4.74136e-05	21091	1	FALSE	NA	NA	NA	NA	NA	NA
NC_045512.2	15425	T	C	20791	10400	53	1	1	34	4.80839e-05	20797	1	FALSE	NA	NA	NA	NA	NA	NA
NC_045512.2	15425	T	A	20791	10400	53	5	2	26	0.000240419	20797	1	FALSE	NA	NA	NA	NA	NA	NA
NC_045512.2	15426	A	T	20882	10492	54	1	1	26	4.78835e-05	20884	1	FALSE	NA	NA	NA	NA	NA	NA
NC_045512.2	15426	A	G	20882	10492	54	1	1	68	4.78835e-05	20884	0.5	FALSE	NA	NA	NA	NA	NA	NA
NC_045512.2	15427	T	G	20833	10467	54	4	4	28	0.000191929	20841	1	FALSE	NA	NA	NA	NA	NA	NA
NC_045512.2	15427	T	C	20833	10467	54	3	2	44	0.000143947	20841	0.49991	FALSE	NA	NA	NA	NA	NA	NA
NC_045512.2	15427	T	A	20833	10467	54	1	0	68	4.79823e-05	20841	0.499928	FALSE	NA	NA	NA	NA	NA	NA
NC_045512.2	15428	T	G	19829	9639	53	5	5	31	0.000252054	19837	0.99923	FALSE	NA	NA	NA	NA	NA	NA
NC_045512.2	15428	T	A	19829	9639	53	3	0	29	0.000151233	19837	1	FALSE	NA	NA	NA	NA	NA	NA
NC_045512.2	15429	G	A	20185	10134	54	1	0	68	4.95393e-05	20186	0.500012	FALSE	NA	NA	NA	NA	NA	NA
NC_045512.2	15430	A	T	19602	10204	52	2	2	23	0.00010201	19606	1	FALSE	NA	NA	NA	NA	NA	NA
NC_045512.2	15430	A	G	19602	10204	52	1	0	60	5.10048e-05	19606	0.499974	FALSE	NA	NA	NA	NA	NA	NA
NC_045512.2	15430	A	C	19602	10204	52	1	0	34	5.10048e-05	19606	0.999999	FALSE	NA	NA	NA	NA	NA	NA
NC_045512.2	15431	G	T	20079	10244	53	1	1	34	4.98008e-05	20080	1	FALSE	NA	NA	NA	NA	NA	NA
NC_045512.2	15432	T	C	19686	10014	53	2	2	68	0.000101585	19688	0.250006	FALSE	NA	NA	NA	NA	NA	NA
NC_045512.2	15432	T	+G	19686	10014	53	1	0	20	5.07924e-05	19688	1	FALSE	NA	NA	NA	NA	NA	NA
NC_045512.2	15433	G	C	19435	9796	53	2	2	27	0.000102897	19437	1	FALSE	NA	NA	NA	NA	NA	NA
NC_045512.2	15433	G	-A	19435	9796	53	1	0	20	5.14483e-05	19437	1	FALSE	NA	NA	NA	NA	NA	NA
NC_045512.2	15434	A	T	19675	9966	53	1	0	27	5.08182e-05	19678	1	FALSE	NA	NA	NA	NA	NA	NA
NC_045512.2	15434	A	G	19675	9966	53	2	0	34	0.000101636	19678	0.99999	FALSE	NA	NA	NA	NA	NA	NA
NC_045512.2	15435	A	T	19434	9902	53	1	1	34	5.1435e-05	19442	0.999999	FALSE	NA	NA	NA	NA	NA	NA
NC_045512.2	15435	A	G	19434	9902	53	3	1	43	0.000154305	19442	0.312413	FALSE	NA	NA	NA	NA	NA	NA
NC_045512.2	15435	A	C	19434	9902	53	4	0	26	0.00020574	19442	1	FALSE	NA	NA	NA	NA	NA	NA
NC_045512.2	15436	A	T	19575	9962	53	2	0	27	0.000102135	19582	1	FALSE	NA	NA	NA	NA	NA	NA
NC_045512.2	15436	A	G	19575	9962	53	5	0	35	0.000255337	19582	0.99923	FALSE	NA	NA	NA	NA	NA	NA
NC_045512.2	15437	T	A	19572	10051	53	1	0	26	5.10908e-05	19573	1	FALSE	NA	NA	NA	NA	NA	NA
NC_045512.2	15438	G	T	19548	9887	52	4	3	38	0.000204583	19552	0.999757	FALSE	NA	NA	NA	NA	NA	NA
NC_045512.2	15439	G	T	19740	10046	52	1	0	24	5.0656e-05	19741	1	FALSE	NA	NA	NA	NA	NA	NA
NC_045512.2	15440	T	C	19574	9855	53	2	1	29	0.000102155	19578	1	FALSE	NA	NA	NA	NA	NA	NA
NC_045512.2	15440	T	A	19574	9855	53	2	1	30	0.000102155	19578	0.99999	FALSE	NA	NA	NA	NA	NA	NA
NC_045512.2	15441	C	T	19103	9888	51	1	0	68	5.23396e-05	19106	0.499987	FALSE	NA	NA	NA	NA	NA	NA
NC_045512.2	15441	C	G	19103	9888	51	2	1	30	0.000104679	19106	0.99999	FALSE	NA	NA	NA	NA	NA	NA
NC_045512.2	15442	A	G	19544	9925	52	1	0	68	5.11614e-05	19546	0.5	FALSE	NA	NA	NA	NA	NA	NA
NC_045512.2	15442	A	C	19544	9925	52	1	1	27	5.11614e-05	19546	1	FALSE	NA	NA	NA	NA	NA	NA
NC_045512.2	15443	T	A	19435	9861	52	1	0	20	5.14509e-05	19436	1	FALSE	NA	NA	NA	NA	NA	NA
NC_045512.2	15444	G	C	19552	9895	52	1	1	26	5.1143e-05	19553	1	FALSE	NA	NA	NA	NA	NA	NA
NC_045512.2	15445	T	A	19460	9895	52	1	0	24	5.13848e-05	19461	1	FALSE	NA	NA	NA	NA	NA	NA
NC_045512.2	15446	G	C	19525	9871	52	2	1	30	0.000102417	19528	0.99999	FALSE	NA	NA	NA	NA	NA	NA
NC_045512.2	15446	G	A	19525	9871	52	1	0	68	5.12085e-05	19528	0.499987	FALSE	NA	NA	NA	NA	NA	NA
NC_045512.2	15447	T	G	19047	9605	52	1	1	34	5.2499e-05	19048	0.999999	FALSE	NA	NA	NA	NA	NA	NA
NC_045512.2	15448	G	A	18801	9557	52	1	1	34	5.31858e-05	18802	0.999998	FALSE	NA	NA	NA	NA	NA	NA
NC_045512.2	15449	G	T	18778	9599	51	2	1	27	0.000106496	18780	1	FALSE	NA	NA	NA	NA	NA	NA
NC_045512.2	15450	C	T	18651	9596	51	1	0	34	5.36107e-05	18653	0.999998	FALSE	NA	NA	NA	NA	NA	NA
NC_045512.2	15450	C	G	18651	9596	51	1	0	68	5.36107e-05	18653	0.5	FALSE	NA	NA	NA	NA	NA	NA
NC_045512.2	15452	G	C	18918	9556	51	1	1	26	5.28569e-05	18919	1	FALSE	NA	NA	NA	NA	NA	NA
NC_045512.2	15453	T	G	17540	8116	48	7	7	27	0.000398883	17549	1	FALSE	NA	NA	NA	NA	NA	NA
NC_045512.2	15453	T	C	17540	8116	48	2	2	47	0.000113967	17549	0.49985	FALSE	NA	NA	NA	NA	NA	NA
NC_045512.2	15454	T	G	18898	9588	52	1	0	34	5.29045e-05	18902	0.999998	FALSE	NA	NA	NA	NA	NA	NA
NC_045512.2	15454	T	C	18898	9588	52	3	2	54	0.000158713	18902	0.12499	FALSE	NA	NA	NA	NA	NA	NA
NC_045512.2	15455	C	G	18841	9630	51	1	0	26	5.30729e-05	18842	1	FALSE	NA	NA	NA	NA	NA	NA
NC_045512.2	15456	A	T	18633	9650	51	1	1	34	5.36481e-05	18640	0.999998	FALSE	NA	NA	NA	NA	NA	NA
NC_045512.2	15456	A	G	18633	9650	51	1	1	34	5.36481e-05	18640	0.999998	FALSE	NA	NA	NA	NA	NA	NA
NC_045512.2	15456	A	C	18633	9650	51	5	0	27	0.00026824	18640	1	FALSE	NA	NA	NA	NA	NA	NA
NC_045512.2	15457	C	G	19640	9871	51	1	0	34	5.09139e-05	19641	0.999999	FALSE	NA	NA	NA	NA	NA	NA
NC_045512.2	15458	T	C	19584	9857	51	1	1	34	5.10595e-05	19585	0.999999	FALSE	NA	NA	NA	NA	NA	NA
NC_045512.2	15459	A	T	19368	9838	50	4	1	28	0.000206473	19373	1	FALSE	NA	NA	NA	NA	NA	NA
NC_045512.2	15459	A	G	19368	9838	50	1	0	34	5.16182e-05	19373	0.999999	FALSE	NA	NA	NA	NA	NA	NA
NC_045512.2	15460	T	C	19548	9792	51	1	0	46	5.11509e-05	19550	0.750006	FALSE	NA	NA	NA	NA	NA	NA
NC_045512.2	15460	T	A	19548	9792	51	1	1	27	5.11509e-05	19550	1	FALSE	NA	NA	NA	NA	NA	NA
NC_045512.2	15461	A	T	19995	9616	50	1	0	34	5.00025e-05	19999	0.999999	FALSE	NA	NA	NA	NA	NA	NA
NC_045512.2	15461	A	G	19995	9616	50	3	3	46	0.000150008	19999	0.312491	FALSE	NA	NA	NA	NA	NA	NA
NC_045512.2	15462	T	C	20155	9626	50	2	0	30	9.92211e-05	20157	0.999995	FALSE	NA	NA	NA	NA	NA	NA
NC_045512.2	15463	G	T	19992	9640	50	2	2	26	0.00010003	19994	1	FALSE	NA	NA	NA	NA	NA	NA
NC_045512.2	15464	T	G	19799	9558	50	3	1	29	0.000151462	19807	1	FALSE	NA	NA	NA	NA	NA	NA
NC_045512.2	15464	T	C	19799	9558	50	3	3	33	0.000151462	19807	0.99994	FALSE	NA	NA	NA	NA	NA	NA
NC_045512.2	15464	T	A	19799	9558	50	2	0	26	0.000100974	19807	1	FALSE	NA	NA	NA	NA	NA	NA
NC_045512.2	15465	T	C	19734	9711	50	3	1	56	0.000151991	19738	0.12499	FALSE	NA	NA	NA	NA	NA	NA
NC_045512.2	15465	T	A	19734	9711	50	1	1	27	5.06637e-05	19738	1	FALSE	NA	NA	NA	NA	NA	NA
NC_045512.2	15467	A	T	18755	9149	49	1	1	27	5.33106e-05	18758	1	FALSE	NA	NA	NA	NA	NA	NA
NC_045512.2	15467	A	G	18755	9149	49	1	1	68	5.33106e-05	18758	0.499987	FALSE	NA	NA	NA	NA	NA	NA
NC_045512.2	15467	A	C	18755	9149	49	1	0	26	5.33106e-05	18758	1	FALSE	NA	NA	NA	NA	NA	NA
NC_045512.2	15468	A	C	17641	9199	48	5	0	27	0.00028335	17646	1	FALSE	NA	NA	NA	NA	NA	NA
NC_045512.2	15469	C	A	18861	9329	50	3	1	25	0.000159033	18864	1	FALSE	NA	NA	NA	NA	NA	NA
NC_045512.2	15470	C	T	17774	8512	50	1	1	68	5.62398e-05	17781	0.49993	FALSE	NA	NA	NA	NA	NA	NA
NC_045512.2	15470	C	G	17774	8512	50	2	1	27	0.00011248	17781	1	FALSE	NA	NA	NA	NA	NA	NA
NC_045512.2	15470	C	A	17774	8512	50	4	0	36	0.000224959	17781	0.999257	FALSE	NA	NA	NA	NA	NA	NA
NC_045512.2	15471	A	T	17735	8209	51	1	1	26	5.63825e-05	17736	1	FALSE	NA	NA	NA	NA	NA	NA
NC_045512.2	15472	G	C	17981	8189	50	1	1	24	5.56112e-05	17982	1	FALSE	NA	NA	NA	NA	NA	NA
NC_045512.2	15473	G	T	18007	8440	50	1	1	20	5.55278e-05	18009	1	FALSE	NA	NA	NA	NA	NA	NA
NC_045512.2	15473	G	C	18007	8440	50	1	0	26	5.55278e-05	18009	1	FALSE	NA	NA	NA	NA	NA	NA
NC_045512.2	15474	T	G	17866	8157	50	4	2	28	0.000223839	17870	1	FALSE	NA	NA	NA	NA	NA	NA
NC_045512.2	15476	G	T	18053	8678	51	1	0	26	5.53833e-05	18056	1	FALSE	NA	NA	NA	NA	NA	NA
NC_045512.2	15476	G	C	18053	8678	51	2	0	23	0.000110767	18056	1	FALSE	NA	NA	NA	NA	NA	NA
NC_045512.2	15477	A	T	18369	9301	53	1	1	26	5.44277e-05	18373	1	FALSE	NA	NA	NA	NA	NA	NA
NC_045512.2	15477	A	G	18369	9301	53	2	0	51	0.000108855	18373	0.24998	FALSE	NA	NA	NA	NA	NA	NA
NC_045512.2	15477	A	C	18369	9301	53	1	1	27	5.44277e-05	18373	1	FALSE	NA	NA	NA	NA	NA	NA
NC_045512.2	15478	A	G	18208	9579	52	5	4	56	0.000274499	18215	0.0312371	FALSE	NA	NA	NA	NA	NA	NA
NC_045512.2	15478	A	C	18208	9579	52	2	0	26	0.0001098	18215	1	FALSE	NA	NA	NA	NA	NA	NA
NC_045512.2	15479	C	A	18210	9488	52	1	0	34	5.49119e-05	18211	0.999998	FALSE	NA	NA	NA	NA	NA	NA
NC_045512.2	15480	C	A	18036	9498	53	1	0	27	5.54416e-05	18037	1	FALSE	NA	NA	NA	NA	NA	NA
NC_045512.2	15481	T	C	17676	9086	53	2	1	57	0.000113135	17678	0.250007	FALSE	NA	NA	NA	NA	NA	NA
NC_045512.2	15482	C	T	17475	9113	52	3	2	56	0.000171625	17480	0.124979	FALSE	NA	NA	NA	NA	NA	NA
NC_045512.2	15482	C	G	17475	9113	52	2	2	30	0.000114416	17480	0.999962	FALSE	NA	NA	NA	NA	NA	NA
NC_045512.2	15483	A	G	17455	9211	52	1	1	24	5.7277e-05	17459	1	FALSE	NA	NA	NA	NA	NA	NA
NC_045512.2	15483	A	C	17455	9211	52	3	2	26	0.000171831	17459	1	FALSE	NA	NA	NA	NA	NA	NA
NC_045512.2	15484	T	C	17610	9271	53	3	1	68	0.000170329	17613	0.125	FALSE	NA	NA	NA	NA	NA	NA
NC_045512.2	15486	A	T	17333	9172	52	1	1	26	5.76801e-05	17337	1	FALSE	NA	NA	NA	NA	NA	NA
NC_045512.2	15486	A	G	17333	9172	52	1	1	68	5.76801e-05	17337	0.499971	FALSE	NA	NA	NA	NA	NA	NA
NC_045512.2	15486	A	C	17333	9172	52	2	1	26	0.00011536	17337	1	FALSE	NA	NA	NA	NA	NA	NA
NC_045512.2	15487	G	C	17284	9040	52	2	0	30	0.000115701	17286	0.999962	FALSE	NA	NA	NA	NA	NA	NA
NC_045512.2	15488	G	T	17238	9161	52	2	0	27	0.000115989	17243	1	FALSE	NA	NA	NA	NA	NA	NA
NC_045512.2	15488	G	C	17238	9161	52	3	0	31	0.000173984	17243	0.999799	FALSE	NA	NA	NA	NA	NA	NA
NC_045512.2	15490	G	T	16993	8933	53	2	2	30	0.000117682	16995	0.999928	FALSE	NA	NA	NA	NA	NA	NA
NC_045512.2	15491	A	G	15909	8307	51	1	1	68	6.28496e-05	15911	0.5	FALSE	NA	NA	NA	NA	NA	NA
NC_045512.2	15491	A	C	15909	8307	51	1	0	26	6.28496e-05	15911	1	FALSE	NA	NA	NA	NA	NA	NA
NC_045512.2	15492	T	C	16006	8170	52	4	4	49	0.000249813	16012	0.187461	FALSE	NA	NA	NA	NA	NA	NA
NC_045512.2	15492	T	A	16006	8170	52	2	2	34	0.000124906	16012	0.999928	FALSE	NA	NA	NA	NA	NA	NA
NC_045512.2	15493	G	C	15939	8197	52	5	3	25	0.000313578	15945	1	FALSE	NA	NA	NA	NA	NA	NA
NC_045512.2	15493	G	A	15939	8197	52	1	0	26	6.27156e-05	15945	1	FALSE	NA	NA	NA	NA	NA	NA
NC_045512.2	15494	C	T	15963	8486	52	5	1	34	0.000313107	15969	0.994104	FALSE	NA	NA	NA	NA	NA	NA
NC_045512.2	15494	C	A	15963	8486	52	1	0	34	6.26213e-05	15969	0.999985	FALSE	NA	NA	NA	NA	NA	NA
NC_045512.2	15495	C	T	16001	8511	52	1	0	68	6.24883e-05	16003	0.5	FALSE	NA	NA	NA	NA	NA	NA
NC_045512.2	15495	C	G	16001	8511	52	1	1	34	6.24883e-05	16003	0.999992	FALSE	NA	NA	NA	NA	NA	NA
NC_045512.2	15497	C	A	15860	8423	52	1	1	68	6.30477e-05	15861	0.500016	FALSE	NA	NA	NA	NA	NA	NA
NC_045512.2	15498	A	T	15808	8406	52	2	2	24	0.00012647	15814	1	FALSE	NA	NA	NA	NA	NA	NA
NC_045512.2	15498	A	G	15808	8406	52	1	0	68	6.32351e-05	15814	0.499937	FALSE	NA	NA	NA	NA	NA	NA
NC_045512.2	15498	A	C	15808	8406	52	3	1	26	0.000189705	15814	1	FALSE	NA	NA	NA	NA	NA	NA
NC_045512.2	15499	A	C	15644	8443	51	1	0	27	6.39182e-05	15645	1	FALSE	NA	NA	NA	NA	NA	NA
NC_045512.2	15500	C	A	15734	8478	52	2	0	26	0.000127097	15736	1	FALSE	NA	NA	NA	NA	NA	NA
NC_045512.2	15501	T	C	14984	7798	52	1	1	38	6.67334e-05	14985	0.99997	FALSE	NA	NA	NA	NA	NA	NA
NC_045512.2	15502	G	C	14770	7698	51	3	0	25	0.000203059	14774	1	FALSE	NA	NA	NA	NA	NA	NA
NC_045512.2	15502	G	A	14770	7698	51	1	1	68	6.76865e-05	14774	0.499966	FALSE	NA	NA	NA	NA	NA	NA
NC_045512.2	15503	C	T	14662	7634	52	1	1	38	6.81849e-05	14666	0.99997	FALSE	NA	NA	NA	NA	NA	NA
NC_045512.2	15503	C	G	14662	7634	52	1	1	34	6.81849e-05	14666	0.99997	FALSE	NA	NA	NA	NA	NA	NA
NC_045512.2	15503	C	A	14662	7634	52	2	0	43	0.00013637	14666	0.499974	FALSE	NA	NA	NA	NA	NA	NA
NC_045512.2	15503	C	-T	14662	7634	52	1	0	20	6.81849e-05	14666	1	FALSE	NA	NA	NA	NA	NA	NA
NC_045512.2	15504	T	C	14701	7643	52	2	1	47	0.000136027	14703	0.5	FALSE	NA	NA	NA	NA	NA	NA
NC_045512.2	15506	A	T	14570	7696	52	2	2	26	0.000137212	14576	1	FALSE	NA	NA	NA	NA	NA	NA
NC_045512.2	15506	A	G	14570	7696	52	2	1	51	0.000137212	14576	0.24994	FALSE	NA	NA	NA	NA	NA	NA
NC_045512.2	15506	A	C	14570	7696	52	2	2	30	0.000137212	14576	0.999741	FALSE	NA	NA	NA	NA	NA	NA
NC_045512.2	15507	T	C	20065	9508	49	1	1	27	4.98355e-05	20066	1	FALSE	NA	NA	NA	NA	NA	NA
NC_045512.2	15508	G	T	19802	9386	48	4	3	32	0.000201918	19810	0.999756	FALSE	NA	NA	NA	NA	NA	NA
NC_045512.2	15508	G	C	19802	9386	48	4	0	28	0.000201918	19810	1	FALSE	NA	NA	NA	NA	NA	NA
NC_045512.2	15509	C	T	20037	9739	48	1	0	60	4.98878e-05	20045	0.499925	FALSE	NA	NA	NA	NA	NA	NA
NC_045512.2	15509	C	G	20037	9739	48	3	1	24	0.000149663	20045	1	FALSE	NA	NA	NA	NA	NA	NA
NC_045512.2	15509	C	A	20037	9739	48	4	1	29	0.000199551	20045	1	FALSE	NA	NA	NA	NA	NA	NA
NC_045512.2	15510	T	G	19685	9320	48	1	0	27	5.07872e-05	19690	1	FALSE	NA	NA	NA	NA	NA	NA
NC_045512.2	15510	T	C	19685	9320	48	1	0	24	5.07872e-05	19690	1	FALSE	NA	NA	NA	NA	NA	NA
NC_045512.2	15510	T	A	19685	9320	48	3	3	26	0.000152362	19690	1	FALSE	NA	NA	NA	NA	NA	NA
NC_045512.2	15511	A	T	19412	9316	48	1	1	27	5.15066e-05	19415	1	FALSE	NA	NA	NA	NA	NA	NA
NC_045512.2	15511	A	G	19412	9316	48	1	0	27	5.15066e-05	19415	1	FALSE	NA	NA	NA	NA	NA	NA
NC_045512.2	15511	A	C	19412	9316	48	1	0	27	5.15066e-05	19415	1	FALSE	NA	NA	NA	NA	NA	NA
NC_045512.2	15512	A	T	19167	9567	47	1	1	20	5.21567e-05	19173	1	FALSE	NA	NA	NA	NA	NA	NA
NC_045512.2	15512	A	C	19167	9567	47	5	0	28	0.000260783	19173	1	FALSE	NA	NA	NA	NA	NA	NA
NC_045512.2	15513	T	G	19555	9482	48	3	1	27	0.00015339	19558	1	FALSE	NA	NA	NA	NA	NA	NA
NC_045512.2	15514	A	T	19201	9585	48	4	0	30	0.000208279	19205	0.999757	FALSE	NA	NA	NA	NA	NA	NA
NC_045512.2	15517	G	T	18426	8802	49	1	1	34	5.42623e-05	18429	0.999998	FALSE	NA	NA	NA	NA	NA	NA
NC_045512.2	15517	G	A	18426	8802	49	2	1	51	0.000108525	18429	0.249993	FALSE	NA	NA	NA	NA	NA	NA
NC_045512.2	15517	G	-T	18426	8802	49	1	0	20	5.42623e-05	18429	1	FALSE	NA	NA	NA	NA	NA	NA
NC_045512.2	15518	T	G	17629	8083	47	2	2	30	0.000113437	17631	0.999962	FALSE	NA	NA	NA	NA	NA	NA
NC_045512.2	15519	T	G	18297	8816	48	1	0	26	5.46388e-05	18302	1	FALSE	NA	NA	NA	NA	NA	NA
NC_045512.2	15519	T	C	18297	8816	48	3	1	42	0.000163917	18302	0.312469	FALSE	NA	NA	NA	NA	NA	NA
NC_045512.2	15519	T	A	18297	8816	48	1	0	26	5.46388e-05	18302	1	FALSE	NA	NA	NA	NA	NA	NA
NC_045512.2	15520	T	G	17927	8453	48	3	3	28	0.000167317	17930	1	FALSE	NA	NA	NA	NA	NA	NA
NC_045512.2	15521	T	G	17748	8289	48	5	4	32	0.000281611	17755	0.997833	FALSE	NA	NA	NA	NA	NA	NA
NC_045512.2	15521	T	C	17748	8289	48	2	2	30	0.000112644	17755	0.999962	FALSE	NA	NA	NA	NA	NA	NA
NC_045512.2	15522	T	G	18202	8891	48	1	1	34	5.493e-05	18205	0.999998	FALSE	NA	NA	NA	NA	NA	NA
NC_045512.2	15522	T	C	18202	8891	48	1	1	27	5.493e-05	18205	1	FALSE	NA	NA	NA	NA	NA	NA
NC_045512.2	15522	T	A	18202	8891	48	1	1	27	5.493e-05	18205	1	FALSE	NA	NA	NA	NA	NA	NA
NC_045512.2	15523	A	T	18205	9073	48	1	0	34	5.49089e-05	18212	0.999998	FALSE	NA	NA	NA	NA	NA	NA
NC_045512.2	15523	A	G	18205	9073	48	1	0	26	5.49089e-05	18212	1	FALSE	NA	NA	NA	NA	NA	NA
NC_045512.2	15523	A	C	18205	9073	48	5	4	31	0.000274544	18212	0.998704	FALSE	NA	NA	NA	NA	NA	NA
NC_045512.2	15524	A	C	17944	9197	47	2	0	26	0.000111445	17946	1	FALSE	NA	NA	NA	NA	NA	NA
NC_045512.2	15525	C	G	18187	9211	47	1	1	34	5.49813e-05	18188	0.999998	FALSE	NA	NA	NA	NA	NA	NA
NC_045512.2	15526	A	T	17843	8925	48	1	1	34	5.60412e-05	17844	0.999996	FALSE	NA	NA	NA	NA	NA	NA
NC_045512.2	15527	T	G	17756	8726	47	2	1	30	0.000112625	17758	0.999962	FALSE	NA	NA	NA	NA	NA	NA
NC_045512.2	15528	T	C	17958	8947	48	2	1	51	0.000111352	17961	0.249993	FALSE	NA	NA	NA	NA	NA	NA
NC_045512.2	15528	T	A	17958	8947	48	1	0	26	5.56762e-05	17961	1	FALSE	NA	NA	NA	NA	NA	NA
NC_045512.2	15529	T	C	17865	8800	47	1	1	34	5.59722e-05	17866	0.999996	FALSE	NA	NA	NA	NA	NA	NA
NC_045512.2	15530	G	T	18012	8914	48	1	0	26	5.55062e-05	18016	1	FALSE	NA	NA	NA	NA	NA	NA
NC_045512.2	15530	G	C	18012	8914	48	1	0	27	5.55062e-05	18016	1	FALSE	NA	NA	NA	NA	NA	NA
NC_045512.2	15530	G	A	18012	8914	48	2	1	51	0.000111012	18016	0.249979	FALSE	NA	NA	NA	NA	NA	NA
NC_045512.2	15531	T	C	18054	9156	48	1	0	34	5.53833e-05	18056	0.999998	FALSE	NA	NA	NA	NA	NA	NA
NC_045512.2	15531	T	A	18054	9156	48	1	0	26	5.53833e-05	18056	1	FALSE	NA	NA	NA	NA	NA	NA
NC_045512.2	15533	A	T	17910	9067	48	2	2	30	0.000111645	17914	0.999962	FALSE	NA	NA	NA	NA	NA	NA
NC_045512.2	15533	A	G	17910	9067	48	2	1	40	0.000111645	17914	0.499979	FALSE	NA	NA	NA	NA	NA	NA
NC_045512.2	15534	A	C	16855	9090	46	12	0	28	0.000711448	16867	1	FALSE	NA	NA	NA	NA	NA	NA
NC_045512.2	15535	G	T	17884	9066	48	3	3	34	0.000167701	17889	0.999799	FALSE	NA	NA	NA	NA	NA	NA
NC_045512.2	15535	G	C	17884	9066	48	2	1	26	0.000111801	17889	1	FALSE	NA	NA	NA	NA	NA	NA
NC_045512.2	15536	C	T	15206	7396	47	2	1	64	0.00013151	15208	0.250008	FALSE	NA	NA	NA	NA	NA	NA
NC_045512.2	15537	T	C	15137	7181	47	1	0	68	6.60546e-05	15139	0.5	FALSE	NA	NA	NA	NA	NA	NA
NC_045512.2	15537	T	A	15137	7181	47	1	1	27	6.60546e-05	15139	1	FALSE	NA	NA	NA	NA	NA	NA
NC_045512.2	15538	G	C	15854	7491	47	1	1	27	6.30716e-05	15855	1	FALSE	NA	NA	NA	NA	NA	NA
NC_045512.2	15539	T	C	15788	7411	47	2	1	34	0.000126662	15790	0.999863	FALSE	NA	NA	NA	NA	NA	NA
NC_045512.2	15540	C	T	15916	7585	47	1	0	68	6.28141e-05	15920	0.499969	FALSE	NA	NA	NA	NA	NA	NA
NC_045512.2	15540	C	G	15916	7585	47	3	2	34	0.000188442	15920	0.999346	FALSE	NA	NA	NA	NA	NA	NA
NC_045512.2	15541	A	C	15741	7561	47	2	0	27	0.000127041	15743	1	FALSE	NA	NA	NA	NA	NA	NA
NC_045512.2	15542	C	T	15692	7647	46	1	0	34	6.37146e-05	15695	0.999985	FALSE	NA	NA	NA	NA	NA	NA
NC_045512.2	15542	C	G	15692	7647	46	2	1	29	0.000127429	15695	1	FALSE	NA	NA	NA	NA	NA	NA
NC_045512.2	15543	G	A	16116	7618	47	1	0	68	6.20463e-05	16117	0.500016	FALSE	NA	NA	NA	NA	NA	NA
NC_045512.2	15544	G	T	16227	7526	46	1	1	34	6.15839e-05	16238	0.999992	FALSE	NA	NA	NA	NA	NA	NA
NC_045512.2	15544	G	A	16227	7526	46	10	3	41	0.000615839	16238	0.00585276	TRUE	NA	NA	NA	NA	NA	NA
NC_045512.2	15545	C	G	16352	7705	47	1	1	27	6.11509e-05	16353	1	FALSE	NA	NA	NA	NA	NA	NA
NC_045512.2	15546	C	G	16444	7821	47	2	0	27	0.00012161	16446	1	FALSE	NA	NA	NA	NA	NA	NA
NC_045512.2	15547	A	T	16150	7753	47	1	1	27	6.18965e-05	16156	1	FALSE	NA	NA	NA	NA	NA	NA
NC_045512.2	15547	A	G	16150	7753	47	3	1	45	0.00018569	16156	0.312442	FALSE	NA	NA	NA	NA	NA	NA
NC_045512.2	15547	A	C	16150	7753	47	2	0	30	0.000123793	16156	0.999928	FALSE	NA	NA	NA	NA	NA	NA
NC_045512.2	15548	A	T	16068	7874	46	1	0	26	6.22084e-05	16075	1	FALSE	NA	NA	NA	NA	NA	NA
NC_045512.2	15548	A	G	16068	7874	46	2	0	30	0.000124417	16075	0.999928	FALSE	NA	NA	NA	NA	NA	NA
NC_045512.2	15548	A	C	16068	7874	46	4	0	27	0.000248834	16075	1	FALSE	NA	NA	NA	NA	NA	NA
NC_045512.2	15549	T	C	16765	7789	47	1	1	27	5.96374e-05	16768	1	FALSE	NA	NA	NA	NA	NA	NA
NC_045512.2	15549	T	A	16765	7789	47	2	0	30	0.000119275	16768	0.999928	FALSE	NA	NA	NA	NA	NA	NA
NC_045512.2	15550	G	T	16947	7875	47	1	1	27	5.89971e-05	16950	1	FALSE	NA	NA	NA	NA	NA	NA
NC_045512.2	15550	G	C	16947	7875	47	1	0	26	5.89971e-05	16950	1	FALSE	NA	NA	NA	NA	NA	NA
NC_045512.2	15550	G	A	16947	7875	47	1	0	34	5.89971e-05	16950	0.999992	FALSE	NA	NA	NA	NA	NA	NA
NC_045512.2	15551	T	G	15847	6668	44	11	10	27	0.000693569	15860	1	FALSE	NA	NA	NA	NA	NA	NA
NC_045512.2	15551	T	C	15847	6668	44	2	1	34	0.000126103	15860	0.999862	FALSE	NA	NA	NA	NA	NA	NA
NC_045512.2	15552	T	A	16720	7658	46	1	1	26	5.9805e-05	16721	1	FALSE	NA	NA	NA	NA	NA	NA
NC_045512.2	15553	A	T	16983	8009	47	1	0	27	5.88755e-05	16985	1	FALSE	NA	NA	NA	NA	NA	NA
NC_045512.2	15553	A	G	16983	8009	47	1	0	26	5.88755e-05	16985	1	FALSE	NA	NA	NA	NA	NA	NA
NC_045512.2	15554	A	T	16451	8119	46	1	0	26	6.0757e-05	16459	1	FALSE	NA	NA	NA	NA	NA	NA
NC_045512.2	15554	A	C	16451	8119	46	7	2	27	0.000425299	16459	1	FALSE	NA	NA	NA	NA	NA	NA
NC_045512.2	15555	T	G	17167	8064	47	2	1	27	0.000116475	17171	1	FALSE	NA	NA	NA	NA	NA	NA
NC_045512.2	15555	T	C	17167	8064	47	1	0	34	5.82377e-05	17171	0.999996	FALSE	NA	NA	NA	NA	NA	NA
NC_045512.2	15555	T	A	17167	8064	47	1	0	26	5.82377e-05	17171	1	FALSE	NA	NA	NA	NA	NA	NA
NC_045512.2	15556	G	T	17002	8139	47	3	3	27	0.000176408	17006	1	FALSE	NA	NA	NA	NA	NA	NA
NC_045512.2	15556	G	A	17002	8139	47	1	1	34	5.88028e-05	17006	0.999996	FALSE	NA	NA	NA	NA	NA	NA
NC_045512.2	15557	C	G	16746	8377	46	4	2	26	0.000238792	16751	1	FALSE	NA	NA	NA	NA	NA	NA
NC_045512.2	15557	C	A	16746	8377	46	1	0	26	5.96979e-05	16751	1	FALSE	NA	NA	NA	NA	NA	NA
NC_045512.2	15558	A	T	16640	8328	46	1	1	34	6.00673e-05	16648	0.999992	FALSE	NA	NA	NA	NA	NA	NA
NC_045512.2	15558	A	C	16640	8328	46	7	0	28	0.000420471	16648	1	FALSE	NA	NA	NA	NA	NA	NA
NC_045512.2	15559	C	G	17539	8394	46	1	1	26	5.70125e-05	17540	1	FALSE	NA	NA	NA	NA	NA	NA
NC_045512.2	15560	T	G	17574	8387	46	2	1	30	0.000113792	17576	0.999962	FALSE	NA	NA	NA	NA	NA	NA
NC_045512.2	15561	T	G	17736	8119	44	4	3	28	0.000225466	17741	1	FALSE	NA	NA	NA	NA	NA	NA
NC_045512.2	15561	T	A	17736	8119	44	1	0	34	5.63666e-05	17741	0.999996	FALSE	NA	NA	NA	NA	NA	NA
NC_045512.2	15562	T	C	18433	8721	47	1	1	24	5.42446e-05	18435	1	FALSE	NA	NA	NA	NA	NA	NA
NC_045512.2	15562	T	A	18433	8721	47	1	0	26	5.42446e-05	18435	1	FALSE	NA	NA	NA	NA	NA	NA
NC_045512.2	15563	T	A	18203	8598	46	1	1	27	5.4933e-05	18204	1	FALSE	NA	NA	NA	NA	NA	NA
NC_045512.2	15564	A	C	18450	8779	47	2	2	27	0.000108389	18452	1	FALSE	NA	NA	NA	NA	NA	NA
NC_045512.2	15566	C	A	18395	8808	46	2	0	23	0.000108713	18397	1	FALSE	NA	NA	NA	NA	NA	NA
NC_045512.2	15567	T	G	18508	8753	47	1	1	34	5.40249e-05	18510	0.999998	FALSE	NA	NA	NA	NA	NA	NA
NC_045512.2	15567	T	A	18508	8753	47	1	1	27	5.40249e-05	18510	1	FALSE	NA	NA	NA	NA	NA	NA
NC_045512.2	15568	A	C	17854	8433	46	3	0	24	0.000168001	17857	1	FALSE	NA	NA	NA	NA	NA	NA
NC_045512.2	15569	C	T	17789	8602	45	1	0	46	5.6205e-05	17792	0.749993	FALSE	NA	NA	NA	NA	NA	NA
NC_045512.2	15569	C	G	17789	8602	45	1	0	26	5.6205e-05	17792	1	FALSE	NA	NA	NA	NA	NA	NA
NC_045512.2	15569	C	A	17789	8602	45	1	0	27	5.6205e-05	17792	1	FALSE	NA	NA	NA	NA	NA	NA
NC_045512.2	15570	T	A	17220	7980	46	2	0	30	0.000116131	17222	0.999962	FALSE	NA	NA	NA	NA	NA	NA
NC_045512.2	15571	G	C	17198	8008	46	2	0	26	0.000116272	17201	1	FALSE	NA	NA	NA	NA	NA	NA
NC_045512.2	15571	G	A	17198	8008	46	1	1	68	5.81362e-05	17201	0.499985	FALSE	NA	NA	NA	NA	NA	NA
NC_045512.2	15572	A	C	17276	8044	46	1	1	34	5.78804e-05	17277	0.999996	FALSE	NA	NA	NA	NA	NA	NA
NC_045512.2	15573	T	-G	17279	8043	46	1	0	20	5.78737e-05	17279	1	FALSE	NA	NA	NA	NA	NA	NA
NC_045512.2	15574	G	T	17112	7979	45	1	1	20	5.84283e-05	17115	1	FALSE	NA	NA	NA	NA	NA	NA
NC_045512.2	15574	G	C	17112	7979	45	2	2	34	0.000116857	17115	0.999962	FALSE	NA	NA	NA	NA	NA	NA
NC_045512.2	15576	T	G	17124	7982	45	1	0	34	5.83873e-05	17127	0.999996	FALSE	NA	NA	NA	NA	NA	NA
NC_045512.2	15576	T	A	17124	7982	45	2	0	30	0.000116775	17127	0.999962	FALSE	NA	NA	NA	NA	NA	NA
NC_045512.2	15576	T	-A	17124	7982	45	1	0	20	5.83873e-05	17127	1	FALSE	NA	NA	NA	NA	NA	NA
NC_045512.2	15578	A	T	17145	8008	46	2	1	26	0.000116638	17147	1	FALSE	NA	NA	NA	NA	NA	NA
NC_045512.2	15579	C	G	16325	8045	44	1	1	34	6.12445e-05	16328	0.999992	FALSE	NA	NA	NA	NA	NA	NA
NC_045512.2	15579	C	A	16325	8045	44	2	0	30	0.000122489	16328	0.999928	FALSE	NA	NA	NA	NA	NA	NA
NC_045512.2	15579	C	-A	16325	8045	44	1	0	20	6.12445e-05	16328	1	FALSE	NA	NA	NA	NA	NA	NA
NC_045512.2	15580	A	T	16749	8209	45	1	0	20	5.96944e-05	16752	1	FALSE	NA	NA	NA	NA	NA	NA
NC_045512.2	15580	A	G	16749	8209	45	2	1	34	0.000119389	16752	0.999928	FALSE	NA	NA	NA	NA	NA	NA
NC_045512.2	15581	A	G	17204	8231	46	2	2	47	0.000116239	17206	0.500022	FALSE	NA	NA	NA	NA	NA	NA
NC_045512.2	15582	A	G	16784	8282	45	1	0	68	5.9577e-05	16785	0.500015	FALSE	NA	NA	NA	NA	NA	NA
NC_045512.2	15584	T	G	16686	7988	46	4	1	32	0.000239664	16690	0.998716	FALSE	NA	NA	NA	NA	NA	NA
NC_045512.2	15585	T	G	16810	8319	46	1	1	27	5.94778e-05	16813	1	FALSE	NA	NA	NA	NA	NA	NA
NC_045512.2	15585	T	C	16810	8319	46	1	1	46	5.94778e-05	16813	0.749993	FALSE	NA	NA	NA	NA	NA	NA
NC_045512.2	15585	T	A	16810	8319	46	1	1	27	5.94778e-05	16813	1	FALSE	NA	NA	NA	NA	NA	NA
NC_045512.2	15586	G	C	16999	8429	46	2	1	30	0.00011764	17001	0.999962	FALSE	NA	NA	NA	NA	NA	NA
NC_045512.2	15587	C	G	16896	8496	46	2	2	27	0.00011835	16899	1	FALSE	NA	NA	NA	NA	NA	NA
NC_045512.2	15587	C	A	16896	8496	46	1	0	27	5.91751e-05	16899	1	FALSE	NA	NA	NA	NA	NA	NA
NC_045512.2	15588	C	T	16989	8555	46	3	1	56	0.000176543	16993	0.124989	FALSE	NA	NA	NA	NA	NA	NA
NC_045512.2	15588	C	A	16989	8555	46	1	1	34	5.88478e-05	16993	0.999992	FALSE	NA	NA	NA	NA	NA	NA
NC_045512.2	15589	G	C	16983	8537	46	1	1	27	5.8872e-05	16986	1	FALSE	NA	NA	NA	NA	NA	NA
NC_045512.2	15589	G	A	16983	8537	46	2	1	34	0.000117744	16986	0.999928	FALSE	NA	NA	NA	NA	NA	NA
NC_045512.2	15590	A	G	16825	8719	45	1	1	68	5.94142e-05	16831	0.499941	FALSE	NA	NA	NA	NA	NA	NA
NC_045512.2	15590	A	C	16825	8719	45	5	0	29	0.000297071	16831	1	FALSE	NA	NA	NA	NA	NA	NA
NC_045512.2	15591	T	G	16819	8374	46	4	2	26	0.000237741	16825	1	FALSE	NA	NA	NA	NA	NA	NA
NC_045512.2	15591	T	C	16819	8374	46	1	1	24	5.94354e-05	16825	1	FALSE	NA	NA	NA	NA	NA	NA
NC_045512.2	15591	T	A	16819	8374	46	1	1	20	5.94354e-05	16825	1	FALSE	NA	NA	NA	NA	NA	NA
NC_045512.2	15592	A	T	16899	8716	45	4	1	31	0.00023663	16904	0.998715	FALSE	NA	NA	NA	NA	NA	NA
NC_045512.2	15592	A	G	16899	8716	45	1	0	26	5.91576e-05	16904	1	FALSE	NA	NA	NA	NA	NA	NA
NC_045512.2	15593	A	T	17027	8774	46	6	2	26	0.000352237	17034	1	FALSE	NA	NA	NA	NA	NA	NA
NC_045512.2	15593	A	G	17027	8774	46	1	0	34	5.87061e-05	17034	0.999996	FALSE	NA	NA	NA	NA	NA	NA
NC_045512.2	15594	G	T	17326	8685	46	2	1	27	0.0001154	17331	1	FALSE	NA	NA	NA	NA	NA	NA
NC_045512.2	15594	G	C	17326	8685	46	1	1	26	5.77001e-05	17331	1	FALSE	NA	NA	NA	NA	NA	NA
NC_045512.2	15594	G	A	17326	8685	46	2	2	34	0.0001154	17331	0.999962	FALSE	NA	NA	NA	NA	NA	NA
NC_045512.2	15595	T	A	16942	8419	45	2	0	23	0.000118036	16944	1	FALSE	NA	NA	NA	NA	NA	NA
NC_045512.2	15596	A	C	17271	8826	46	2	2	26	0.000115788	17273	1	FALSE	NA	NA	NA	NA	NA	NA
NC_045512.2	15597	T	A	17195	8663	46	2	2	26	0.000116299	17197	1	FALSE	NA	NA	NA	NA	NA	NA
NC_045512.2	15598	G	C	17273	8792	46	3	0	28	0.000173651	17276	1	FALSE	NA	NA	NA	NA	NA	NA
NC_045512.2	15599	T	G	17070	8544	46	7	6	27	0.00040986	17079	1	FALSE	NA	NA	NA	NA	NA	NA
NC_045512.2	15599	T	C	17070	8544	46	1	0	68	5.85514e-05	17079	0.499898	FALSE	NA	NA	NA	NA	NA	NA
NC_045512.2	15599	T	A	17070	8544	46	1	0	20	5.85514e-05	17079	1	FALSE	NA	NA	NA	NA	NA	NA
NC_045512.2	15600	C	G	17099	8706	46	1	0	27	5.84693e-05	17103	1	FALSE	NA	NA	NA	NA	NA	NA
NC_045512.2	15600	C	A	17099	8706	46	3	1	26	0.000175408	17103	1	FALSE	NA	NA	NA	NA	NA	NA
NC_045512.2	15601	C	G	16905	8802	46	4	0	26	0.00023656	16909	1	FALSE	NA	NA	NA	NA	NA	NA
NC_045512.2	15602	G	T	16937	8622	46	2	2	26	0.000118029	16945	1	FALSE	NA	NA	NA	NA	NA	NA
NC_045512.2	15602	G	C	16937	8622	46	2	1	26	0.000118029	16945	1	FALSE	NA	NA	NA	NA	NA	NA
NC_045512.2	15602	G	A	16937	8622	46	4	3	37	0.000236058	16945	0.998713	FALSE	NA	NA	NA	NA	NA	NA
NC_045512.2	15603	C	T	16985	8886	46	1	1	68	5.88685e-05	16987	0.499985	FALSE	NA	NA	NA	NA	NA	NA
NC_045512.2	15603	C	A	16985	8886	46	1	1	68	5.88685e-05	16987	0.499985	FALSE	NA	NA	NA	NA	NA	NA
NC_045512.2	15604	A	T	16875	8921	46	3	2	28	0.000177725	16880	1	FALSE	NA	NA	NA	NA	NA	NA
NC_045512.2	15604	A	G	16875	8921	46	1	0	26	5.92417e-05	16880	1	FALSE	NA	NA	NA	NA	NA	NA
NC_045512.2	15604	A	C	16875	8921	46	1	0	26	5.92417e-05	16880	1	FALSE	NA	NA	NA	NA	NA	NA
NC_045512.2	15605	A	T	17428	9100	46	1	1	26	5.73526e-05	17436	1	FALSE	NA	NA	NA	NA	NA	NA
NC_045512.2	15605	A	G	17428	9100	46	2	0	51	0.000114705	17436	0.249921	FALSE	NA	NA	NA	NA	NA	NA
NC_045512.2	15605	A	C	17428	9100	46	5	0	28	0.000286763	17436	1	FALSE	NA	NA	NA	NA	NA	NA
NC_045512.2	15606	T	G	16256	7833	44	6	5	28	0.000368913	16264	1	FALSE	NA	NA	NA	NA	NA	NA
NC_045512.2	15606	T	C	16256	7833	44	2	1	30	0.000122971	16264	0.999928	FALSE	NA	NA	NA	NA	NA	NA
NC_045512.2	15607	T	C	17826	9221	46	2	2	51	0.000112164	17831	0.249965	FALSE	NA	NA	NA	NA	NA	NA
NC_045512.2	15607	T	A	17826	9221	46	3	1	29	0.000168246	17831	1	FALSE	NA	NA	NA	NA	NA	NA
NC_045512.2	15608	T	C	17812	9476	46	2	1	47	0.000112259	17816	0.499979	FALSE	NA	NA	NA	NA	NA	NA
NC_045512.2	15608	T	A	17812	9476	46	2	2	30	0.000112259	17816	0.999962	FALSE	NA	NA	NA	NA	NA	NA
NC_045512.2	15608	T	-A	17812	9476	46	2	0	20	0.000112259	17816	1	FALSE	NA	NA	NA	NA	NA	NA
NC_045512.2	15608	T	+G	17812	9476	46	1	0	20	5.61293e-05	17816	1	FALSE	NA	NA	NA	NA	NA	NA
NC_045512.2	15609	A	G	17345	9060	44	1	0	34	5.76402e-05	17349	0.999996	FALSE	NA	NA	NA	NA	NA	NA
NC_045512.2	15609	A	C	17345	9060	44	3	0	28	0.000172921	17349	1	FALSE	NA	NA	NA	NA	NA	NA
NC_045512.2	15610	C	T	17513	9382	45	1	1	34	5.70809e-05	17519	0.999996	FALSE	NA	NA	NA	NA	NA	NA
NC_045512.2	15610	C	G	17513	9382	45	1	1	27	5.70809e-05	17519	1	FALSE	NA	NA	NA	NA	NA	NA
NC_045512.2	15610	C	A	17513	9382	45	4	1	28	0.000228324	17519	1	FALSE	NA	NA	NA	NA	NA	NA
NC_045512.2	15610	C	+A	17513	9382	45	1	0	20	5.70809e-05	17519	1	FALSE	NA	NA	NA	NA	NA	NA
NC_045512.2	15611	A	T	17685	9404	46	1	1	26	5.65419e-05	17686	1	FALSE	NA	NA	NA	NA	NA	NA
NC_045512.2	15611	A	+G	17685	9404	46	1	0	20	5.65419e-05	17686	1	FALSE	NA	NA	NA	NA	NA	NA
NC_045512.2	15612	A	T	17971	9916	45	1	0	26	5.56297e-05	17976	1	FALSE	NA	NA	NA	NA	NA	NA
NC_045512.2	15612	A	G	17971	9916	45	1	1	34	5.56297e-05	17976	0.999996	FALSE	NA	NA	NA	NA	NA	NA
NC_045512.2	15612	A	C	17971	9916	45	3	1	26	0.000166889	17976	1	FALSE	NA	NA	NA	NA	NA	NA
NC_045512.2	15613	C	T	17852	9967	45	1	1	60	5.60004e-05	17857	0.499958	FALSE	NA	NA	NA	NA	NA	NA
NC_045512.2	15613	C	A	17852	9967	45	4	0	28	0.000224002	17857	1	FALSE	NA	NA	NA	NA	NA	NA
NC_045512.2	15614	A	T	17441	9510	45	1	0	34	5.73296e-05	17443	0.999996	FALSE	NA	NA	NA	NA	NA	NA
NC_045512.2	15614	A	G	17441	9510	45	1	1	34	5.73296e-05	17443	0.999996	FALSE	NA	NA	NA	NA	NA	NA
NC_045512.2	15615	C	T	17361	9475	45	1	0	34	5.75937e-05	17363	0.999996	FALSE	NA	NA	NA	NA	NA	NA
NC_045512.2	15615	C	G	17361	9475	45	1	1	27	5.75937e-05	17363	1	FALSE	NA	NA	NA	NA	NA	NA
NC_045512.2	15615	C	-A	17361	9475	45	1	0	20	5.75937e-05	17363	1	FALSE	NA	NA	NA	NA	NA	NA
NC_045512.2	15616	A	T	16819	9183	45	4	1	28	0.000237741	16825	1	FALSE	NA	NA	NA	NA	NA	NA
NC_045512.2	15616	A	G	16819	9183	45	1	1	34	5.94354e-05	16825	0.999992	FALSE	NA	NA	NA	NA	NA	NA
NC_045512.2	15616	A	C	16819	9183	45	1	0	26	5.94354e-05	16825	1	FALSE	NA	NA	NA	NA	NA	NA
NC_045512.2	15617	G	T	17880	9327	45	3	3	26	0.000167738	17885	1	FALSE	NA	NA	NA	NA	NA	NA
NC_045512.2	15617	G	C	17880	9327	45	1	0	34	5.59128e-05	17885	0.999996	FALSE	NA	NA	NA	NA	NA	NA
NC_045512.2	15617	G	A	17880	9327	45	1	1	34	5.59128e-05	17885	0.999996	FALSE	NA	NA	NA	NA	NA	NA
NC_045512.2	15617	G	-A	17880	9327	45	1	0	20	5.59128e-05	17885	1	FALSE	NA	NA	NA	NA	NA	NA
NC_045512.2	15618	A	T	17898	9308	45	3	3	27	0.000167588	17901	1	FALSE	NA	NA	NA	NA	NA	NA
NC_045512.2	15619	C	G	19764	9930	45	3	3	24	0.00015176	19768	1	FALSE	NA	NA	NA	NA	NA	NA
NC_045512.2	15619	C	A	19764	9930	45	1	0	27	5.05868e-05	19768	1	FALSE	NA	NA	NA	NA	NA	NA
NC_045512.2	15620	T	G	17992	8382	43	21	21	27	0.0011657	18015	1	FALSE	NA	NA	NA	NA	NA	NA
NC_045512.2	15620	T	C	17992	8382	43	1	1	34	5.55093e-05	18015	0.999998	FALSE	NA	NA	NA	NA	NA	NA
NC_045512.2	15620	T	A	17992	8382	43	1	0	26	5.55093e-05	18015	1	FALSE	NA	NA	NA	NA	NA	NA
NC_045512.2	15621	T	A	19446	10024	47	2	0	30	0.000102838	19448	0.99999	FALSE	NA	NA	NA	NA	NA	NA
NC_045512.2	15622	T	G	19552	9996	47	3	2	29	0.00015339	19558	1	FALSE	NA	NA	NA	NA	NA	NA
NC_045512.2	15622	T	C	19552	9996	47	1	1	26	5.113e-05	19558	1	FALSE	NA	NA	NA	NA	NA	NA
NC_045512.2	15622	T	A	19552	9996	47	2	1	25	0.00010226	19558	1	FALSE	NA	NA	NA	NA	NA	NA
NC_045512.2	15623	A	T	19395	10009	46	2	2	30	0.000103098	19399	0.99999	FALSE	NA	NA	NA	NA	NA	NA
NC_045512.2	15623	A	G	19395	10009	46	1	0	26	5.1549e-05	19399	1	FALSE	NA	NA	NA	NA	NA	NA
NC_045512.2	15623	A	C	19395	10009	46	1	0	26	5.1549e-05	19399	1	FALSE	NA	NA	NA	NA	NA	NA
NC_045512.2	15624	T	G	19021	9508	45	10	9	25	0.000525431	19032	1	FALSE	NA	NA	NA	NA	NA	NA
NC_045512.2	15624	T	C	19021	9508	45	1	1	27	5.25431e-05	19032	1	FALSE	NA	NA	NA	NA	NA	NA
NC_045512.2	15625	G	C	19379	10141	46	4	0	28	0.000206366	19383	1	FALSE	NA	NA	NA	NA	NA	NA
NC_045512.2	15625	G	-A	19379	10141	46	1	0	20	5.15916e-05	19383	1	FALSE	NA	NA	NA	NA	NA	NA
NC_045512.2	15626	A	T	18133	9108	47	3	2	31	0.000165389	18139	0.99989	FALSE	NA	NA	NA	NA	NA	NA
NC_045512.2	15626	A	G	18133	9108	47	3	1	40	0.000165389	18139	0.312448	FALSE	NA	NA	NA	NA	NA	NA
NC_045512.2	15626	A	-G	18133	9108	47	1	0	20	5.51298e-05	18139	1	FALSE	NA	NA	NA	NA	NA	NA
NC_045512.2	15626	A	+G	18133	9108	47	1	0	20	5.51298e-05	18139	1	FALSE	NA	NA	NA	NA	NA	NA
NC_045512.2	15627	G	T	18040	8879	46	2	2	26	0.000110828	18046	1	FALSE	NA	NA	NA	NA	NA	NA
NC_045512.2	15627	G	C	18040	8879	46	4	4	26	0.000221656	18046	1	FALSE	NA	NA	NA	NA	NA	NA
NC_045512.2	15627	G	+C	18040	8879	46	1	0	20	5.54078e-05	18048	1	FALSE	NA	NA	NA	NA	NA	NA
NC_045512.2	15628	T	G	15575	7202	49	1	1	20	6.41972e-05	15577	1	FALSE	NA	NA	NA	NA	NA	NA
NC_045512.2	15628	T	C	15575	7202	49	1	1	27	6.41972e-05	15577	1	FALSE	NA	NA	NA	NA	NA	NA
NC_045512.2	15629	G	T	15674	7304	49	1	1	27	6.37918e-05	15676	1	FALSE	NA	NA	NA	NA	NA	NA
NC_045512.2	15629	G	C	15674	7304	49	1	1	34	6.37918e-05	15676	0.999985	FALSE	NA	NA	NA	NA	NA	NA
NC_045512.2	15630	T	A	15497	7276	48	4	3	26	0.000258048	15501	1	FALSE	NA	NA	NA	NA	NA	NA
NC_045512.2	15631	C	G	15624	7639	50	1	1	27	6.39918e-05	15627	1	FALSE	NA	NA	NA	NA	NA	NA
NC_045512.2	15631	C	A	15624	7639	50	2	1	25	0.000127984	15627	1	FALSE	NA	NA	NA	NA	NA	NA
NC_045512.2	15632	T	C	15637	7559	49	2	2	27	0.000127869	15641	1	FALSE	NA	NA	NA	NA	NA	NA
NC_045512.2	15632	T	A	15637	7559	49	2	2	27	0.000127869	15641	1	FALSE	NA	NA	NA	NA	NA	NA
NC_045512.2	15633	C	G	15708	7606	49	1	1	26	6.36537e-05	15710	1	FALSE	NA	NA	NA	NA	NA	NA
NC_045512.2	15633	C	A	15708	7606	49	1	0	20	6.36537e-05	15710	1	FALSE	NA	NA	NA	NA	NA	NA
NC_045512.2	15633	C	+T	15708	7606	49	1	0	20	6.36537e-05	15710	1	FALSE	NA	NA	NA	NA	NA	NA
NC_045512.2	15634	T	A	15663	7522	49	7	6	32	0.000446713	15670	0.973811	FALSE	NA	NA	NA	NA	NA	NA
NC_045512.2	15635	A	T	15748	7791	50	3	1	40	0.000190428	15754	0.31244	FALSE	NA	NA	NA	NA	NA	NA
NC_045512.2	15635	A	G	15748	7791	50	1	1	34	6.34759e-05	15754	0.999985	FALSE	NA	NA	NA	NA	NA	NA
NC_045512.2	15635	A	C	15748	7791	50	2	0	34	0.000126952	15754	0.999863	FALSE	NA	NA	NA	NA	NA	NA
NC_045512.2	15636	T	G	15830	7704	50	5	3	28	0.000315716	15837	1	FALSE	NA	NA	NA	NA	NA	NA
NC_045512.2	15636	T	C	15830	7704	50	1	0	34	6.31433e-05	15837	0.999985	FALSE	NA	NA	NA	NA	NA	NA
NC_045512.2	15636	T	A	15830	7704	50	1	1	27	6.31433e-05	15837	1	FALSE	NA	NA	NA	NA	NA	NA
NC_045512.2	15637	A	T	15560	7793	49	5	0	27	0.000321213	15566	1	FALSE	NA	NA	NA	NA	NA	NA
NC_045512.2	15637	A	G	15560	7793	49	1	0	46	6.42426e-05	15566	0.749944	FALSE	NA	NA	NA	NA	NA	NA
NC_045512.2	15638	G	T	15900	7601	49	5	5	25	0.000314327	15907	1	FALSE	NA	NA	NA	NA	NA	NA
NC_045512.2	15638	G	C	15900	7601	49	2	2	26	0.000125731	15907	1	FALSE	NA	NA	NA	NA	NA	NA
NC_045512.2	15639	A	G	16024	7701	50	1	0	27	6.23986e-05	16026	1	FALSE	NA	NA	NA	NA	NA	NA
NC_045512.2	15639	A	C	16024	7701	50	1	1	68	6.23986e-05	16026	0.5	FALSE	NA	NA	NA	NA	NA	NA
NC_045512.2	15640	A	T	15912	7656	50	3	1	29	0.000188407	15923	1	FALSE	NA	NA	NA	NA	NA	NA
NC_045512.2	15640	A	G	15912	7656	50	6	1	34	0.000376813	15923	0.986703	FALSE	NA	NA	NA	NA	NA	NA
NC_045512.2	15640	A	C	15912	7656	50	2	1	27	0.000125604	15923	1	FALSE	NA	NA	NA	NA	NA	NA
NC_045512.2	15641	A	G	15971	7905	51	2	1	43	0.000125196	15975	0.499977	FALSE	NA	NA	NA	NA	NA	NA
NC_045512.2	15641	A	C	15971	7905	51	2	0	26	0.000125196	15975	1	FALSE	NA	NA	NA	NA	NA	NA
NC_045512.2	15642	T	G	15746	7597	50	2	2	34	0.000126984	15750	0.999863	FALSE	NA	NA	NA	NA	NA	NA
NC_045512.2	15642	T	C	15746	7597	50	1	1	26	6.34921e-05	15750	1	FALSE	NA	NA	NA	NA	NA	NA
NC_045512.2	15642	T	A	15746	7597	50	1	1	20	6.34921e-05	15750	1	FALSE	NA	NA	NA	NA	NA	NA
NC_045512.2	15643	A	T	15687	7880	50	2	0	30	0.000127445	15693	0.999863	FALSE	NA	NA	NA	NA	NA	NA
NC_045512.2	15643	A	G	15687	7880	50	2	0	53	0.000127445	15693	0.249928	FALSE	NA	NA	NA	NA	NA	NA
NC_045512.2	15643	A	C	15687	7880	50	2	1	34	0.000127445	15693	0.999863	FALSE	NA	NA	NA	NA	NA	NA
NC_045512.2	15644	G	T	15680	7772	50	2	0	26	0.000127502	15686	1	FALSE	NA	NA	NA	NA	NA	NA
NC_045512.2	15644	G	C	15680	7772	50	3	2	29	0.000191253	15686	1	FALSE	NA	NA	NA	NA	NA	NA
NC_045512.2	15644	G	A	15680	7772	50	1	1	26	6.37511e-05	15686	1	FALSE	NA	NA	NA	NA	NA	NA
NC_045512.2	15645	A	G	15666	7840	50	1	0	34	6.38203e-05	15669	0.999985	FALSE	NA	NA	NA	NA	NA	NA
NC_045512.2	15645	A	C	15666	7840	50	2	0	22	0.000127641	15669	1	FALSE	NA	NA	NA	NA	NA	NA
NC_045512.2	15646	G	T	15849	7760	50	2	2	30	0.000126159	15853	0.999863	FALSE	NA	NA	NA	NA	NA	NA
NC_045512.2	15646	G	C	15849	7760	50	2	2	27	0.000126159	15853	1	FALSE	NA	NA	NA	NA	NA	NA
NC_045512.2	15647	A	T	15374	7731	48	1	1	26	6.50407e-05	15375	1	FALSE	NA	NA	NA	NA	NA	NA
NC_045512.2	15647	A	-TGTTG	15374	7731	48	1	0	20	6.50407e-05	15375	1	FALSE	NA	NA	NA	NA	NA	NA
NC_045512.2	15648	T	G	15610	7451	49	1	1	20	6.40451e-05	15614	1	FALSE	NA	NA	NA	NA	NA	NA
NC_045512.2	15648	T	C	15610	7451	49	2	1	51	0.00012809	15614	0.24996	FALSE	NA	NA	NA	NA	NA	NA
NC_045512.2	15648	T	A	15610	7451	49	1	1	26	6.40451e-05	15614	1	FALSE	NA	NA	NA	NA	NA	NA
NC_045512.2	15650	T	G	15034	6791	47	17	17	28	0.00112934	15053	1	FALSE	NA	NA	NA	NA	NA	NA
NC_045512.2	15650	T	C	15034	6791	47	1	0	34	6.64319e-05	15053	0.999985	FALSE	NA	NA	NA	NA	NA	NA
NC_045512.2	15650	T	A	15034	6791	47	1	0	26	6.64319e-05	15053	1	FALSE	NA	NA	NA	NA	NA	NA
NC_045512.2	15651	T	G	15675	7736	51	2	0	27	0.000127551	15680	1	FALSE	NA	NA	NA	NA	NA	NA
NC_045512.2	15651	T	C	15675	7736	51	1	1	34	6.37755e-05	15680	0.999985	FALSE	NA	NA	NA	NA	NA	NA
NC_045512.2	15651	T	A	15675	7736	51	2	1	34	0.000127551	15680	0.999863	FALSE	NA	NA	NA	NA	NA	NA
NC_045512.2	15652	G	T	16390	8068	51	4	3	26	0.000243947	16397	1	FALSE	NA	NA	NA	NA	NA	NA
NC_045512.2	15652	G	C	16390	8068	51	2	1	23	0.000121974	16397	1	FALSE	NA	NA	NA	NA	NA	NA
NC_045512.2	15652	G	A	16390	8068	51	1	0	34	6.09868e-05	16397	0.999992	FALSE	NA	NA	NA	NA	NA	NA
NC_045512.2	15653	A	T	16327	8152	51	2	1	23	0.000122466	16331	1	FALSE	NA	NA	NA	NA	NA	NA
NC_045512.2	15653	A	C	16327	8152	51	2	0	30	0.000122466	16331	0.999928	FALSE	NA	NA	NA	NA	NA	NA
NC_045512.2	15654	C	G	16423	8150	51	1	1	34	6.08865e-05	16424	0.999992	FALSE	NA	NA	NA	NA	NA	NA
NC_045512.2	15655	A	T	16222	8009	51	1	0	24	6.16295e-05	16226	1	FALSE	NA	NA	NA	NA	NA	NA
NC_045512.2	15655	A	G	16222	8009	51	1	1	34	6.16295e-05	16226	0.999992	FALSE	NA	NA	NA	NA	NA	NA
NC_045512.2	15655	A	C	16222	8009	51	2	1	47	0.000123259	16226	0.499977	FALSE	NA	NA	NA	NA	NA	NA
NC_045512.2	15655	A	+ACAAC	16222	8009	51	1	0	20	6.16295e-05	16226	1	FALSE	NA	NA	NA	NA	NA	NA
NC_045512.2	15657	A	G	15963	7840	51	3	2	60	0.000187899	15966	0.125	FALSE	NA	NA	NA	NA	NA	NA
NC_045512.2	15658	G	C	16318	7986	50	1	0	27	6.12783e-05	16319	1	FALSE	NA	NA	NA	NA	NA	NA
NC_045512.2	15659	A	T	16369	7983	50	2	2	34	0.000122145	16374	0.999928	FALSE	NA	NA	NA	NA	NA	NA
NC_045512.2	15659	A	G	16369	7983	50	1	1	68	6.10724e-05	16374	0.499954	FALSE	NA	NA	NA	NA	NA	NA
NC_045512.2	15659	A	C	16369	7983	50	2	1	27	0.000122145	16374	1	FALSE	NA	NA	NA	NA	NA	NA
NC_045512.2	15660	C	T	16413	8055	50	1	0	68	6.09125e-05	16417	0.49997	FALSE	NA	NA	NA	NA	NA	NA
NC_045512.2	15660	C	G	16413	8055	50	2	1	26	0.000121825	16417	1	FALSE	NA	NA	NA	NA	NA	NA
NC_045512.2	15660	C	A	16413	8055	50	1	0	20	6.09125e-05	16417	1	FALSE	NA	NA	NA	NA	NA	NA
NC_045512.2	15661	T	G	14515	6184	46	25	25	29	0.00171916	14542	1	FALSE	NA	NA	NA	NA	NA	NA
NC_045512.2	15661	T	C	14515	6184	46	1	1	27	6.87663e-05	14542	1	FALSE	NA	NA	NA	NA	NA	NA
NC_045512.2	15661	T	A	14515	6184	46	1	0	34	6.87663e-05	14542	0.999969	FALSE	NA	NA	NA	NA	NA	NA
NC_045512.2	15662	T	G	15888	7647	51	2	2	26	0.000125842	15893	1	FALSE	NA	NA	NA	NA	NA	NA
NC_045512.2	15662	T	C	15888	7647	51	2	1	51	0.000125842	15893	0.249961	FALSE	NA	NA	NA	NA	NA	NA
NC_045512.2	15662	T	A	15888	7647	51	1	0	27	6.29208e-05	15893	1	FALSE	NA	NA	NA	NA	NA	NA
NC_045512.2	15662	T	+TG	15888	7647	51	1	0	20	6.29208e-05	15893	1	FALSE	NA	NA	NA	NA	NA	NA
NC_045512.2	15663	T	G	15856	7573	51	1	1	34	6.30557e-05	15859	0.999985	FALSE	NA	NA	NA	NA	NA	NA
NC_045512.2	15663	T	C	15856	7573	51	1	0	68	6.30557e-05	15859	0.499984	FALSE	NA	NA	NA	NA	NA	NA
NC_045512.2	15663	T	A	15856	7573	51	1	1	24	6.30557e-05	15859	1	FALSE	NA	NA	NA	NA	NA	NA
NC_045512.2	15664	G	C	15936	7607	51	1	0	27	6.27431e-05	15938	1	FALSE	NA	NA	NA	NA	NA	NA
NC_045512.2	15664	G	A	15936	7607	51	1	0	60	6.27431e-05	15938	0.5	FALSE	NA	NA	NA	NA	NA	NA
NC_045512.2	15665	T	G	15449	7069	49	11	11	26	0.000711376	15463	1	FALSE	NA	NA	NA	NA	NA	NA
NC_045512.2	15665	T	C	15449	7069	49	2	1	51	0.000129341	15463	0.249814	FALSE	NA	NA	NA	NA	NA	NA
NC_045512.2	15665	T	A	15449	7069	49	1	0	68	6.46705e-05	15463	0.499806	FALSE	NA	NA	NA	NA	NA	NA
NC_045512.2	15666	G	T	15880	7560	50	1	0	68	6.29604e-05	15883	0.499984	FALSE	NA	NA	NA	NA	NA	NA
NC_045512.2	15666	G	A	15880	7560	50	2	2	40	0.000125921	15883	0.5	FALSE	NA	NA	NA	NA	NA	NA
NC_045512.2	15667	A	T	15477	7240	51	1	1	27	6.45911e-05	15482	1	FALSE	NA	NA	NA	NA	NA	NA
NC_045512.2	15667	A	G	15477	7240	51	4	2	44	0.000258365	15482	0.18748	FALSE	NA	NA	NA	NA	NA	NA
NC_045512.2	15668	A	T	15152	7376	50	1	1	27	6.59718e-05	15158	1	FALSE	NA	NA	NA	NA	NA	NA
NC_045512.2	15668	A	G	15152	7376	50	1	0	68	6.59718e-05	15158	0.499934	FALSE	NA	NA	NA	NA	NA	NA
NC_045512.2	15668	A	C	15152	7376	50	4	0	30	0.000263887	15158	0.997792	FALSE	NA	NA	NA	NA	NA	NA
NC_045512.2	15669	T	G	15083	6915	50	8	8	29	0.000530117	15091	1	FALSE	NA	NA	NA	NA	NA	NA
NC_045512.2	15670	G	T	15297	7218	51	2	1	25	0.00013071	15301	1	FALSE	NA	NA	NA	NA	NA	NA
NC_045512.2	15670	G	C	15297	7218	51	2	2	27	0.00013071	15301	1	FALSE	NA	NA	NA	NA	NA	NA
NC_045512.2	15672	G	T	15665	7204	51	1	1	60	6.38284e-05	15667	0.5	FALSE	NA	NA	NA	NA	NA	NA
NC_045512.2	15672	G	C	15665	7204	51	1	1	34	6.38284e-05	15667	0.999985	FALSE	NA	NA	NA	NA	NA	NA
NC_045512.2	15673	T	G	15342	7056	50	2	2	30	0.000130344	15344	0.999863	FALSE	NA	NA	NA	NA	NA	NA
NC_045512.2	15674	T	G	14640	6277	47	16	16	27	0.0010917	14656	1	FALSE	NA	NA	NA	NA	NA	NA
NC_045512.2	15675	T	G	15656	7397	51	2	2	23	0.000127722	15659	1	FALSE	NA	NA	NA	NA	NA	NA
NC_045512.2	15675	T	A	15656	7397	51	1	1	27	6.3861e-05	15659	1	FALSE	NA	NA	NA	NA	NA	NA
NC_045512.2	15676	T	G	14992	6746	48	16	16	28	0.00106596	15010	1	FALSE	NA	NA	NA	NA	NA	NA
NC_045512.2	15676	T	C	14992	6746	48	2	1	34	0.000133245	15010	0.999862	FALSE	NA	NA	NA	NA	NA	NA
NC_045512.2	15677	A	C	15731	7383	51	3	3	31	0.00019067	15734	0.999346	FALSE	NA	NA	NA	NA	NA	NA
NC_045512.2	15678	C	G	15726	7537	51	2	0	30	0.000127154	15729	0.999863	FALSE	NA	NA	NA	NA	NA	NA
NC_045512.2	15678	C	A	15726	7537	51	1	0	20	6.35768e-05	15729	1	FALSE	NA	NA	NA	NA	NA	NA
NC_045512.2	15679	G	T	15712	7433	51	1	1	20	6.36335e-05	15715	1	FALSE	NA	NA	NA	NA	NA	NA
NC_045512.2	15679	G	C	15712	7433	51	2	1	26	0.000127267	15715	1	FALSE	NA	NA	NA	NA	NA	NA
NC_045512.2	15680	C	T	15683	7458	51	2	1	43	0.000127486	15688	0.499952	FALSE	NA	NA	NA	NA	NA	NA
NC_045512.2	15680	C	G	15683	7458	51	3	3	22	0.000191229	15688	1	FALSE	NA	NA	NA	NA	NA	NA
NC_045512.2	15681	A	T	14934	7252	50	1	0	34	6.69254e-05	14942	0.999969	FALSE	NA	NA	NA	NA	NA	NA
NC_045512.2	15681	A	G	14934	7252	50	1	0	34	6.69254e-05	14942	0.999969	FALSE	NA	NA	NA	NA	NA	NA
NC_045512.2	15681	A	C	14934	7252	50	6	0	26	0.000401553	14942	1	FALSE	NA	NA	NA	NA	NA	NA
NC_045512.2	15682	T	G	15142	6978	50	1	1	26	6.60197e-05	15147	1	FALSE	NA	NA	NA	NA	NA	NA
NC_045512.2	15682	T	C	15142	6978	50	1	1	60	6.60197e-05	15147	0.49995	FALSE	NA	NA	NA	NA	NA	NA
NC_045512.2	15682	T	A	15142	6978	50	3	3	28	0.000198059	15147	1	FALSE	NA	NA	NA	NA	NA	NA
NC_045512.2	15684	T	G	14470	6284	48	2	1	27	0.000138188	14473	1	FALSE	NA	NA	NA	NA	NA	NA
NC_045512.2	15684	T	C	14470	6284	48	1	1	26	6.90942e-05	14473	1	FALSE	NA	NA	NA	NA	NA	NA
NC_045512.2	15685	T	G	15375	7179	51	2	2	30	0.000130039	15380	0.999863	FALSE	NA	NA	NA	NA	NA	NA
NC_045512.2	15685	T	C	15375	7179	51	3	1	38	0.000195059	15380	0.999346	FALSE	NA	NA	NA	NA	NA	NA
NC_045512.2	15686	T	G	15172	6949	51	1	1	27	6.59022e-05	15174	1	FALSE	NA	NA	NA	NA	NA	NA
NC_045512.2	15686	T	A	15172	6949	51	1	0	26	6.59022e-05	15174	1	FALSE	NA	NA	NA	NA	NA	NA
NC_045512.2	15687	G	C	15388	7135	52	1	1	27	6.49815e-05	15389	1	FALSE	NA	NA	NA	NA	NA	NA
NC_045512.2	15689	G	T	15302	7204	51	2	2	26	0.000130659	15307	1	FALSE	NA	NA	NA	NA	NA	NA
NC_045512.2	15689	G	C	15302	7204	51	1	0	27	6.53296e-05	15307	1	FALSE	NA	NA	NA	NA	NA	NA
NC_045512.2	15689	G	A	15302	7204	51	2	2	34	0.000130659	15307	0.999863	FALSE	NA	NA	NA	NA	NA	NA
NC_045512.2	15690	T	-A	15249	7203	51	1	0	20	6.55781e-05	15249	1	FALSE	NA	NA	NA	NA	NA	NA
NC_045512.2	15691	A	C	15171	7208	50	1	0	34	6.59109e-05	15172	0.999985	FALSE	NA	NA	NA	NA	NA	NA
NC_045512.2	15692	A	G	15339	7435	52	2	1	51	0.00013037	15341	0.250008	FALSE	NA	NA	NA	NA	NA	NA
NC_045512.2	15693	A	G	13827	7642	46	2	0	27	0.000144603	13831	1	FALSE	NA	NA	NA	NA	NA	NA
NC_045512.2	15693	A	C	13827	7642	46	2	0	34	0.000144603	13831	0.999513	FALSE	NA	NA	NA	NA	NA	NA
NC_045512.2	15694	C	G	15318	7529	51	2	1	30	0.00013054	15321	0.999863	FALSE	NA	NA	NA	NA	NA	NA
NC_045512.2	15694	C	A	15318	7529	51	1	0	27	6.52699e-05	15321	1	FALSE	NA	NA	NA	NA	NA	NA
NC_045512.2	15695	A	T	15242	7544	51	2	0	25	0.000131199	15244	1	FALSE	NA	NA	NA	NA	NA	NA
NC_045512.2	15696	T	G	15206	7500	51	1	0	26	6.57592e-05	15207	1	FALSE	NA	NA	NA	NA	NA	NA
NC_045512.2	15697	T	G	15200	7420	51	1	1	24	6.57808e-05	15202	1	FALSE	NA	NA	NA	NA	NA	NA
NC_045512.2	15697	T	C	15200	7420	51	1	1	34	6.57808e-05	15202	0.999985	FALSE	NA	NA	NA	NA	NA	NA
NC_045512.2	15698	T	A	15128	7397	50	1	1	24	6.60982e-05	15129	1	FALSE	NA	NA	NA	NA	NA	NA
NC_045512.2	15699	C	G	15224	7808	51	1	0	34	6.56771e-05	15226	0.999985	FALSE	NA	NA	NA	NA	NA	NA
NC_045512.2	15699	C	A	15224	7808	51	1	0	27	6.56771e-05	15226	1	FALSE	NA	NA	NA	NA	NA	NA
NC_045512.2	15700	T	G	15178	7638	51	1	1	26	6.58718e-05	15181	1	FALSE	NA	NA	NA	NA	NA	NA
NC_045512.2	15700	T	C	15178	7638	51	1	1	68	6.58718e-05	15181	0.499984	FALSE	NA	NA	NA	NA	NA	NA
NC_045512.2	15700	T	A	15178	7638	51	1	0	68	6.58718e-05	15181	0.499984	FALSE	NA	NA	NA	NA	NA	NA
NC_045512.2	15701	C	G	15189	7729	51	2	2	27	0.000131648	15192	1	FALSE	NA	NA	NA	NA	NA	NA
NC_045512.2	15701	C	A	15189	7729	51	1	1	34	6.58241e-05	15192	0.999985	FALSE	NA	NA	NA	NA	NA	NA
NC_045512.2	15702	A	G	14735	7766	50	1	1	27	6.78426e-05	14740	1	FALSE	NA	NA	NA	NA	NA	NA
NC_045512.2	15702	A	C	14735	7766	50	4	0	28	0.00027137	14740	1	FALSE	NA	NA	NA	NA	NA	NA
NC_045512.2	15703	A	C	15127	7964	51	1	0	26	6.61026e-05	15128	1	FALSE	NA	NA	NA	NA	NA	NA
NC_045512.2	15704	T	C	15637	8093	52	1	1	27	6.39345e-05	15641	1	FALSE	NA	NA	NA	NA	NA	NA
NC_045512.2	15704	T	A	15637	8093	52	3	1	40	0.000191804	15641	0.312488	FALSE	NA	NA	NA	NA	NA	NA
NC_045512.2	15705	G	T	15409	7864	51	8	8	26	0.000518639	15425	1	FALSE	NA	NA	NA	NA	NA	NA
NC_045512.2	15705	G	C	15409	7864	51	5	2	24	0.000324149	15425	1	FALSE	NA	NA	NA	NA	NA	NA
NC_045512.2	15705	G	A	15409	7864	51	3	1	39	0.000194489	15425	0.999342	FALSE	NA	NA	NA	NA	NA	NA
NC_045512.2	15706	A	T	15558	7968	51	1	1	34	6.42674e-05	15560	0.999985	FALSE	NA	NA	NA	NA	NA	NA
NC_045512.2	15706	A	G	15558	7968	51	1	1	27	6.42674e-05	15560	1	FALSE	NA	NA	NA	NA	NA	NA
NC_045512.2	15707	T	A	15573	7971	52	2	1	26	0.000128411	15575	1	FALSE	NA	NA	NA	NA	NA	NA
NC_045512.2	15708	G	T	15502	7949	51	4	3	24	0.000257915	15509	1	FALSE	NA	NA	NA	NA	NA	NA
NC_045512.2	15708	G	C	15502	7949	51	3	0	26	0.000193436	15509	1	FALSE	NA	NA	NA	NA	NA	NA
NC_045512.2	15709	A	T	15596	8195	51	2	1	30	0.000128197	15601	0.999863	FALSE	NA	NA	NA	NA	NA	NA
NC_045512.2	15709	A	G	15596	8195	51	2	1	29	0.000128197	15601	1	FALSE	NA	NA	NA	NA	NA	NA
NC_045512.2	15709	A	C	15596	8195	51	1	0	27	6.40985e-05	15601	1	FALSE	NA	NA	NA	NA	NA	NA
NC_045512.2	15710	T	G	15586	8209	51	1	1	34	6.41437e-05	15590	0.999985	FALSE	NA	NA	NA	NA	NA	NA
NC_045512.2	15710	T	A	15586	8209	51	3	2	26	0.000192431	15590	1	FALSE	NA	NA	NA	NA	NA	NA
NC_045512.2	15711	A	T	15345	8268	50	8	3	27	0.000520969	15356	1	FALSE	NA	NA	NA	NA	NA	NA
NC_045512.2	15711	A	G	15345	8268	50	3	1	43	0.000195363	15356	0.312317	FALSE	NA	NA	NA	NA	NA	NA
NC_045512.2	15712	C	T	15589	8461	50	1	1	68	6.41437e-05	15590	0.500016	FALSE	NA	NA	NA	NA	NA	NA
NC_045512.2	15713	T	G	15373	8243	51	4	3	32	0.000260061	15381	0.99779	FALSE	NA	NA	NA	NA	NA	NA
NC_045512.2	15713	T	C	15373	8243	51	2	1	47	0.000130031	15381	0.499878	FALSE	NA	NA	NA	NA	NA	NA
NC_045512.2	15713	T	A	15373	8243	51	2	0	26	0.000130031	15381	1	FALSE	NA	NA	NA	NA	NA	NA
NC_045512.2	15714	C	T	1	1	27	15437	8379	51	0.999741	15441	0	TRUE	NA	NA	NA	NA	NA	NA
NC_045512.2	15714	C	G	1	1	27	1	1	27	6.47626e-05	15441	0.019975	FALSE	NA	NA	NA	NA	NA	NA
NC_045512.2	15714	C	A	1	1	27	2	1	25	0.000129525	15441	0.000302166	TRUE	NA	NA	NA	NA	NA	NA
NC_045512.2	15715	T	C	15409	8403	51	1	1	34	6.48929e-05	15410	0.999985	FALSE	NA	NA	NA	NA	NA	NA
NC_045512.2	15716	C	G	15247	8439	50	2	0	30	0.000131139	15251	0.999863	FALSE	NA	NA	NA	NA	NA	NA
NC_045512.2	15716	C	A	15247	8439	50	2	0	26	0.000131139	15251	1	FALSE	NA	NA	NA	NA	NA	NA
NC_045512.2	15717	T	A	15264	8321	51	2	2	26	0.00013101	15266	1	FALSE	NA	NA	NA	NA	NA	NA
NC_045512.2	15718	G	C	15309	8396	51	1	0	27	6.53125e-05	15311	1	FALSE	NA	NA	NA	NA	NA	NA
NC_045512.2	15718	G	A	15309	8396	51	1	1	34	6.53125e-05	15311	0.999985	FALSE	NA	NA	NA	NA	NA	NA
NC_045512.2	15719	A	T	15341	8447	50	2	2	36	0.000130336	15345	0.999863	FALSE	NA	NA	NA	NA	NA	NA
NC_045512.2	15719	A	G	15341	8447	50	2	1	51	0.000130336	15345	0.249976	FALSE	NA	NA	NA	NA	NA	NA
NC_045512.2	15720	C	T	15407	8456	51	3	2	45	0.000194666	15411	0.312488	FALSE	NA	NA	NA	NA	NA	NA
NC_045512.2	15720	C	G	15407	8456	51	1	1	26	6.48887e-05	15411	1	FALSE	NA	NA	NA	NA	NA	NA
NC_045512.2	15721	G	T	15134	8265	51	2	2	30	0.000132118	15138	0.999863	FALSE	NA	NA	NA	NA	NA	NA
NC_045512.2	15721	G	C	15134	8265	51	1	1	20	6.60589e-05	15138	1	FALSE	NA	NA	NA	NA	NA	NA
NC_045512.2	15721	G	A	15134	8265	51	1	0	46	6.60589e-05	15138	0.749975	FALSE	NA	NA	NA	NA	NA	NA
NC_045512.2	15722	A	T	15722	8328	51	3	3	24	0.000190779	15725	1	FALSE	NA	NA	NA	NA	NA	NA
NC_045512.2	15723	T	C	15752	8375	51	1	0	68	6.348e-05	15753	0.500016	FALSE	NA	NA	NA	NA	NA	NA
NC_045512.2	15724	G	T	15994	8466	50	2	2	30	0.000125008	15999	0.999863	FALSE	NA	NA	NA	NA	NA	NA
NC_045512.2	15724	G	C	15994	8466	50	3	2	31	0.000187512	15999	0.999345	FALSE	NA	NA	NA	NA	NA	NA
NC_045512.2	15725	C	G	15802	8509	49	7	3	25	0.000442758	15810	1	FALSE	NA	NA	NA	NA	NA	NA
NC_045512.2	15725	C	A	15802	8509	49	1	0	27	6.32511e-05	15810	1	FALSE	NA	NA	NA	NA	NA	NA
NC_045512.2	15726	T	G	16090	8630	51	2	0	47	0.000124278	16093	0.5	FALSE	NA	NA	NA	NA	NA	NA
NC_045512.2	15726	T	A	16090	8630	51	1	1	26	6.21388e-05	16093	1	FALSE	NA	NA	NA	NA	NA	NA
NC_045512.2	15727	G	T	16547	8592	50	1	1	26	6.04266e-05	16549	1	FALSE	NA	NA	NA	NA	NA	NA
NC_045512.2	15727	G	A	16547	8592	50	1	0	34	6.04266e-05	16549	0.999992	FALSE	NA	NA	NA	NA	NA	NA
NC_045512.2	15728	T	G	16564	8666	51	4	4	23	0.000241415	16569	1	FALSE	NA	NA	NA	NA	NA	NA
NC_045512.2	15728	T	C	16564	8666	51	1	1	26	6.03537e-05	16569	1	FALSE	NA	NA	NA	NA	NA	NA
NC_045512.2	15729	T	C	16550	8723	51	1	0	24	6.04193e-05	16551	1	FALSE	NA	NA	NA	NA	NA	NA
NC_045512.2	15730	G	C	16667	8704	51	1	1	34	5.99916e-05	16669	0.999992	FALSE	NA	NA	NA	NA	NA	NA
NC_045512.2	15730	G	A	16667	8704	51	1	0	34	5.99916e-05	16669	0.999992	FALSE	NA	NA	NA	NA	NA	NA
NC_045512.2	15731	T	C	16002	8230	51	1	1	68	6.24883e-05	16003	0.500016	FALSE	NA	NA	NA	NA	NA	NA
NC_045512.2	15731	T	+G	16002	8230	51	1	0	20	6.24883e-05	16003	1	FALSE	NA	NA	NA	NA	NA	NA
NC_045512.2	15732	G	C	16149	8255	51	2	2	30	0.000123824	16152	0.999928	FALSE	NA	NA	NA	NA	NA	NA
NC_045512.2	15732	G	A	16149	8255	51	1	0	68	6.19118e-05	16152	0.499985	FALSE	NA	NA	NA	NA	NA	NA
NC_045512.2	15734	G	-T	15711	7900	51	2	0	20	0.000127299	15711	1	FALSE	NA	NA	NA	NA	NA	NA
NC_045512.2	15735	T	G	15652	7791	50	2	2	30	0.000127763	15654	0.999863	FALSE	NA	NA	NA	NA	NA	NA
NC_045512.2	15736	T	C	15298	7598	51	2	1	40	0.000130719	15300	0.500025	FALSE	NA	NA	NA	NA	NA	NA
NC_045512.2	15737	T	C	15248	7553	51	4	2	40	0.000262261	15252	0.1875	FALSE	NA	NA	NA	NA	NA	NA
NC_045512.2	15738	C	G	15709	7774	51	2	0	30	0.000127267	15715	0.999863	FALSE	NA	NA	NA	NA	NA	NA
NC_045512.2	15738	C	A	15709	7774	51	4	0	25	0.000254534	15715	1	FALSE	NA	NA	NA	NA	NA	NA
NC_045512.2	15739	A	G	15662	7678	51	1	0	68	6.38407e-05	15664	0.5	FALSE	NA	NA	NA	NA	NA	NA
NC_045512.2	15739	A	C	15662	7678	51	1	1	38	6.38407e-05	15664	0.999985	FALSE	NA	NA	NA	NA	NA	NA
NC_045512.2	15740	A	G	15513	7778	50	2	1	34	0.000128908	15515	0.999863	FALSE	NA	NA	NA	NA	NA	NA
NC_045512.2	15741	T	C	15641	7836	51	2	0	51	0.000127853	15643	0.250008	FALSE	NA	NA	NA	NA	NA	NA
NC_045512.2	15742	A	T	15138	7790	49	1	0	27	6.60371e-05	15143	1	FALSE	NA	NA	NA	NA	NA	NA
NC_045512.2	15742	A	G	15138	7790	49	4	1	49	0.000264148	15143	0.187479	FALSE	NA	NA	NA	NA	NA	NA
NC_045512.2	15743	G	T	15748	7783	51	2	2	27	0.00012696	15753	1	FALSE	NA	NA	NA	NA	NA	NA
NC_045512.2	15743	G	C	15748	7783	51	1	1	26	6.348e-05	15753	1	FALSE	NA	NA	NA	NA	NA	NA
NC_045512.2	15743	G	A	15748	7783	51	2	1	68	0.00012696	15753	0.24996	FALSE	NA	NA	NA	NA	NA	NA
NC_045512.2	15744	C	G	16097	8043	50	3	1	29	0.000186278	16105	1	FALSE	NA	NA	NA	NA	NA	NA
NC_045512.2	15744	C	A	16097	8043	50	5	0	25	0.000310463	16105	1	FALSE	NA	NA	NA	NA	NA	NA
NC_045512.2	15745	A	T	16112	8142	50	3	2	31	0.000186127	16118	0.999637	FALSE	NA	NA	NA	NA	NA	NA
NC_045512.2	15745	A	G	16112	8142	50	1	1	60	6.20424e-05	16118	0.499938	FALSE	NA	NA	NA	NA	NA	NA
NC_045512.2	15745	A	C	16112	8142	50	2	0	30	0.000124085	16118	0.999928	FALSE	NA	NA	NA	NA	NA	NA
NC_045512.2	15746	C	G	16626	8283	51	2	1	26	0.000120272	16629	1	FALSE	NA	NA	NA	NA	NA	NA
NC_045512.2	15746	C	A	16626	8283	51	1	0	34	6.01359e-05	16629	0.999992	FALSE	NA	NA	NA	NA	NA	NA
NC_045512.2	15747	T	G	16280	7937	51	2	2	26	0.000122827	16283	1	FALSE	NA	NA	NA	NA	NA	NA
NC_045512.2	15747	T	A	16280	7937	51	1	1	20	6.14137e-05	16283	1	FALSE	NA	NA	NA	NA	NA	NA
NC_045512.2	15748	T	C	16301	8007	51	1	1	46	6.13384e-05	16303	0.750008	FALSE	NA	NA	NA	NA	NA	NA
NC_045512.2	15748	T	A	16301	8007	51	1	1	34	6.13384e-05	16303	0.999992	FALSE	NA	NA	NA	NA	NA	NA
NC_045512.2	15749	A	G	16232	7998	51	1	0	34	6.15991e-05	16234	0.999992	FALSE	NA	NA	NA	NA	NA	NA
NC_045512.2	15749	A	C	16232	7998	51	1	0	27	6.15991e-05	16234	1	FALSE	NA	NA	NA	NA	NA	NA
NC_045512.2	15750	T	G	16359	7963	52	4	2	25	0.000244394	16367	1	FALSE	NA	NA	NA	NA	NA	NA
NC_045512.2	15750	T	C	16359	7963	52	3	2	26	0.000183296	16367	1	FALSE	NA	NA	NA	NA	NA	NA
NC_045512.2	15750	T	A	16359	7963	52	1	0	27	6.10986e-05	16367	1	FALSE	NA	NA	NA	NA	NA	NA
NC_045512.2	15751	G	T	16244	7992	51	1	1	26	6.15422e-05	16249	1	FALSE	NA	NA	NA	NA	NA	NA
NC_045512.2	15751	G	C	16244	7992	51	2	1	30	0.000123084	16249	0.999928	FALSE	NA	NA	NA	NA	NA	NA
NC_045512.2	15751	G	A	16244	7992	51	2	0	68	0.000123084	16249	0.249962	FALSE	NA	NA	NA	NA	NA	NA
NC_045512.2	15752	C	T	15922	7877	50	1	1	68	6.27943e-05	15925	0.499984	FALSE	NA	NA	NA	NA	NA	NA
NC_045512.2	15752	C	G	15922	7877	50	2	1	30	0.000125589	15925	0.999863	FALSE	NA	NA	NA	NA	NA	NA
NC_045512.2	15753	A	G	15549	7545	51	2	0	51	0.000128584	15554	0.24996	FALSE	NA	NA	NA	NA	NA	NA
NC_045512.2	15753	A	C	15549	7545	51	3	0	31	0.000192876	15554	0.999346	FALSE	NA	NA	NA	NA	NA	NA
NC_045512.2	15754	T	C	16045	7333	49	1	1	68	6.23208e-05	16046	0.500016	FALSE	NA	NA	NA	NA	NA	NA
NC_045512.2	15755	C	T	15977	7832	51	1	1	26	6.25821e-05	15979	1	FALSE	NA	NA	NA	NA	NA	NA
NC_045512.2	15755	C	A	15977	7832	51	1	0	27	6.25821e-05	15979	1	FALSE	NA	NA	NA	NA	NA	NA
NC_045512.2	15756	T	G	16117	7839	52	1	1	68	6.20347e-05	16120	0.499984	FALSE	NA	NA	NA	NA	NA	NA
NC_045512.2	15756	T	C	16117	7839	52	2	2	36	0.000124069	16120	0.999928	FALSE	NA	NA	NA	NA	NA	NA
NC_045512.2	15757	C	T	15952	7886	51	1	1	34	6.26802e-05	15954	0.999985	FALSE	NA	NA	NA	NA	NA	NA
NC_045512.2	15757	C	G	15952	7886	51	1	1	34	6.26802e-05	15954	0.999985	FALSE	NA	NA	NA	NA	NA	NA
NC_045512.2	15758	A	G	15823	7831	51	1	1	68	6.31951e-05	15824	0.500016	FALSE	NA	NA	NA	NA	NA	NA
NC_045512.2	15759	A	T	15769	7911	50	1	0	27	6.33834e-05	15777	1	FALSE	NA	NA	NA	NA	NA	NA
NC_045512.2	15759	A	G	15769	7911	50	4	2	40	0.000253534	15777	0.187421	FALSE	NA	NA	NA	NA	NA	NA
NC_045512.2	15759	A	C	15769	7911	50	3	0	26	0.00019015	15777	1	FALSE	NA	NA	NA	NA	NA	NA
NC_045512.2	15760	G	C	15955	7740	50	2	1	30	0.000125337	15957	0.999863	FALSE	NA	NA	NA	NA	NA	NA
NC_045512.2	15761	G	C	17051	8049	50	2	1	30	0.000117281	17053	0.999962	FALSE	NA	NA	NA	NA	NA	NA
NC_045512.2	15762	T	A	16910	7835	49	2	0	26	0.000118259	16912	1	FALSE	NA	NA	NA	NA	NA	NA
NC_045512.2	15763	C	A	16623	7745	50	2	0	23	0.000120301	16625	1	FALSE	NA	NA	NA	NA	NA	NA
NC_045512.2	15764	T	C	16657	7863	51	1	0	34	6.00312e-05	16658	0.999992	FALSE	NA	NA	NA	NA	NA	NA
NC_045512.2	15765	A	C	16504	7956	50	2	0	27	0.000121168	16506	1	FALSE	NA	NA	NA	NA	NA	NA
NC_045512.2	15766	G	T	16632	7921	50	1	1	26	6.01214e-05	16633	1	FALSE	NA	NA	NA	NA	NA	NA
NC_045512.2	15767	T	G	16609	7971	51	1	1	27	6.01974e-05	16612	1	FALSE	NA	NA	NA	NA	NA	NA
NC_045512.2	15767	T	C	16609	7971	51	2	1	34	0.000120395	16612	0.999928	FALSE	NA	NA	NA	NA	NA	NA
NC_045512.2	15768	G	C	16777	8196	50	4	2	26	0.000238351	16782	1	FALSE	NA	NA	NA	NA	NA	NA
NC_045512.2	15768	G	A	16777	8196	50	1	0	24	5.95877e-05	16782	1	FALSE	NA	NA	NA	NA	NA	NA
NC_045512.2	15769	G	T	16391	8028	49	4	3	25	0.000243962	16396	1	FALSE	NA	NA	NA	NA	NA	NA
NC_045512.2	15769	G	A	16391	8028	49	1	0	26	6.09905e-05	16396	1	FALSE	NA	NA	NA	NA	NA	NA
NC_045512.2	15770	C	T	15029	7488	49	2	2	29	0.000133049	15032	1	FALSE	NA	NA	NA	NA	NA	NA
NC_045512.2	15770	C	A	15029	7488	49	1	0	26	6.65247e-05	15032	1	FALSE	NA	NA	NA	NA	NA	NA
NC_045512.2	15771	T	G	15129	7507	49	2	1	34	0.00013217	15132	0.999863	FALSE	NA	NA	NA	NA	NA	NA
NC_045512.2	15771	T	C	15129	7507	49	1	1	26	6.60851e-05	15132	1	FALSE	NA	NA	NA	NA	NA	NA
NC_045512.2	15772	A	G	15089	7459	50	2	2	40	0.000132529	15091	0.500025	FALSE	NA	NA	NA	NA	NA	NA
NC_045512.2	15773	G	T	15212	7256	48	3	3	31	0.000197135	15218	0.999345	FALSE	NA	NA	NA	NA	NA	NA
NC_045512.2	15773	G	C	15212	7256	48	3	2	24	0.000197135	15218	1	FALSE	NA	NA	NA	NA	NA	NA
NC_045512.2	15774	C	A	15228	7468	49	1	1	68	6.56642e-05	15229	0.500016	FALSE	NA	NA	NA	NA	NA	NA
NC_045512.2	15775	A	G	15635	7729	50	1	1	46	6.39509e-05	15637	0.750008	FALSE	NA	NA	NA	NA	NA	NA
NC_045512.2	15775	A	C	15635	7729	50	1	0	27	6.39509e-05	15637	1	FALSE	NA	NA	NA	NA	NA	NA
NC_045512.2	15776	T	G	15479	7671	49	1	1	27	6.45953e-05	15481	1	FALSE	NA	NA	NA	NA	NA	NA
NC_045512.2	15776	T	A	15479	7671	49	1	0	20	6.45953e-05	15481	1	FALSE	NA	NA	NA	NA	NA	NA
NC_045512.2	15777	A	T	15167	7425	49	1	1	20	6.59283e-05	15168	1	FALSE	NA	NA	NA	NA	NA	NA
NC_045512.2	15778	A	G	15190	7437	50	3	2	56	0.000197459	15193	0.125	FALSE	NA	NA	NA	NA	NA	NA
NC_045512.2	15779	A	C	14554	7558	47	3	0	31	0.000206086	14557	0.998829	FALSE	NA	NA	NA	NA	NA	NA
NC_045512.2	15780	G	T	15195	7475	49	3	1	42	0.000197394	15198	0.312512	FALSE	NA	NA	NA	NA	NA	NA
NC_045512.2	15781	A	T	14849	7581	48	2	2	34	0.000134671	14851	0.999742	FALSE	NA	NA	NA	NA	NA	NA
NC_045512.2	15782	A	T	14511	7196	49	3	3	28	0.000206612	14520	1	FALSE	NA	NA	NA	NA	NA	NA
NC_045512.2	15782	A	G	14511	7196	49	2	1	34	0.000137741	14520	0.999741	FALSE	NA	NA	NA	NA	NA	NA
NC_045512.2	15782	A	C	14511	7196	49	4	1	24	0.000275482	14520	1	FALSE	NA	NA	NA	NA	NA	NA
NC_045512.2	15783	C	G	15280	7382	50	2	0	27	0.000130873	15282	1	FALSE	NA	NA	NA	NA	NA	NA
NC_045512.2	15783	C	-T	15280	7382	50	1	0	20	6.54365e-05	15282	1	FALSE	NA	NA	NA	NA	NA	NA
NC_045512.2	15784	T	G	14460	6565	47	10	10	26	0.000690989	14472	1	FALSE	NA	NA	NA	NA	NA	NA
NC_045512.2	15784	T	C	14460	6565	47	2	1	57	0.000138198	14472	0.249819	FALSE	NA	NA	NA	NA	NA	NA
NC_045512.2	15785	T	G	15178	7694	51	3	1	26	0.000197589	15183	1	FALSE	NA	NA	NA	NA	NA	NA
NC_045512.2	15785	T	C	15178	7694	51	1	0	26	6.58631e-05	15183	1	FALSE	NA	NA	NA	NA	NA	NA
NC_045512.2	15785	T	A	15178	7694	51	1	0	27	6.58631e-05	15183	1	FALSE	NA	NA	NA	NA	NA	NA
NC_045512.2	15786	T	G	15354	7806	51	1	1	27	6.51169e-05	15357	1	FALSE	NA	NA	NA	NA	NA	NA
NC_045512.2	15786	T	C	15354	7806	51	2	2	51	0.000130234	15357	0.249992	FALSE	NA	NA	NA	NA	NA	NA
NC_045512.2	15787	A	T	15247	7772	51	2	2	51	0.000131148	15250	0.249992	FALSE	NA	NA	NA	NA	NA	NA
NC_045512.2	15787	A	C	15247	7772	51	1	0	34	6.55738e-05	15250	0.999985	FALSE	NA	NA	NA	NA	NA	NA
NC_045512.2	15788	A	T	14933	8034	50	1	1	20	6.6912e-05	14945	1	FALSE	NA	NA	NA	NA	NA	NA
NC_045512.2	15788	A	G	14933	8034	50	3	3	50	0.000200736	14945	0.124887	FALSE	NA	NA	NA	NA	NA	NA
NC_045512.2	15788	A	C	14933	8034	50	8	0	29	0.000535296	14945	1	FALSE	NA	NA	NA	NA	NA	NA
NC_045512.2	15789	G	T	15550	7989	51	2	2	29	0.000128568	15556	1	FALSE	NA	NA	NA	NA	NA	NA
NC_045512.2	15789	G	C	15550	7989	51	4	4	28	0.000257136	15556	1	FALSE	NA	NA	NA	NA	NA	NA
NC_045512.2	15790	T	G	15201	7788	50	1	1	20	6.57765e-05	15203	1	FALSE	NA	NA	NA	NA	NA	NA
NC_045512.2	15790	T	C	15201	7788	50	1	1	34	6.57765e-05	15203	0.999985	FALSE	NA	NA	NA	NA	NA	NA
NC_045512.2	15791	C	G	15397	8023	51	3	1	24	0.000194805	15400	1	FALSE	NA	NA	NA	NA	NA	NA
NC_045512.2	15792	A	T	14948	7766	51	1	1	26	6.68941e-05	14949	1	FALSE	NA	NA	NA	NA	NA	NA
NC_045512.2	15792	A	+G	14948	7766	51	1	0	20	6.68941e-05	14949	1	FALSE	NA	NA	NA	NA	NA	NA
NC_045512.2	15793	G	T	15498	7782	52	1	1	27	6.45203e-05	15499	1	FALSE	NA	NA	NA	NA	NA	NA
NC_045512.2	15794	T	G	15088	7477	50	9	9	29	0.000596105	15098	1	FALSE	NA	NA	NA	NA	NA	NA
NC_045512.2	15794	T	C	15088	7477	50	1	1	34	6.62339e-05	15098	0.999985	FALSE	NA	NA	NA	NA	NA	NA
NC_045512.2	15795	T	C	15504	7899	51	1	1	34	6.44953e-05	15505	0.999985	FALSE	NA	NA	NA	NA	NA	NA
NC_045512.2	15796	C	T	15522	7956	51	1	1	68	6.44081e-05	15526	0.499968	FALSE	NA	NA	NA	NA	NA	NA
NC_045512.2	15796	C	A	15522	7956	51	3	0	29	0.000193224	15526	1	FALSE	NA	NA	NA	NA	NA	NA
NC_045512.2	15797	T	G	14690	7113	49	12	10	25	0.000816104	14704	1	FALSE	NA	NA	NA	NA	NA	NA
NC_045512.2	15797	T	C	14690	7113	49	1	0	60	6.80087e-05	14704	0.499796	FALSE	NA	NA	NA	NA	NA	NA
NC_045512.2	15797	T	A	14690	7113	49	1	0	27	6.80087e-05	14704	1	FALSE	NA	NA	NA	NA	NA	NA
NC_045512.2	15798	T	C	15378	7883	51	1	0	68	6.50195e-05	15380	0.5	FALSE	NA	NA	NA	NA	NA	NA
NC_045512.2	15798	T	A	15378	7883	51	1	1	34	6.50195e-05	15380	0.999985	FALSE	NA	NA	NA	NA	NA	NA
NC_045512.2	15799	T	C	15150	7701	50	2	2	29	0.000131987	15153	1	FALSE	NA	NA	NA	NA	NA	NA
NC_045512.2	15799	T	A	15150	7701	50	1	0	26	6.59935e-05	15153	1	FALSE	NA	NA	NA	NA	NA	NA
NC_045512.2	15800	A	G	15329	7913	51	1	0	27	6.52273e-05	15331	1	FALSE	NA	NA	NA	NA	NA	NA
NC_045512.2	15800	A	C	15329	7913	51	1	1	27	6.52273e-05	15331	1	FALSE	NA	NA	NA	NA	NA	NA
NC_045512.2	15801	T	C	15382	7913	52	1	1	26	6.50026e-05	15384	1	FALSE	NA	NA	NA	NA	NA	NA
NC_045512.2	15801	T	A	15382	7913	52	1	1	27	6.50026e-05	15384	1	FALSE	NA	NA	NA	NA	NA	NA
NC_045512.2	15802	T	G	14624	7333	50	1	0	26	6.8362e-05	14628	1	FALSE	NA	NA	NA	NA	NA	NA
NC_045512.2	15802	T	C	14624	7333	50	2	0	64	0.000136724	14628	0.249974	FALSE	NA	NA	NA	NA	NA	NA
NC_045512.2	15802	T	A	14624	7333	50	1	0	34	6.8362e-05	14628	0.99997	FALSE	NA	NA	NA	NA	NA	NA
NC_045512.2	15803	A	T	14859	7774	51	1	1	20	6.72766e-05	14864	1	FALSE	NA	NA	NA	NA	NA	NA
NC_045512.2	15803	A	G	14859	7774	51	2	2	26	0.000134553	14864	1	FALSE	NA	NA	NA	NA	NA	NA
NC_045512.2	15803	A	C	14859	7774	51	2	2	30	0.000134553	14864	0.999741	FALSE	NA	NA	NA	NA	NA	NA
NC_045512.2	15804	T	G	14980	7753	51	1	0	27	6.67512e-05	14981	1	FALSE	NA	NA	NA	NA	NA	NA
NC_045512.2	15805	C	G	14833	7716	51	2	2	26	0.000134807	14836	1	FALSE	NA	NA	NA	NA	NA	NA
NC_045512.2	15805	C	A	14833	7716	51	1	0	27	6.74036e-05	14836	1	FALSE	NA	NA	NA	NA	NA	NA
NC_045512.2	15806	A	T	14961	7741	52	1	0	26	6.6836e-05	14962	1	FALSE	NA	NA	NA	NA	NA	NA
NC_045512.2	15807	A	T	14752	7881	50	1	1	26	6.77736e-05	14755	1	FALSE	NA	NA	NA	NA	NA	NA
NC_045512.2	15807	A	G	14752	7881	50	1	1	38	6.77736e-05	14755	0.99997	FALSE	NA	NA	NA	NA	NA	NA
NC_045512.2	15807	A	C	14752	7881	50	1	0	20	6.77736e-05	14755	1	FALSE	NA	NA	NA	NA	NA	NA
NC_045512.2	15808	A	C	14873	7766	51	2	1	25	0.000134454	14875	1	FALSE	NA	NA	NA	NA	NA	NA
NC_045512.2	15809	A	T	14902	8038	51	1	0	26	6.70961e-05	14904	1	FALSE	NA	NA	NA	NA	NA	NA
NC_045512.2	15809	A	G	14902	8038	51	1	0	34	6.70961e-05	14904	0.99997	FALSE	NA	NA	NA	NA	NA	NA
NC_045512.2	15810	C	T	15029	8078	51	1	1	26	6.65159e-05	15034	1	FALSE	NA	NA	NA	NA	NA	NA
NC_045512.2	15810	C	G	15029	8078	51	1	1	34	6.65159e-05	15034	0.999985	FALSE	NA	NA	NA	NA	NA	NA
NC_045512.2	15810	C	A	15029	8078	51	3	0	26	0.000199548	15034	1	FALSE	NA	NA	NA	NA	NA	NA
NC_045512.2	15811	A	G	15012	7990	51	2	2	30	0.000133209	15014	0.999863	FALSE	NA	NA	NA	NA	NA	NA
NC_045512.2	15812	A	T	14892	7827	50	1	1	34	6.71366e-05	14895	0.99997	FALSE	NA	NA	NA	NA	NA	NA
NC_045512.2	15812	A	C	14892	7827	50	2	2	27	0.000134273	14895	1	FALSE	NA	NA	NA	NA	NA	NA
NC_045512.2	15813	T	A	15096	8025	51	1	1	26	6.62383e-05	15097	1	FALSE	NA	NA	NA	NA	NA	NA
NC_045512.2	15814	G	T	15535	8173	51	2	0	26	0.000128717	15538	1	FALSE	NA	NA	NA	NA	NA	NA
NC_045512.2	15814	G	C	15535	8173	51	1	1	24	6.43583e-05	15538	1	FALSE	NA	NA	NA	NA	NA	NA
NC_045512.2	15814	G	-T	15535	8173	51	1	0	20	6.43583e-05	15538	1	FALSE	NA	NA	NA	NA	NA	NA
NC_045512.2	15815	T	G	14821	7381	49	5	5	29	0.000337245	14826	1	FALSE	NA	NA	NA	NA	NA	NA
NC_045512.2	15816	T	G	15457	8057	51	1	1	34	6.46914e-05	15458	0.999985	FALSE	NA	NA	NA	NA	NA	NA
NC_045512.2	15817	T	G	15085	7654	50	2	0	30	0.000132564	15087	0.999863	FALSE	NA	NA	NA	NA	NA	NA
NC_045512.2	15818	T	C	15632	8242	52	4	0	46	0.00025582	15636	0.1875	FALSE	NA	NA	NA	NA	NA	NA
NC_045512.2	15819	T	G	15391	8148	50	3	0	29	0.000194856	15396	1	FALSE	NA	NA	NA	NA	NA	NA
NC_045512.2	15819	T	C	15391	8148	50	1	1	68	6.49519e-05	15396	0.499951	FALSE	NA	NA	NA	NA	NA	NA
NC_045512.2	15819	T	A	15391	8148	50	1	0	34	6.49519e-05	15396	0.999985	FALSE	NA	NA	NA	NA	NA	NA
NC_045512.2	15820	A	T	15592	8171	51	1	1	26	6.41313e-05	15593	1	FALSE	NA	NA	NA	NA	NA	NA
NC_045512.2	15821	T	G	15454	8062	51	1	0	27	6.4704e-05	15455	1	FALSE	NA	NA	NA	NA	NA	NA
NC_045512.2	15822	G	T	15485	8140	51	1	1	68	6.45703e-05	15487	0.5	FALSE	NA	NA	NA	NA	NA	NA
NC_045512.2	15822	G	C	15485	8140	51	1	1	27	6.45703e-05	15487	1	FALSE	NA	NA	NA	NA	NA	NA
NC_045512.2	15825	T	G	15038	7902	52	2	2	30	0.000132961	15042	0.999863	FALSE	NA	NA	NA	NA	NA	NA
NC_045512.2	15825	T	C	15038	7902	52	1	1	34	6.64805e-05	15042	0.999985	FALSE	NA	NA	NA	NA	NA	NA
NC_045512.2	15825	T	A	15038	7902	52	1	1	34	6.64805e-05	15042	0.999985	FALSE	NA	NA	NA	NA	NA	NA
NC_045512.2	15826	G	T	15008	7956	52	1	0	26	6.66267e-05	15009	1	FALSE	NA	NA	NA	NA	NA	NA
NC_045512.2	15829	G	T	14920	7892	51	2	2	23	0.00013403	14922	1	FALSE	NA	NA	NA	NA	NA	NA
NC_045512.2	15830	C	T	14920	8096	51	1	1	68	6.70151e-05	14922	0.5	FALSE	NA	NA	NA	NA	NA	NA
NC_045512.2	15830	C	G	14920	8096	51	1	0	27	6.70151e-05	14922	1	FALSE	NA	NA	NA	NA	NA	NA
NC_045512.2	15831	A	T	14906	8040	51	1	0	27	6.70781e-05	14908	1	FALSE	NA	NA	NA	NA	NA	NA
NC_045512.2	15831	A	G	14906	8040	51	1	1	34	6.70781e-05	14908	0.99997	FALSE	NA	NA	NA	NA	NA	NA
NC_045512.2	15832	A	T	14957	8029	52	1	1	26	6.68494e-05	14959	1	FALSE	NA	NA	NA	NA	NA	NA
NC_045512.2	15832	A	G	14957	8029	52	1	1	34	6.68494e-05	14959	0.99997	FALSE	NA	NA	NA	NA	NA	NA
NC_045512.2	15833	A	T	14563	8021	50	1	1	20	6.86483e-05	14567	1	FALSE	NA	NA	NA	NA	NA	NA
NC_045512.2	15833	A	C	14563	8021	50	3	1	24	0.000205945	14567	1	FALSE	NA	NA	NA	NA	NA	NA
NC_045512.2	15834	A	T	14735	7960	51	1	1	24	6.78518e-05	14738	1	FALSE	NA	NA	NA	NA	NA	NA
NC_045512.2	15834	A	C	14735	7960	51	2	0	23	0.000135704	14738	1	FALSE	NA	NA	NA	NA	NA	NA
NC_045512.2	15835	T	G	14765	7899	51	1	0	27	6.77186e-05	14767	1	FALSE	NA	NA	NA	NA	NA	NA
NC_045512.2	15835	T	C	14765	7899	51	1	0	34	6.77186e-05	14767	0.99997	FALSE	NA	NA	NA	NA	NA	NA
NC_045512.2	15837	T	G	14594	7783	51	4	4	24	0.000273935	14602	1	FALSE	NA	NA	NA	NA	NA	NA
NC_045512.2	15837	T	C	14594	7783	51	3	3	49	0.000205451	14602	0.312384	FALSE	NA	NA	NA	NA	NA	NA
NC_045512.2	15837	T	A	14594	7783	51	1	1	24	6.84838e-05	14602	1	FALSE	NA	NA	NA	NA	NA	NA
NC_045512.2	15839	G	T	14555	7808	51	1	0	68	6.8686e-05	14559	0.499966	FALSE	NA	NA	NA	NA	NA	NA
NC_045512.2	15839	G	C	14555	7808	51	2	0	30	0.000137372	14559	0.999741	FALSE	NA	NA	NA	NA	NA	NA
NC_045512.2	15839	G	A	14555	7808	51	1	1	60	6.8686e-05	14559	0.499966	FALSE	NA	NA	NA	NA	NA	NA
NC_045512.2	15841	A	T	14747	8051	52	1	1	34	6.77966e-05	14750	0.99997	FALSE	NA	NA	NA	NA	NA	NA
NC_045512.2	15841	A	G	14747	8051	52	2	1	27	0.000135593	14750	1	FALSE	NA	NA	NA	NA	NA	NA
NC_045512.2	15843	T	G	14143	7598	52	2	1	26	0.000141363	14148	1	FALSE	NA	NA	NA	NA	NA	NA
NC_045512.2	15843	T	C	14143	7598	52	3	2	43	0.000212044	14148	0.31246	FALSE	NA	NA	NA	NA	NA	NA
NC_045512.2	15844	G	C	14155	7698	51	1	0	26	7.06414e-05	14156	1	FALSE	NA	NA	NA	NA	NA	NA
NC_045512.2	15845	A	T	14187	7703	52	1	0	27	7.04672e-05	14191	1	FALSE	NA	NA	NA	NA	NA	NA
NC_045512.2	15845	A	G	14187	7703	52	2	1	57	0.000140934	14191	0.249974	FALSE	NA	NA	NA	NA	NA	NA
NC_045512.2	15845	A	C	14187	7703	52	1	0	34	7.04672e-05	14191	0.99997	FALSE	NA	NA	NA	NA	NA	NA
NC_045512.2	15846	G	T	14123	7632	51	1	0	34	7.08015e-05	14124	0.99997	FALSE	NA	NA	NA	NA	NA	NA
NC_045512.2	15847	A	T	13836	7659	49	1	0	34	7.22648e-05	13838	0.999939	FALSE	NA	NA	NA	NA	NA	NA
NC_045512.2	15847	A	G	13836	7659	49	1	0	24	7.22648e-05	13838	1	FALSE	NA	NA	NA	NA	NA	NA
NC_045512.2	15848	C	G	14068	7749	51	2	2	22	0.000142146	14070	1	FALSE	NA	NA	NA	NA	NA	NA
NC_045512.2	15849	T	C	13435	7155	52	2	1	34	0.000148843	13437	0.999513	FALSE	NA	NA	NA	NA	NA	NA
NC_045512.2	15850	G	T	13412	7182	52	1	1	34	7.4549e-05	13414	0.999939	FALSE	NA	NA	NA	NA	NA	NA
NC_045512.2	15850	G	C	13412	7182	52	1	1	24	7.4549e-05	13414	1	FALSE	NA	NA	NA	NA	NA	NA
NC_045512.2	15851	A	G	13433	7249	52	1	0	34	7.4438e-05	13434	0.999939	FALSE	NA	NA	NA	NA	NA	NA
NC_045512.2	15852	C	G	13388	7248	52	2	0	27	0.000149354	13391	1	FALSE	NA	NA	NA	NA	NA	NA
NC_045512.2	15852	C	A	13388	7248	52	1	0	27	7.4677e-05	13391	1	FALSE	NA	NA	NA	NA	NA	NA
NC_045512.2	15853	C	G	13269	7421	52	1	0	34	7.53352e-05	13274	0.999939	FALSE	NA	NA	NA	NA	NA	NA
NC_045512.2	15853	C	A	13269	7421	52	4	1	28	0.000301341	13274	1	FALSE	NA	NA	NA	NA	NA	NA
NC_045512.2	15854	T	G	12587	6773	52	1	1	27	7.94281e-05	12590	1	FALSE	NA	NA	NA	NA	NA	NA
NC_045512.2	15854	T	C	12587	6773	52	1	1	34	7.94281e-05	12590	0.999878	FALSE	NA	NA	NA	NA	NA	NA
NC_045512.2	15854	T	A	12587	6773	52	1	1	34	7.94281e-05	12590	0.999878	FALSE	NA	NA	NA	NA	NA	NA
NC_045512.2	15855	T	G	16528	7887	48	2	1	26	0.000120985	16531	1	FALSE	NA	NA	NA	NA	NA	NA
NC_045512.2	15855	T	C	16528	7887	48	1	1	68	6.04924e-05	16531	0.499985	FALSE	NA	NA	NA	NA	NA	NA
NC_045512.2	15856	A	C	16307	7687	48	1	1	26	6.13196e-05	16308	1	FALSE	NA	NA	NA	NA	NA	NA
NC_045512.2	15857	C	G	16863	8081	48	1	0	27	5.92979e-05	16864	1	FALSE	NA	NA	NA	NA	NA	NA
NC_045512.2	15858	T	G	16941	8194	49	2	2	30	0.000118036	16944	0.999928	FALSE	NA	NA	NA	NA	NA	NA
NC_045512.2	15858	T	C	16941	8194	49	1	1	34	5.90179e-05	16944	0.999992	FALSE	NA	NA	NA	NA	NA	NA
NC_045512.2	15859	A	T	14810	6923	47	1	1	26	6.75128e-05	14812	1	FALSE	NA	NA	NA	NA	NA	NA
NC_045512.2	15859	A	G	14810	6923	47	1	0	24	6.75128e-05	14812	1	FALSE	NA	NA	NA	NA	NA	NA
NC_045512.2	15860	A	T	14451	6823	46	3	3	24	0.000207469	14460	1	FALSE	NA	NA	NA	NA	NA	NA
NC_045512.2	15860	A	G	14451	6823	46	2	1	34	0.000138313	14460	0.999741	FALSE	NA	NA	NA	NA	NA	NA
NC_045512.2	15860	A	C	14451	6823	46	4	0	26	0.000276625	14460	1	FALSE	NA	NA	NA	NA	NA	NA
NC_045512.2	15861	A	T	14577	6897	47	2	0	34	0.000137165	14581	0.999741	FALSE	NA	NA	NA	NA	NA	NA
NC_045512.2	15861	A	C	14577	6897	47	2	0	26	0.000137165	14581	1	FALSE	NA	NA	NA	NA	NA	NA
NC_045512.2	15862	G	T	14698	6740	47	2	2	30	0.000136027	14703	0.999741	FALSE	NA	NA	NA	NA	NA	NA
NC_045512.2	15862	G	C	14698	6740	47	2	2	26	0.000136027	14703	1	FALSE	NA	NA	NA	NA	NA	NA
NC_045512.2	15862	G	A	14698	6740	47	1	0	68	6.80133e-05	14703	0.499949	FALSE	NA	NA	NA	NA	NA	NA
NC_045512.2	15863	G	T	14799	7091	47	1	1	24	6.75584e-05	14802	1	FALSE	NA	NA	NA	NA	NA	NA
NC_045512.2	15863	G	C	14799	7091	47	2	0	26	0.000135117	14802	1	FALSE	NA	NA	NA	NA	NA	NA
NC_045512.2	15864	A	G	14859	7133	47	1	0	46	6.72948e-05	14860	0.750025	FALSE	NA	NA	NA	NA	NA	NA
NC_045512.2	15865	C	G	14683	6977	47	2	0	30	0.000136193	14685	0.999742	FALSE	NA	NA	NA	NA	NA	NA
NC_045512.2	15866	C	T	14691	7226	47	1	0	34	6.8055e-05	14694	0.99997	FALSE	NA	NA	NA	NA	NA	NA
NC_045512.2	15866	C	G	14691	7226	47	1	0	26	6.8055e-05	14694	1	FALSE	NA	NA	NA	NA	NA	NA
NC_045512.2	15866	C	A	14691	7226	47	1	0	27	6.8055e-05	14694	1	FALSE	NA	NA	NA	NA	NA	NA
NC_045512.2	15867	T	C	15071	7169	48	1	1	68	6.63438e-05	15073	0.5	FALSE	NA	NA	NA	NA	NA	NA
NC_045512.2	15867	T	A	15071	7169	48	1	1	34	6.63438e-05	15073	0.999985	FALSE	NA	NA	NA	NA	NA	NA
NC_045512.2	15868	C	G	15130	7102	47	2	2	34	0.00013217	15132	0.999863	FALSE	NA	NA	NA	NA	NA	NA
NC_045512.2	15869	A	G	15050	7271	47	1	1	34	6.64364e-05	15052	0.999985	FALSE	NA	NA	NA	NA	NA	NA
NC_045512.2	15869	A	C	15050	7271	47	1	0	20	6.64364e-05	15052	1	FALSE	NA	NA	NA	NA	NA	NA
NC_045512.2	15870	T	G	14851	7021	47	1	1	26	6.7331e-05	14852	1	FALSE	NA	NA	NA	NA	NA	NA
NC_045512.2	15871	G	C	15084	7212	47	5	0	28	0.000331367	15089	1	FALSE	NA	NA	NA	NA	NA	NA
NC_045512.2	15872	A	T	15162	7298	48	3	2	24	0.000197811	15166	1	FALSE	NA	NA	NA	NA	NA	NA
NC_045512.2	15872	A	G	15162	7298	48	1	0	26	6.5937e-05	15166	1	FALSE	NA	NA	NA	NA	NA	NA
NC_045512.2	15873	A	G	14940	7658	46	1	0	27	6.68852e-05	14951	1	FALSE	NA	NA	NA	NA	NA	NA
NC_045512.2	15873	A	C	14940	7658	46	10	0	26	0.000668852	14951	1	FALSE	NA	NA	NA	NA	NA	NA
NC_045512.2	15873	A	-T	14940	7658	46	1	0	20	6.68852e-05	14951	1	FALSE	NA	NA	NA	NA	NA	NA
NC_045512.2	15874	T	G	15153	7431	48	2	2	26	0.000131952	15157	1	FALSE	NA	NA	NA	NA	NA	NA
NC_045512.2	15874	T	A	15153	7431	48	2	0	30	0.000131952	15157	0.999863	FALSE	NA	NA	NA	NA	NA	NA
NC_045512.2	15875	T	G	13970	6242	44	6	6	28	0.000429215	13979	1	FALSE	NA	NA	NA	NA	NA	NA
NC_045512.2	15875	T	C	13970	6242	44	2	0	36	0.000143072	13979	0.999512	FALSE	NA	NA	NA	NA	NA	NA
NC_045512.2	15875	T	A	13970	6242	44	1	0	26	7.15359e-05	13979	1	FALSE	NA	NA	NA	NA	NA	NA
NC_045512.2	15876	T	G	15245	7521	48	2	1	26	0.000131156	15249	1	FALSE	NA	NA	NA	NA	NA	NA
NC_045512.2	15876	T	C	15245	7521	48	1	1	27	6.55781e-05	15249	1	FALSE	NA	NA	NA	NA	NA	NA
NC_045512.2	15876	T	A	15245	7521	48	1	0	24	6.55781e-05	15249	1	FALSE	NA	NA	NA	NA	NA	NA
NC_045512.2	15877	T	A	15338	7605	48	1	1	26	6.51933e-05	15339	1	FALSE	NA	NA	NA	NA	NA	NA
NC_045512.2	15878	G	T	15287	7664	47	2	1	26	0.00013077	15294	1	FALSE	NA	NA	NA	NA	NA	NA
NC_045512.2	15878	G	C	15287	7664	47	3	2	28	0.000196155	15294	1	FALSE	NA	NA	NA	NA	NA	NA
NC_045512.2	15878	G	A	15287	7664	47	2	2	34	0.00013077	15294	0.999863	FALSE	NA	NA	NA	NA	NA	NA
NC_045512.2	15879	C	T	15291	7951	47	1	0	34	6.53723e-05	15297	0.999985	FALSE	NA	NA	NA	NA	NA	NA
NC_045512.2	15879	C	A	15291	7951	47	5	0	27	0.000326861	15297	1	FALSE	NA	NA	NA	NA	NA	NA
NC_045512.2	15880	T	A	15062	7435	46	4	4	27	0.000265498	15066	1	FALSE	NA	NA	NA	NA	NA	NA
NC_045512.2	15881	C	T	15618	7962	48	3	2	34	0.000192049	15621	0.999346	FALSE	NA	NA	NA	NA	NA	NA
NC_045512.2	15882	T	C	15620	7896	48	1	0	68	6.40164e-05	15621	0.500016	FALSE	NA	NA	NA	NA	NA	NA
NC_045512.2	15883	C	T	15936	8013	48	1	0	68	6.27392e-05	15939	0.499984	FALSE	NA	NA	NA	NA	NA	NA
NC_045512.2	15883	C	G	15936	8013	48	1	1	34	6.27392e-05	15939	0.999985	FALSE	NA	NA	NA	NA	NA	NA
NC_045512.2	15883	C	A	15936	8013	48	1	0	34	6.27392e-05	15939	0.999985	FALSE	NA	NA	NA	NA	NA	NA
NC_045512.2	15884	A	C	15884	8100	48	1	1	27	6.29525e-05	15885	1	FALSE	NA	NA	NA	NA	NA	NA
NC_045512.2	15885	A	T	15928	8234	47	1	1	34	6.27628e-05	15933	0.999985	FALSE	NA	NA	NA	NA	NA	NA
NC_045512.2	15885	A	G	15928	8234	47	2	1	34	0.000125526	15933	0.999863	FALSE	NA	NA	NA	NA	NA	NA
NC_045512.2	15885	A	C	15928	8234	47	2	0	26	0.000125526	15933	1	FALSE	NA	NA	NA	NA	NA	NA
NC_045512.2	15886	C	T	16041	8195	47	3	2	45	0.000186916	16050	0.312371	FALSE	NA	NA	NA	NA	NA	NA
NC_045512.2	15886	C	G	16041	8195	47	3	3	31	0.000186916	16050	0.999636	FALSE	NA	NA	NA	NA	NA	NA
NC_045512.2	15886	C	A	16041	8195	47	3	1	27	0.000186916	16050	1	FALSE	NA	NA	NA	NA	NA	NA
NC_045512.2	15887	A	T	16683	8453	47	3	0	23	0.000179781	16687	1	FALSE	NA	NA	NA	NA	NA	NA
NC_045512.2	15887	A	G	16683	8453	47	1	0	27	5.99269e-05	16687	1	FALSE	NA	NA	NA	NA	NA	NA
NC_045512.2	15888	T	A	16824	8495	48	4	1	26	0.000237699	16828	1	FALSE	NA	NA	NA	NA	NA	NA
NC_045512.2	15889	A	G	16519	8296	47	2	0	51	0.000121058	16521	0.250008	FALSE	NA	NA	NA	NA	NA	NA
NC_045512.2	15890	C	G	16649	8485	47	3	1	25	0.000180126	16655	1	FALSE	NA	NA	NA	NA	NA	NA
NC_045512.2	15890	C	A	16649	8485	47	3	1	31	0.000180126	16655	0.999637	FALSE	NA	NA	NA	NA	NA	NA
NC_045512.2	15891	A	G	16440	8288	48	1	1	68	6.08236e-05	16441	0.500015	FALSE	NA	NA	NA	NA	NA	NA
NC_045512.2	15892	A	T	16315	8202	47	1	1	26	6.12745e-05	16320	1	FALSE	NA	NA	NA	NA	NA	NA
NC_045512.2	15892	A	C	16315	8202	47	4	2	28	0.000245098	16320	1	FALSE	NA	NA	NA	NA	NA	NA
NC_045512.2	15893	T	G	16434	8327	48	1	1	27	6.08421e-05	16436	1	FALSE	NA	NA	NA	NA	NA	NA
NC_045512.2	15893	T	A	16434	8327	48	1	0	27	6.08421e-05	16436	1	FALSE	NA	NA	NA	NA	NA	NA
NC_045512.2	15894	G	T	16058	8228	47	2	2	30	0.000124525	16061	0.999928	FALSE	NA	NA	NA	NA	NA	NA
NC_045512.2	15894	G	C	16058	8228	47	1	0	20	6.22626e-05	16061	1	FALSE	NA	NA	NA	NA	NA	NA
NC_045512.2	15895	C	G	15965	8512	46	3	1	31	0.000187864	15969	0.999346	FALSE	NA	NA	NA	NA	NA	NA
NC_045512.2	15895	C	A	15965	8512	46	1	0	20	6.26213e-05	15969	1	FALSE	NA	NA	NA	NA	NA	NA
NC_045512.2	15896	T	G	15827	8038	47	2	2	27	0.000126326	15832	1	FALSE	NA	NA	NA	NA	NA	NA
NC_045512.2	15896	T	C	15827	8038	47	2	1	51	0.000126326	15832	0.249961	FALSE	NA	NA	NA	NA	NA	NA
NC_045512.2	15896	T	A	15827	8038	47	1	0	26	6.31632e-05	15832	1	FALSE	NA	NA	NA	NA	NA	NA
NC_045512.2	15897	A	T	16650	8350	47	2	1	26	0.000120084	16655	1	FALSE	NA	NA	NA	NA	NA	NA
NC_045512.2	15897	A	G	16650	8350	47	1	0	34	6.0042e-05	16655	0.999992	FALSE	NA	NA	NA	NA	NA	NA
NC_045512.2	15897	A	C	16650	8350	47	2	1	30	0.000120084	16655	0.999928	FALSE	NA	NA	NA	NA	NA	NA
NC_045512.2	15898	G	T	16651	8245	47	5	4	26	0.000300138	16659	1	FALSE	NA	NA	NA	NA	NA	NA
NC_045512.2	15898	G	C	16651	8245	47	2	2	23	0.000120055	16659	1	FALSE	NA	NA	NA	NA	NA	NA
NC_045512.2	15898	G	A	16651	8245	47	1	0	34	6.00276e-05	16659	0.999992	FALSE	NA	NA	NA	NA	NA	NA
NC_045512.2	15899	T	G	16091	7736	45	9	9	27	0.000558937	16102	1	FALSE	NA	NA	NA	NA	NA	NA
NC_045512.2	15899	T	A	16091	7736	45	2	0	26	0.000124208	16102	1	FALSE	NA	NA	NA	NA	NA	NA
NC_045512.2	15900	T	G	16664	8319	47	1	1	26	6.0006e-05	16665	1	FALSE	NA	NA	NA	NA	NA	NA
NC_045512.2	15901	A	T	16603	8226	47	1	0	27	6.02265e-05	16604	1	FALSE	NA	NA	NA	NA	NA	NA
NC_045512.2	15902	A	C	16005	8218	46	7	0	27	0.000437172	16012	1	FALSE	NA	NA	NA	NA	NA	NA
NC_045512.2	15903	A	T	16075	8250	46	1	1	20	6.21929e-05	16079	1	FALSE	NA	NA	NA	NA	NA	NA
NC_045512.2	15903	A	G	16075	8250	46	1	0	27	6.21929e-05	16079	1	FALSE	NA	NA	NA	NA	NA	NA
NC_045512.2	15903	A	C	16075	8250	46	2	0	30	0.000124386	16079	0.999928	FALSE	NA	NA	NA	NA	NA	NA
NC_045512.2	15904	C	G	16310	8371	46	2	2	27	0.000122564	16318	1	FALSE	NA	NA	NA	NA	NA	NA
NC_045512.2	15904	C	A	16310	8371	46	6	1	27	0.000367692	16318	1	FALSE	NA	NA	NA	NA	NA	NA
NC_045512.2	15905	A	C	15714	7815	46	1	1	34	6.36335e-05	15715	0.999985	FALSE	NA	NA	NA	NA	NA	NA
NC_045512.2	15906	G	T	16150	7825	46	1	0	68	6.1908e-05	16153	0.499985	FALSE	NA	NA	NA	NA	NA	NA
NC_045512.2	15906	G	A	16150	7825	46	2	1	34	0.000123816	16153	0.999928	FALSE	NA	NA	NA	NA	NA	NA
NC_045512.2	15907	G	T	16099	7817	46	2	1	26	0.000124177	16106	1	FALSE	NA	NA	NA	NA	NA	NA
NC_045512.2	15907	G	C	16099	7817	46	4	0	28	0.000248355	16106	1	FALSE	NA	NA	NA	NA	NA	NA
NC_045512.2	15907	G	A	16099	7817	46	1	1	34	6.20887e-05	16106	0.999992	FALSE	NA	NA	NA	NA	NA	NA
NC_045512.2	15908	G	T	16317	7928	47	1	0	34	6.12783e-05	16319	0.999992	FALSE	NA	NA	NA	NA	NA	NA
NC_045512.2	15908	G	A	16317	7928	47	1	1	60	6.12783e-05	16319	0.5	FALSE	NA	NA	NA	NA	NA	NA
NC_045512.2	15908	G	+T	16317	7928	47	1	0	20	6.12783e-05	16319	1	FALSE	NA	NA	NA	NA	NA	NA
NC_045512.2	15909	T	G	16225	7877	47	1	0	26	6.16143e-05	16230	1	FALSE	NA	NA	NA	NA	NA	NA
NC_045512.2	15909	T	A	16225	7877	47	4	4	26	0.000246457	16230	1	FALSE	NA	NA	NA	NA	NA	NA
NC_045512.2	15910	G	T	16313	7879	47	2	2	26	0.000122587	16315	1	FALSE	NA	NA	NA	NA	NA	NA
NC_045512.2	15911	A	T	16403	8169	46	4	1	29	0.000243754	16410	1	FALSE	NA	NA	NA	NA	NA	NA
NC_045512.2	15911	A	G	16403	8169	46	1	0	34	6.09385e-05	16410	0.999992	FALSE	NA	NA	NA	NA	NA	NA
NC_045512.2	15911	A	C	16403	8169	46	2	2	30	0.000121877	16410	0.999928	FALSE	NA	NA	NA	NA	NA	NA
NC_045512.2	15912	T	C	16418	8393	45	2	1	47	0.000121795	16421	0.5	FALSE	NA	NA	NA	NA	NA	NA
NC_045512.2	15912	T	A	16418	8393	45	1	1	34	6.08976e-05	16421	0.999992	FALSE	NA	NA	NA	NA	NA	NA
NC_045512.2	15913	G	T	16555	8390	45	2	2	26	0.000120788	16558	1	FALSE	NA	NA	NA	NA	NA	NA
NC_045512.2	15913	G	C	16555	8390	45	1	0	34	6.03938e-05	16558	0.999992	FALSE	NA	NA	NA	NA	NA	NA
NC_045512.2	15914	A	T	16703	8524	45	3	1	27	0.000179565	16707	1	FALSE	NA	NA	NA	NA	NA	NA
NC_045512.2	15914	A	C	16703	8524	45	1	1	34	5.98552e-05	16707	0.999992	FALSE	NA	NA	NA	NA	NA	NA
NC_045512.2	15915	T	G	16242	8104	46	1	1	20	6.15536e-05	16246	1	FALSE	NA	NA	NA	NA	NA	NA
NC_045512.2	15915	T	C	16242	8104	46	3	2	29	0.000184661	16246	1	FALSE	NA	NA	NA	NA	NA	NA
NC_045512.2	15916	T	A	16201	8086	46	1	1	34	6.17208e-05	16202	0.999992	FALSE	NA	NA	NA	NA	NA	NA
NC_045512.2	15918	T	C	16547	8334	47	2	1	34	0.000120846	16550	0.999928	FALSE	NA	NA	NA	NA	NA	NA
NC_045512.2	15918	T	A	16547	8334	47	1	0	24	6.0423e-05	16550	1	FALSE	NA	NA	NA	NA	NA	NA
NC_045512.2	15920	T	G	16300	8275	46	3	3	24	0.00018397	16307	1	FALSE	NA	NA	NA	NA	NA	NA
NC_045512.2	15920	T	C	16300	8275	46	3	1	42	0.00018397	16307	0.31242	FALSE	NA	NA	NA	NA	NA	NA
NC_045512.2	15920	T	A	16300	8275	46	1	1	26	6.13234e-05	16307	1	FALSE	NA	NA	NA	NA	NA	NA
NC_045512.2	15921	G	T	16669	8228	46	1	1	34	5.99808e-05	16672	0.999992	FALSE	NA	NA	NA	NA	NA	NA
NC_045512.2	15921	G	C	16669	8228	46	2	2	23	0.000119962	16672	1	FALSE	NA	NA	NA	NA	NA	NA
NC_045512.2	15922	T	C	16478	8186	46	1	0	68	6.06759e-05	16481	0.499985	FALSE	NA	NA	NA	NA	NA	NA
NC_045512.2	15922	T	A	16478	8186	46	2	0	30	0.000121352	16481	0.999928	FALSE	NA	NA	NA	NA	NA	NA
NC_045512.2	15923	A	G	16438	8526	47	1	0	68	6.08236e-05	16441	0.499985	FALSE	NA	NA	NA	NA	NA	NA
NC_045512.2	15923	A	C	16438	8526	47	2	0	26	0.000121647	16441	1	FALSE	NA	NA	NA	NA	NA	NA
NC_045512.2	15924	C	A	16492	8567	47	2	0	26	0.000121256	16494	1	FALSE	NA	NA	NA	NA	NA	NA
NC_045512.2	15925	C	A	16397	8629	47	2	0	30	0.000121959	16399	0.999928	FALSE	NA	NA	NA	NA	NA	NA
NC_045512.2	15926	T	G	16226	8302	47	3	2	31	0.000184797	16234	0.999636	FALSE	NA	NA	NA	NA	NA	NA
NC_045512.2	15926	T	A	16226	8302	47	5	4	31	0.000307996	16234	0.996407	FALSE	NA	NA	NA	NA	NA	NA
NC_045512.2	15928	C	T	17581	8617	47	1	1	68	5.68699e-05	17584	0.499986	FALSE	NA	NA	NA	NA	NA	NA
NC_045512.2	15928	C	G	17581	8617	47	2	2	23	0.00011374	17584	1	FALSE	NA	NA	NA	NA	NA	NA
NC_045512.2	15929	C	G	17631	8850	48	1	1	27	5.67022e-05	17636	1	FALSE	NA	NA	NA	NA	NA	NA
NC_045512.2	15929	C	A	17631	8850	48	4	0	26	0.000226809	17636	1	FALSE	NA	NA	NA	NA	NA	NA
NC_045512.2	15930	T	G	17315	8448	48	1	1	26	5.77334e-05	17321	1	FALSE	NA	NA	NA	NA	NA	NA
NC_045512.2	15930	T	C	17315	8448	48	3	3	31	0.0001732	17321	0.999799	FALSE	NA	NA	NA	NA	NA	NA
NC_045512.2	15930	T	A	17315	8448	48	2	2	26	0.000115467	17321	1	FALSE	NA	NA	NA	NA	NA	NA
NC_045512.2	15931	T	G	17259	8486	48	1	1	26	5.79274e-05	17263	1	FALSE	NA	NA	NA	NA	NA	NA
NC_045512.2	15931	T	C	17259	8486	48	2	0	47	0.000115855	17263	0.499978	FALSE	NA	NA	NA	NA	NA	NA
NC_045512.2	15931	T	A	17259	8486	48	1	1	34	5.79274e-05	17263	0.999996	FALSE	NA	NA	NA	NA	NA	NA
NC_045512.2	15932	A	G	17891	8621	48	2	0	51	0.000111763	17895	0.249979	FALSE	NA	NA	NA	NA	NA	NA
NC_045512.2	15932	A	C	17891	8621	48	2	1	26	0.000111763	17895	1	FALSE	NA	NA	NA	NA	NA	NA
NC_045512.2	15933	C	T	17872	8895	48	2	2	51	0.000111863	17879	0.249937	FALSE	NA	NA	NA	NA	NA	NA
NC_045512.2	15933	C	G	17872	8895	48	3	2	43	0.000167795	17879	0.312427	FALSE	NA	NA	NA	NA	NA	NA
NC_045512.2	15933	C	A	17872	8895	48	2	1	25	0.000111863	17879	1	FALSE	NA	NA	NA	NA	NA	NA
NC_045512.2	15934	C	G	17764	8833	47	1	0	34	5.62905e-05	17765	0.999996	FALSE	NA	NA	NA	NA	NA	NA
NC_045512.2	15935	C	T	17798	8817	47	1	1	68	5.61672e-05	17804	0.499944	FALSE	NA	NA	NA	NA	NA	NA
NC_045512.2	15935	C	G	17798	8817	47	4	4	26	0.000224669	17804	1	FALSE	NA	NA	NA	NA	NA	NA
NC_045512.2	15935	C	A	17798	8817	47	1	0	34	5.61672e-05	17804	0.999996	FALSE	NA	NA	NA	NA	NA	NA
NC_045512.2	15936	A	T	16684	7852	48	1	1	26	5.99305e-05	16686	1	FALSE	NA	NA	NA	NA	NA	NA
NC_045512.2	15936	A	G	16684	7852	48	1	0	26	5.99305e-05	16686	1	FALSE	NA	NA	NA	NA	NA	NA
NC_045512.2	15937	G	T	16678	7691	48	1	1	26	5.99556e-05	16679	1	FALSE	NA	NA	NA	NA	NA	NA
NC_045512.2	15938	A	G	16624	7841	47	3	2	45	0.000180429	16627	0.312511	FALSE	NA	NA	NA	NA	NA	NA
NC_045512.2	15939	T	C	16830	7855	48	2	1	30	0.000118807	16834	0.999928	FALSE	NA	NA	NA	NA	NA	NA
NC_045512.2	15939	T	A	16830	7855	48	2	2	23	0.000118807	16834	1	FALSE	NA	NA	NA	NA	NA	NA
NC_045512.2	15940	C	G	16648	7861	48	4	3	39	0.000240197	16653	0.998715	FALSE	NA	NA	NA	NA	NA	NA
NC_045512.2	15940	C	A	16648	7861	48	1	0	34	6.00492e-05	16653	0.999992	FALSE	NA	NA	NA	NA	NA	NA
NC_045512.2	15941	C	T	16335	7527	48	1	1	34	6.12033e-05	16339	0.999992	FALSE	NA	NA	NA	NA	NA	NA
NC_045512.2	15941	C	G	16335	7527	48	3	2	26	0.00018361	16339	1	FALSE	NA	NA	NA	NA	NA	NA
NC_045512.2	15942	A	T	16161	7560	48	3	2	28	0.000185575	16166	1	FALSE	NA	NA	NA	NA	NA	NA
NC_045512.2	15942	A	G	16161	7560	48	1	1	34	6.18582e-05	16166	0.999992	FALSE	NA	NA	NA	NA	NA	NA
NC_045512.2	15942	A	C	16161	7560	48	1	0	20	6.18582e-05	16166	1	FALSE	NA	NA	NA	NA	NA	NA
NC_045512.2	15943	T	G	16444	7571	49	2	2	26	0.000121603	16447	1	FALSE	NA	NA	NA	NA	NA	NA
NC_045512.2	15943	T	C	16444	7571	49	1	1	34	6.08014e-05	16447	0.999992	FALSE	NA	NA	NA	NA	NA	NA
NC_045512.2	15944	C	G	16488	7759	48	3	2	26	0.000181906	16492	1	FALSE	NA	NA	NA	NA	NA	NA
NC_045512.2	15944	C	A	16488	7759	48	1	1	27	6.06355e-05	16492	1	FALSE	NA	NA	NA	NA	NA	NA
NC_045512.2	15945	A	G	16567	7752	48	2	0	27	0.000120707	16569	1	FALSE	NA	NA	NA	NA	NA	NA
NC_045512.2	15946	A	G	15825	7797	47	1	1	34	6.31792e-05	15828	0.999985	FALSE	NA	NA	NA	NA	NA	NA
NC_045512.2	15946	A	C	15825	7797	47	2	0	27	0.000126358	15828	1	FALSE	NA	NA	NA	NA	NA	NA
NC_045512.2	15947	G	T	16467	7718	48	3	3	28	0.000182138	16471	1	FALSE	NA	NA	NA	NA	NA	NA
NC_045512.2	15947	G	C	16467	7718	48	1	0	27	6.07128e-05	16471	1	FALSE	NA	NA	NA	NA	NA	NA
NC_045512.2	15948	A	T	16306	7701	48	4	4	26	0.000245203	16313	1	FALSE	NA	NA	NA	NA	NA	NA
NC_045512.2	15948	A	G	16306	7701	48	3	2	31	0.000183902	16313	0.999636	FALSE	NA	NA	NA	NA	NA	NA
NC_045512.2	15949	A	C	16436	7813	48	5	1	30	0.000304118	16441	0.996412	FALSE	NA	NA	NA	NA	NA	NA
NC_045512.2	15950	T	G	16848	7718	48	1	1	26	5.93401e-05	16852	1	FALSE	NA	NA	NA	NA	NA	NA
NC_045512.2	15950	T	C	16848	7718	48	1	0	46	5.93401e-05	16852	0.749978	FALSE	NA	NA	NA	NA	NA	NA
NC_045512.2	15950	T	A	16848	7718	48	2	2	25	0.00011868	16852	1	FALSE	NA	NA	NA	NA	NA	NA
NC_045512.2	15951	C	G	16879	7749	48	2	1	30	0.000118476	16881	0.999928	FALSE	NA	NA	NA	NA	NA	NA
NC_045512.2	15952	C	A	16919	7925	48	2	1	23	0.000118196	16921	1	FALSE	NA	NA	NA	NA	NA	NA
NC_045512.2	15953	T	G	16833	7719	48	2	2	30	0.000118772	16839	0.999928	FALSE	NA	NA	NA	NA	NA	NA
NC_045512.2	15953	T	C	16833	7719	48	3	0	42	0.000178158	16839	0.312444	FALSE	NA	NA	NA	NA	NA	NA
NC_045512.2	15953	T	A	16833	7719	48	1	0	27	5.93859e-05	16839	1	FALSE	NA	NA	NA	NA	NA	NA
NC_045512.2	15954	A	T	16675	7809	48	1	1	20	5.99556e-05	16679	1	FALSE	NA	NA	NA	NA	NA	NA
NC_045512.2	15954	A	G	16675	7809	48	2	1	30	0.000119911	16679	0.999928	FALSE	NA	NA	NA	NA	NA	NA
NC_045512.2	15954	A	C	16675	7809	48	1	0	27	5.99556e-05	16679	1	FALSE	NA	NA	NA	NA	NA	NA
NC_045512.2	15955	G	T	17056	7870	49	1	0	27	5.8627e-05	17057	1	FALSE	NA	NA	NA	NA	NA	NA
NC_045512.2	15956	G	C	16858	7809	49	2	0	30	0.000118624	16860	0.999928	FALSE	NA	NA	NA	NA	NA	NA
NC_045512.2	15957	G	T	17005	7928	49	1	1	26	5.87959e-05	17008	1	FALSE	NA	NA	NA	NA	NA	NA
NC_045512.2	15957	G	C	17005	7928	49	2	2	26	0.000117592	17008	1	FALSE	NA	NA	NA	NA	NA	NA
NC_045512.2	15958	G	C	16732	7810	50	1	1	34	5.97586e-05	16734	0.999992	FALSE	NA	NA	NA	NA	NA	NA
NC_045512.2	15958	G	A	16732	7810	50	1	0	34	5.97586e-05	16734	0.999992	FALSE	NA	NA	NA	NA	NA	NA
NC_045512.2	15959	C	G	16499	7754	49	3	3	29	0.000181796	16502	1	FALSE	NA	NA	NA	NA	NA	NA
NC_045512.2	15960	C	G	16344	7671	50	1	0	27	6.11808e-05	16345	1	FALSE	NA	NA	NA	NA	NA	NA
NC_045512.2	15961	G	C	16378	7647	50	1	0	34	6.10314e-05	16385	0.999992	FALSE	NA	NA	NA	NA	NA	NA
NC_045512.2	15961	G	A	16378	7647	50	6	1	38	0.000366189	16385	0.991568	FALSE	NA	NA	NA	NA	NA	NA
NC_045512.2	15962	G	T	16349	7736	50	2	2	27	0.000122294	16354	1	FALSE	NA	NA	NA	NA	NA	NA
NC_045512.2	15962	G	C	16349	7736	50	1	1	27	6.11471e-05	16354	1	FALSE	NA	NA	NA	NA	NA	NA
NC_045512.2	15962	G	A	16349	7736	50	2	2	51	0.000122294	16354	0.249962	FALSE	NA	NA	NA	NA	NA	NA
NC_045512.2	15963	C	G	16230	7714	49	3	2	25	0.000184797	16234	1	FALSE	NA	NA	NA	NA	NA	NA
NC_045512.2	15963	C	A	16230	7714	49	1	0	26	6.15991e-05	16234	1	FALSE	NA	NA	NA	NA	NA	NA
NC_045512.2	15964	T	G	15977	7516	49	1	1	26	6.25821e-05	15979	1	FALSE	NA	NA	NA	NA	NA	NA
NC_045512.2	15964	T	A	15977	7516	49	1	1	34	6.25821e-05	15979	0.999985	FALSE	NA	NA	NA	NA	NA	NA
NC_045512.2	15965	G	T	16861	7956	49	3	2	29	0.000177862	16867	1	FALSE	NA	NA	NA	NA	NA	NA
NC_045512.2	15965	G	C	16861	7956	49	2	1	36	0.000118575	16867	0.999928	FALSE	NA	NA	NA	NA	NA	NA
NC_045512.2	15965	G	A	16861	7956	49	1	1	60	5.92874e-05	16867	0.499941	FALSE	NA	NA	NA	NA	NA	NA
NC_045512.2	15965	G	-TT	16861	7956	49	1	0	20	5.92874e-05	16867	1	FALSE	NA	NA	NA	NA	NA	NA
NC_045512.2	15966	T	G	16781	7873	49	2	2	27	0.000119168	16783	1	FALSE	NA	NA	NA	NA	NA	NA
NC_045512.2	15967	T	G	15633	6876	46	8	6	25	0.000511411	15643	1	FALSE	NA	NA	NA	NA	NA	NA
NC_045512.2	15967	T	C	15633	6876	46	2	0	47	0.000127853	15643	0.499808	FALSE	NA	NA	NA	NA	NA	NA
NC_045512.2	15968	T	C	16941	8081	50	1	1	27	5.90249e-05	16942	1	FALSE	NA	NA	NA	NA	NA	NA
NC_045512.2	15969	T	G	17020	8179	51	2	1	34	0.000117488	17023	0.999962	FALSE	NA	NA	NA	NA	NA	NA
NC_045512.2	15969	T	C	17020	8179	51	1	1	34	5.87441e-05	17023	0.999996	FALSE	NA	NA	NA	NA	NA	NA
NC_045512.2	15970	G	T	17200	8141	50	2	2	30	0.000116252	17204	0.999962	FALSE	NA	NA	NA	NA	NA	NA
NC_045512.2	15970	G	C	17200	8141	50	2	1	26	0.000116252	17204	1	FALSE	NA	NA	NA	NA	NA	NA
NC_045512.2	15971	T	G	16926	7929	49	3	3	29	0.0001772	16930	1	FALSE	NA	NA	NA	NA	NA	NA
NC_045512.2	15971	T	C	16926	7929	49	1	0	68	5.90667e-05	16930	0.49997	FALSE	NA	NA	NA	NA	NA	NA
NC_045512.2	15972	A	G	17291	8250	50	1	0	26	5.78302e-05	17292	1	FALSE	NA	NA	NA	NA	NA	NA
NC_045512.2	15973	G	T	17294	8172	50	1	0	27	5.78202e-05	17295	1	FALSE	NA	NA	NA	NA	NA	NA
NC_045512.2	15974	A	T	16526	7797	50	1	1	27	6.04997e-05	16529	1	FALSE	NA	NA	NA	NA	NA	NA
NC_045512.2	15974	A	G	16526	7797	50	1	0	26	6.04997e-05	16529	1	FALSE	NA	NA	NA	NA	NA	NA
NC_045512.2	15974	A	C	16526	7797	50	1	1	27	6.04997e-05	16529	1	FALSE	NA	NA	NA	NA	NA	NA
NC_045512.2	15975	T	G	16526	7637	50	3	0	29	0.000181455	16533	1	FALSE	NA	NA	NA	NA	NA	NA
NC_045512.2	15975	T	C	16526	7637	50	2	0	47	0.00012097	16533	0.499909	FALSE	NA	NA	NA	NA	NA	NA
NC_045512.2	15975	T	A	16526	7637	50	2	1	30	0.00012097	16533	0.999928	FALSE	NA	NA	NA	NA	NA	NA
NC_045512.2	15976	G	C	16489	7682	51	5	5	28	0.000303141	16494	1	FALSE	NA	NA	NA	NA	NA	NA
NC_045512.2	15977	A	C	16634	7829	51	1	1	27	6.01142e-05	16635	1	FALSE	NA	NA	NA	NA	NA	NA
NC_045512.2	15978	T	G	15832	6921	48	1	0	34	6.31353e-05	15839	0.999985	FALSE	NA	NA	NA	NA	NA	NA
NC_045512.2	15978	T	A	15832	6921	48	6	6	29	0.000378812	15839	1	FALSE	NA	NA	NA	NA	NA	NA
NC_045512.2	15979	A	T	16118	7590	51	2	1	25	0.000124046	16123	1	FALSE	NA	NA	NA	NA	NA	NA
NC_045512.2	15979	A	G	16118	7590	51	3	1	49	0.00018607	16123	0.312465	FALSE	NA	NA	NA	NA	NA	NA
NC_045512.2	15980	T	G	16137	7554	51	1	0	26	6.19617e-05	16139	1	FALSE	NA	NA	NA	NA	NA	NA
NC_045512.2	15980	T	A	16137	7554	51	1	1	27	6.19617e-05	16139	1	FALSE	NA	NA	NA	NA	NA	NA
NC_045512.2	15981	C	T	16472	7745	51	1	0	34	6.0698e-05	16475	0.999992	FALSE	NA	NA	NA	NA	NA	NA
NC_045512.2	15981	C	G	16472	7745	51	1	1	27	6.0698e-05	16475	1	FALSE	NA	NA	NA	NA	NA	NA
NC_045512.2	15981	C	A	16472	7745	51	1	1	34	6.0698e-05	16475	0.999992	FALSE	NA	NA	NA	NA	NA	NA
NC_045512.2	15982	G	T	16297	7540	51	1	0	34	6.13346e-05	16304	0.999992	FALSE	NA	NA	NA	NA	NA	NA
NC_045512.2	15982	G	C	16297	7540	51	6	6	25	0.000368008	16304	1	FALSE	NA	NA	NA	NA	NA	NA
NC_045512.2	15983	T	G	16528	7866	52	1	1	20	6.04924e-05	16531	1	FALSE	NA	NA	NA	NA	NA	NA
NC_045512.2	15983	T	A	16528	7866	52	2	0	30	0.000120985	16531	0.999928	FALSE	NA	NA	NA	NA	NA	NA
NC_045512.2	15984	A	T	16128	7888	50	1	0	27	6.19924e-05	16131	1	FALSE	NA	NA	NA	NA	NA	NA
NC_045512.2	15984	A	G	16128	7888	50	1	1	68	6.19924e-05	16131	0.499985	FALSE	NA	NA	NA	NA	NA	NA
NC_045512.2	15984	A	C	16128	7888	50	1	0	34	6.19924e-05	16131	0.999992	FALSE	NA	NA	NA	NA	NA	NA
NC_045512.2	15985	A	G	16451	7969	52	1	1	68	6.07829e-05	16452	0.500015	FALSE	NA	NA	NA	NA	NA	NA
NC_045512.2	15986	A	T	14798	8040	47	2	2	30	0.000135089	14805	0.999741	FALSE	NA	NA	NA	NA	NA	NA
NC_045512.2	15986	A	C	14798	8040	47	5	1	28	0.000337724	14805	1	FALSE	NA	NA	NA	NA	NA	NA
NC_045512.2	15988	A	T	15887	8105	49	2	1	26	0.000125834	15894	1	FALSE	NA	NA	NA	NA	NA	NA
NC_045512.2	15988	A	C	15887	8105	49	5	1	27	0.000314584	15894	1	FALSE	NA	NA	NA	NA	NA	NA
NC_045512.2	15989	C	T	16355	8082	51	1	1	68	6.1121e-05	16361	0.499939	FALSE	NA	NA	NA	NA	NA	NA
NC_045512.2	15989	C	G	16355	8082	51	4	2	26	0.000244484	16361	1	FALSE	NA	NA	NA	NA	NA	NA
NC_045512.2	15989	C	A	16355	8082	51	1	0	27	6.1121e-05	16361	1	FALSE	NA	NA	NA	NA	NA	NA
NC_045512.2	15990	A	G	16096	7846	51	1	0	68	6.21195e-05	16098	0.5	FALSE	NA	NA	NA	NA	NA	NA
NC_045512.2	15990	A	C	16096	7846	51	1	0	68	6.21195e-05	16098	0.5	FALSE	NA	NA	NA	NA	NA	NA
NC_045512.2	15991	G	C	16237	7946	51	2	0	30	0.00012316	16239	0.999928	FALSE	NA	NA	NA	NA	NA	NA
NC_045512.2	15992	A	T	16658	8113	52	1	0	24	6.00204e-05	16661	1	FALSE	NA	NA	NA	NA	NA	NA
NC_045512.2	15992	A	G	16658	8113	52	2	1	51	0.000120041	16661	0.249992	FALSE	NA	NA	NA	NA	NA	NA
NC_045512.2	15993	T	A	16646	8115	51	3	2	29	0.000180191	16649	1	FALSE	NA	NA	NA	NA	NA	NA
NC_045512.2	15993	T	-G	16646	8115	51	1	0	20	6.00637e-05	16649	1	FALSE	NA	NA	NA	NA	NA	NA
NC_045512.2	15994	G	T	16594	8116	51	1	1	27	6.02373e-05	16601	1	FALSE	NA	NA	NA	NA	NA	NA
NC_045512.2	15994	G	C	16594	8116	51	4	3	24	0.000240949	16601	1	FALSE	NA	NA	NA	NA	NA	NA
NC_045512.2	15994	G	A	16594	8116	51	2	0	68	0.000120475	16601	0.249917	FALSE	NA	NA	NA	NA	NA	NA
NC_045512.2	15995	G	T	17258	8509	51	3	0	26	0.000173792	17262	1	FALSE	NA	NA	NA	NA	NA	NA
NC_045512.2	15995	G	C	17258	8509	51	1	1	26	5.79307e-05	17262	1	FALSE	NA	NA	NA	NA	NA	NA
NC_045512.2	15996	T	G	17254	8566	51	1	1	34	5.79441e-05	17258	0.999996	FALSE	NA	NA	NA	NA	NA	NA
NC_045512.2	15996	T	C	17254	8566	51	3	3	45	0.000173832	17258	0.312489	FALSE	NA	NA	NA	NA	NA	NA
NC_045512.2	15997	A	C	17157	8547	50	4	1	26	0.000233087	17161	1	FALSE	NA	NA	NA	NA	NA	NA
NC_045512.2	15998	C	G	17191	8685	51	1	0	26	5.81666e-05	17192	1	FALSE	NA	NA	NA	NA	NA	NA
NC_045512.2	15999	A	T	17588	8690	51	2	1	30	0.000113656	17597	0.999962	FALSE	NA	NA	NA	NA	NA	NA
NC_045512.2	15999	A	G	17588	8690	51	3	1	45	0.000170484	17597	0.312383	FALSE	NA	NA	NA	NA	NA	NA
NC_045512.2	15999	A	C	17588	8690	51	4	0	21	0.000227311	17597	1	FALSE	NA	NA	NA	NA	NA	NA
NC_045512.2	15999	A	+T	17588	8690	51	1	0	20	5.68279e-05	17597	1	FALSE	NA	NA	NA	NA	NA	NA
NC_045512.2	16000	C	G	17978	8854	51	1	0	27	5.56204e-05	17979	1	FALSE	NA	NA	NA	NA	NA	NA
NC_045512.2	16001	T	G	17611	8648	51	1	1	26	5.67634e-05	17617	1	FALSE	NA	NA	NA	NA	NA	NA
NC_045512.2	16001	T	A	17611	8648	51	5	5	27	0.000283817	17617	1	FALSE	NA	NA	NA	NA	NA	NA
NC_045512.2	16002	T	C	17511	8745	51	4	1	60	0.00022835	17517	0.0624822	FALSE	NA	NA	NA	NA	NA	NA
NC_045512.2	16002	T	A	17511	8745	51	2	1	29	0.000114175	17517	1	FALSE	NA	NA	NA	NA	NA	NA
NC_045512.2	16003	A	G	17467	8756	51	1	1	68	5.72443e-05	17469	0.5	FALSE	NA	NA	NA	NA	NA	NA
NC_045512.2	16003	A	C	17467	8756	51	1	0	26	5.72443e-05	17469	1	FALSE	NA	NA	NA	NA	NA	NA
NC_045512.2	16004	T	G	17293	8367	52	1	0	27	5.78168e-05	17296	1	FALSE	NA	NA	NA	NA	NA	NA
NC_045512.2	16004	T	A	17293	8367	52	2	2	30	0.000115634	17296	0.999962	FALSE	NA	NA	NA	NA	NA	NA
NC_045512.2	16005	G	T	17195	8521	51	1	1	20	5.81429e-05	17199	1	FALSE	NA	NA	NA	NA	NA	NA
NC_045512.2	16005	G	C	17195	8521	51	2	0	27	0.000116286	17199	1	FALSE	NA	NA	NA	NA	NA	NA
NC_045512.2	16005	G	A	17195	8521	51	1	0	26	5.81429e-05	17199	1	FALSE	NA	NA	NA	NA	NA	NA
NC_045512.2	16006	A	T	17479	8734	52	1	1	27	5.72082e-05	17480	1	FALSE	NA	NA	NA	NA	NA	NA
NC_045512.2	16007	T	C	17192	8626	51	3	3	29	0.000174449	17197	1	FALSE	NA	NA	NA	NA	NA	NA
NC_045512.2	16007	T	A	17192	8626	51	2	0	30	0.000116299	17197	0.999962	FALSE	NA	NA	NA	NA	NA	NA
NC_045512.2	16008	T	G	16101	7654	50	2	2	30	0.000124185	16105	0.999928	FALSE	NA	NA	NA	NA	NA	NA
NC_045512.2	16008	T	C	16101	7654	50	2	1	40	0.000124185	16105	0.499977	FALSE	NA	NA	NA	NA	NA	NA
NC_045512.2	16009	G	T	16543	8158	52	2	2	26	0.000120861	16548	1	FALSE	NA	NA	NA	NA	NA	NA
NC_045512.2	16009	G	C	16543	8158	52	2	2	30	0.000120861	16548	0.999928	FALSE	NA	NA	NA	NA	NA	NA
NC_045512.2	16009	G	A	16543	8158	52	1	0	68	6.04303e-05	16548	0.499955	FALSE	NA	NA	NA	NA	NA	NA
NC_045512.2	16009	G	-A	16543	8158	52	1	0	20	6.04303e-05	16548	1	FALSE	NA	NA	NA	NA	NA	NA
NC_045512.2	16010	A	T	16395	8524	51	1	1	27	6.09905e-05	16396	1	FALSE	NA	NA	NA	NA	NA	NA
NC_045512.2	16011	A	T	16670	8574	52	1	1	26	5.99772e-05	16673	1	FALSE	NA	NA	NA	NA	NA	NA
NC_045512.2	16011	A	G	16670	8574	52	2	1	25	0.000119954	16673	1	FALSE	NA	NA	NA	NA	NA	NA
NC_045512.2	16012	C	T	16674	8606	52	4	2	49	0.000239837	16678	0.1875	FALSE	NA	NA	NA	NA	NA	NA
NC_045512.2	16013	G	T	16410	8349	52	1	1	34	6.09199e-05	16415	0.999992	FALSE	NA	NA	NA	NA	NA	NA
NC_045512.2	16013	G	C	16410	8349	52	1	1	34	6.09199e-05	16415	0.999992	FALSE	NA	NA	NA	NA	NA	NA
NC_045512.2	16013	G	A	16410	8349	52	3	2	45	0.00018276	16415	0.312466	FALSE	NA	NA	NA	NA	NA	NA
NC_045512.2	16014	G	T	17290	8594	52	2	2	30	0.000115647	17294	0.999962	FALSE	NA	NA	NA	NA	NA	NA
NC_045512.2	16014	G	A	17290	8594	52	2	2	47	0.000115647	17294	0.499978	FALSE	NA	NA	NA	NA	NA	NA
NC_045512.2	16015	T	G	16016	7073	47	19	19	27	0.00118483	16036	1	FALSE	NA	NA	NA	NA	NA	NA
NC_045512.2	16015	T	C	16016	7073	47	1	1	34	6.23597e-05	16036	0.999992	FALSE	NA	NA	NA	NA	NA	NA
NC_045512.2	16016	T	A	17312	8658	53	1	1	27	5.77601e-05	17313	1	FALSE	NA	NA	NA	NA	NA	NA
NC_045512.2	16017	C	T	17189	8554	52	3	0	38	0.00017449	17193	0.999799	FALSE	NA	NA	NA	NA	NA	NA
NC_045512.2	16017	C	G	17189	8554	52	1	1	27	5.81632e-05	17193	1	FALSE	NA	NA	NA	NA	NA	NA
NC_045512.2	16018	G	C	17193	8618	52	1	1	20	5.81598e-05	17194	1	FALSE	NA	NA	NA	NA	NA	NA
NC_045512.2	16019	T	G	17321	8736	52	4	0	27	0.00023084	17328	1	FALSE	NA	NA	NA	NA	NA	NA
NC_045512.2	16019	T	C	17321	8736	52	1	1	24	5.77101e-05	17328	1	FALSE	NA	NA	NA	NA	NA	NA
NC_045512.2	16019	T	A	17321	8736	52	2	0	26	0.00011542	17328	1	FALSE	NA	NA	NA	NA	NA	NA
NC_045512.2	16020	G	A	17583	8745	52	2	0	36	0.000113733	17585	0.999962	FALSE	NA	NA	NA	NA	NA	NA
NC_045512.2	16021	T	G	17397	8610	51	1	1	34	5.74746e-05	17399	0.999996	FALSE	NA	NA	NA	NA	NA	NA
NC_045512.2	16021	T	A	17397	8610	51	1	1	26	5.74746e-05	17399	1	FALSE	NA	NA	NA	NA	NA	NA
NC_045512.2	16023	T	C	16763	8164	52	3	2	34	0.000178912	16768	0.999637	FALSE	NA	NA	NA	NA	NA	NA
NC_045512.2	16023	T	A	16763	8164	52	2	2	30	0.000119275	16768	0.999928	FALSE	NA	NA	NA	NA	NA	NA
NC_045512.2	16024	T	G	16200	7684	50	5	4	28	0.000308528	16206	1	FALSE	NA	NA	NA	NA	NA	NA
NC_045512.2	16024	T	C	16200	7684	50	1	1	27	6.17055e-05	16206	1	FALSE	NA	NA	NA	NA	NA	NA
NC_045512.2	16025	T	C	16918	8432	53	2	2	51	0.000118203	16920	0.250007	FALSE	NA	NA	NA	NA	NA	NA
NC_045512.2	16026	A	G	17067	8560	53	1	0	34	5.85857e-05	17069	0.999996	FALSE	NA	NA	NA	NA	NA	NA
NC_045512.2	16026	A	C	17067	8560	53	1	1	27	5.85857e-05	17069	1	FALSE	NA	NA	NA	NA	NA	NA
NC_045512.2	16027	G	T	17020	8254	51	3	2	24	0.000176211	17025	1	FALSE	NA	NA	NA	NA	NA	NA
NC_045512.2	16027	G	A	17020	8254	51	2	1	68	0.000117474	17025	0.249963	FALSE	NA	NA	NA	NA	NA	NA
NC_045512.2	16028	C	G	17430	8725	52	2	2	27	0.000114712	17435	1	FALSE	NA	NA	NA	NA	NA	NA
NC_045512.2	16028	C	A	17430	8725	52	3	0	27	0.000172068	17435	1	FALSE	NA	NA	NA	NA	NA	NA
NC_045512.2	16029	T	G	17372	8481	53	1	0	27	5.7554e-05	17375	1	FALSE	NA	NA	NA	NA	NA	NA
NC_045512.2	16029	T	C	17372	8481	53	1	1	27	5.7554e-05	17375	1	FALSE	NA	NA	NA	NA	NA	NA
NC_045512.2	16029	T	A	17372	8481	53	1	0	27	5.7554e-05	17375	1	FALSE	NA	NA	NA	NA	NA	NA
NC_045512.2	16030	A	G	17572	8538	53	1	0	46	5.6899e-05	17575	0.749993	FALSE	NA	NA	NA	NA	NA	NA
NC_045512.2	16030	A	C	17572	8538	53	2	2	30	0.000113798	17575	0.999962	FALSE	NA	NA	NA	NA	NA	NA
NC_045512.2	16031	T	G	17490	8489	53	2	2	26	0.000114338	17492	1	FALSE	NA	NA	NA	NA	NA	NA
NC_045512.2	16032	A	G	17413	8616	53	1	1	24	5.74251e-05	17414	1	FALSE	NA	NA	NA	NA	NA	NA
NC_045512.2	16033	G	T	17472	8618	53	1	0	34	5.72279e-05	17474	0.999996	FALSE	NA	NA	NA	NA	NA	NA
NC_045512.2	16033	G	C	17472	8618	53	1	1	27	5.72279e-05	17474	1	FALSE	NA	NA	NA	NA	NA	NA
NC_045512.2	16034	A	T	17465	8890	51	1	1	34	5.72541e-05	17466	0.999996	FALSE	NA	NA	NA	NA	NA	NA
NC_045512.2	16035	T	C	17817	8738	53	1	1	34	5.6123e-05	17818	0.999996	FALSE	NA	NA	NA	NA	NA	NA
NC_045512.2	16036	G	T	17531	8624	52	1	1	26	5.70255e-05	17536	1	FALSE	NA	NA	NA	NA	NA	NA
NC_045512.2	16036	G	C	17531	8624	52	3	0	27	0.000171077	17536	1	FALSE	NA	NA	NA	NA	NA	NA
NC_045512.2	16036	G	A	17531	8624	52	1	0	34	5.70255e-05	17536	0.999996	FALSE	NA	NA	NA	NA	NA	NA
NC_045512.2	16037	C	T	17498	8769	52	1	1	27	5.71265e-05	17505	1	FALSE	NA	NA	NA	NA	NA	NA
NC_045512.2	16037	C	G	17498	8769	52	1	0	34	5.71265e-05	17505	0.999996	FALSE	NA	NA	NA	NA	NA	NA
NC_045512.2	16037	C	A	17498	8769	52	5	2	28	0.000285633	17505	1	FALSE	NA	NA	NA	NA	NA	NA
NC_045512.2	16037	C	-T	17498	8769	52	1	0	20	5.71265e-05	17505	1	FALSE	NA	NA	NA	NA	NA	NA
NC_045512.2	16038	T	C	17457	8563	52	1	1	24	5.72672e-05	17462	1	FALSE	NA	NA	NA	NA	NA	NA
NC_045512.2	16038	T	A	17457	8563	52	4	2	37	0.000229069	17462	0.999257	FALSE	NA	NA	NA	NA	NA	NA
NC_045512.2	16039	T	G	17466	8692	52	2	0	26	0.000114489	17469	1	FALSE	NA	NA	NA	NA	NA	NA
NC_045512.2	16039	T	C	17466	8692	52	1	0	68	5.72443e-05	17469	0.499986	FALSE	NA	NA	NA	NA	NA	NA
NC_045512.2	16040	A	T	17363	8761	52	1	1	27	5.75772e-05	17368	1	FALSE	NA	NA	NA	NA	NA	NA
NC_045512.2	16040	A	C	17363	8761	52	4	1	26	0.000230309	17368	1	FALSE	NA	NA	NA	NA	NA	NA
NC_045512.2	16041	C	T	17495	8854	52	2	2	51	0.000114273	17502	0.249936	FALSE	NA	NA	NA	NA	NA	NA
NC_045512.2	16041	C	G	17495	8854	52	5	0	26	0.000285682	17502	1	FALSE	NA	NA	NA	NA	NA	NA
NC_045512.2	16042	C	G	17361	8845	51	2	0	30	0.000115168	17366	0.999962	FALSE	NA	NA	NA	NA	NA	NA
NC_045512.2	16042	C	A	17361	8845	51	3	0	28	0.000172751	17366	1	FALSE	NA	NA	NA	NA	NA	NA
NC_045512.2	16043	C	G	17322	8783	52	1	0	34	5.77234e-05	17324	0.999996	FALSE	NA	NA	NA	NA	NA	NA
NC_045512.2	16043	C	A	17322	8783	52	1	0	27	5.77234e-05	17324	1	FALSE	NA	NA	NA	NA	NA	NA
NC_045512.2	16044	A	T	16824	8509	52	1	0	34	5.94283e-05	16827	0.999992	FALSE	NA	NA	NA	NA	NA	NA
NC_045512.2	16044	A	C	16824	8509	52	2	0	30	0.000118857	16827	0.999928	FALSE	NA	NA	NA	NA	NA	NA
NC_045512.2	16045	C	A	17354	8644	52	2	1	30	0.000115234	17356	0.999962	FALSE	NA	NA	NA	NA	NA	NA
NC_045512.2	16046	T	G	17030	8334	52	1	1	24	5.8713e-05	17032	1	FALSE	NA	NA	NA	NA	NA	NA
NC_045512.2	16046	T	A	17030	8334	52	1	1	34	5.8713e-05	17032	0.999996	FALSE	NA	NA	NA	NA	NA	NA
NC_045512.2	16047	T	G	17108	8585	52	1	1	20	5.84385e-05	17112	1	FALSE	NA	NA	NA	NA	NA	NA
NC_045512.2	16047	T	C	17108	8585	52	2	1	39	0.000116877	17112	0.999962	FALSE	NA	NA	NA	NA	NA	NA
NC_045512.2	16047	T	A	17108	8585	52	1	0	27	5.84385e-05	17112	1	FALSE	NA	NA	NA	NA	NA	NA
NC_045512.2	16048	A	T	17003	8624	51	1	1	27	5.87959e-05	17008	1	FALSE	NA	NA	NA	NA	NA	NA
NC_045512.2	16048	A	C	17003	8624	51	4	0	28	0.000235183	17008	1	FALSE	NA	NA	NA	NA	NA	NA
NC_045512.2	16049	C	T	17159	8704	51	1	0	68	5.82751e-05	17160	0.500015	FALSE	NA	NA	NA	NA	NA	NA
NC_045512.2	16050	T	G	16896	8363	51	7	7	28	0.000413981	16909	1	FALSE	NA	NA	NA	NA	NA	NA
NC_045512.2	16050	T	C	16896	8363	51	3	3	29	0.00017742	16909	1	FALSE	NA	NA	NA	NA	NA	NA
NC_045512.2	16050	T	A	16896	8363	51	3	1	26	0.00017742	16909	1	FALSE	NA	NA	NA	NA	NA	NA
NC_045512.2	16051	A	C	17174	8621	52	1	1	34	5.82242e-05	17175	0.999996	FALSE	NA	NA	NA	NA	NA	NA
NC_045512.2	16052	A	G	16670	8479	50	4	3	40	0.000239866	16676	0.187463	FALSE	NA	NA	NA	NA	NA	NA
NC_045512.2	16052	A	C	16670	8479	50	2	0	23	0.000119933	16676	1	FALSE	NA	NA	NA	NA	NA	NA
NC_045512.2	16053	A	T	16797	8587	50	1	1	34	5.95309e-05	16798	0.999992	FALSE	NA	NA	NA	NA	NA	NA
NC_045512.2	16054	C	A	16876	8575	51	1	1	60	5.92522e-05	16877	0.500015	FALSE	NA	NA	NA	NA	NA	NA
NC_045512.2	16055	A	G	16628	8093	50	1	0	27	6.01359e-05	16629	1	FALSE	NA	NA	NA	NA	NA	NA
NC_045512.2	16056	T	G	16953	8409	51	1	0	27	5.89762e-05	16956	1	FALSE	NA	NA	NA	NA	NA	NA
NC_045512.2	16056	T	C	16953	8409	51	1	0	68	5.89762e-05	16956	0.499985	FALSE	NA	NA	NA	NA	NA	NA
NC_045512.2	16056	T	A	16953	8409	51	1	1	27	5.89762e-05	16956	1	FALSE	NA	NA	NA	NA	NA	NA
NC_045512.2	16057	C	T	16791	8549	50	1	1	34	5.95344e-05	16797	0.999992	FALSE	NA	NA	NA	NA	NA	NA
NC_045512.2	16057	C	G	16791	8549	50	3	1	26	0.000178603	16797	1	FALSE	NA	NA	NA	NA	NA	NA
NC_045512.2	16057	C	A	16791	8549	50	2	0	20	0.000119069	16797	1	FALSE	NA	NA	NA	NA	NA	NA
NC_045512.2	16058	C	T	16953	8731	51	4	3	68	0.000235835	16961	0.0624668	FALSE	NA	NA	NA	NA	NA	NA
NC_045512.2	16058	C	G	16953	8731	51	3	0	24	0.000176876	16961	1	FALSE	NA	NA	NA	NA	NA	NA
NC_045512.2	16058	C	A	16953	8731	51	1	0	34	5.89588e-05	16961	0.999992	FALSE	NA	NA	NA	NA	NA	NA
NC_045512.2	16059	T	G	16999	8637	51	4	4	32	0.000235239	17004	0.999258	FALSE	NA	NA	NA	NA	NA	NA
NC_045512.2	16059	T	A	16999	8637	51	1	0	34	5.88097e-05	17004	0.999996	FALSE	NA	NA	NA	NA	NA	NA
NC_045512.2	16060	A	T	18070	8780	50	1	1	26	5.5325e-05	18075	1	FALSE	NA	NA	NA	NA	NA	NA
NC_045512.2	16060	A	G	18070	8780	50	2	1	34	0.00011065	18075	0.99998	FALSE	NA	NA	NA	NA	NA	NA
NC_045512.2	16060	A	C	18070	8780	50	2	1	30	0.00011065	18075	0.99998	FALSE	NA	NA	NA	NA	NA	NA
NC_045512.2	16061	A	T	17809	8730	49	1	1	34	5.61262e-05	17817	0.999996	FALSE	NA	NA	NA	NA	NA	NA
NC_045512.2	16061	A	G	17809	8730	49	3	2	46	0.000168379	17817	0.312405	FALSE	NA	NA	NA	NA	NA	NA
NC_045512.2	16061	A	C	17809	8730	49	4	1	26	0.000224505	17817	1	FALSE	NA	NA	NA	NA	NA	NA
NC_045512.2	16062	T	G	18122	8853	50	2	1	27	0.000110327	18128	1	FALSE	NA	NA	NA	NA	NA	NA
NC_045512.2	16062	T	C	18122	8853	50	3	1	45	0.00016549	18128	0.312448	FALSE	NA	NA	NA	NA	NA	NA
NC_045512.2	16062	T	A	18122	8853	50	1	0	27	5.51633e-05	18128	1	FALSE	NA	NA	NA	NA	NA	NA
NC_045512.2	16063	C	G	18011	8919	50	1	1	26	5.55185e-05	18012	1	FALSE	NA	NA	NA	NA	NA	NA
NC_045512.2	16064	A	T	17679	8664	50	2	1	27	0.00011309	17685	1	FALSE	NA	NA	NA	NA	NA	NA
NC_045512.2	16064	A	G	17679	8664	50	3	1	56	0.000169635	17685	0.124968	FALSE	NA	NA	NA	NA	NA	NA
NC_045512.2	16064	A	C	17679	8664	50	1	1	34	5.65451e-05	17685	0.999996	FALSE	NA	NA	NA	NA	NA	NA
NC_045512.2	16065	G	T	18431	8696	49	4	4	26	0.000216896	18442	1	FALSE	NA	NA	NA	NA	NA	NA
NC_045512.2	16065	G	C	18431	8696	49	7	6	27	0.000379568	18442	1	FALSE	NA	NA	NA	NA	NA	NA
NC_045512.2	16066	G	T	18631	9395	50	1	0	34	5.36682e-05	18633	0.999998	FALSE	NA	NA	NA	NA	NA	NA
NC_045512.2	16066	G	C	18631	9395	50	1	0	27	5.36682e-05	18633	1	FALSE	NA	NA	NA	NA	NA	NA
NC_045512.2	16067	A	T	18715	9344	51	5	4	26	0.00026708	18721	1	FALSE	NA	NA	NA	NA	NA	NA
NC_045512.2	16067	A	C	18715	9344	51	1	1	27	5.3416e-05	18721	1	FALSE	NA	NA	NA	NA	NA	NA
NC_045512.2	16068	G	T	18752	9340	51	1	1	26	5.33134e-05	18757	1	FALSE	NA	NA	NA	NA	NA	NA
NC_045512.2	16068	G	C	18752	9340	51	3	2	27	0.00015994	18757	1	FALSE	NA	NA	NA	NA	NA	NA
NC_045512.2	16068	G	A	18752	9340	51	1	1	68	5.33134e-05	18757	0.49996	FALSE	NA	NA	NA	NA	NA	NA
NC_045512.2	16068	G	-T	18752	9340	51	1	0	20	5.33134e-05	18757	1	FALSE	NA	NA	NA	NA	NA	NA
NC_045512.2	16069	T	A	17888	9060	52	1	0	27	5.59003e-05	17889	1	FALSE	NA	NA	NA	NA	NA	NA
NC_045512.2	16070	A	T	18392	9194	52	2	1	26	0.000108725	18395	1	FALSE	NA	NA	NA	NA	NA	NA
NC_045512.2	16070	A	C	18392	9194	52	1	0	27	5.43626e-05	18395	1	FALSE	NA	NA	NA	NA	NA	NA
NC_045512.2	16071	T	C	18482	9229	52	2	2	53	0.000108196	18485	0.249993	FALSE	NA	NA	NA	NA	NA	NA
NC_045512.2	16071	T	A	18482	9229	52	1	1	27	5.40979e-05	18485	1	FALSE	NA	NA	NA	NA	NA	NA
NC_045512.2	16072	G	T	18216	9072	50	2	2	26	0.000109757	18222	1	FALSE	NA	NA	NA	NA	NA	NA
NC_045512.2	16072	G	A	18216	9072	50	4	4	62	0.000219515	18222	0.0624828	FALSE	NA	NA	NA	NA	NA	NA
NC_045512.2	16072	G	+C	18216	9072	50	1	0	20	5.48787e-05	18222	1	FALSE	NA	NA	NA	NA	NA	NA
NC_045512.2	16073	C	T	18340	9358	51	1	0	27	5.45137e-05	18344	1	FALSE	NA	NA	NA	NA	NA	NA
NC_045512.2	16073	C	G	18340	9358	51	1	1	27	5.45137e-05	18344	1	FALSE	NA	NA	NA	NA	NA	NA
NC_045512.2	16073	C	A	18340	9358	51	2	0	30	0.000109027	18344	0.99998	FALSE	NA	NA	NA	NA	NA	NA
NC_045512.2	16073	C	-TG	18340	9358	51	1	0	20	5.45137e-05	18344	1	FALSE	NA	NA	NA	NA	NA	NA
NC_045512.2	16074	T	G	17559	8552	52	2	2	26	0.000113843	17568	1	FALSE	NA	NA	NA	NA	NA	NA
NC_045512.2	16074	T	C	17559	8552	52	2	2	47	0.000113843	17568	0.499872	FALSE	NA	NA	NA	NA	NA	NA
NC_045512.2	16074	T	A	17559	8552	52	5	4	28	0.000284608	17568	1	FALSE	NA	NA	NA	NA	NA	NA
NC_045512.2	16075	G	T	17466	8482	51	3	3	29	0.000171684	17474	1	FALSE	NA	NA	NA	NA	NA	NA
NC_045512.2	16075	G	C	17466	8482	51	4	1	25	0.000228912	17474	1	FALSE	NA	NA	NA	NA	NA	NA
NC_045512.2	16075	G	A	17466	8482	51	1	1	26	5.72279e-05	17474	1	FALSE	NA	NA	NA	NA	NA	NA
NC_045512.2	16077	T	A	17531	8628	52	1	1	27	5.70386e-05	17532	1	FALSE	NA	NA	NA	NA	NA	NA
NC_045512.2	16078	G	T	17472	8977	51	2	2	26	0.000114456	17474	1	FALSE	NA	NA	NA	NA	NA	NA
NC_045512.2	16079	T	C	16399	8144	48	4	4	51	0.000243858	16403	0.0624962	FALSE	NA	NA	NA	NA	NA	NA
NC_045512.2	16081	T	A	17143	8814	52	1	1	68	5.83294e-05	17144	0.500015	FALSE	NA	NA	NA	NA	NA	NA
NC_045512.2	16082	T	C	17053	8799	52	1	0	68	5.86304e-05	17056	0.499985	FALSE	NA	NA	NA	NA	NA	NA
NC_045512.2	16082	T	A	17053	8799	52	2	0	26	0.000117261	17056	1	FALSE	NA	NA	NA	NA	NA	NA
NC_045512.2	16083	T	G	17093	8996	52	4	2	26	0.000233904	17101	1	FALSE	NA	NA	NA	NA	NA	NA
NC_045512.2	16083	T	C	17093	8996	52	4	3	38	0.000233904	17101	0.999257	FALSE	NA	NA	NA	NA	NA	NA
NC_045512.2	16084	C	G	17225	8876	51	4	4	27	0.000232167	17229	1	FALSE	NA	NA	NA	NA	NA	NA
NC_045512.2	16085	A	T	17297	9081	52	1	1	27	5.78035e-05	17300	1	FALSE	NA	NA	NA	NA	NA	NA
NC_045512.2	16085	A	G	17297	9081	52	1	0	60	5.78035e-05	17300	0.499986	FALSE	NA	NA	NA	NA	NA	NA
NC_045512.2	16085	A	C	17297	9081	52	1	0	26	5.78035e-05	17300	1	FALSE	NA	NA	NA	NA	NA	NA
NC_045512.2	16086	T	G	16875	8847	51	4	4	28	0.000236967	16880	1	FALSE	NA	NA	NA	NA	NA	NA
NC_045512.2	16086	T	A	16875	8847	51	1	1	26	5.92417e-05	16880	1	FALSE	NA	NA	NA	NA	NA	NA
NC_045512.2	16089	G	T	17337	9477	53	2	2	27	0.000115327	17342	1	FALSE	NA	NA	NA	NA	NA	NA
NC_045512.2	16089	G	C	17337	9477	53	2	2	27	0.000115327	17342	1	FALSE	NA	NA	NA	NA	NA	NA
NC_045512.2	16089	G	A	17337	9477	53	1	1	68	5.76635e-05	17342	0.499942	FALSE	NA	NA	NA	NA	NA	NA
NC_045512.2	16090	T	C	17366	9540	53	1	1	27	5.75772e-05	17368	1	FALSE	NA	NA	NA	NA	NA	NA
NC_045512.2	16090	T	A	17366	9540	53	1	1	20	5.75772e-05	17368	1	FALSE	NA	NA	NA	NA	NA	NA
NC_045512.2	16091	A	T	17402	9627	53	2	1	30	0.000114903	17406	0.999962	FALSE	NA	NA	NA	NA	NA	NA
NC_045512.2	16091	A	C	17402	9627	53	2	1	27	0.000114903	17406	1	FALSE	NA	NA	NA	NA	NA	NA
NC_045512.2	16092	C	T	17481	9681	53	2	0	40	0.000114384	17485	0.499979	FALSE	NA	NA	NA	NA	NA	NA
NC_045512.2	16092	C	G	17481	9681	53	1	0	27	5.71919e-05	17485	1	FALSE	NA	NA	NA	NA	NA	NA
NC_045512.2	16092	C	A	17481	9681	53	1	0	26	5.71919e-05	17485	1	FALSE	NA	NA	NA	NA	NA	NA
NC_045512.2	16093	T	A	17195	9263	53	4	4	30	0.000232572	17199	0.999258	FALSE	NA	NA	NA	NA	NA	NA
NC_045512.2	16094	T	G	17191	9315	53	2	2	27	0.000116313	17195	1	FALSE	NA	NA	NA	NA	NA	NA
NC_045512.2	16094	T	C	17191	9315	53	2	1	34	0.000116313	17195	0.999962	FALSE	NA	NA	NA	NA	NA	NA
NC_045512.2	16095	A	T	17373	9520	53	1	0	24	5.7544e-05	17378	1	FALSE	NA	NA	NA	NA	NA	NA
NC_045512.2	16095	A	G	17373	9520	53	3	2	51	0.000172632	17378	0.124978	FALSE	NA	NA	NA	NA	NA	NA
NC_045512.2	16095	A	C	17373	9520	53	1	1	34	5.7544e-05	17378	0.999996	FALSE	NA	NA	NA	NA	NA	NA
NC_045512.2	16096	C	G	17447	9594	53	1	0	20	5.73066e-05	17450	1	FALSE	NA	NA	NA	NA	NA	NA
NC_045512.2	16096	C	A	17447	9594	53	2	0	47	0.000114613	17450	0.5	FALSE	NA	NA	NA	NA	NA	NA
NC_045512.2	16097	A	T	17523	9641	54	1	1	34	5.70613e-05	17525	0.999996	FALSE	NA	NA	NA	NA	NA	NA
NC_045512.2	16097	A	C	17523	9641	54	1	1	26	5.70613e-05	17525	1	FALSE	NA	NA	NA	NA	NA	NA
NC_045512.2	16097	A	+C	17523	9641	54	1	0	20	5.70613e-05	17525	1	FALSE	NA	NA	NA	NA	NA	NA
NC_045512.2	16098	A	T	18005	10000	54	1	1	27	5.5534e-05	18007	1	FALSE	NA	NA	NA	NA	NA	NA
NC_045512.2	16098	A	C	18005	10000	54	1	0	34	5.5534e-05	18007	0.999998	FALSE	NA	NA	NA	NA	NA	NA
NC_045512.2	16099	T	G	17934	9900	54	4	3	28	0.000222941	17942	1	FALSE	NA	NA	NA	NA	NA	NA
NC_045512.2	16099	T	C	17934	9900	54	3	2	45	0.000167205	17942	0.312406	FALSE	NA	NA	NA	NA	NA	NA
NC_045512.2	16099	T	A	17934	9900	54	1	1	34	5.57351e-05	17942	0.999996	FALSE	NA	NA	NA	NA	NA	NA
NC_045512.2	16100	A	T	18244	10084	53	2	1	30	0.000109607	18247	0.99998	FALSE	NA	NA	NA	NA	NA	NA
NC_045512.2	16100	A	G	18244	10084	53	1	0	27	5.48035e-05	18247	1	FALSE	NA	NA	NA	NA	NA	NA
NC_045512.2	16102	A	T	18191	10096	54	1	1	26	5.49692e-05	18192	1	FALSE	NA	NA	NA	NA	NA	NA
NC_045512.2	16103	T	G	18323	10074	53	1	1	27	5.45703e-05	18325	1	FALSE	NA	NA	NA	NA	NA	NA
NC_045512.2	16103	T	A	18323	10074	53	1	1	68	5.45703e-05	18325	0.5	FALSE	NA	NA	NA	NA	NA	NA
NC_045512.2	16104	A	T	18393	10117	54	2	2	27	0.000108725	18395	1	FALSE	NA	NA	NA	NA	NA	NA
NC_045512.2	16105	A	T	18352	10157	54	1	0	26	5.44811e-05	18355	1	FALSE	NA	NA	NA	NA	NA	NA
NC_045512.2	16105	A	G	18352	10157	54	2	0	47	0.000108962	18355	0.5	FALSE	NA	NA	NA	NA	NA	NA
NC_045512.2	16106	G	T	18185	10001	53	3	3	27	0.000164917	18191	1	FALSE	NA	NA	NA	NA	NA	NA
NC_045512.2	16106	G	C	18185	10001	53	2	0	34	0.000109944	18191	0.99998	FALSE	NA	NA	NA	NA	NA	NA
NC_045512.2	16106	G	A	18185	10001	53	1	0	34	5.49722e-05	18191	0.999998	FALSE	NA	NA	NA	NA	NA	NA
NC_045512.2	16107	A	G	17906	9845	53	1	1	24	5.58441e-05	17907	1	FALSE	NA	NA	NA	NA	NA	NA
NC_045512.2	16108	A	T	17905	9802	54	2	2	34	0.000111682	17908	0.999962	FALSE	NA	NA	NA	NA	NA	NA
NC_045512.2	16108	A	G	17905	9802	54	1	0	34	5.5841e-05	17908	0.999996	FALSE	NA	NA	NA	NA	NA	NA
NC_045512.2	16109	A	G	17480	9584	54	2	1	51	0.000114397	17483	0.249993	FALSE	NA	NA	NA	NA	NA	NA
NC_045512.2	16109	A	C	17480	9584	54	1	0	34	5.71984e-05	17483	0.999996	FALSE	NA	NA	NA	NA	NA	NA
NC_045512.2	16110	G	T	17754	9478	54	6	5	31	0.000337762	17764	0.994695	FALSE	NA	NA	NA	NA	NA	NA
NC_045512.2	16110	G	C	17754	9478	54	3	1	26	0.000168881	17764	1	FALSE	NA	NA	NA	NA	NA	NA
NC_045512.2	16110	G	A	17754	9478	54	1	0	60	5.62936e-05	17764	0.499887	FALSE	NA	NA	NA	NA	NA	NA
NC_045512.2	16111	C	T	17862	9699	54	1	1	68	5.59722e-05	17866	0.499972	FALSE	NA	NA	NA	NA	NA	NA
NC_045512.2	16111	C	G	17862	9699	54	2	2	30	0.000111944	17866	0.999962	FALSE	NA	NA	NA	NA	NA	NA
NC_045512.2	16111	C	A	17862	9699	54	1	0	27	5.59722e-05	17866	1	FALSE	NA	NA	NA	NA	NA	NA
NC_045512.2	16112	T	G	17738	9495	54	3	3	29	0.000169071	17744	1	FALSE	NA	NA	NA	NA	NA	NA
NC_045512.2	16112	T	C	17738	9495	54	3	1	65	0.000169071	17744	0.124968	FALSE	NA	NA	NA	NA	NA	NA
NC_045512.2	16113	A	T	17742	9555	54	2	2	40	0.000112701	17746	0.499979	FALSE	NA	NA	NA	NA	NA	NA
NC_045512.2	16113	A	G	17742	9555	54	1	1	34	5.63507e-05	17746	0.999996	FALSE	NA	NA	NA	NA	NA	NA
NC_045512.2	16113	A	C	17742	9555	54	1	0	34	5.63507e-05	17746	0.999996	FALSE	NA	NA	NA	NA	NA	NA
NC_045512.2	16114	C	T	17809	9527	54	1	0	68	5.61356e-05	17814	0.499958	FALSE	NA	NA	NA	NA	NA	NA
NC_045512.2	16114	C	G	17809	9527	54	2	1	30	0.000112271	17814	0.999962	FALSE	NA	NA	NA	NA	NA	NA
NC_045512.2	16114	C	A	17809	9527	54	2	0	23	0.000112271	17814	1	FALSE	NA	NA	NA	NA	NA	NA
NC_045512.2	16115	A	G	17823	9593	54	3	3	49	0.000168294	17826	0.312511	FALSE	NA	NA	NA	NA	NA	NA
NC_045512.2	16116	T	G	17784	9702	53	2	2	30	0.000112429	17789	0.999962	FALSE	NA	NA	NA	NA	NA	NA
NC_045512.2	16116	T	C	17784	9702	53	2	1	32	0.000112429	17789	0.999962	FALSE	NA	NA	NA	NA	NA	NA
NC_045512.2	16116	T	A	17784	9702	53	1	0	20	5.62145e-05	17789	1	FALSE	NA	NA	NA	NA	NA	NA
NC_045512.2	16117	G	C	17673	9644	53	1	0	34	5.65803e-05	17674	0.999996	FALSE	NA	NA	NA	NA	NA	NA
NC_045512.2	16118	A	G	17810	9714	54	2	1	46	0.000112284	17812	0.500021	FALSE	NA	NA	NA	NA	NA	NA
NC_045512.2	16119	T	G	17102	9134	52	6	3	27	0.000350693	17109	1	FALSE	NA	NA	NA	NA	NA	NA
NC_045512.2	16119	T	C	17102	9134	52	1	1	68	5.84488e-05	17109	0.499927	FALSE	NA	NA	NA	NA	NA	NA
NC_045512.2	16120	G	C	17297	9439	53	4	1	23	0.000231201	17301	1	FALSE	NA	NA	NA	NA	NA	NA
NC_045512.2	16121	A	G	17462	9549	54	3	2	45	0.000171772	17465	0.312511	FALSE	NA	NA	NA	NA	NA	NA
NC_045512.2	16122	G	T	17237	9284	53	2	2	27	0.000115955	17248	1	FALSE	NA	NA	NA	NA	NA	NA
NC_045512.2	16122	G	C	17237	9284	53	9	9	26	0.0005218	17248	1	FALSE	NA	NA	NA	NA	NA	NA
NC_045512.2	16123	T	G	16112	8157	49	23	23	27	0.0014253	16137	1	FALSE	NA	NA	NA	NA	NA	NA
NC_045512.2	16123	T	C	16112	8157	49	2	2	27	0.000123939	16137	1	FALSE	NA	NA	NA	NA	NA	NA
NC_045512.2	16124	T	G	16969	9269	52	1	0	27	5.89102e-05	16975	1	FALSE	NA	NA	NA	NA	NA	NA
NC_045512.2	16124	T	A	16969	9269	52	5	4	23	0.000294551	16975	1	FALSE	NA	NA	NA	NA	NA	NA
NC_045512.2	16125	A	G	17322	9532	54	2	1	51	0.000115447	17324	0.250007	FALSE	NA	NA	NA	NA	NA	NA
NC_045512.2	16126	A	G	16784	9532	51	2	1	34	0.000119083	16795	0.999928	FALSE	NA	NA	NA	NA	NA	NA
NC_045512.2	16126	A	C	16784	9532	51	9	1	29	0.000535874	16795	1	FALSE	NA	NA	NA	NA	NA	NA
NC_045512.2	16127	C	T	17169	9549	53	1	1	68	5.82208e-05	17176	0.499927	FALSE	NA	NA	NA	NA	NA	NA
NC_045512.2	16127	C	G	17169	9549	53	4	2	28	0.000232883	17176	1	FALSE	NA	NA	NA	NA	NA	NA
NC_045512.2	16127	C	A	17169	9549	53	2	0	23	0.000116442	17176	1	FALSE	NA	NA	NA	NA	NA	NA
NC_045512.2	16130	G	C	16712	9256	53	3	0	23	0.000179447	16718	1	FALSE	NA	NA	NA	NA	NA	NA
NC_045512.2	16130	G	A	16712	9256	53	3	1	35	0.000179447	16718	0.999637	FALSE	NA	NA	NA	NA	NA	NA
NC_045512.2	16131	A	T	16665	9173	54	1	1	26	5.99988e-05	16667	1	FALSE	NA	NA	NA	NA	NA	NA
NC_045512.2	16131	A	G	16665	9173	54	1	1	34	5.99988e-05	16667	0.999992	FALSE	NA	NA	NA	NA	NA	NA
NC_045512.2	16132	C	T	16579	9275	54	2	0	40	0.000120598	16584	0.499955	FALSE	NA	NA	NA	NA	NA	NA
NC_045512.2	16132	C	G	16579	9275	54	1	0	27	6.02991e-05	16584	1	FALSE	NA	NA	NA	NA	NA	NA
NC_045512.2	16132	C	A	16579	9275	54	2	1	30	0.000120598	16584	0.999928	FALSE	NA	NA	NA	NA	NA	NA
NC_045512.2	16133	A	G	16518	9219	54	2	0	68	0.000121065	16520	0.250008	FALSE	NA	NA	NA	NA	NA	NA
NC_045512.2	16134	C	A	16475	9206	54	2	1	25	0.000121381	16477	1	FALSE	NA	NA	NA	NA	NA	NA
NC_045512.2	16135	A	C	16412	9186	54	2	2	23	0.000121847	16414	1	FALSE	NA	NA	NA	NA	NA	NA
NC_045512.2	16136	T	G	16343	9135	53	1	1	26	6.1177e-05	16346	1	FALSE	NA	NA	NA	NA	NA	NA
NC_045512.2	16136	T	C	16343	9135	53	2	1	25	0.000122354	16346	1	FALSE	NA	NA	NA	NA	NA	NA
NC_045512.2	16137	G	C	16353	9189	53	3	1	40	0.000183419	16356	0.312511	FALSE	NA	NA	NA	NA	NA	NA
NC_045512.2	16138	T	G	15197	8145	52	4	4	27	0.000263123	15202	1	FALSE	NA	NA	NA	NA	NA	NA
NC_045512.2	16138	T	C	15197	8145	52	1	1	27	6.57808e-05	15202	1	FALSE	NA	NA	NA	NA	NA	NA
NC_045512.2	16139	T	G	15929	8937	54	3	3	25	0.000188288	15933	1	FALSE	NA	NA	NA	NA	NA	NA
NC_045512.2	16139	T	C	15929	8937	54	1	0	27	6.27628e-05	15933	1	FALSE	NA	NA	NA	NA	NA	NA
NC_045512.2	16140	A	T	15905	8994	54	1	0	20	6.28615e-05	15908	1	FALSE	NA	NA	NA	NA	NA	NA
NC_045512.2	16140	A	G	15905	8994	54	2	0	68	0.000125723	15908	0.249992	FALSE	NA	NA	NA	NA	NA	NA
NC_045512.2	16141	G	T	15924	8998	54	1	1	26	6.27865e-05	15927	1	FALSE	NA	NA	NA	NA	NA	NA
NC_045512.2	16141	G	C	15924	8998	54	1	0	27	6.27865e-05	15927	1	FALSE	NA	NA	NA	NA	NA	NA
NC_045512.2	16141	G	A	15924	8998	54	1	1	34	6.27865e-05	15927	0.999985	FALSE	NA	NA	NA	NA	NA	NA
NC_045512.2	16142	A	T	15855	9078	54	1	1	27	6.30557e-05	15859	1	FALSE	NA	NA	NA	NA	NA	NA
NC_045512.2	16142	A	C	15855	9078	54	3	3	26	0.000189167	15859	1	FALSE	NA	NA	NA	NA	NA	NA
NC_045512.2	16143	C	T	15472	8851	53	1	0	46	6.46204e-05	15475	0.749992	FALSE	NA	NA	NA	NA	NA	NA
NC_045512.2	16143	C	G	15472	8851	53	2	0	27	0.000129241	15475	1	FALSE	NA	NA	NA	NA	NA	NA
NC_045512.2	16144	A	T	15302	8793	53	2	2	47	0.000130659	15307	0.499951	FALSE	NA	NA	NA	NA	NA	NA
NC_045512.2	16144	A	C	15302	8793	53	3	3	31	0.000195989	15307	0.999346	FALSE	NA	NA	NA	NA	NA	NA
NC_045512.2	16145	T	G	14755	8425	53	4	0	25	0.000271021	14759	1	FALSE	NA	NA	NA	NA	NA	NA
NC_045512.2	16146	G	T	14785	8591	53	2	2	27	0.000135236	14789	1	FALSE	NA	NA	NA	NA	NA	NA
NC_045512.2	16146	G	C	14785	8591	53	2	1	30	0.000135236	14789	0.999741	FALSE	NA	NA	NA	NA	NA	NA
NC_045512.2	16147	T	C	14759	8575	53	1	1	68	6.77415e-05	14762	0.499983	FALSE	NA	NA	NA	NA	NA	NA
NC_045512.2	16147	T	A	14759	8575	53	2	2	46	0.000135483	14762	0.5	FALSE	NA	NA	NA	NA	NA	NA
NC_045512.2	16148	A	T	18707	9808	48	1	1	26	5.34331e-05	18715	1	FALSE	NA	NA	NA	NA	NA	NA
NC_045512.2	16148	A	G	18707	9808	48	1	0	27	5.34331e-05	18715	1	FALSE	NA	NA	NA	NA	NA	NA
NC_045512.2	16148	A	C	18707	9808	48	6	0	27	0.000320598	18715	1	FALSE	NA	NA	NA	NA	NA	NA
NC_045512.2	16149	T	C	18884	9890	50	1	0	68	5.29465e-05	18887	0.499987	FALSE	NA	NA	NA	NA	NA	NA
NC_045512.2	16149	T	A	18884	9890	50	2	1	30	0.000105893	18887	0.99998	FALSE	NA	NA	NA	NA	NA	NA
NC_045512.2	16150	T	C	18686	10024	49	2	1	47	0.000107015	18689	0.5	FALSE	NA	NA	NA	NA	NA	NA
NC_045512.2	16150	T	A	18686	10024	49	1	0	26	5.35074e-05	18689	1	FALSE	NA	NA	NA	NA	NA	NA
NC_045512.2	16151	C	T	19242	10114	48	1	1	34	5.19534e-05	19248	0.999999	FALSE	NA	NA	NA	NA	NA	NA
NC_045512.2	16151	C	G	19242	10114	48	1	1	34	5.19534e-05	19248	0.999999	FALSE	NA	NA	NA	NA	NA	NA
NC_045512.2	16151	C	A	19242	10114	48	4	1	38	0.000207814	19248	0.999757	FALSE	NA	NA	NA	NA	NA	NA
NC_045512.2	16152	T	C	18807	9724	49	2	0	29	0.000106321	18811	1	FALSE	NA	NA	NA	NA	NA	NA
NC_045512.2	16152	T	A	18807	9724	49	2	1	30	0.000106321	18811	0.99998	FALSE	NA	NA	NA	NA	NA	NA
NC_045512.2	16153	G	T	18826	9627	48	2	2	27	0.000106219	18829	1	FALSE	NA	NA	NA	NA	NA	NA
NC_045512.2	16153	G	A	18826	9627	48	1	0	68	5.31096e-05	18829	0.499987	FALSE	NA	NA	NA	NA	NA	NA
NC_045512.2	16154	T	G	19070	10016	49	1	1	27	5.24274e-05	19074	1	FALSE	NA	NA	NA	NA	NA	NA
NC_045512.2	16154	T	C	19070	10016	49	3	2	43	0.000157282	19074	0.31249	FALSE	NA	NA	NA	NA	NA	NA
NC_045512.2	16155	T	C	18551	9645	49	1	1	60	5.39025e-05	18552	0.500013	FALSE	NA	NA	NA	NA	NA	NA
NC_045512.2	16156	A	T	18362	9574	48	4	1	26	0.00021777	18368	1	FALSE	NA	NA	NA	NA	NA	NA
NC_045512.2	16156	A	C	18362	9574	48	2	2	30	0.000108885	18368	0.99998	FALSE	NA	NA	NA	NA	NA	NA
NC_045512.2	16157	T	A	18469	9541	49	3	0	29	0.000162408	18472	1	FALSE	NA	NA	NA	NA	NA	NA
NC_045512.2	16157	T	-G	18469	9541	49	1	0	20	5.4136e-05	18472	1	FALSE	NA	NA	NA	NA	NA	NA
NC_045512.2	16158	G	T	18155	9199	49	4	4	28	0.000220276	18159	1	FALSE	NA	NA	NA	NA	NA	NA
NC_045512.2	16159	C	T	18366	9599	49	2	0	42	0.000108861	18372	0.499939	FALSE	NA	NA	NA	NA	NA	NA
NC_045512.2	16159	C	G	18366	9599	49	3	3	24	0.000163292	18372	1	FALSE	NA	NA	NA	NA	NA	NA
NC_045512.2	16159	C	A	18366	9599	49	1	0	20	5.44307e-05	18372	1	FALSE	NA	NA	NA	NA	NA	NA
NC_045512.2	16159	C	-T	18366	9599	49	2	0	20	0.000108861	18372	1	FALSE	NA	NA	NA	NA	NA	NA
NC_045512.2	16160	T	G	17541	8832	50	2	2	30	0.000113993	17545	0.999962	FALSE	NA	NA	NA	NA	NA	NA
NC_045512.2	16160	T	C	17541	8832	50	1	0	34	5.69963e-05	17545	0.999996	FALSE	NA	NA	NA	NA	NA	NA
NC_045512.2	16160	T	A	17541	8832	50	1	1	27	5.69963e-05	17545	1	FALSE	NA	NA	NA	NA	NA	NA
NC_045512.2	16162	A	T	17108	8749	48	2	2	30	0.00011685	17116	0.999962	FALSE	NA	NA	NA	NA	NA	NA
NC_045512.2	16162	A	G	17108	8749	48	6	2	40	0.000350549	17116	0.0624712	FALSE	NA	NA	NA	NA	NA	NA
NC_045512.2	16163	C	T	17353	9038	49	1	1	68	5.76103e-05	17358	0.499957	FALSE	NA	NA	NA	NA	NA	NA
NC_045512.2	16163	C	G	17353	9038	49	3	2	27	0.000172831	17358	1	FALSE	NA	NA	NA	NA	NA	NA
NC_045512.2	16163	C	A	17353	9038	49	1	0	27	5.76103e-05	17358	1	FALSE	NA	NA	NA	NA	NA	NA
NC_045512.2	16164	T	C	17335	9039	49	3	1	38	0.000172961	17345	0.999799	FALSE	NA	NA	NA	NA	NA	NA
NC_045512.2	16164	T	A	17335	9039	49	7	6	29	0.000403575	17345	1	FALSE	NA	NA	NA	NA	NA	NA
NC_045512.2	16165	A	T	17621	9261	50	4	3	25	0.00022695	17625	1	FALSE	NA	NA	NA	NA	NA	NA
NC_045512.2	16166	A	T	17391	9268	49	1	1	27	5.74713e-05	17400	1	FALSE	NA	NA	NA	NA	NA	NA
NC_045512.2	16166	A	G	17391	9268	49	2	2	34	0.000114943	17400	0.999962	FALSE	NA	NA	NA	NA	NA	NA
NC_045512.2	16166	A	C	17391	9268	49	6	2	28	0.000344828	17400	1	FALSE	NA	NA	NA	NA	NA	NA
NC_045512.2	16167	T	A	17806	9168	49	4	3	35	0.000224593	17810	0.999258	FALSE	NA	NA	NA	NA	NA	NA
NC_045512.2	16168	G	T	17864	9349	49	1	1	26	5.5966e-05	17868	1	FALSE	NA	NA	NA	NA	NA	NA
NC_045512.2	16168	G	C	17864	9349	49	3	0	24	0.000167898	17868	1	FALSE	NA	NA	NA	NA	NA	NA
NC_045512.2	16169	A	G	18099	9483	50	1	1	46	5.52425e-05	18102	0.749993	FALSE	NA	NA	NA	NA	NA	NA
NC_045512.2	16169	A	C	18099	9483	50	2	2	30	0.000110485	18102	0.99998	FALSE	NA	NA	NA	NA	NA	NA
NC_045512.2	16170	T	C	17643	9023	49	1	0	46	5.66572e-05	17650	0.749936	FALSE	NA	NA	NA	NA	NA	NA
NC_045512.2	16170	T	A	17643	9023	49	6	5	26	0.000339943	17650	1	FALSE	NA	NA	NA	NA	NA	NA
NC_045512.2	16171	A	G	17842	9433	49	1	0	68	5.60412e-05	17844	0.5	FALSE	NA	NA	NA	NA	NA	NA
NC_045512.2	16171	A	C	17842	9433	49	1	1	26	5.60412e-05	17844	1	FALSE	NA	NA	NA	NA	NA	NA
NC_045512.2	16172	A	G	17971	9480	50	1	1	34	5.56421e-05	17972	0.999996	FALSE	NA	NA	NA	NA	NA	NA
NC_045512.2	16173	C	G	18075	9612	49	2	2	26	0.000110638	18077	1	FALSE	NA	NA	NA	NA	NA	NA
NC_045512.2	16174	A	T	17767	9245	50	1	1	26	5.62778e-05	17769	1	FALSE	NA	NA	NA	NA	NA	NA
NC_045512.2	16174	A	C	17767	9245	50	1	1	34	5.62778e-05	17769	0.999996	FALSE	NA	NA	NA	NA	NA	NA
NC_045512.2	16175	C	G	18376	9538	50	2	2	30	0.000108826	18378	0.99998	FALSE	NA	NA	NA	NA	NA	NA
NC_045512.2	16176	T	G	17011	8153	47	22	22	28	0.00129116	17039	1	FALSE	NA	NA	NA	NA	NA	NA
NC_045512.2	16176	T	C	17011	8153	47	5	3	38	0.000293444	17039	0.997814	FALSE	NA	NA	NA	NA	NA	NA
NC_045512.2	16176	T	A	17011	8153	47	1	0	27	5.86889e-05	17039	1	FALSE	NA	NA	NA	NA	NA	NA
NC_045512.2	16177	T	G	17698	9054	49	2	2	26	0.000112994	17700	1	FALSE	NA	NA	NA	NA	NA	NA
NC_045512.2	16178	C	A	17846	9380	49	2	1	26	0.000112057	17848	1	FALSE	NA	NA	NA	NA	NA	NA
NC_045512.2	16178	C	-A	17846	9380	49	1	0	20	5.60287e-05	17848	1	FALSE	NA	NA	NA	NA	NA	NA
NC_045512.2	16179	A	T	17661	9189	49	1	1	27	5.66123e-05	17664	1	FALSE	NA	NA	NA	NA	NA	NA
NC_045512.2	16179	A	G	17661	9189	49	2	0	42	0.000113225	17664	0.499979	FALSE	NA	NA	NA	NA	NA	NA
NC_045512.2	16180	A	T	16989	9329	46	2	1	36	0.000117626	17003	0.999962	FALSE	NA	NA	NA	NA	NA	NA
NC_045512.2	16180	A	G	16989	9329	46	1	0	34	5.88132e-05	17003	0.999996	FALSE	NA	NA	NA	NA	NA	NA
NC_045512.2	16180	A	C	16989	9329	46	11	0	28	0.000646945	17003	1	FALSE	NA	NA	NA	NA	NA	NA
NC_045512.2	16182	G	T	18193	9358	49	1	1	26	5.49602e-05	18195	1	FALSE	NA	NA	NA	NA	NA	NA
NC_045512.2	16182	G	C	18193	9358	49	1	0	34	5.49602e-05	18195	0.999998	FALSE	NA	NA	NA	NA	NA	NA
NC_045512.2	16183	T	G	17879	9315	49	1	0	34	5.5919e-05	17883	0.999996	FALSE	NA	NA	NA	NA	NA	NA
NC_045512.2	16183	T	A	17879	9315	49	3	3	26	0.000167757	17883	1	FALSE	NA	NA	NA	NA	NA	NA
NC_045512.2	16184	A	G	16456	8824	48	1	0	27	6.0757e-05	16459	1	FALSE	NA	NA	NA	NA	NA	NA
NC_045512.2	16184	A	C	16456	8824	48	2	1	27	0.000121514	16459	1	FALSE	NA	NA	NA	NA	NA	NA
NC_045512.2	16185	T	G	16367	8583	48	2	2	30	0.000122167	16371	0.999928	FALSE	NA	NA	NA	NA	NA	NA
NC_045512.2	16185	T	C	16367	8583	48	2	1	47	0.000122167	16371	0.499977	FALSE	NA	NA	NA	NA	NA	NA
NC_045512.2	16186	T	G	16369	8677	48	4	4	26	0.00024426	16376	1	FALSE	NA	NA	NA	NA	NA	NA
NC_045512.2	16186	T	C	16369	8677	48	2	2	53	0.00012213	16376	0.249931	FALSE	NA	NA	NA	NA	NA	NA
NC_045512.2	16186	T	A	16369	8677	48	1	0	26	6.1065e-05	16376	1	FALSE	NA	NA	NA	NA	NA	NA
NC_045512.2	16187	G	T	16550	8873	48	1	1	27	6.04084e-05	16554	1	FALSE	NA	NA	NA	NA	NA	NA
NC_045512.2	16187	G	C	16550	8873	48	1	1	34	6.04084e-05	16554	0.999992	FALSE	NA	NA	NA	NA	NA	NA
NC_045512.2	16187	G	A	16550	8873	48	2	1	68	0.000120817	16554	0.249977	FALSE	NA	NA	NA	NA	NA	NA
NC_045512.2	16189	G	A	16512	8917	48	1	1	34	6.05583e-05	16513	0.999992	FALSE	NA	NA	NA	NA	NA	NA
NC_045512.2	16190	A	T	16694	9067	49	2	1	34	0.000119768	16699	0.999928	FALSE	NA	NA	NA	NA	NA	NA
NC_045512.2	16190	A	G	16694	9067	49	2	1	47	0.000119768	16699	0.499955	FALSE	NA	NA	NA	NA	NA	NA
NC_045512.2	16190	A	C	16694	9067	49	1	1	34	5.98838e-05	16699	0.999992	FALSE	NA	NA	NA	NA	NA	NA
NC_045512.2	16191	A	G	16211	9123	47	3	2	26	0.000184923	16223	1	FALSE	NA	NA	NA	NA	NA	NA
NC_045512.2	16191	A	C	16211	9123	47	9	2	28	0.000554768	16223	1	FALSE	NA	NA	NA	NA	NA	NA
NC_045512.2	16192	C	G	16669	9054	48	3	1	24	0.000179942	16672	1	FALSE	NA	NA	NA	NA	NA	NA
NC_045512.2	16193	C	G	16685	9328	48	2	0	27	0.000119854	16687	1	FALSE	NA	NA	NA	NA	NA	NA
NC_045512.2	16194	T	G	16209	8771	47	4	4	24	0.000246655	16217	1	FALSE	NA	NA	NA	NA	NA	NA
NC_045512.2	16194	T	C	16209	8771	47	4	3	49	0.000246655	16217	0.187423	FALSE	NA	NA	NA	NA	NA	NA
NC_045512.2	16195	G	C	16841	9400	48	2	0	27	0.000118737	16844	1	FALSE	NA	NA	NA	NA	NA	NA
NC_045512.2	16195	G	A	16841	9400	48	1	1	34	5.93683e-05	16844	0.999992	FALSE	NA	NA	NA	NA	NA	NA
NC_045512.2	16196	A	T	16950	9417	49	3	2	40	0.000176939	16955	0.312467	FALSE	NA	NA	NA	NA	NA	NA
NC_045512.2	16196	A	G	16950	9417	49	1	0	26	5.89797e-05	16955	1	FALSE	NA	NA	NA	NA	NA	NA
NC_045512.2	16196	A	C	16950	9417	49	1	1	26	5.89797e-05	16955	1	FALSE	NA	NA	NA	NA	NA	NA
NC_045512.2	16198	T	G	16786	9332	48	5	5	29	0.000297779	16791	1	FALSE	NA	NA	NA	NA	NA	NA
NC_045512.2	16199	T	G	16238	8829	47	2	2	23	0.000123145	16241	1	FALSE	NA	NA	NA	NA	NA	NA
NC_045512.2	16199	T	C	16238	8829	47	1	1	34	6.15726e-05	16241	0.999992	FALSE	NA	NA	NA	NA	NA	NA
NC_045512.2	16200	T	C	17288	9735	49	1	0	34	5.78369e-05	17290	0.999996	FALSE	NA	NA	NA	NA	NA	NA
NC_045512.2	16200	T	A	17288	9735	49	1	1	34	5.78369e-05	17290	0.999996	FALSE	NA	NA	NA	NA	NA	NA
NC_045512.2	16202	A	T	17252	9713	49	1	1	27	5.79609e-05	17253	1	FALSE	NA	NA	NA	NA	NA	NA
NC_045512.2	16203	T	C	17274	9706	49	3	3	29	0.000173631	17278	1	FALSE	NA	NA	NA	NA	NA	NA
NC_045512.2	16203	T	A	17274	9706	49	1	0	60	5.78771e-05	17278	0.499971	FALSE	NA	NA	NA	NA	NA	NA
NC_045512.2	16204	G	T	17221	9756	49	1	1	27	5.80552e-05	17225	1	FALSE	NA	NA	NA	NA	NA	NA
NC_045512.2	16204	G	C	17221	9756	49	3	0	24	0.000174165	17225	1	FALSE	NA	NA	NA	NA	NA	NA
NC_045512.2	16205	A	T	17335	9782	49	1	1	27	5.76668e-05	17341	1	FALSE	NA	NA	NA	NA	NA	NA
NC_045512.2	16205	A	G	17335	9782	49	5	1	38	0.000288334	17341	0.997834	FALSE	NA	NA	NA	NA	NA	NA
NC_045512.2	16206	G	T	17376	9727	49	2	1	47	0.000115081	17379	0.5	FALSE	NA	NA	NA	NA	NA	NA
NC_045512.2	16206	G	C	17376	9727	49	1	1	34	5.75407e-05	17379	0.999996	FALSE	NA	NA	NA	NA	NA	NA
NC_045512.2	16207	G	T	18459	10059	48	3	2	28	0.000162478	18464	1	FALSE	NA	NA	NA	NA	NA	NA
NC_045512.2	16207	G	C	18459	10059	48	2	1	27	0.000108319	18464	1	FALSE	NA	NA	NA	NA	NA	NA
NC_045512.2	16208	C	G	18589	10301	49	4	1	28	0.000215088	18597	1	FALSE	NA	NA	NA	NA	NA	NA
NC_045512.2	16208	C	A	18589	10301	49	4	2	37	0.000215088	18597	0.999573	FALSE	NA	NA	NA	NA	NA	NA
NC_045512.2	16209	T	C	18856	10237	49	5	3	48	0.000265083	18862	0.109356	FALSE	NA	NA	NA	NA	NA	NA
NC_045512.2	16209	T	A	18856	10237	49	1	1	34	5.30166e-05	18862	0.999998	FALSE	NA	NA	NA	NA	NA	NA
NC_045512.2	16210	A	G	20078	10771	50	2	1	24	9.96016e-05	20080	1	FALSE	NA	NA	NA	NA	NA	NA
NC_045512.2	16211	T	-G	20196	10772	49	1	0	20	4.95148e-05	20196	1	FALSE	NA	NA	NA	NA	NA	NA
NC_045512.2	16212	G	T	20475	10849	49	1	1	26	4.88186e-05	20484	1	FALSE	NA	NA	NA	NA	NA	NA
NC_045512.2	16212	G	C	20475	10849	49	7	5	29	0.00034173	20484	1	FALSE	NA	NA	NA	NA	NA	NA
NC_045512.2	16212	G	A	20475	10849	49	1	1	60	4.88186e-05	20484	0.499902	FALSE	NA	NA	NA	NA	NA	NA
NC_045512.2	16212	G	-T	20475	10849	49	1	0	20	4.88162e-05	20485	1	FALSE	NA	NA	NA	NA	NA	NA
NC_045512.2	16213	T	G	20467	11068	48	5	5	27	0.000244188	20476	1	FALSE	NA	NA	NA	NA	NA	NA
NC_045512.2	16213	T	C	20467	11068	48	3	1	54	0.000146513	20476	0.124936	FALSE	NA	NA	NA	NA	NA	NA
NC_045512.2	16213	T	A	20467	11068	48	1	0	20	4.88377e-05	20476	1	FALSE	NA	NA	NA	NA	NA	NA
NC_045512.2	16214	A	G	20825	11549	51	5	0	31	0.000240038	20830	0.999546	FALSE	NA	NA	NA	NA	NA	NA
NC_045512.2	16215	C	T	20652	11765	50	1	0	68	4.84144e-05	20655	0.499988	FALSE	NA	NA	NA	NA	NA	NA
NC_045512.2	16215	C	A	20652	11765	50	2	0	26	9.68289e-05	20655	1	FALSE	NA	NA	NA	NA	NA	NA
NC_045512.2	16216	A	G	19556	10723	50	1	1	68	5.113e-05	19558	0.5	FALSE	NA	NA	NA	NA	NA	NA
NC_045512.2	16216	A	C	19556	10723	50	1	0	20	5.113e-05	19558	1	FALSE	NA	NA	NA	NA	NA	NA
NC_045512.2	16217	C	T	19693	10880	50	1	0	34	5.07717e-05	19696	0.999999	FALSE	NA	NA	NA	NA	NA	NA
NC_045512.2	16217	C	G	19693	10880	50	1	1	34	5.07717e-05	19696	0.999999	FALSE	NA	NA	NA	NA	NA	NA
NC_045512.2	16217	C	A	19693	10880	50	1	1	26	5.07717e-05	19696	1	FALSE	NA	NA	NA	NA	NA	NA
NC_045512.2	16218	A	T	19168	10464	51	1	1	26	5.21676e-05	19169	1	FALSE	NA	NA	NA	NA	NA	NA
NC_045512.2	16219	C	T	19491	10561	50	1	0	34	5.13005e-05	19493	0.999999	FALSE	NA	NA	NA	NA	NA	NA
NC_045512.2	16219	C	A	19491	10561	50	1	0	27	5.13005e-05	19493	1	FALSE	NA	NA	NA	NA	NA	NA
NC_045512.2	16220	C	T	18943	10315	50	2	2	68	0.000105552	18948	0.249967	FALSE	NA	NA	NA	NA	NA	NA
NC_045512.2	16220	C	G	18943	10315	50	2	0	27	0.000105552	18948	1	FALSE	NA	NA	NA	NA	NA	NA
NC_045512.2	16220	C	A	18943	10315	50	1	1	68	5.2776e-05	18948	0.49996	FALSE	NA	NA	NA	NA	NA	NA
NC_045512.2	16221	G	T	19210	10156	49	2	2	23	0.000104053	19221	1	FALSE	NA	NA	NA	NA	NA	NA
NC_045512.2	16221	G	C	19210	10156	49	2	2	30	0.000104053	19221	0.99999	FALSE	NA	NA	NA	NA	NA	NA
NC_045512.2	16221	G	A	19210	10156	49	7	0	46	0.000364185	19221	0.035125	FALSE	NA	NA	NA	NA	NA	NA
NC_045512.2	16223	A	T	19639	10453	51	1	1	26	5.09165e-05	19640	1	FALSE	NA	NA	NA	NA	NA	NA
NC_045512.2	16223	A	+C	19639	10453	51	1	0	20	5.09165e-05	19640	1	FALSE	NA	NA	NA	NA	NA	NA
NC_045512.2	16224	T	G	19461	10284	50	5	5	25	0.000256858	19466	1	FALSE	NA	NA	NA	NA	NA	NA
NC_045512.2	16225	A	T	19615	10411	50	3	3	29	0.000152921	19618	1	FALSE	NA	NA	NA	NA	NA	NA
NC_045512.2	16226	C	G	19985	10538	50	2	0	47	0.000100065	19987	0.500019	FALSE	NA	NA	NA	NA	NA	NA
NC_045512.2	16227	A	G	19809	10404	50	1	0	34	5.04796e-05	19810	0.999999	FALSE	NA	NA	NA	NA	NA	NA
NC_045512.2	16228	G	T	21663	10961	50	1	1	26	4.61553e-05	21666	1	FALSE	NA	NA	NA	NA	NA	NA
NC_045512.2	16228	G	C	21663	10961	50	1	1	27	4.61553e-05	21666	1	FALSE	NA	NA	NA	NA	NA	NA
NC_045512.2	16228	G	A	21663	10961	50	1	0	60	4.61553e-05	21666	0.499988	FALSE	NA	NA	NA	NA	NA	NA
NC_045512.2	16229	T	A	21203	10956	50	3	3	26	0.000141469	21206	1	FALSE	NA	NA	NA	NA	NA	NA
NC_045512.2	16231	T	G	21738	11360	52	1	1	26	4.59918e-05	21743	1	FALSE	NA	NA	NA	NA	NA	NA
NC_045512.2	16231	T	C	21738	11360	52	2	1	30	9.19836e-05	21743	0.999997	FALSE	NA	NA	NA	NA	NA	NA
NC_045512.2	16231	T	A	21738	11360	52	2	1	25	9.19836e-05	21743	1	FALSE	NA	NA	NA	NA	NA	NA
NC_045512.2	16232	T	G	21843	11682	53	5	5	25	0.000228833	21850	1	FALSE	NA	NA	NA	NA	NA	NA
NC_045512.2	16232	T	C	21843	11682	53	2	2	47	9.15332e-05	21850	0.68744	FALSE	NA	NA	NA	NA	NA	NA
NC_045512.2	16233	A	T	21844	11810	53	2	2	27	9.15416e-05	21848	1	FALSE	NA	NA	NA	NA	NA	NA
NC_045512.2	16233	A	G	21844	11810	53	1	0	34	4.57708e-05	21848	1	FALSE	NA	NA	NA	NA	NA	NA
NC_045512.2	16233	A	C	21844	11810	53	1	1	27	4.57708e-05	21848	1	FALSE	NA	NA	NA	NA	NA	NA
NC_045512.2	16234	C	G	21805	11918	53	3	3	27	0.000137564	21808	1	FALSE	NA	NA	NA	NA	NA	NA
NC_045512.2	16235	A	T	21572	11665	53	1	0	34	4.63456e-05	21577	1	FALSE	NA	NA	NA	NA	NA	NA
NC_045512.2	16235	A	G	21572	11665	53	4	3	49	0.000185383	21577	0.343739	FALSE	NA	NA	NA	NA	NA	NA
NC_045512.2	16235	A	-G	21572	11665	53	1	0	20	4.63456e-05	21577	1	FALSE	NA	NA	NA	NA	NA	NA
NC_045512.2	16236	G	C	21714	11707	53	2	1	27	9.20895e-05	21718	1	FALSE	NA	NA	NA	NA	NA	NA
NC_045512.2	16236	G	A	21714	11707	53	2	1	34	9.20895e-05	21718	0.999997	FALSE	NA	NA	NA	NA	NA	NA
NC_045512.2	16237	G	T	20640	10889	54	2	2	23	9.68711e-05	20646	1	FALSE	NA	NA	NA	NA	NA	NA
NC_045512.2	16237	G	C	20640	10889	54	3	0	26	0.000145307	20646	1	FALSE	NA	NA	NA	NA	NA	NA
NC_045512.2	16237	G	A	20640	10889	54	1	1	68	4.84355e-05	20646	0.499952	FALSE	NA	NA	NA	NA	NA	NA
NC_045512.2	16238	C	G	21242	11101	53	8	7	26	0.000376471	21250	1	FALSE	NA	NA	NA	NA	NA	NA
NC_045512.2	16239	T	A	20788	10904	53	5	5	53	0.000240466	20793	0.0312462	FALSE	NA	NA	NA	NA	NA	NA
NC_045512.2	16240	G	T	21732	11247	54	2	2	26	9.20175e-05	21735	1	FALSE	NA	NA	NA	NA	NA	NA
NC_045512.2	16240	G	C	21732	11247	54	1	1	27	4.60087e-05	21735	1	FALSE	NA	NA	NA	NA	NA	NA
NC_045512.2	16241	T	G	21414	10943	52	10	10	27	0.000466723	21426	1	FALSE	NA	NA	NA	NA	NA	NA
NC_045512.2	16241	T	A	21414	10943	52	2	0	30	9.33445e-05	21426	0.999997	FALSE	NA	NA	NA	NA	NA	NA
NC_045512.2	16242	T	C	21904	11615	56	3	1	68	0.000136936	21908	0.124991	FALSE	NA	NA	NA	NA	NA	NA
NC_045512.2	16242	T	A	21904	11615	56	1	1	34	4.56454e-05	21908	1	FALSE	NA	NA	NA	NA	NA	NA
NC_045512.2	16243	G	T	21854	11527	55	1	1	46	4.57561e-05	21855	0.875017	FALSE	NA	NA	NA	NA	NA	NA
NC_045512.2	16244	G	T	21881	11617	56	1	0	27	4.56997e-05	21882	1	FALSE	NA	NA	NA	NA	NA	NA
NC_045512.2	16245	G	T	22039	11634	56	2	1	23	9.07276e-05	22044	1	FALSE	NA	NA	NA	NA	NA	NA
NC_045512.2	16245	G	C	22039	11634	56	2	2	27	9.07276e-05	22044	1	FALSE	NA	NA	NA	NA	NA	NA
NC_045512.2	16245	G	A	22039	11634	56	1	1	68	4.53638e-05	22044	0.499966	FALSE	NA	NA	NA	NA	NA	NA
NC_045512.2	16246	G	T	22002	11630	55	2	2	30	9.0876e-05	22008	0.999999	FALSE	NA	NA	NA	NA	NA	NA
NC_045512.2	16246	G	A	22002	11630	55	4	2	40	0.000181752	22008	0.343718	FALSE	NA	NA	NA	NA	NA	NA
NC_045512.2	16247	C	G	21869	11468	55	6	6	26	0.000274286	21875	1	FALSE	NA	NA	NA	NA	NA	NA
NC_045512.2	16248	T	G	22040	11689	56	2	2	27	9.07276e-05	22044	1	FALSE	NA	NA	NA	NA	NA	NA
NC_045512.2	16248	T	C	22040	11689	56	1	1	34	4.53638e-05	22044	1	FALSE	NA	NA	NA	NA	NA	NA
NC_045512.2	16248	T	A	22040	11689	56	1	0	68	4.53638e-05	22044	0.499977	FALSE	NA	NA	NA	NA	NA	NA
NC_045512.2	16249	T	G	21425	11363	57	2	2	26	9.33271e-05	21430	1	FALSE	NA	NA	NA	NA	NA	NA
NC_045512.2	16249	T	C	21425	11363	57	2	2	47	9.33271e-05	21430	0.687474	FALSE	NA	NA	NA	NA	NA	NA
NC_045512.2	16249	T	A	21425	11363	57	1	1	34	4.66636e-05	21430	1	FALSE	NA	NA	NA	NA	NA	NA
NC_045512.2	16250	G	T	21444	11388	57	2	1	30	9.32401e-05	21450	0.999997	FALSE	NA	NA	NA	NA	NA	NA
NC_045512.2	16250	G	C	21444	11388	57	1	0	27	4.662e-05	21450	1	FALSE	NA	NA	NA	NA	NA	NA
NC_045512.2	16250	G	A	21444	11388	57	3	2	56	0.00013986	21450	0.124974	FALSE	NA	NA	NA	NA	NA	NA
NC_045512.2	16251	T	C	21433	11441	57	6	2	62	0.000279838	21441	0.0156173	FALSE	NA	NA	NA	NA	NA	NA
NC_045512.2	16251	T	A	21433	11441	57	2	1	25	9.32792e-05	21441	1	FALSE	NA	NA	NA	NA	NA	NA
NC_045512.2	16252	G	T	21534	11372	56	3	3	24	0.000139295	21537	1	FALSE	NA	NA	NA	NA	NA	NA
NC_045512.2	16253	T	C	21560	11491	57	1	1	27	4.63779e-05	21562	1	FALSE	NA	NA	NA	NA	NA	NA
NC_045512.2	16253	T	A	21560	11491	57	1	0	26	4.63779e-05	21562	1	FALSE	NA	NA	NA	NA	NA	NA
NC_045512.2	16254	T	C	21156	11262	55	4	4	42	0.000189036	21160	0.343761	FALSE	NA	NA	NA	NA	NA	NA
NC_045512.2	16255	C	T	21227	11394	56	2	1	51	9.42107e-05	21229	0.250006	FALSE	NA	NA	NA	NA	NA	NA
NC_045512.2	16255	C	-T	21227	11394	56	2	0	20	9.42107e-05	21229	1	FALSE	NA	NA	NA	NA	NA	NA
NC_045512.2	16256	T	G	20503	10646	54	2	2	27	9.75229e-05	20508	1	FALSE	NA	NA	NA	NA	NA	NA
NC_045512.2	16256	T	C	20503	10646	54	1	1	27	4.87615e-05	20508	1	FALSE	NA	NA	NA	NA	NA	NA
NC_045512.2	16256	T	A	20503	10646	54	2	0	26	9.75229e-05	20508	1	FALSE	NA	NA	NA	NA	NA	NA
NC_045512.2	16257	T	C	20993	11197	58	2	1	27	9.52517e-05	20997	1	FALSE	NA	NA	NA	NA	NA	NA
NC_045512.2	16257	T	A	20993	11197	58	2	0	30	9.52517e-05	20997	0.999995	FALSE	NA	NA	NA	NA	NA	NA
NC_045512.2	16258	T	G	20984	11188	57	1	1	68	4.76531e-05	20985	0.500012	FALSE	NA	NA	NA	NA	NA	NA
NC_045512.2	16259	G	T	20878	11039	57	3	3	29	0.000143651	20884	1	FALSE	NA	NA	NA	NA	NA	NA
NC_045512.2	16259	G	A	20878	11039	57	3	3	68	0.000143651	20884	0.124973	FALSE	NA	NA	NA	NA	NA	NA
NC_045512.2	16260	C	T	20930	11290	57	3	3	68	0.000143308	20934	0.124991	FALSE	NA	NA	NA	NA	NA	NA
NC_045512.2	16260	C	A	20930	11290	57	1	0	68	4.77692e-05	20934	0.499976	FALSE	NA	NA	NA	NA	NA	NA
NC_045512.2	16262	A	G	20867	11232	58	2	2	68	9.58267e-05	20871	0.249982	FALSE	NA	NA	NA	NA	NA	NA
NC_045512.2	16262	A	C	20867	11232	58	2	0	30	9.58267e-05	20871	0.999995	FALSE	NA	NA	NA	NA	NA	NA
NC_045512.2	16263	T	G	20638	10846	55	6	6	27	0.000290627	20645	1	FALSE	NA	NA	NA	NA	NA	NA
NC_045512.2	16263	T	C	20638	10846	55	1	0	24	4.84379e-05	20645	1	FALSE	NA	NA	NA	NA	NA	NA
NC_045512.2	16264	T	C	20958	11305	58	1	0	34	4.77099e-05	20960	1	FALSE	NA	NA	NA	NA	NA	NA
NC_045512.2	16264	T	A	20958	11305	58	1	1	27	4.77099e-05	20960	1	FALSE	NA	NA	NA	NA	NA	NA
NC_045512.2	16265	C	G	20957	11347	58	2	1	30	9.54244e-05	20959	0.999995	FALSE	NA	NA	NA	NA	NA	NA
NC_045512.2	16268	A	T	20860	11270	58	1	1	26	4.79294e-05	20864	1	FALSE	NA	NA	NA	NA	NA	NA
NC_045512.2	16268	A	G	20860	11270	58	1	0	68	4.79294e-05	20864	0.499976	FALSE	NA	NA	NA	NA	NA	NA
NC_045512.2	16268	A	C	20860	11270	58	2	2	30	9.58589e-05	20864	0.999995	FALSE	NA	NA	NA	NA	NA	NA
NC_045512.2	16270	A	T	20891	11274	58	2	2	39	9.57258e-05	20893	0.999995	FALSE	NA	NA	NA	NA	NA	NA
NC_045512.2	16271	C	G	20992	11466	57	3	1	29	0.000142891	20995	1	FALSE	NA	NA	NA	NA	NA	NA
NC_045512.2	16272	T	G	20696	11102	57	6	6	26	0.000289771	20706	1	FALSE	NA	NA	NA	NA	NA	NA
NC_045512.2	16272	T	C	20696	11102	57	4	3	53	0.000193181	20706	0.0624608	FALSE	NA	NA	NA	NA	NA	NA
NC_045512.2	16273	T	C	21114	11505	58	1	1	60	4.73597e-05	21115	0.500012	FALSE	NA	NA	NA	NA	NA	NA
NC_045512.2	16274	C	T	21125	11491	57	1	0	20	4.73238e-05	21131	1	FALSE	NA	NA	NA	NA	NA	NA
NC_045512.2	16274	C	A	21125	11491	57	5	2	34	0.000236619	21131	0.999734	FALSE	NA	NA	NA	NA	NA	NA
NC_045512.2	16275	A	T	21326	11631	57	2	2	26	9.37471e-05	21334	1	FALSE	NA	NA	NA	NA	NA	NA
NC_045512.2	16275	A	C	21326	11631	57	6	3	28	0.000281241	21334	1	FALSE	NA	NA	NA	NA	NA	NA
NC_045512.2	16276	T	G	21121	11320	57	4	2	25	0.00018934	21126	1	FALSE	NA	NA	NA	NA	NA	NA
NC_045512.2	16276	T	C	21121	11320	57	1	1	68	4.7335e-05	21126	0.499964	FALSE	NA	NA	NA	NA	NA	NA
NC_045512.2	16277	T	G	21160	11462	56	2	2	23	9.44956e-05	21165	1	FALSE	NA	NA	NA	NA	NA	NA
NC_045512.2	16277	T	C	21160	11462	56	2	0	57	9.44956e-05	21165	0.24997	FALSE	NA	NA	NA	NA	NA	NA
NC_045512.2	16277	T	A	21160	11462	56	1	0	26	4.72478e-05	21165	1	FALSE	NA	NA	NA	NA	NA	NA
NC_045512.2	16278	A	T	21287	11593	57	3	1	23	0.000140911	21290	1	FALSE	NA	NA	NA	NA	NA	NA
NC_045512.2	16279	A	T	21090	11780	55	1	1	27	4.74001e-05	21097	1	FALSE	NA	NA	NA	NA	NA	NA
NC_045512.2	16279	A	C	21090	11780	55	6	0	27	0.000284401	21097	1	FALSE	NA	NA	NA	NA	NA	NA
NC_045512.2	16280	G	T	21306	11570	58	1	1	27	4.69329e-05	21307	1	FALSE	NA	NA	NA	NA	NA	NA
NC_045512.2	16281	A	T	21230	11630	57	2	2	26	9.4193e-05	21233	1	FALSE	NA	NA	NA	NA	NA	NA
NC_045512.2	16281	A	C	21230	11630	57	1	1	27	4.70965e-05	21233	1	FALSE	NA	NA	NA	NA	NA	NA
NC_045512.2	16283	G	C	20802	11317	58	6	6	28	0.000288351	20808	1	FALSE	NA	NA	NA	NA	NA	NA
NC_045512.2	16284	T	G	20498	11089	59	1	0	26	4.87757e-05	20502	1	FALSE	NA	NA	NA	NA	NA	NA
NC_045512.2	16284	T	C	20498	11089	59	3	3	43	0.000146327	20502	0.5	FALSE	NA	NA	NA	NA	NA	NA
NC_045512.2	16285	G	T	20438	11165	59	1	1	27	4.89237e-05	20440	1	FALSE	NA	NA	NA	NA	NA	NA
NC_045512.2	16285	G	A	20438	11165	59	1	1	68	4.89237e-05	20440	0.5	FALSE	NA	NA	NA	NA	NA	NA
NC_045512.2	16286	G	C	20529	11394	58	1	0	26	4.87092e-05	20530	1	FALSE	NA	NA	NA	NA	NA	NA
NC_045512.2	16287	T	G	20397	11328	58	2	2	30	9.8044e-05	20399	0.999995	FALSE	NA	NA	NA	NA	NA	NA
NC_045512.2	16288	G	T	20369	11268	58	1	1	27	4.9087e-05	20372	1	FALSE	NA	NA	NA	NA	NA	NA
NC_045512.2	16288	G	A	20369	11268	58	2	1	34	9.8174e-05	20372	0.999995	FALSE	NA	NA	NA	NA	NA	NA
NC_045512.2	16289	C	T	19823	10925	58	1	1	46	5.04312e-05	19829	0.749956	FALSE	NA	NA	NA	NA	NA	NA
NC_045512.2	16289	C	G	19823	10925	58	1	0	20	5.04312e-05	19829	1	FALSE	NA	NA	NA	NA	NA	NA
NC_045512.2	16289	C	A	19823	10925	58	4	1	26	0.000201725	19829	1	FALSE	NA	NA	NA	NA	NA	NA
NC_045512.2	16289	C	-T	19823	10925	58	1	0	20	5.04312e-05	19829	1	FALSE	NA	NA	NA	NA	NA	NA
NC_045512.2	16290	T	C	19872	10912	59	4	1	68	0.000201238	19877	0.0624843	FALSE	NA	NA	NA	NA	NA	NA
NC_045512.2	16290	T	A	19872	10912	59	1	1	34	5.03094e-05	19877	0.999999	FALSE	NA	NA	NA	NA	NA	NA
NC_045512.2	16291	T	C	19935	10899	58	2	0	46	0.000100316	19937	0.500019	FALSE	NA	NA	NA	NA	NA	NA
NC_045512.2	16292	G	C	19880	10894	59	1	1	34	5.02993e-05	19881	0.999999	FALSE	NA	NA	NA	NA	NA	NA
NC_045512.2	16293	C	A	19862	11078	58	3	0	26	0.000151019	19865	1	FALSE	NA	NA	NA	NA	NA	NA
NC_045512.2	16294	A	T	19947	11154	59	1	1	68	5.01253e-05	19950	0.499987	FALSE	NA	NA	NA	NA	NA	NA
NC_045512.2	16294	A	G	19947	11154	59	1	0	27	5.01253e-05	19950	1	FALSE	NA	NA	NA	NA	NA	NA
NC_045512.2	16294	A	C	19947	11154	59	1	1	34	5.01253e-05	19950	0.999999	FALSE	NA	NA	NA	NA	NA	NA
NC_045512.2	16295	T	C	19883	11066	59	2	0	46	0.000100578	19885	0.500019	FALSE	NA	NA	NA	NA	NA	NA
NC_045512.2	16296	A	G	19906	11036	59	1	1	34	5.02336e-05	19907	0.999999	FALSE	NA	NA	NA	NA	NA	NA
NC_045512.2	16297	C	T	19832	11142	58	1	1	68	5.04159e-05	19835	0.499987	FALSE	NA	NA	NA	NA	NA	NA
NC_045512.2	16297	C	G	19832	11142	58	2	2	27	0.000100832	19835	1	FALSE	NA	NA	NA	NA	NA	NA
NC_045512.2	16297	C	+T	19832	11142	58	1	0	20	5.04159e-05	19835	1	FALSE	NA	NA	NA	NA	NA	NA
NC_045512.2	16298	G	C	19789	11115	58	1	0	27	5.05255e-05	19792	1	FALSE	NA	NA	NA	NA	NA	NA
NC_045512.2	16298	G	A	19789	11115	58	2	1	68	0.000101051	19792	0.249994	FALSE	NA	NA	NA	NA	NA	NA
NC_045512.2	16299	T	G	19619	10999	57	3	2	26	0.000152851	19627	1	FALSE	NA	NA	NA	NA	NA	NA
NC_045512.2	16299	T	C	19619	10999	57	4	2	43	0.000203801	19627	0.187436	FALSE	NA	NA	NA	NA	NA	NA
NC_045512.2	16299	T	A	19619	10999	57	1	0	27	5.09502e-05	19627	1	FALSE	NA	NA	NA	NA	NA	NA
NC_045512.2	16301	G	T	19472	10894	58	1	0	26	5.13532e-05	19473	1	FALSE	NA	NA	NA	NA	NA	NA
NC_045512.2	16302	A	G	19444	11106	58	2	0	47	0.000102849	19446	0.500019	FALSE	NA	NA	NA	NA	NA	NA
NC_045512.2	16303	C	G	19434	11151	57	2	0	43	0.000102897	19437	0.5	FALSE	NA	NA	NA	NA	NA	NA
NC_045512.2	16303	C	A	19434	11151	57	1	1	26	5.14483e-05	19437	1	FALSE	NA	NA	NA	NA	NA	NA
NC_045512.2	16304	C	G	19134	10978	56	3	0	26	0.000156756	19138	1	FALSE	NA	NA	NA	NA	NA	NA
NC_045512.2	16304	C	A	19134	10978	56	1	0	20	5.22521e-05	19138	1	FALSE	NA	NA	NA	NA	NA	NA
NC_045512.2	16305	A	T	19073	10789	58	1	0	27	5.24274e-05	19074	1	FALSE	NA	NA	NA	NA	NA	NA
NC_045512.2	16306	T	C	19278	10869	57	1	1	38	5.18699e-05	19279	0.999999	FALSE	NA	NA	NA	NA	NA	NA
NC_045512.2	16307	T	C	19155	10793	57	1	1	34	5.21948e-05	19159	0.999999	FALSE	NA	NA	NA	NA	NA	NA
NC_045512.2	16307	T	A	19155	10793	57	3	0	24	0.000156584	19159	1	FALSE	NA	NA	NA	NA	NA	NA
NC_045512.2	16308	C	G	19157	10786	57	1	1	27	5.21921e-05	19160	1	FALSE	NA	NA	NA	NA	NA	NA
NC_045512.2	16308	C	A	19157	10786	57	2	2	57	0.000104384	19160	0.249993	FALSE	NA	NA	NA	NA	NA	NA
NC_045512.2	16309	T	C	19222	10840	58	5	2	57	0.000260051	19227	0.0312459	FALSE	NA	NA	NA	NA	NA	NA
NC_045512.2	16311	A	T	18808	10563	57	2	1	32	0.000106304	18814	0.99998	FALSE	NA	NA	NA	NA	NA	NA
NC_045512.2	16311	A	G	18808	10563	57	2	1	51	0.000106304	18814	0.249953	FALSE	NA	NA	NA	NA	NA	NA
NC_045512.2	16311	A	C	18808	10563	57	2	1	23	0.000106304	18814	1	FALSE	NA	NA	NA	NA	NA	NA
NC_045512.2	16312	T	G	18661	10436	58	1	1	27	5.35848e-05	18662	1	FALSE	NA	NA	NA	NA	NA	NA
NC_045512.2	16313	G	T	18528	10281	56	1	1	27	5.39636e-05	18531	1	FALSE	NA	NA	NA	NA	NA	NA
NC_045512.2	16313	G	C	18528	10281	56	2	0	30	0.000107927	18531	0.99998	FALSE	NA	NA	NA	NA	NA	NA
NC_045512.2	16314	T	G	18318	10165	58	1	1	26	5.45822e-05	18321	1	FALSE	NA	NA	NA	NA	NA	NA
NC_045512.2	16314	T	C	18318	10165	58	2	0	68	0.000109164	18321	0.249993	FALSE	NA	NA	NA	NA	NA	NA
NC_045512.2	16315	T	G	17495	9596	58	1	1	34	5.71527e-05	17497	0.999996	FALSE	NA	NA	NA	NA	NA	NA
NC_045512.2	16315	T	A	17495	9596	58	1	0	26	5.71527e-05	17497	1	FALSE	NA	NA	NA	NA	NA	NA
NC_045512.2	16317	T	G	17235	9503	57	1	1	27	5.80181e-05	17236	1	FALSE	NA	NA	NA	NA	NA	NA
NC_045512.2	16320	A	G	17098	9637	54	3	1	40	0.000175418	17102	0.312489	FALSE	NA	NA	NA	NA	NA	NA
NC_045512.2	16320	A	C	17098	9637	54	1	0	26	5.84727e-05	17102	1	FALSE	NA	NA	NA	NA	NA	NA
NC_045512.2	16322	G	T	17087	9504	57	1	1	26	5.85103e-05	17091	1	FALSE	NA	NA	NA	NA	NA	NA
NC_045512.2	16322	G	C	17087	9504	57	1	0	27	5.85103e-05	17091	1	FALSE	NA	NA	NA	NA	NA	NA
NC_045512.2	16322	G	A	17087	9504	57	2	0	47	0.000117021	17091	0.499978	FALSE	NA	NA	NA	NA	NA	NA
NC_045512.2	16323	C	T	17039	9654	56	1	1	34	5.86717e-05	17044	0.999996	FALSE	NA	NA	NA	NA	NA	NA
NC_045512.2	16323	C	A	17039	9654	56	4	0	25	0.000234687	17044	1	FALSE	NA	NA	NA	NA	NA	NA
NC_045512.2	16324	T	C	16721	9314	57	2	2	64	0.000119589	16724	0.249993	FALSE	NA	NA	NA	NA	NA	NA
NC_045512.2	16324	T	A	16721	9314	57	1	1	26	5.97943e-05	16724	1	FALSE	NA	NA	NA	NA	NA	NA
NC_045512.2	16325	G	T	17002	9472	57	1	1	26	5.88132e-05	17003	1	FALSE	NA	NA	NA	NA	NA	NA
NC_045512.2	16326	T	C	16974	9519	57	1	0	68	5.89102e-05	16975	0.500015	FALSE	NA	NA	NA	NA	NA	NA
NC_045512.2	16327	T	C	16996	9544	58	3	3	43	0.000176471	17000	0.312489	FALSE	NA	NA	NA	NA	NA	NA
NC_045512.2	16327	T	A	16996	9544	58	1	0	20	5.88235e-05	17000	1	FALSE	NA	NA	NA	NA	NA	NA
NC_045512.2	16328	A	G	16971	9543	57	3	1	39	0.000176741	16974	0.999637	FALSE	NA	NA	NA	NA	NA	NA
NC_045512.2	16329	C	T	16725	9408	57	2	0	51	0.00011956	16728	0.249993	FALSE	NA	NA	NA	NA	NA	NA
NC_045512.2	16329	C	G	16725	9408	57	1	1	24	5.978e-05	16728	1	FALSE	NA	NA	NA	NA	NA	NA
NC_045512.2	16330	G	T	16706	9352	57	1	1	26	5.9848e-05	16709	1	FALSE	NA	NA	NA	NA	NA	NA
NC_045512.2	16330	G	C	16706	9352	57	2	2	51	0.000119696	16709	0.249993	FALSE	NA	NA	NA	NA	NA	NA
NC_045512.2	16331	A	T	16800	9393	58	1	1	26	5.95203e-05	16801	1	FALSE	NA	NA	NA	NA	NA	NA
NC_045512.2	16332	C	T	16679	9486	57	1	1	68	5.99377e-05	16684	0.499955	FALSE	NA	NA	NA	NA	NA	NA
NC_045512.2	16332	C	G	16679	9486	57	4	0	23	0.000239751	16684	1	FALSE	NA	NA	NA	NA	NA	NA
NC_045512.2	16333	C	T	16410	9396	56	1	1	34	6.0931e-05	16412	0.999992	FALSE	NA	NA	NA	NA	NA	NA
NC_045512.2	16333	C	A	16410	9396	56	1	0	34	6.0931e-05	16412	0.999992	FALSE	NA	NA	NA	NA	NA	NA
NC_045512.2	16334	A	T	15375	8604	57	2	2	27	0.000130056	15378	1	FALSE	NA	NA	NA	NA	NA	NA
NC_045512.2	16334	A	G	15375	8604	57	1	1	34	6.5028e-05	15378	0.999985	FALSE	NA	NA	NA	NA	NA	NA
NC_045512.2	16335	T	C	15489	8668	57	1	1	34	6.45578e-05	15490	0.999985	FALSE	NA	NA	NA	NA	NA	NA
NC_045512.2	16336	G	T	15470	8639	57	1	0	68	6.46329e-05	15472	0.5	FALSE	NA	NA	NA	NA	NA	NA
NC_045512.2	16336	G	C	15470	8639	57	1	0	26	6.46329e-05	15472	1	FALSE	NA	NA	NA	NA	NA	NA
NC_045512.2	16337	T	C	15535	8689	57	1	1	24	6.43625e-05	15537	1	FALSE	NA	NA	NA	NA	NA	NA
NC_045512.2	16337	T	A	15535	8689	57	1	1	27	6.43625e-05	15537	1	FALSE	NA	NA	NA	NA	NA	NA
NC_045512.2	16338	C	T	15388	8548	57	1	1	34	6.49815e-05	15389	0.999985	FALSE	NA	NA	NA	NA	NA	NA
NC_045512.2	16339	A	T	15301	8505	57	1	1	24	6.53467e-05	15303	1	FALSE	NA	NA	NA	NA	NA	NA
NC_045512.2	16339	A	G	15301	8505	57	1	1	38	6.53467e-05	15303	0.999985	FALSE	NA	NA	NA	NA	NA	NA
NC_045512.2	16340	T	C	15049	8273	56	2	2	30	0.000132882	15051	0.999863	FALSE	NA	NA	NA	NA	NA	NA
NC_045512.2	16341	A	G	15170	8419	57	1	0	60	6.59152e-05	15171	0.500016	FALSE	NA	NA	NA	NA	NA	NA
NC_045512.2	16342	T	G	15138	8374	57	3	1	27	0.000198138	15141	1	FALSE	NA	NA	NA	NA	NA	NA
NC_045512.2	16344	A	T	14160	7821	57	1	1	24	7.06115e-05	14162	1	FALSE	NA	NA	NA	NA	NA	NA
NC_045512.2	16344	A	G	14160	7821	57	1	0	24	7.06115e-05	14162	1	FALSE	NA	NA	NA	NA	NA	NA
NC_045512.2	16345	A	T	13544	7862	50	1	1	34	7.37626e-05	13557	0.999939	FALSE	NA	NA	NA	NA	NA	NA
NC_045512.2	16345	A	C	13544	7862	50	12	0	28	0.000885152	13557	1	FALSE	NA	NA	NA	NA	NA	NA
NC_045512.2	16346	C	T	13852	7674	57	1	0	68	7.21761e-05	13855	0.499982	FALSE	NA	NA	NA	NA	NA	NA
NC_045512.2	16346	C	A	13852	7674	57	2	0	30	0.000144352	13855	0.999513	FALSE	NA	NA	NA	NA	NA	NA
NC_045512.2	16347	A	C	13487	7469	57	1	1	27	7.414e-05	13488	1	FALSE	NA	NA	NA	NA	NA	NA
NC_045512.2	16347	A	-T	13487	7469	57	1	0	20	7.414e-05	13488	1	FALSE	NA	NA	NA	NA	NA	NA
NC_045512.2	16348	T	G	13535	7511	57	1	0	27	7.38662e-05	13538	1	FALSE	NA	NA	NA	NA	NA	NA
NC_045512.2	16348	T	C	13535	7511	57	1	0	46	7.38662e-05	13538	0.749991	FALSE	NA	NA	NA	NA	NA	NA
NC_045512.2	16348	T	A	13535	7511	57	1	0	27	7.38662e-05	13538	1	FALSE	NA	NA	NA	NA	NA	NA
NC_045512.2	16349	C	G	13188	7290	57	1	1	27	7.57978e-05	13193	1	FALSE	NA	NA	NA	NA	NA	NA
NC_045512.2	16349	C	A	13188	7290	57	4	0	26	0.000303191	13193	1	FALSE	NA	NA	NA	NA	NA	NA
NC_045512.2	16351	C	A	13211	7243	57	2	1	30	0.000151366	13213	0.999513	FALSE	NA	NA	NA	NA	NA	NA
NC_045512.2	16352	A	T	13199	7329	56	2	2	27	0.000151469	13204	1	FALSE	NA	NA	NA	NA	NA	NA
NC_045512.2	16352	A	C	13199	7329	56	3	0	31	0.000227204	13204	0.997914	FALSE	NA	NA	NA	NA	NA	NA
NC_045512.2	16353	T	C	13100	7269	55	1	1	46	7.63301e-05	13101	0.750029	FALSE	NA	NA	NA	NA	NA	NA
NC_045512.2	16353	T	-A	13100	7269	55	1	0	20	7.63301e-05	13101	1	FALSE	NA	NA	NA	NA	NA	NA
NC_045512.2	16354	A	G	13088	7212	56	1	1	46	7.63942e-05	13090	0.74999	FALSE	NA	NA	NA	NA	NA	NA
NC_045512.2	16354	A	C	13088	7212	56	1	0	27	7.63942e-05	13090	1	FALSE	NA	NA	NA	NA	NA	NA
NC_045512.2	16355	A	G	13167	7205	56	1	1	27	7.59186e-05	13172	1	FALSE	NA	NA	NA	NA	NA	NA
NC_045512.2	16355	A	C	13167	7205	56	4	1	28	0.000303674	13172	1	FALSE	NA	NA	NA	NA	NA	NA
NC_045512.2	16356	A	T	12747	7367	49	1	1	27	7.8376e-05	12759	1	FALSE	NA	NA	NA	NA	NA	NA
NC_045512.2	16356	A	G	12747	7367	49	1	0	46	7.8376e-05	12759	0.749814	FALSE	NA	NA	NA	NA	NA	NA
NC_045512.2	16356	A	C	12747	7367	49	10	0	28	0.00078376	12759	1	FALSE	NA	NA	NA	NA	NA	NA
NC_045512.2	16357	T	G	12953	7017	55	4	4	31	0.000308666	12959	0.98938	FALSE	NA	NA	NA	NA	NA	NA
NC_045512.2	16357	T	C	12953	7017	55	2	2	40	0.000154333	12959	0.499913	FALSE	NA	NA	NA	NA	NA	NA
NC_045512.2	16358	T	G	13064	7550	54	1	1	27	7.65228e-05	13068	1	FALSE	NA	NA	NA	NA	NA	NA
NC_045512.2	16358	T	C	13064	7550	54	3	2	38	0.000229568	13068	0.997915	FALSE	NA	NA	NA	NA	NA	NA
NC_045512.2	16359	A	T	12160	6834	54	1	1	20	8.22301e-05	12161	1	FALSE	NA	NA	NA	NA	NA	NA
NC_045512.2	16360	G	T	12199	6997	54	1	0	34	8.19605e-05	12201	0.999878	FALSE	NA	NA	NA	NA	NA	NA
NC_045512.2	16360	G	C	12199	6997	54	1	0	27	8.19605e-05	12201	1	FALSE	NA	NA	NA	NA	NA	NA
NC_045512.2	16361	T	A	12041	7044	52	2	0	27	0.000166072	12043	1	FALSE	NA	NA	NA	NA	NA	NA
NC_045512.2	16362	C	G	12053	7173	52	2	2	30	0.000165893	12056	0.999087	FALSE	NA	NA	NA	NA	NA	NA
NC_045512.2	16362	C	A	12053	7173	52	1	0	24	8.29463e-05	12056	1	FALSE	NA	NA	NA	NA	NA	NA
NC_045512.2	16363	T	C	11832	7022	53	1	0	60	8.45094e-05	11833	0.500021	FALSE	NA	NA	NA	NA	NA	NA
NC_045512.2	16363	T	+A	11832	7022	53	2	0	20	0.000169019	11833	1	FALSE	NA	NA	NA	NA	NA	NA
NC_045512.2	16364	T	C	10394	6004	54	1	1	27	9.62001e-05	10395	1	FALSE	NA	NA	NA	NA	NA	NA
NC_045512.2	16365	G	C	10333	5933	53	2	0	23	0.000193517	10335	1	FALSE	NA	NA	NA	NA	NA	NA
NC_045512.2	16366	T	G	10384	6003	54	1	0	27	9.62835e-05	10386	1	FALSE	NA	NA	NA	NA	NA	NA
NC_045512.2	16366	T	C	10384	6003	54	1	0	68	9.62835e-05	10386	0.5	FALSE	NA	NA	NA	NA	NA	NA
NC_045512.2	16367	C	G	10483	6076	52	1	1	20	9.53743e-05	10485	1	FALSE	NA	NA	NA	NA	NA	NA
NC_045512.2	16367	C	A	10483	6076	52	1	0	27	9.53743e-05	10485	1	FALSE	NA	NA	NA	NA	NA	NA
NC_045512.2	16368	T	G	10313	5967	53	1	1	27	9.69556e-05	10314	1	FALSE	NA	NA	NA	NA	NA	NA
NC_045512.2	16369	G	T	10126	5791	52	2	2	23	0.000197472	10128	1	FALSE	NA	NA	NA	NA	NA	NA
NC_045512.2	16370	T	C	9937	5622	52	3	1	68	0.000301811	9940	0.125	FALSE	NA	NA	NA	NA	NA	NA
NC_045512.2	16371	T	C	10212	5915	53	1	0	68	9.79144e-05	10213	0.500024	FALSE	NA	NA	NA	NA	NA	NA
NC_045512.2	16373	A	C	10054	5975	51	2	0	27	0.000198886	10056	1	FALSE	NA	NA	NA	NA	NA	NA
NC_045512.2	16374	T	G	10096	5848	51	2	2	26	0.000198	10101	1	FALSE	NA	NA	NA	NA	NA	NA
NC_045512.2	16374	T	C	10096	5848	51	1	0	68	9.90001e-05	10101	0.499926	FALSE	NA	NA	NA	NA	NA	NA
NC_045512.2	16374	T	A	10096	5848	51	2	2	27	0.000198	10101	1	FALSE	NA	NA	NA	NA	NA	NA
NC_045512.2	16375	C	G	10041	5891	51	1	1	27	9.95718e-05	10043	1	FALSE	NA	NA	NA	NA	NA	NA
NC_045512.2	16375	C	A	10041	5891	51	1	0	34	9.95718e-05	10043	0.999513	FALSE	NA	NA	NA	NA	NA	NA
NC_045512.2	16376	C	T	8157	4610	51	1	0	68	0.000122579	8158	0.500031	FALSE	NA	NA	NA	NA	NA	NA
NC_045512.2	16376	C	+T	8157	4610	51	2	0	20	0.000245158	8158	1	FALSE	NA	NA	NA	NA	NA	NA
NC_045512.2	16377	G	T	8195	4587	51	3	0	34	0.00036572	8203	0.96727	FALSE	NA	NA	NA	NA	NA	NA
NC_045512.2	16377	G	C	8195	4587	51	1	0	27	0.000121907	8203	1	FALSE	NA	NA	NA	NA	NA	NA
NC_045512.2	16377	G	A	8195	4587	51	4	1	55	0.000487626	8203	0.0624314	FALSE	NA	NA	NA	NA	NA	NA
NC_045512.2	16377	G	-T	8195	4587	51	1	0	20	0.000121907	8203	1	FALSE	NA	NA	NA	NA	NA	NA
NC_045512.2	16378	T	A	7771	4338	51	1	0	20	0.000128667	7772	1	FALSE	NA	NA	NA	NA	NA	NA
NC_045512.2	16379	A	T	7746	4529	50	1	1	20	0.000129016	7751	1	FALSE	NA	NA	NA	NA	NA	NA
NC_045512.2	16379	A	G	7746	4529	50	1	1	34	0.000129016	7751	0.996095	FALSE	NA	NA	NA	NA	NA	NA
NC_045512.2	16379	A	C	7746	4529	50	3	1	29	0.000387047	7751	1	FALSE	NA	NA	NA	NA	NA	NA
NC_045512.2	16381	G	T	7695	4595	49	1	1	34	0.000129938	7696	0.996103	FALSE	NA	NA	NA	NA	NA	NA
NC_045512.2	16382	T	G	5396	2530	46	1	1	27	0.000185288	5397	1	FALSE	NA	NA	NA	NA	NA	NA
NC_045512.2	16383	T	G	6287	3465	50	2	1	27	0.000317914	6291	1	FALSE	NA	NA	NA	NA	NA	NA
NC_045512.2	16383	T	A	6287	3465	50	2	0	30	0.000317914	6291	0.96487	FALSE	NA	NA	NA	NA	NA	NA
NC_045512.2	16385	G	A	6191	3392	50	1	1	34	0.000161499	6192	0.992205	FALSE	NA	NA	NA	NA	NA	NA
NC_045512.2	16386	C	T	6051	3425	49	1	1	34	0.00016518	6054	0.992197	FALSE	NA	NA	NA	NA	NA	NA
NC_045512.2	16386	C	A	6051	3425	49	2	0	26	0.00033036	6054	1	FALSE	NA	NA	NA	NA	NA	NA
NC_045512.2	16386	C	-A	6051	3425	49	1	0	20	0.00016518	6054	1	FALSE	NA	NA	NA	NA	NA	NA
NC_045512.2	16387	A	G	5994	3312	50	4	3	68	0.000666778	5999	0.0624479	FALSE	NA	NA	NA	NA	NA	NA
NC_045512.2	16387	A	C	5994	3312	50	1	0	26	0.000166694	5999	1	FALSE	NA	NA	NA	NA	NA	NA
NC_045512.2	16388	A	T	6034	3356	50	2	1	34	0.00033129	6037	0.964889	FALSE	NA	NA	NA	NA	NA	NA
NC_045512.2	16388	A	C	6034	3356	50	1	0	27	0.000165645	6037	1	FALSE	NA	NA	NA	NA	NA	NA
NC_045512.2	16389	T	G	5446	2942	50	1	1	27	0.000183587	5447	1	FALSE	NA	NA	NA	NA	NA	NA
NC_045512.2	16390	G	T	5397	2749	49	3	0	31	0.000555556	5400	0.855621	FALSE	NA	NA	NA	NA	NA	NA
NC_045512.2	16391	C	G	5336	2821	48	1	1	27	0.000187336	5338	1	FALSE	NA	NA	NA	NA	NA	NA
NC_045512.2	16391	C	A	5336	2821	48	1	0	20	0.000187336	5338	1	FALSE	NA	NA	NA	NA	NA	NA
NC_045512.2	16392	T	C	5069	2513	49	1	1	60	0.000197239	5070	0.500049	FALSE	NA	NA	NA	NA	NA	NA
NC_045512.2	16394	C	G	4808	2421	49	1	1	27	0.000207943	4809	1	FALSE	NA	NA	NA	NA	NA	NA
NC_045512.2	16395	A	G	4790	2360	49	1	0	46	0.000208681	4792	0.5	FALSE	NA	NA	NA	NA	NA	NA
NC_045512.2	16395	A	C	4790	2360	49	1	0	26	0.000208681	4792	1	FALSE	NA	NA	NA	NA	NA	NA
NC_045512.2	16396	G	T	4831	2375	49	1	1	27	0.000206954	4832	1	FALSE	NA	NA	NA	NA	NA	NA
NC_045512.2	16398	T	G	4846	2403	49	1	0	27	0.000206313	4847	1	FALSE	NA	NA	NA	NA	NA	NA
NC_045512.2	16402	G	T	4467	2138	50	1	1	26	0.000223814	4468	1	FALSE	NA	NA	NA	NA	NA	NA
NC_045512.2	16403	A	C	4488	2181	50	1	1	27	0.000222767	4489	1	FALSE	NA	NA	NA	NA	NA	NA
NC_045512.2	16407	C	A	4459	2095	50	1	1	68	0.000224215	4460	0.500056	FALSE	NA	NA	NA	NA	NA	NA
NC_045512.2	16409	C	G	4454	2088	50	1	1	26	0.000224467	4455	1	FALSE	NA	NA	NA	NA	NA	NA
NC_045512.2	16411	G	T	4512	2082	50	1	1	20	0.000221533	4514	1	FALSE	NA	NA	NA	NA	NA	NA
NC_045512.2	16411	G	C	4512	2082	50	1	0	26	0.000221533	4514	1	FALSE	NA	NA	NA	NA	NA	NA
NC_045512.2	16412	A	T	4560	2161	51	1	0	27	0.00021925	4561	1	FALSE	NA	NA	NA	NA	NA	NA
NC_045512.2	16414	G	T	4521	2157	51	1	1	26	0.000221141	4522	1	FALSE	NA	NA	NA	NA	NA	NA
NC_045512.2	16415	T	G	4374	2046	51	1	1	26	0.000228519	4376	1	FALSE	NA	NA	NA	NA	NA	NA
NC_045512.2	16415	T	C	4374	2046	51	1	0	34	0.000228519	4376	0.968786	FALSE	NA	NA	NA	NA	NA	NA
NC_045512.2	16416	G	C	4354	2030	51	1	1	26	0.000229621	4355	1	FALSE	NA	NA	NA	NA	NA	NA
NC_045512.2	16418	C	G	4292	2071	50	1	0	27	0.000232937	4293	1	FALSE	NA	NA	NA	NA	NA	NA
NC_045512.2	16420	C	G	4221	1966	51	1	0	27	0.000236798	4223	1	FALSE	NA	NA	NA	NA	NA	NA
NC_045512.2	16420	C	A	4221	1966	51	1	0	27	0.000236798	4223	1	FALSE	NA	NA	NA	NA	NA	NA
NC_045512.2	16422	A	C	4088	2002	49	4	0	28	0.000977517	4092	1	FALSE	NA	NA	NA	NA	NA	NA
NC_045512.2	16423	C	G	4194	2010	50	1	1	27	0.000238379	4195	1	FALSE	NA	NA	NA	NA	NA	NA
NC_045512.2	16424	T	C	4077	1926	49	1	0	34	0.000245218	4078	0.968807	FALSE	NA	NA	NA	NA	NA	NA
NC_045512.2	16427	A	T	4110	2020	50	1	0	20	0.000243191	4112	1	FALSE	NA	NA	NA	NA	NA	NA
NC_045512.2	16427	A	G	4110	2020	50	1	1	68	0.000243191	4112	0.5	FALSE	NA	NA	NA	NA	NA	NA
NC_045512.2	16429	T	G	3995	1953	50	1	1	27	0.00025025	3996	1	FALSE	NA	NA	NA	NA	NA	NA
NC_045512.2	16431	A	C	3807	1900	50	2	0	30	0.000525072	3809	0.812664	FALSE	NA	NA	NA	NA	NA	NA
NC_045512.2	16433	G	C	3849	1916	50	1	0	34	0.00025974	3850	0.937581	FALSE	NA	NA	NA	NA	NA	NA
NC_045512.2	16434	A	T	3853	1882	50	1	0	27	0.000259403	3855	1	FALSE	NA	NA	NA	NA	NA	NA
NC_045512.2	16434	A	C	3853	1882	50	1	1	34	0.000259403	3855	0.937549	FALSE	NA	NA	NA	NA	NA	NA
NC_045512.2	16436	G	T	3765	1858	50	1	1	27	0.000265534	3766	1	FALSE	NA	NA	NA	NA	NA	NA
NC_045512.2	16438	A	G	3728	1879	50	1	1	60	0.000268168	3729	0.500067	FALSE	NA	NA	NA	NA	NA	NA
NC_045512.2	16440	G	C	3718	1879	50	1	0	27	0.000268889	3719	1	FALSE	NA	NA	NA	NA	NA	NA
NC_045512.2	16441	A	G	3673	1865	50	1	0	68	0.000272183	3674	0.500068	FALSE	NA	NA	NA	NA	NA	NA
NC_045512.2	16442	G	T	3633	1824	49	1	1	34	0.000275103	3635	0.937552	FALSE	NA	NA	NA	NA	NA	NA
NC_045512.2	16442	G	A	3633	1824	49	1	0	34	0.000275103	3635	0.937552	FALSE	NA	NA	NA	NA	NA	NA
NC_045512.2	16443	C	A	3619	1886	50	2	1	30	0.000552334	3621	0.812673	FALSE	NA	NA	NA	NA	NA	NA
NC_045512.2	16451	G	C	4492	1996	46	1	1	27	0.000222568	4493	1	FALSE	NA	NA	NA	NA	NA	NA
NC_045512.2	16452	T	C	4426	1971	46	1	1	34	0.000225887	4427	0.968803	FALSE	NA	NA	NA	NA	NA	NA
NC_045512.2	16453	A	C	4498	2009	46	1	0	26	0.000222272	4499	1	FALSE	NA	NA	NA	NA	NA	NA
NC_045512.2	16457	C	T	4365	2046	45	1	1	60	0.00022899	4367	0.5	FALSE	NA	NA	NA	NA	NA	NA
NC_045512.2	16457	C	A	4365	2046	45	1	0	34	0.00022899	4367	0.968786	FALSE	NA	NA	NA	NA	NA	NA
NC_045512.2	16458	A	T	4538	2072	46	1	1	20	0.000220313	4539	1	FALSE	NA	NA	NA	NA	NA	NA
NC_045512.2	16459	C	T	4427	2039	45	1	0	68	0.000225683	4431	0.499887	FALSE	NA	NA	NA	NA	NA	NA
NC_045512.2	16459	C	G	4427	2039	45	1	0	34	0.000225683	4431	0.96875	FALSE	NA	NA	NA	NA	NA	NA
NC_045512.2	16459	C	A	4427	2039	45	2	1	30	0.000451365	4431	0.890651	FALSE	NA	NA	NA	NA	NA	NA
NC_045512.2	16461	T	A	4508	2090	46	2	2	30	0.000443459	4510	0.890755	FALSE	NA	NA	NA	NA	NA	NA
NC_045512.2	16464	A	C	3816	2106	42	5	1	29	0.00130856	3821	1	FALSE	NA	NA	NA	NA	NA	NA
NC_045512.2	16465	C	T	4497	2157	45	1	1	27	0.000222272	4499	1	FALSE	NA	NA	NA	NA	NA	NA
NC_045512.2	16465	C	A	4497	2157	45	1	0	27	0.000222272	4499	1	FALSE	NA	NA	NA	NA	NA	NA
NC_045512.2	16467	A	T	4506	2120	46	1	1	34	0.000221779	4509	0.968767	FALSE	NA	NA	NA	NA	NA	NA
NC_045512.2	16467	A	C	4506	2120	46	2	2	30	0.000443557	4509	0.890703	FALSE	NA	NA	NA	NA	NA	NA
NC_045512.2	16471	A	C	4339	2196	44	2	1	26	0.000460723	4341	1	FALSE	NA	NA	NA	NA	NA	NA
NC_045512.2	16472	T	G	4289	2011	44	2	2	26	0.000466092	4291	1	FALSE	NA	NA	NA	NA	NA	NA
NC_045512.2	16473	T	G	4557	2205	46	1	1	26	0.000219394	4558	1	FALSE	NA	NA	NA	NA	NA	NA
NC_045512.2	16475	G	T	4710	2246	46	1	1	26	0.000212224	4712	1	FALSE	NA	NA	NA	NA	NA	NA
NC_045512.2	16475	G	C	4710	2246	46	1	1	26	0.000212224	4712	1	FALSE	NA	NA	NA	NA	NA	NA
NC_045512.2	16476	T	G	4326	1875	44	2	2	30	0.000462107	4328	0.89076	FALSE	NA	NA	NA	NA	NA	NA
NC_045512.2	16477	T	C	4609	2154	46	1	1	26	0.00021692	4610	1	FALSE	NA	NA	NA	NA	NA	NA
NC_045512.2	16479	T	C	4609	2177	47	1	1	34	0.00021692	4610	0.968801	FALSE	NA	NA	NA	NA	NA	NA
NC_045512.2	16481	C	T	4549	2191	46	2	0	47	0.000439271	4553	0.249918	FALSE	NA	NA	NA	NA	NA	NA
NC_045512.2	16481	C	A	4549	2191	46	2	1	26	0.000439271	4553	1	FALSE	NA	NA	NA	NA	NA	NA
NC_045512.2	16482	A	T	4578	2182	46	2	2	27	0.000436586	4581	1	FALSE	NA	NA	NA	NA	NA	NA
NC_045512.2	16482	A	G	4578	2182	46	1	0	34	0.000218293	4581	0.968767	FALSE	NA	NA	NA	NA	NA	NA
NC_045512.2	16485	G	C	4008	1714	46	1	0	26	0.000249439	4009	1	FALSE	NA	NA	NA	NA	NA	NA
NC_045512.2	16486	T	G	3970	1676	45	2	2	30	0.000503525	3972	0.812657	FALSE	NA	NA	NA	NA	NA	NA
NC_045512.2	16487	G	T	4075	1709	46	2	1	30	0.000490557	4077	0.890769	FALSE	NA	NA	NA	NA	NA	NA
NC_045512.2	16488	T	G	4078	1700	45	3	2	31	0.000735114	4081	0.773639	FALSE	NA	NA	NA	NA	NA	NA
NC_045512.2	16489	G	A	4099	1745	46	2	0	51	0.000487686	4101	0.25003	FALSE	NA	NA	NA	NA	NA	NA
NC_045512.2	16491	T	A	3993	1619	44	2	2	30	0.000500626	3995	0.812656	FALSE	NA	NA	NA	NA	NA	NA
NC_045512.2	16493	A	G	3974	1785	45	1	1	68	0.000251572	3975	0.500063	FALSE	NA	NA	NA	NA	NA	NA
NC_045512.2	16494	T	G	4008	1624	44	5	5	26	0.00124564	4014	1	FALSE	NA	NA	NA	NA	NA	NA
NC_045512.2	16494	T	C	4008	1624	44	1	1	34	0.000249128	4014	0.968711	FALSE	NA	NA	NA	NA	NA	NA
NC_045512.2	16495	G	T	4213	1804	46	1	1	20	0.000237304	4214	1	FALSE	NA	NA	NA	NA	NA	NA
NC_045512.2	16496	G	A	4197	1795	45	1	0	38	0.000238209	4198	0.968806	FALSE	NA	NA	NA	NA	NA	NA
NC_045512.2	16497	A	G	4297	1867	46	1	1	34	0.000232666	4298	0.968805	FALSE	NA	NA	NA	NA	NA	NA
NC_045512.2	16498	C	A	4195	1796	45	1	0	27	0.000238322	4196	1	FALSE	NA	NA	NA	NA	NA	NA
NC_045512.2	16499	A	G	4234	1850	46	1	1	68	0.000236128	4235	0.500059	FALSE	NA	NA	NA	NA	NA	NA
NC_045512.2	16500	A	T	4240	1839	45	1	1	20	0.000235682	4243	1	FALSE	NA	NA	NA	NA	NA	NA
NC_045512.2	16500	A	G	4240	1839	45	2	2	34	0.000471365	4243	0.890708	FALSE	NA	NA	NA	NA	NA	NA
NC_045512.2	16501	G	T	4342	1789	44	1	1	26	0.000230256	4343	1	FALSE	NA	NA	NA	NA	NA	NA
NC_045512.2	16503	T	A	4387	1933	45	1	0	34	0.000227894	4388	0.968803	FALSE	NA	NA	NA	NA	NA	NA
NC_045512.2	16504	T	G	4458	1935	46	2	1	25	0.000448229	4462	1	FALSE	NA	NA	NA	NA	NA	NA
NC_045512.2	16504	T	C	4458	1935	46	1	1	34	0.000224115	4462	0.96875	FALSE	NA	NA	NA	NA	NA	NA
NC_045512.2	16504	T	A	4458	1935	46	1	0	26	0.000224115	4462	1	FALSE	NA	NA	NA	NA	NA	NA
NC_045512.2	16506	T	G	4458	1999	46	1	1	68	0.000224266	4459	0.500056	FALSE	NA	NA	NA	NA	NA	NA
NC_045512.2	16508	G	T	4413	1948	45	1	1	34	0.000226552	4414	0.968803	FALSE	NA	NA	NA	NA	NA	NA
NC_045512.2	16509	T	G	4152	1669	43	2	1	22	0.000481464	4154	1	FALSE	NA	NA	NA	NA	NA	NA
NC_045512.2	16510	T	C	4486	2065	46	1	0	27	0.000222866	4487	1	FALSE	NA	NA	NA	NA	NA	NA
NC_045512.2	16513	T	G	4548	2055	46	1	1	27	0.000219829	4549	1	FALSE	NA	NA	NA	NA	NA	NA
NC_045512.2	16514	A	G	4531	2052	46	1	0	27	0.000220653	4532	1	FALSE	NA	NA	NA	NA	NA	NA
NC_045512.2	16516	A	G	4582	2127	47	2	1	34	0.0004363	4584	0.890753	FALSE	NA	NA	NA	NA	NA	NA
NC_045512.2	16523	C	G	4633	2198	45	1	1	26	0.00021575	4635	1	FALSE	NA	NA	NA	NA	NA	NA
NC_045512.2	16523	C	A	4633	2198	45	1	0	26	0.00021575	4635	1	FALSE	NA	NA	NA	NA	NA	NA
NC_045512.2	16524	A	G	4653	2172	45	1	1	34	0.000214823	4655	0.968784	FALSE	NA	NA	NA	NA	NA	NA
NC_045512.2	16524	A	C	4653	2172	45	1	1	26	0.000214823	4655	1	FALSE	NA	NA	NA	NA	NA	NA
NC_045512.2	16525	T	G	4690	2267	46	2	2	30	0.000426257	4692	0.89075	FALSE	NA	NA	NA	NA	NA	NA
NC_045512.2	16526	G	T	4699	2288	46	2	2	34	0.00042517	4704	0.8906	FALSE	NA	NA	NA	NA	NA	NA
NC_045512.2	16526	G	C	4699	2288	46	3	0	26	0.000637755	4704	1	FALSE	NA	NA	NA	NA	NA	NA
NC_045512.2	16527	T	G	4675	2227	46	3	1	25	0.000641163	4679	1	FALSE	NA	NA	NA	NA	NA	NA
NC_045512.2	16527	T	A	4675	2227	46	1	0	34	0.000213721	4679	0.96875	FALSE	NA	NA	NA	NA	NA	NA
NC_045512.2	16528	G	T	4679	2209	46	1	1	27	0.000213675	4680	1	FALSE	NA	NA	NA	NA	NA	NA
NC_045512.2	16530	T	G	4673	2236	46	1	1	26	0.00021395	4674	1	FALSE	NA	NA	NA	NA	NA	NA
NC_045512.2	16532	G	C	4583	2191	46	2	2	27	0.000436205	4585	1	FALSE	NA	NA	NA	NA	NA	NA
NC_045512.2	16534	A	C	4592	2228	46	2	0	26	0.00043535	4594	1	FALSE	NA	NA	NA	NA	NA	NA
NC_045512.2	16535	G	C	4739	2222	46	1	0	34	0.00021097	4740	0.968799	FALSE	NA	NA	NA	NA	NA	NA
NC_045512.2	16536	C	T	4739	2332	47	1	1	34	0.00021097	4740	0.968799	FALSE	NA	NA	NA	NA	NA	NA
NC_045512.2	16537	G	T	4783	2313	47	1	1	26	0.00020903	4784	1	FALSE	NA	NA	NA	NA	NA	NA
NC_045512.2	16540	A	G	4727	2387	47	1	0	27	0.000211506	4728	1	FALSE	NA	NA	NA	NA	NA	NA
NC_045512.2	16545	T	C	4753	2409	48	2	1	30	0.000420433	4757	0.89065	FALSE	NA	NA	NA	NA	NA	NA
NC_045512.2	16545	T	A	4753	2409	48	2	2	30	0.000420433	4757	0.89065	FALSE	NA	NA	NA	NA	NA	NA
NC_045512.2	16546	A	T	4758	2460	48	1	1	34	0.000210128	4759	0.968799	FALSE	NA	NA	NA	NA	NA	NA
NC_045512.2	16547	C	G	4742	2501	47	1	0	34	0.000210837	4743	0.968799	FALSE	NA	NA	NA	NA	NA	NA
NC_045512.2	16548	T	A	4773	2490	48	1	1	34	0.000209468	4774	0.968799	FALSE	NA	NA	NA	NA	NA	NA
NC_045512.2	16551	C	A	4941	2485	48	1	0	26	0.000202347	4942	1	FALSE	NA	NA	NA	NA	NA	NA
NC_045512.2	16552	T	G	4901	2442	49	1	0	27	0.000203998	4902	1	FALSE	NA	NA	NA	NA	NA	NA
NC_045512.2	16554	T	A	4822	2380	47	1	0	26	0.00020734	4823	1	FALSE	NA	NA	NA	NA	NA	NA
NC_045512.2	16556	A	G	4847	2450	49	1	1	24	0.000206271	4848	1	FALSE	NA	NA	NA	NA	NA	NA
NC_045512.2	16558	G	T	4777	2434	48	1	1	26	0.000209293	4778	1	FALSE	NA	NA	NA	NA	NA	NA
NC_045512.2	16559	C	A	4798	2506	48	1	0	27	0.000208377	4799	1	FALSE	NA	NA	NA	NA	NA	NA
NC_045512.2	16559	C	+A	4798	2506	48	1	0	20	0.000208377	4799	1	FALSE	NA	NA	NA	NA	NA	NA
NC_045512.2	16560	A	C	4537	2295	50	1	0	27	0.000220361	4538	1	FALSE	NA	NA	NA	NA	NA	NA
NC_045512.2	16561	A	C	4571	2309	50	1	0	26	0.000218723	4572	1	FALSE	NA	NA	NA	NA	NA	NA
NC_045512.2	16562	T	C	4560	2294	50	1	0	27	0.00021925	4561	1	FALSE	NA	NA	NA	NA	NA	NA
NC_045512.2	16563	T	C	4608	2359	50	1	1	68	0.000216967	4609	0.500054	FALSE	NA	NA	NA	NA	NA	NA
NC_045512.2	16564	G	A	4587	2338	49	1	0	68	0.00021796	4588	0.500054	FALSE	NA	NA	NA	NA	NA	NA
NC_045512.2	16565	C	T	4525	2390	49	1	0	68	0.000220799	4529	0.49989	FALSE	NA	NA	NA	NA	NA	NA
NC_045512.2	16565	C	A	4525	2390	49	3	0	28	0.000662398	4529	1	FALSE	NA	NA	NA	NA	NA	NA
NC_045512.2	16567	A	C	4780	2449	50	2	0	23	0.000418235	4782	1	FALSE	NA	NA	NA	NA	NA	NA
NC_045512.2	16569	A	T	4777	2428	50	1	1	34	0.000209249	4779	0.968783	FALSE	NA	NA	NA	NA	NA	NA
NC_045512.2	16569	A	G	4777	2428	50	1	0	68	0.000209249	4779	0.5	FALSE	NA	NA	NA	NA	NA	NA
NC_045512.2	16571	G	T	4715	2453	50	1	1	34	0.000212044	4716	0.9688	FALSE	NA	NA	NA	NA	NA	NA
NC_045512.2	16573	G	T	4723	2455	50	1	1	26	0.000211685	4724	1	FALSE	NA	NA	NA	NA	NA	NA
NC_045512.2	16574	A	T	4694	2438	50	1	1	34	0.000212993	4695	0.9688	FALSE	NA	NA	NA	NA	NA	NA
NC_045512.2	16575	C	G	4674	2476	50	1	1	34	0.000213904	4675	0.9688	FALSE	NA	NA	NA	NA	NA	NA
NC_045512.2	16576	T	G	4485	2297	50	1	1	26	0.000222916	4486	1	FALSE	NA	NA	NA	NA	NA	NA
NC_045512.2	16577	G	A	4602	2316	50	1	1	34	0.00021725	4603	0.968801	FALSE	NA	NA	NA	NA	NA	NA
NC_045512.2	16578	G	T	4711	2379	50	1	1	34	0.000212134	4714	0.968767	FALSE	NA	NA	NA	NA	NA	NA
NC_045512.2	16578	G	C	4711	2379	50	1	0	26	0.000212134	4714	1	FALSE	NA	NA	NA	NA	NA	NA
NC_045512.2	16578	G	A	4711	2379	50	1	0	68	0.000212134	4714	0.499947	FALSE	NA	NA	NA	NA	NA	NA
NC_045512.2	16579	A	G	4779	2474	51	1	0	68	0.000209205	4780	0.500052	FALSE	NA	NA	NA	NA	NA	NA
NC_045512.2	16580	C	T	4748	2465	51	1	1	68	0.000210571	4749	0.500053	FALSE	NA	NA	NA	NA	NA	NA
NC_045512.2	16582	A	C	4639	2385	51	1	0	24	0.000215517	4640	1	FALSE	NA	NA	NA	NA	NA	NA
NC_045512.2	16583	A	T	4620	2387	50	1	0	34	0.000216403	4621	0.968801	FALSE	NA	NA	NA	NA	NA	NA
NC_045512.2	16584	T	G	4736	2406	51	1	1	20	0.000211104	4737	1	FALSE	NA	NA	NA	NA	NA	NA
NC_045512.2	16586	C	G	4571	2431	50	2	1	23	0.00043735	4573	1	FALSE	NA	NA	NA	NA	NA	NA
NC_045512.2	16589	G	C	4257	2214	51	234	114	51	0.0521042	4491	1.64812e-72	TRUE	NA	NA	NA	NA	NA	NA
NC_045512.2	16591	G	T	4559	2335	51	1	1	26	0.00021925	4561	1	FALSE	NA	NA	NA	NA	NA	NA
NC_045512.2	16591	G	A	4559	2335	51	1	0	34	0.00021925	4561	0.968784	FALSE	NA	NA	NA	NA	NA	NA
NC_045512.2	16593	T	G	4474	2281	50	1	1	27	0.000223414	4476	1	FALSE	NA	NA	NA	NA	NA	NA
NC_045512.2	16593	T	C	4474	2281	50	1	1	34	0.000223414	4476	0.968785	FALSE	NA	NA	NA	NA	NA	NA
NC_045512.2	16594	T	G	4442	2303	50	2	2	27	0.000449944	4445	1	FALSE	NA	NA	NA	NA	NA	NA
NC_045512.2	16594	T	C	4442	2303	50	1	1	24	0.000224972	4445	1	FALSE	NA	NA	NA	NA	NA	NA
NC_045512.2	16595	A	T	4460	2353	50	1	0	27	0.000224165	4461	1	FALSE	NA	NA	NA	NA	NA	NA
NC_045512.2	16597	A	T	4523	2341	50	1	1	26	0.000221043	4524	1	FALSE	NA	NA	NA	NA	NA	NA
NC_045512.2	16598	T	C	4471	2297	49	1	0	34	0.000223614	4472	0.968802	FALSE	NA	NA	NA	NA	NA	NA
NC_045512.2	16599	T	G	4432	2261	50	1	1	34	0.00022553	4434	0.968785	FALSE	NA	NA	NA	NA	NA	NA
NC_045512.2	16599	T	A	4432	2261	50	1	0	27	0.00022553	4434	1	FALSE	NA	NA	NA	NA	NA	NA
NC_045512.2	16601	T	G	4454	2319	50	1	1	27	0.000224467	4455	1	FALSE	NA	NA	NA	NA	NA	NA
NC_045512.2	16603	G	T	4554	2295	50	1	1	27	0.000219539	4555	1	FALSE	NA	NA	NA	NA	NA	NA
NC_045512.2	16604	C	A	4554	2365	50	1	0	20	0.000219539	4555	1	FALSE	NA	NA	NA	NA	NA	NA
NC_045512.2	16605	T	A	4526	2290	50	2	2	29	0.000441696	4528	1	FALSE	NA	NA	NA	NA	NA	NA
NC_045512.2	16605	T	-A	4526	2290	50	1	0	20	0.000220848	4528	1	FALSE	NA	NA	NA	NA	NA	NA
NC_045512.2	16606	A	T	4542	2317	51	1	1	60	0.00022007	4544	0.499945	FALSE	NA	NA	NA	NA	NA	NA
NC_045512.2	16606	A	G	4542	2317	51	1	1	68	0.00022007	4544	0.499945	FALSE	NA	NA	NA	NA	NA	NA
NC_045512.2	16608	C	T	4862	2527	50	1	0	46	0.000205634	4863	0.500051	FALSE	NA	NA	NA	NA	NA	NA
NC_045512.2	16609	A	T	4884	2532	51	1	0	27	0.000204666	4886	1	FALSE	NA	NA	NA	NA	NA	NA
NC_045512.2	16609	A	G	4884	2532	51	1	0	38	0.000204666	4886	0.968782	FALSE	NA	NA	NA	NA	NA	NA
NC_045512.2	16610	C	G	4922	2509	50	1	0	27	0.000203046	4925	1	FALSE	NA	NA	NA	NA	NA	NA
NC_045512.2	16610	C	A	4922	2509	50	2	2	30	0.000406091	4925	0.890696	FALSE	NA	NA	NA	NA	NA	NA
NC_045512.2	16611	C	T	4872	2521	50	1	1	68	0.000205128	4875	0.499949	FALSE	NA	NA	NA	NA	NA	NA
NC_045512.2	16611	C	A	4872	2521	50	2	2	51	0.000410256	4875	0.249974	FALSE	NA	NA	NA	NA	NA	NA
NC_045512.2	16612	T	A	4810	2484	51	1	0	26	0.000207857	4811	1	FALSE	NA	NA	NA	NA	NA	NA
NC_045512.2	16613	G	T	4919	2456	50	1	1	34	0.000203211	4921	0.968782	FALSE	NA	NA	NA	NA	NA	NA
NC_045512.2	16613	G	C	4919	2456	50	1	0	20	0.000203211	4921	1	FALSE	NA	NA	NA	NA	NA	NA
NC_045512.2	16614	T	G	4966	2502	51	2	2	30	0.000402495	4969	0.890696	FALSE	NA	NA	NA	NA	NA	NA
NC_045512.2	16614	T	A	4966	2502	51	1	0	27	0.000201248	4969	1	FALSE	NA	NA	NA	NA	NA	NA
NC_045512.2	16616	C	T	4964	2558	50	1	0	68	0.00020141	4965	0.50005	FALSE	NA	NA	NA	NA	NA	NA
NC_045512.2	16618	G	A	4656	2314	51	1	1	34	0.000214731	4657	0.9688	FALSE	NA	NA	NA	NA	NA	NA
NC_045512.2	16620	A	T	4566	2245	51	2	1	27	0.000437828	4568	1	FALSE	NA	NA	NA	NA	NA	NA
NC_045512.2	16624	C	G	4537	2251	51	1	1	34	0.000220313	4539	0.968784	FALSE	NA	NA	NA	NA	NA	NA
NC_045512.2	16624	C	A	4537	2251	51	1	1	20	0.000220313	4539	1	FALSE	NA	NA	NA	NA	NA	NA
NC_045512.2	16625	T	G	4530	2228	51	1	1	26	0.000220604	4533	1	FALSE	NA	NA	NA	NA	NA	NA
NC_045512.2	16625	T	C	4530	2228	51	2	0	51	0.000441209	4533	0.249972	FALSE	NA	NA	NA	NA	NA	NA
NC_045512.2	16626	C	A	4492	2200	51	1	0	26	0.000222568	4493	1	FALSE	NA	NA	NA	NA	NA	NA
NC_045512.2	16627	A	G	4473	2185	50	1	0	46	0.000223464	4475	0.5	FALSE	NA	NA	NA	NA	NA	NA
NC_045512.2	16627	A	C	4473	2185	50	1	1	27	0.000223464	4475	1	FALSE	NA	NA	NA	NA	NA	NA
NC_045512.2	16628	A	G	4460	2201	51	1	1	34	0.000224165	4461	0.968803	FALSE	NA	NA	NA	NA	NA	NA
NC_045512.2	16629	G	C	4478	2214	50	1	0	26	0.000223264	4479	1	FALSE	NA	NA	NA	NA	NA	NA
NC_045512.2	16630	C	G	4487	2231	50	2	1	23	0.000445534	4489	1	FALSE	NA	NA	NA	NA	NA	NA
NC_045512.2	16630	C	-T	4487	2231	50	1	0	20	0.000222767	4489	1	FALSE	NA	NA	NA	NA	NA	NA
NC_045512.2	16635	T	A	4462	2220	52	1	0	46	0.000224065	4463	0.500056	FALSE	NA	NA	NA	NA	NA	NA
NC_045512.2	16637	C	A	4406	2263	50	1	0	26	0.000226912	4407	1	FALSE	NA	NA	NA	NA	NA	NA
NC_045512.2	16638	A	G	4430	2266	51	1	0	68	0.000225632	4432	0.5	FALSE	NA	NA	NA	NA	NA	NA
NC_045512.2	16638	A	C	4430	2266	51	1	0	26	0.000225632	4432	1	FALSE	NA	NA	NA	NA	NA	NA
NC_045512.2	16639	G	C	4431	2226	50	2	0	30	0.00045106	4434	0.890704	FALSE	NA	NA	NA	NA	NA	NA
NC_045512.2	16639	G	A	4431	2226	50	1	0	34	0.00022553	4434	0.968768	FALSE	NA	NA	NA	NA	NA	NA
NC_045512.2	16640	C	A	4428	2299	51	1	0	68	0.000225785	4429	0.500056	FALSE	NA	NA	NA	NA	NA	NA
NC_045512.2	16641	A	T	4436	2323	51	1	0	34	0.000225378	4437	0.968803	FALSE	NA	NA	NA	NA	NA	NA
NC_045512.2	16642	G	C	4457	2288	51	1	0	34	0.000224316	4458	0.968803	FALSE	NA	NA	NA	NA	NA	NA
NC_045512.2	16643	A	G	4486	2335	51	1	0	68	0.000222866	4487	0.500056	FALSE	NA	NA	NA	NA	NA	NA
NC_045512.2	16644	A	G	4450	2327	51	3	3	38	0.000673703	4453	0.773622	FALSE	NA	NA	NA	NA	NA	NA
NC_045512.2	16645	A	G	4393	2359	49	1	0	34	0.000227583	4394	0.968803	FALSE	NA	NA	NA	NA	NA	NA
NC_045512.2	16646	C	T	4491	2378	51	1	0	68	0.000222568	4493	0.5	FALSE	NA	NA	NA	NA	NA	NA
NC_045512.2	16646	C	G	4491	2378	51	1	1	26	0.000222568	4493	1	FALSE	NA	NA	NA	NA	NA	NA
NC_045512.2	16647	G	T	4541	2375	50	1	1	26	0.000219974	4546	1	FALSE	NA	NA	NA	NA	NA	NA
NC_045512.2	16647	G	C	4541	2375	50	2	1	30	0.000439947	4546	0.890599	FALSE	NA	NA	NA	NA	NA	NA
NC_045512.2	16647	G	A	4541	2375	50	2	0	51	0.000439947	4546	0.249862	FALSE	NA	NA	NA	NA	NA	NA
NC_045512.2	16649	T	G	4584	2394	51	1	1	26	0.000218055	4586	1	FALSE	NA	NA	NA	NA	NA	NA
NC_045512.2	16649	T	C	4584	2394	51	1	0	68	0.000218055	4586	0.5	FALSE	NA	NA	NA	NA	NA	NA
NC_045512.2	16650	C	+AA	4574	2414	50	1	0	20	0.000218627	4574	1	FALSE	NA	NA	NA	NA	NA	NA
NC_045512.2	16653	A	C	4541	2517	48	6	1	33	0.00131955	4547	0.377021	FALSE	NA	NA	NA	NA	NA	NA
NC_045512.2	16654	G	T	4652	2451	50	1	1	27	0.000214915	4653	1	FALSE	NA	NA	NA	NA	NA	NA
NC_045512.2	16655	C	G	4700	2475	50	1	0	27	0.000212721	4701	1	FALSE	NA	NA	NA	NA	NA	NA
NC_045512.2	16657	A	T	4649	2433	49	2	1	34	0.00042983	4653	0.89065	FALSE	NA	NA	NA	NA	NA	NA
NC_045512.2	16657	A	G	4649	2433	49	1	0	68	0.000214915	4653	0.499892	FALSE	NA	NA	NA	NA	NA	NA
NC_045512.2	16657	A	C	4649	2433	49	1	0	26	0.000214915	4653	1	FALSE	NA	NA	NA	NA	NA	NA
NC_045512.2	16659	T	A	4693	2462	50	1	0	27	0.000213038	4694	1	FALSE	NA	NA	NA	NA	NA	NA
NC_045512.2	16661	A	G	4623	2378	51	2	0	30	0.000432432	4625	0.890752	FALSE	NA	NA	NA	NA	NA	NA
NC_045512.2	16662	G	C	4599	2330	50	1	0	27	0.000217391	4600	1	FALSE	NA	NA	NA	NA	NA	NA
NC_045512.2	16663	G	C	4590	2387	50	1	0	27	0.00021777	4592	1	FALSE	NA	NA	NA	NA	NA	NA
NC_045512.2	16663	G	A	4590	2387	50	1	0	27	0.00021777	4592	1	FALSE	NA	NA	NA	NA	NA	NA
NC_045512.2	16666	A	T	4336	2280	48	1	1	34	0.000230574	4337	0.968804	FALSE	NA	NA	NA	NA	NA	NA
NC_045512.2	16667	C	G	4765	2324	50	1	1	27	0.00020982	4766	1	FALSE	NA	NA	NA	NA	NA	NA
NC_045512.2	16668	A	T	4749	2355	50	1	1	26	0.000210526	4750	1	FALSE	NA	NA	NA	NA	NA	NA
NC_045512.2	16669	T	G	4497	2169	46	2	1	30	0.000444543	4499	0.890755	FALSE	NA	NA	NA	NA	NA	NA
NC_045512.2	16673	A	G	4612	2414	48	1	1	27	0.000216732	4614	1	FALSE	NA	NA	NA	NA	NA	NA
NC_045512.2	16673	A	C	4612	2414	48	1	1	24	0.000216732	4614	1	FALSE	NA	NA	NA	NA	NA	NA
NC_045512.2	16674	A	T	4229	2409	45	1	1	20	0.000236128	4235	1	FALSE	NA	NA	NA	NA	NA	NA
NC_045512.2	16674	A	C	4229	2409	45	5	0	30	0.00118064	4235	0.5	FALSE	NA	NA	NA	NA	NA	NA
NC_045512.2	16675	C	G	4713	2489	50	1	1	34	0.000212089	4715	0.968783	FALSE	NA	NA	NA	NA	NA	NA
NC_045512.2	16675	C	A	4713	2489	50	1	1	34	0.000212089	4715	0.968783	FALSE	NA	NA	NA	NA	NA	NA
NC_045512.2	16677	G	C	4883	2325	50	1	1	26	0.000204708	4885	1	FALSE	NA	NA	NA	NA	NA	NA
NC_045512.2	16677	G	A	4883	2325	50	1	0	24	0.000204708	4885	1	FALSE	NA	NA	NA	NA	NA	NA
NC_045512.2	16678	T	A	4834	2262	48	1	1	26	0.000206825	4835	1	FALSE	NA	NA	NA	NA	NA	NA
NC_045512.2	16679	C	-T	4894	2313	49	1	0	20	0.000204332	4894	1	FALSE	NA	NA	NA	NA	NA	NA
NC_045512.2	16680	T	A	4954	2379	50	1	1	27	0.000201816	4955	1	FALSE	NA	NA	NA	NA	NA	NA
NC_045512.2	16682	A	G	4939	2374	50	1	1	68	0.000202429	4940	0.500051	FALSE	NA	NA	NA	NA	NA	NA
NC_045512.2	16684	G	T	4949	2450	50	1	1	26	0.000201979	4951	1	FALSE	NA	NA	NA	NA	NA	NA
NC_045512.2	16684	G	C	4949	2450	50	1	1	26	0.000201979	4951	1	FALSE	NA	NA	NA	NA	NA	NA
NC_045512.2	16685	G	T	5080	2493	50	1	1	26	0.000196812	5081	1	FALSE	NA	NA	NA	NA	NA	NA
NC_045512.2	16686	T	C	4577	2094	50	1	1	27	0.000218388	4579	1	FALSE	NA	NA	NA	NA	NA	NA
NC_045512.2	16686	T	A	4577	2094	50	1	1	26	0.000218388	4579	1	FALSE	NA	NA	NA	NA	NA	NA
NC_045512.2	16688	T	C	4744	2197	51	1	1	27	0.000210748	4745	1	FALSE	NA	NA	NA	NA	NA	NA
NC_045512.2	16689	T	C	4723	2207	51	2	2	68	0.00042328	4725	0.250026	FALSE	NA	NA	NA	NA	NA	NA
NC_045512.2	16690	G	T	4703	2196	51	2	2	30	0.00042508	4705	0.89075	FALSE	NA	NA	NA	NA	NA	NA
NC_045512.2	16692	T	C	4752	2246	51	1	1	68	0.000210393	4753	0.500053	FALSE	NA	NA	NA	NA	NA	NA
NC_045512.2	16696	G	C	4616	2142	50	1	1	26	0.000216544	4618	1	FALSE	NA	NA	NA	NA	NA	NA
NC_045512.2	16696	G	A	4616	2142	50	1	0	34	0.000216544	4618	0.968784	FALSE	NA	NA	NA	NA	NA	NA
NC_045512.2	16697	T	G	4506	2032	50	1	1	27	0.000221828	4508	1	FALSE	NA	NA	NA	NA	NA	NA
NC_045512.2	16697	T	C	4506	2032	50	1	1	34	0.000221828	4508	0.968785	FALSE	NA	NA	NA	NA	NA	NA
NC_045512.2	16699	C	T	4555	2091	50	1	0	34	0.000219491	4556	0.968801	FALSE	NA	NA	NA	NA	NA	NA
NC_045512.2	16700	G	C	4616	2086	51	1	0	34	0.000216591	4617	0.968801	FALSE	NA	NA	NA	NA	NA	NA
NC_045512.2	16701	T	C	4580	2025	50	1	1	60	0.000218245	4582	0.5	FALSE	NA	NA	NA	NA	NA	NA
NC_045512.2	16701	T	A	4580	2025	50	1	0	34	0.000218245	4582	0.968784	FALSE	NA	NA	NA	NA	NA	NA
NC_045512.2	16702	G	T	4579	2099	50	3	3	26	0.000654736	4582	1	FALSE	NA	NA	NA	NA	NA	NA
NC_045512.2	16704	A	G	4477	2144	49	1	1	34	0.000223264	4479	0.968785	FALSE	NA	NA	NA	NA	NA	NA
NC_045512.2	16704	A	C	4477	2144	49	1	0	26	0.000223264	4479	1	FALSE	NA	NA	NA	NA	NA	NA
NC_045512.2	16707	G	T	4573	2141	51	1	1	26	0.000218627	4574	1	FALSE	NA	NA	NA	NA	NA	NA
NC_045512.2	16708	C	A	4547	2195	50	1	0	27	0.000219877	4548	1	FALSE	NA	NA	NA	NA	NA	NA
NC_045512.2	16709	T	A	4540	2131	51	1	0	27	0.000220216	4541	1	FALSE	NA	NA	NA	NA	NA	NA
NC_045512.2	16710	G	A	4600	2146	51	1	0	34	0.000217344	4601	0.968801	FALSE	NA	NA	NA	NA	NA	NA
NC_045512.2	16712	C	T	4594	2150	51	1	1	68	0.000217581	4596	0.5	FALSE	NA	NA	NA	NA	NA	NA
NC_045512.2	16712	C	G	4594	2150	51	1	1	27	0.000217581	4596	1	FALSE	NA	NA	NA	NA	NA	NA
NC_045512.2	16713	T	A	4613	2162	51	1	1	34	0.000216732	4614	0.968801	FALSE	NA	NA	NA	NA	NA	NA
NC_045512.2	16714	G	T	4494	2076	51	1	1	26	0.000222469	4495	1	FALSE	NA	NA	NA	NA	NA	NA
NC_045512.2	16715	A	T	4517	2082	51	2	1	40	0.000442576	4519	0.250028	FALSE	NA	NA	NA	NA	NA	NA
NC_045512.2	16718	G	T	4475	2078	51	1	1	34	0.000223414	4476	0.968802	FALSE	NA	NA	NA	NA	NA	NA
NC_045512.2	16720	G	T	4540	2063	50	2	2	27	0.000440335	4542	1	FALSE	NA	NA	NA	NA	NA	NA
NC_045512.2	16721	A	T	4422	2146	49	1	1	27	0.000226091	4423	1	FALSE	NA	NA	NA	NA	NA	NA
NC_045512.2	16723	T	A	4568	2152	51	1	1	27	0.000218866	4569	1	FALSE	NA	NA	NA	NA	NA	NA
NC_045512.2	16725	A	T	4596	2198	51	1	0	34	0.000217533	4597	0.968801	FALSE	NA	NA	NA	NA	NA	NA
NC_045512.2	16728	T	C	4518	2193	50	1	1	38	0.000221288	4519	0.968802	FALSE	NA	NA	NA	NA	NA	NA
NC_045512.2	16729	C	G	4316	2061	50	1	1	27	0.000231642	4317	1	FALSE	NA	NA	NA	NA	NA	NA
NC_045512.2	16731	T	G	4336	2122	51	1	1	27	0.000230574	4337	1	FALSE	NA	NA	NA	NA	NA	NA
NC_045512.2	16733	C	G	4342	2163	51	2	1	30	0.000460405	4344	0.89076	FALSE	NA	NA	NA	NA	NA	NA
NC_045512.2	16734	A	C	4214	2190	49	4	0	28	0.000948317	4218	1	FALSE	NA	NA	NA	NA	NA	NA
NC_045512.2	16735	T	G	4306	2117	50	1	1	26	0.00023218	4307	1	FALSE	NA	NA	NA	NA	NA	NA
NC_045512.2	16738	G	T	4326	2146	51	1	1	27	0.000231107	4327	1	FALSE	NA	NA	NA	NA	NA	NA
NC_045512.2	16739	A	G	4362	2178	52	2	1	34	0.000458295	4364	0.890759	FALSE	NA	NA	NA	NA	NA	NA
NC_045512.2	16741	G	T	4363	2180	51	1	1	26	0.000229095	4365	1	FALSE	NA	NA	NA	NA	NA	NA
NC_045512.2	16741	G	A	4363	2180	51	1	1	34	0.000229095	4365	0.968786	FALSE	NA	NA	NA	NA	NA	NA
NC_045512.2	16744	G	T	4474	2197	51	1	0	26	0.000223464	4475	1	FALSE	NA	NA	NA	NA	NA	NA
NC_045512.2	16745	G	T	4469	2201	51	2	2	30	0.000447327	4471	0.890756	FALSE	NA	NA	NA	NA	NA	NA
NC_045512.2	16747	A	G	4529	2282	51	1	0	68	0.000220751	4530	0.500055	FALSE	NA	NA	NA	NA	NA	NA
NC_045512.2	16748	A	G	4509	2290	51	1	1	27	0.000221729	4510	1	FALSE	NA	NA	NA	NA	NA	NA
NC_045512.2	16749	A	C	4082	2299	47	2	0	34	0.000489716	4084	0.890768	FALSE	NA	NA	NA	NA	NA	NA
NC_045512.2	16751	C	T	4432	2270	51	1	0	68	0.00022553	4434	0.5	FALSE	NA	NA	NA	NA	NA	NA
NC_045512.2	16751	C	A	4432	2270	51	1	0	34	0.00022553	4434	0.968785	FALSE	NA	NA	NA	NA	NA	NA
NC_045512.2	16752	T	G	4443	2259	51	1	0	68	0.000225023	4444	0.500056	FALSE	NA	NA	NA	NA	NA	NA
NC_045512.2	16754	G	T	4207	2070	50	1	1	27	0.000237586	4209	1	FALSE	NA	NA	NA	NA	NA	NA
NC_045512.2	16754	G	A	4207	2070	50	1	1	34	0.000237586	4209	0.968787	FALSE	NA	NA	NA	NA	NA	NA
NC_045512.2	16755	A	T	4312	2209	50	1	1	26	0.000231857	4313	1	FALSE	NA	NA	NA	NA	NA	NA
NC_045512.2	16755	A	-C	4312	2209	50	1	0	20	0.000231857	4313	1	FALSE	NA	NA	NA	NA	NA	NA
NC_045512.2	16757	C	A	4247	2195	50	1	0	34	0.000235405	4248	0.968805	FALSE	NA	NA	NA	NA	NA	NA
NC_045512.2	16758	A	C	3927	1916	51	2	1	23	0.000509035	3929	1	FALSE	NA	NA	NA	NA	NA	NA
NC_045512.2	16759	C	G	3883	1967	50	3	0	29	0.000772002	3886	1	FALSE	NA	NA	NA	NA	NA	NA
NC_045512.2	16761	A	G	3850	1966	50	1	0	27	0.000259673	3851	1	FALSE	NA	NA	NA	NA	NA	NA
NC_045512.2	16764	T	G	3743	1926	49	1	1	26	0.000267094	3744	1	FALSE	NA	NA	NA	NA	NA	NA
NC_045512.2	16765	A	G	3729	1930	50	1	0	46	0.000268025	3731	0.5	FALSE	NA	NA	NA	NA	NA	NA
NC_045512.2	16765	A	C	3729	1930	50	1	0	27	0.000268025	3731	1	FALSE	NA	NA	NA	NA	NA	NA
NC_045512.2	16772	A	G	3633	1842	50	1	1	68	0.000275179	3634	0.500069	FALSE	NA	NA	NA	NA	NA	NA
NC_045512.2	16775	A	T	4263	1984	46	1	0	20	0.000234467	4265	1	FALSE	NA	NA	NA	NA	NA	NA
NC_045512.2	16775	A	G	4263	1984	46	1	1	68	0.000234467	4265	0.5	FALSE	NA	NA	NA	NA	NA	NA
NC_045512.2	16777	G	C	4348	2041	47	3	2	29	0.000689497	4351	1	FALSE	NA	NA	NA	NA	NA	NA
NC_045512.2	16779	C	G	4419	2019	47	1	1	26	0.000226244	4420	1	FALSE	NA	NA	NA	NA	NA	NA
NC_045512.2	16780	T	G	4355	1965	46	1	1	26	0.000229568	4356	1	FALSE	NA	NA	NA	NA	NA	NA
NC_045512.2	16783	A	T	4403	2057	48	2	2	30	0.000453926	4406	0.890705	FALSE	NA	NA	NA	NA	NA	NA
NC_045512.2	16783	A	G	4403	2057	48	1	0	24	0.000226963	4406	1	FALSE	NA	NA	NA	NA	NA	NA
NC_045512.2	16785	T	A	4393	2046	48	1	0	34	0.000227583	4394	0.968803	FALSE	NA	NA	NA	NA	NA	NA
NC_045512.2	16786	G	C	4462	2045	48	1	0	20	0.000224065	4463	1	FALSE	NA	NA	NA	NA	NA	NA
NC_045512.2	16787	G	T	4476	2128	49	1	0	24	0.000223314	4478	1	FALSE	NA	NA	NA	NA	NA	NA
NC_045512.2	16787	G	A	4476	2128	49	1	1	34	0.000223314	4478	0.968785	FALSE	NA	NA	NA	NA	NA	NA
NC_045512.2	16788	T	G	4357	2086	49	1	1	27	0.000229463	4358	1	FALSE	NA	NA	NA	NA	NA	NA
NC_045512.2	16792	C	T	4367	2100	49	1	0	68	0.000228938	4368	0.500057	FALSE	NA	NA	NA	NA	NA	NA
NC_045512.2	16794	T	G	4374	2118	49	1	1	20	0.000228571	4375	1	FALSE	NA	NA	NA	NA	NA	NA
NC_045512.2	16795	G	T	4338	2088	49	1	1	27	0.000230309	4342	1	FALSE	NA	NA	NA	NA	NA	NA
NC_045512.2	16795	G	C	4338	2088	49	2	1	26	0.000460617	4342	1	FALSE	NA	NA	NA	NA	NA	NA
NC_045512.2	16795	G	A	4338	2088	49	1	1	34	0.000230309	4342	0.96875	FALSE	NA	NA	NA	NA	NA	NA
NC_045512.2	16796	T	A	4248	2030	49	1	1	20	0.000235349	4249	1	FALSE	NA	NA	NA	NA	NA	NA
NC_045512.2	16797	A	C	4222	2130	49	2	0	30	0.000473485	4224	0.890764	FALSE	NA	NA	NA	NA	NA	NA
NC_045512.2	16798	A	G	4390	2153	49	1	1	34	0.000227739	4391	0.968803	FALSE	NA	NA	NA	NA	NA	NA
NC_045512.2	16800	T	C	4370	2126	49	2	1	34	0.000457352	4373	0.890705	FALSE	NA	NA	NA	NA	NA	NA
NC_045512.2	16800	T	A	4370	2126	49	1	1	34	0.000228676	4373	0.968768	FALSE	NA	NA	NA	NA	NA	NA
NC_045512.2	16804	A	C	3264	1500	47	3	0	31	0.000918274	3267	0.656465	FALSE	NA	NA	NA	NA	NA	NA
NC_045512.2	16805	A	C	3022	1550	45	3	0	28	0.000991736	3025	1	FALSE	NA	NA	NA	NA	NA	NA
NC_045512.2	16808	G	T	3394	1549	47	1	1	20	0.000294377	3397	1	FALSE	NA	NA	NA	NA	NA	NA
NC_045512.2	16808	G	C	3394	1549	47	2	2	26	0.000588755	3397	1	FALSE	NA	NA	NA	NA	NA	NA
NC_045512.2	16810	A	T	3422	1687	48	2	0	23	0.000584112	3424	1	FALSE	NA	NA	NA	NA	NA	NA
NC_045512.2	16811	A	T	3442	1704	48	1	0	26	0.000290444	3443	1	FALSE	NA	NA	NA	NA	NA	NA
NC_045512.2	16812	A	T	3084	1736	44	1	1	68	0.00032352	3091	0.499595	FALSE	NA	NA	NA	NA	NA	NA
NC_045512.2	16812	A	C	3084	1736	44	6	0	30	0.00194112	3091	0.253747	FALSE	NA	NA	NA	NA	NA	NA
NC_045512.2	16813	G	T	3598	1714	48	1	1	27	0.000277855	3599	1	FALSE	NA	NA	NA	NA	NA	NA
NC_045512.2	16814	T	G	3634	1762	48	1	1	20	0.000275103	3635	1	FALSE	NA	NA	NA	NA	NA	NA
NC_045512.2	16815	A	G	3641	1791	48	1	0	34	0.000274499	3643	0.937551	FALSE	NA	NA	NA	NA	NA	NA
NC_045512.2	16815	A	C	3641	1791	48	1	0	26	0.000274499	3643	1	FALSE	NA	NA	NA	NA	NA	NA
NC_045512.2	16816	C	A	3624	1771	48	1	0	27	0.000275862	3625	1	FALSE	NA	NA	NA	NA	NA	NA
NC_045512.2	16818	A	G	3821	1887	48	1	0	27	0.000261643	3822	1	FALSE	NA	NA	NA	NA	NA	NA
NC_045512.2	16819	A	C	3599	1915	46	6	0	31	0.00166436	3605	0.253906	FALSE	NA	NA	NA	NA	NA	NA
NC_045512.2	16820	T	C	3868	1903	48	1	1	46	0.000258465	3869	0.500065	FALSE	NA	NA	NA	NA	NA	NA
NC_045512.2	16822	G	C	3952	1921	48	1	1	27	0.000252972	3953	1	FALSE	NA	NA	NA	NA	NA	NA
NC_045512.2	16825	G	C	4342	2032	48	2	2	23	0.000460405	4344	1	FALSE	NA	NA	NA	NA	NA	NA
NC_045512.2	16826	A	T	4322	2085	48	1	1	27	0.000231321	4323	1	FALSE	NA	NA	NA	NA	NA	NA
NC_045512.2	16827	G	C	4374	2015	46	5	5	28	0.00114181	4379	1	FALSE	NA	NA	NA	NA	NA	NA
NC_045512.2	16828	T	G	4362	2122	46	1	1	26	0.000229148	4364	1	FALSE	NA	NA	NA	NA	NA	NA
NC_045512.2	16828	T	A	4362	2122	46	1	0	27	0.000229148	4364	1	FALSE	NA	NA	NA	NA	NA	NA
NC_045512.2	16829	A	T	4436	2215	48	1	0	26	0.000225327	4438	1	FALSE	NA	NA	NA	NA	NA	NA
NC_045512.2	16829	A	G	4436	2215	48	1	0	34	0.000225327	4438	0.968785	FALSE	NA	NA	NA	NA	NA	NA
NC_045512.2	16833	C	G	4505	2329	49	1	0	26	0.000221926	4506	1	FALSE	NA	NA	NA	NA	NA	NA
NC_045512.2	16835	T	A	4456	2274	48	1	0	34	0.000224366	4457	0.968803	FALSE	NA	NA	NA	NA	NA	NA
NC_045512.2	16836	T	G	4468	2311	48	2	2	30	0.000447327	4471	0.890704	FALSE	NA	NA	NA	NA	NA	NA
NC_045512.2	16836	T	A	4468	2311	48	1	0	34	0.000223664	4471	0.968767	FALSE	NA	NA	NA	NA	NA	NA
NC_045512.2	16837	G	C	4525	2353	48	1	1	27	0.000220946	4526	1	FALSE	NA	NA	NA	NA	NA	NA
NC_045512.2	16837	G	-A	4525	2353	48	4	0	20	0.000883783	4526	1	FALSE	NA	NA	NA	NA	NA	NA
NC_045512.2	16838	A	C	4513	2427	49	1	0	27	0.000221533	4514	1	FALSE	NA	NA	NA	NA	NA	NA
NC_045512.2	16841	A	G	4433	2334	48	1	0	27	0.00022553	4434	1	FALSE	NA	NA	NA	NA	NA	NA
NC_045512.2	16842	A	C	4385	2341	47	4	0	30	0.000911369	4389	0.636906	FALSE	NA	NA	NA	NA	NA	NA
NC_045512.2	16844	G	T	4509	2399	48	1	1	27	0.000221533	4514	1	FALSE	NA	NA	NA	NA	NA	NA
NC_045512.2	16844	G	C	4509	2399	48	3	1	31	0.000664599	4514	0.773438	FALSE	NA	NA	NA	NA	NA	NA
NC_045512.2	16844	G	A	4509	2399	48	1	1	68	0.000221533	4514	0.499834	FALSE	NA	NA	NA	NA	NA	NA
NC_045512.2	16845	T	C	4591	2497	49	1	0	46	0.00021777	4592	0.500054	FALSE	NA	NA	NA	NA	NA	NA
NC_045512.2	16846	G	T	4664	2512	49	1	1	27	0.000214362	4665	1	FALSE	NA	NA	NA	NA	NA	NA
NC_045512.2	16847	A	T	4714	2576	49	2	2	30	0.000423998	4717	0.8907	FALSE	NA	NA	NA	NA	NA	NA
NC_045512.2	16847	A	G	4714	2576	49	1	1	68	0.000211999	4717	0.499947	FALSE	NA	NA	NA	NA	NA	NA
NC_045512.2	16848	C	G	4795	2611	49	1	0	34	0.000208507	4796	0.968799	FALSE	NA	NA	NA	NA	NA	NA
NC_045512.2	16849	T	A	4858	2670	50	1	0	27	0.000205804	4859	1	FALSE	NA	NA	NA	NA	NA	NA
NC_045512.2	16851	T	C	4899	2692	50	1	1	27	0.000204082	4900	1	FALSE	NA	NA	NA	NA	NA	NA
NC_045512.2	16852	G	T	4820	2639	49	1	1	27	0.000207426	4821	1	FALSE	NA	NA	NA	NA	NA	NA
NC_045512.2	16854	T	A	4846	2655	50	1	1	27	0.000206313	4847	1	FALSE	NA	NA	NA	NA	NA	NA
NC_045512.2	16856	A	T	4887	2663	50	1	1	34	0.000204583	4888	0.968798	FALSE	NA	NA	NA	NA	NA	NA
NC_045512.2	16859	C	T	4719	2593	49	2	1	34	0.000423639	4721	0.890749	FALSE	NA	NA	NA	NA	NA	NA
NC_045512.2	16860	T	C	4681	2533	50	1	1	34	0.000213584	4682	0.9688	FALSE	NA	NA	NA	NA	NA	NA
NC_045512.2	16861	G	T	4792	2542	49	1	1	20	0.000208594	4794	1	FALSE	NA	NA	NA	NA	NA	NA
NC_045512.2	16861	G	C	4792	2542	49	1	0	20	0.000208594	4794	1	FALSE	NA	NA	NA	NA	NA	NA
NC_045512.2	16862	T	A	4811	2582	50	1	1	68	0.000207814	4812	0.500052	FALSE	NA	NA	NA	NA	NA	NA
NC_045512.2	16863	T	C	4861	2621	51	1	1	26	0.000205677	4862	1	FALSE	NA	NA	NA	NA	NA	NA
NC_045512.2	16864	G	T	4845	2588	50	1	1	34	0.000206313	4847	0.968782	FALSE	NA	NA	NA	NA	NA	NA
NC_045512.2	16864	G	A	4845	2588	50	1	1	68	0.000206313	4847	0.5	FALSE	NA	NA	NA	NA	NA	NA
NC_045512.2	16865	T	G	4267	2006	47	3	3	28	0.000702412	4271	1	FALSE	NA	NA	NA	NA	NA	NA
NC_045512.2	16865	T	A	4267	2006	47	1	0	26	0.000234137	4271	1	FALSE	NA	NA	NA	NA	NA	NA
NC_045512.2	16870	C	T	4647	2547	50	1	0	34	0.000215008	4651	0.96875	FALSE	NA	NA	NA	NA	NA	NA
NC_045512.2	16870	C	G	4647	2547	50	1	0	26	0.000215008	4651	1	FALSE	NA	NA	NA	NA	NA	NA
NC_045512.2	16870	C	A	4647	2547	50	2	0	26	0.000430015	4651	1	FALSE	NA	NA	NA	NA	NA	NA
NC_045512.2	16872	A	G	4748	2579	50	1	1	68	0.000210526	4750	0.5	FALSE	NA	NA	NA	NA	NA	NA
NC_045512.2	16872	A	C	4748	2579	50	1	0	27	0.000210526	4750	1	FALSE	NA	NA	NA	NA	NA	NA
NC_045512.2	16874	G	T	4867	2545	50	1	1	26	0.000205423	4868	1	FALSE	NA	NA	NA	NA	NA	NA
NC_045512.2	16876	A	C	4920	2599	51	1	0	26	0.000203211	4921	1	FALSE	NA	NA	NA	NA	NA	NA
NC_045512.2	16878	A	G	4894	2584	51	1	1	68	0.00020429	4895	0.500051	FALSE	NA	NA	NA	NA	NA	NA
NC_045512.2	16879	A	T	4861	2598	50	1	0	27	0.00020555	4865	1	FALSE	NA	NA	NA	NA	NA	NA
NC_045512.2	16879	A	G	4861	2598	50	2	0	30	0.0004111	4865	0.890649	FALSE	NA	NA	NA	NA	NA	NA
NC_045512.2	16879	A	C	4861	2598	50	1	0	20	0.00020555	4865	1	FALSE	NA	NA	NA	NA	NA	NA
NC_045512.2	16881	A	G	4677	2439	51	2	1	34	0.000427442	4679	0.89075	FALSE	NA	NA	NA	NA	NA	NA
NC_045512.2	16882	A	T	4647	2448	50	1	1	27	0.0002151	4649	1	FALSE	NA	NA	NA	NA	NA	NA
NC_045512.2	16882	A	G	4647	2448	50	1	1	34	0.0002151	4649	0.968784	FALSE	NA	NA	NA	NA	NA	NA
NC_045512.2	16883	C	A	4581	2342	52	1	0	26	0.000218245	4582	1	FALSE	NA	NA	NA	NA	NA	NA
NC_045512.2	16885	T	A	4578	2346	52	1	0	34	0.000218388	4579	0.968801	FALSE	NA	NA	NA	NA	NA	NA
NC_045512.2	16886	A	G	4476	2340	51	1	0	34	0.000223065	4483	0.968698	FALSE	NA	NA	NA	NA	NA	NA
NC_045512.2	16886	A	C	4476	2340	51	6	0	28	0.00133839	4483	1	FALSE	NA	NA	NA	NA	NA	NA
NC_045512.2	16887	C	A	4527	2326	52	1	0	26	0.000220848	4528	1	FALSE	NA	NA	NA	NA	NA	NA
NC_045512.2	16888	A	C	4575	2352	52	1	1	27	0.000218531	4576	1	FALSE	NA	NA	NA	NA	NA	NA
NC_045512.2	16889	A	T	4685	2377	51	1	1	34	0.000213402	4686	0.9688	FALSE	NA	NA	NA	NA	NA	NA
NC_045512.2	16890	A	C	4507	2397	48	1	0	20	0.000221828	4508	1	FALSE	NA	NA	NA	NA	NA	NA
NC_045512.2	16891	T	G	4491	2186	49	3	2	29	0.000667557	4494	1	FALSE	NA	NA	NA	NA	NA	NA
NC_045512.2	16892	T	G	4609	2335	51	2	1	26	0.000433745	4611	1	FALSE	NA	NA	NA	NA	NA	NA
NC_045512.2	16894	A	G	4493	2394	49	1	0	27	0.00022237	4497	1	FALSE	NA	NA	NA	NA	NA	NA
NC_045512.2	16894	A	C	4493	2394	49	3	0	24	0.000667111	4497	1	FALSE	NA	NA	NA	NA	NA	NA
NC_045512.2	16900	G	T	4487	2367	51	1	1	20	0.000222816	4488	1	FALSE	NA	NA	NA	NA	NA	NA
NC_045512.2	16903	G	-A	4539	2410	51	1	0	20	0.000220313	4539	1	FALSE	NA	NA	NA	NA	NA	NA
NC_045512.2	16905	T	G	4484	2429	50	1	0	34	0.000222866	4487	0.968767	FALSE	NA	NA	NA	NA	NA	NA
NC_045512.2	16905	T	C	4484	2429	50	2	1	68	0.000445732	4487	0.249972	FALSE	NA	NA	NA	NA	NA	NA
NC_045512.2	16906	T	A	4538	2458	51	1	1	34	0.000220313	4539	0.968802	FALSE	NA	NA	NA	NA	NA	NA
NC_045512.2	16909	T	G	4042	1859	46	6	6	27	0.00148221	4048	1	FALSE	NA	NA	NA	NA	NA	NA
NC_045512.2	16911	T	G	4547	2457	51	1	0	27	0.000219829	4549	1	FALSE	NA	NA	NA	NA	NA	NA
NC_045512.2	16911	T	C	4547	2457	51	1	0	34	0.000219829	4549	0.968784	FALSE	NA	NA	NA	NA	NA	NA
NC_045512.2	16913	T	C	4588	2435	51	2	2	46	0.00043573	4590	0.250027	FALSE	NA	NA	NA	NA	NA	NA
NC_045512.2	16915	C	G	4567	2499	50	1	0	38	0.000218818	4570	0.968767	FALSE	NA	NA	NA	NA	NA	NA
NC_045512.2	16915	C	A	4567	2499	50	2	0	30	0.000437637	4570	0.890702	FALSE	NA	NA	NA	NA	NA	NA
NC_045512.2	16917	G	T	4568	2427	51	2	0	34	0.000437637	4570	0.890753	FALSE	NA	NA	NA	NA	NA	NA
NC_045512.2	16919	C	G	4641	2449	51	3	0	29	0.000645995	4644	1	FALSE	NA	NA	NA	NA	NA	NA
NC_045512.2	16920	A	T	4634	2481	50	1	0	26	0.00021575	4635	1	FALSE	NA	NA	NA	NA	NA	NA
NC_045512.2	16922	C	G	4718	2516	51	1	0	26	0.000211864	4720	1	FALSE	NA	NA	NA	NA	NA	NA
NC_045512.2	16922	C	A	4718	2516	51	1	0	26	0.000211864	4720	1	FALSE	NA	NA	NA	NA	NA	NA
NC_045512.2	16923	A	T	4890	2537	50	1	0	34	0.000204457	4891	0.968798	FALSE	NA	NA	NA	NA	NA	NA
NC_045512.2	16924	C	T	4937	2573	51	1	1	34	0.000202511	4938	0.968797	FALSE	NA	NA	NA	NA	NA	NA
NC_045512.2	16925	A	G	4948	2563	51	2	2	39	0.00040404	4950	0.890743	FALSE	NA	NA	NA	NA	NA	NA
NC_045512.2	16926	T	A	4943	2582	51	1	0	26	0.000202265	4944	1	FALSE	NA	NA	NA	NA	NA	NA
NC_045512.2	16929	A	G	5411	2608	50	1	0	34	0.000184775	5412	0.984405	FALSE	NA	NA	NA	NA	NA	NA
NC_045512.2	16931	T	A	5340	2552	48	1	0	26	0.000187231	5341	1	FALSE	NA	NA	NA	NA	NA	NA
NC_045512.2	16933	A	T	5303	2605	50	2	1	51	0.000377003	5305	0.250024	FALSE	NA	NA	NA	NA	NA	NA
NC_045512.2	16935	G	T	320	80	48	2	2	23	0.000383068	5221	0.830466	FALSE	NA	NA	NA	NA	NA	NA
NC_045512.2	16935	G	A	320	80	48	4899	2563	49	0.938326	5221	0	TRUE	NA	NA	NA	NA	NA	NA
NC_045512.2	16936	C	G	5412	2705	49	1	0	27	0.000184706	5414	1	FALSE	NA	NA	NA	NA	NA	NA
NC_045512.2	16936	C	A	5412	2705	49	1	0	34	0.000184706	5414	0.984397	FALSE	NA	NA	NA	NA	NA	NA
NC_045512.2	16937	C	T	4991	2359	49	1	0	68	0.00020028	4993	0.5	FALSE	NA	NA	NA	NA	NA	NA
NC_045512.2	16937	C	G	4991	2359	49	1	0	27	0.00020028	4993	1	FALSE	NA	NA	NA	NA	NA	NA
NC_045512.2	16939	T	A	4916	2305	49	1	0	27	0.000203376	4917	1	FALSE	NA	NA	NA	NA	NA	NA
NC_045512.2	16940	T	A	4971	2334	50	1	0	20	0.000201126	4972	1	FALSE	NA	NA	NA	NA	NA	NA
NC_045512.2	16941	A	T	4940	2338	50	2	1	40	0.000404694	4942	0.250025	FALSE	NA	NA	NA	NA	NA	NA
NC_045512.2	16942	A	C	4732	2367	47	5	0	29	0.00105552	4737	1	FALSE	NA	NA	NA	NA	NA	NA
NC_045512.2	16944	T	G	4909	2337	50	2	2	26	0.000407249	4911	1	FALSE	NA	NA	NA	NA	NA	NA
NC_045512.2	16946	C	A	5175	2406	51	1	0	26	0.000193199	5176	1	FALSE	NA	NA	NA	NA	NA	NA
NC_045512.2	16947	A	T	5320	2444	51	1	1	27	0.000187864	5323	1	FALSE	NA	NA	NA	NA	NA	NA
NC_045512.2	16947	A	G	5320	2444	51	1	1	26	0.000187864	5323	1	FALSE	NA	NA	NA	NA	NA	NA
NC_045512.2	16947	A	C	5320	2444	51	1	0	27	0.000187864	5323	1	FALSE	NA	NA	NA	NA	NA	NA
NC_045512.2	16949	C	G	5512	2600	51	1	1	34	0.000181324	5515	0.984388	FALSE	NA	NA	NA	NA	NA	NA
NC_045512.2	16949	C	A	5512	2600	51	2	0	30	0.000362647	5515	0.93756	FALSE	NA	NA	NA	NA	NA	NA
NC_045512.2	16950	T	G	5442	2482	50	5	5	26	0.000917768	5448	1	FALSE	NA	NA	NA	NA	NA	NA
NC_045512.2	16950	T	A	5442	2482	50	1	0	26	0.000183554	5448	1	FALSE	NA	NA	NA	NA	NA	NA
NC_045512.2	16952	C	T	5592	2598	51	1	1	34	0.000178763	5594	0.984396	FALSE	NA	NA	NA	NA	NA	NA
NC_045512.2	16952	C	G	5592	2598	51	1	0	34	0.000178763	5594	0.984396	FALSE	NA	NA	NA	NA	NA	NA
NC_045512.2	16956	A	G	5277	2319	52	1	0	34	0.000189466	5278	0.984406	FALSE	NA	NA	NA	NA	NA	NA
NC_045512.2	16957	G	A	5233	2315	51	1	1	26	0.000191058	5234	1	FALSE	NA	NA	NA	NA	NA	NA
NC_045512.2	16958	T	G	5245	2314	51	1	1	27	0.000190585	5247	1	FALSE	NA	NA	NA	NA	NA	NA
NC_045512.2	16958	T	C	5245	2314	51	1	0	24	0.000190585	5247	1	FALSE	NA	NA	NA	NA	NA	NA
NC_045512.2	16959	G	C	5256	2320	51	1	0	34	0.000190223	5257	0.984406	FALSE	NA	NA	NA	NA	NA	NA
NC_045512.2	16960	C	A	5251	2351	51	1	0	26	0.000190404	5252	1	FALSE	NA	NA	NA	NA	NA	NA
NC_045512.2	16961	C	A	5236	2313	52	2	1	30	0.000381825	5238	0.937594	FALSE	NA	NA	NA	NA	NA	NA
NC_045512.2	16966	G	T	5342	2392	50	1	1	20	0.000187161	5343	1	FALSE	NA	NA	NA	NA	NA	NA
NC_045512.2	16967	A	G	5111	2373	49	1	0	34	0.000195618	5112	0.984407	FALSE	NA	NA	NA	NA	NA	NA
NC_045512.2	16968	G	T	5359	2358	50	2	2	27	0.000373065	5361	1	FALSE	NA	NA	NA	NA	NA	NA
NC_045512.2	16970	A	T	5363	2411	50	2	0	47	0.000372717	5366	0.249977	FALSE	NA	NA	NA	NA	NA	NA
NC_045512.2	16970	A	C	5363	2411	50	1	1	34	0.000186359	5366	0.984388	FALSE	NA	NA	NA	NA	NA	NA
NC_045512.2	16971	C	G	5421	2447	51	2	0	30	0.0003688	5423	0.937591	FALSE	NA	NA	NA	NA	NA	NA
NC_045512.2	16971	C	-T	5421	2447	51	1	0	20	0.0001844	5423	1	FALSE	NA	NA	NA	NA	NA	NA
NC_045512.2	16972	T	C	5354	2394	51	2	1	47	0.000373413	5356	0.250023	FALSE	NA	NA	NA	NA	NA	NA
NC_045512.2	16975	G	C	6068	2503	49	2	1	27	0.000329489	6070	1	FALSE	NA	NA	NA	NA	NA	NA
NC_045512.2	16976	T	G	6014	2526	48	3	3	29	0.000498422	6019	1	FALSE	NA	NA	NA	NA	NA	NA
NC_045512.2	16976	T	C	6014	2526	48	1	1	34	0.000166141	6019	0.992188	FALSE	NA	NA	NA	NA	NA	NA
NC_045512.2	16976	T	A	6014	2526	48	1	0	34	0.000166141	6019	0.992188	FALSE	NA	NA	NA	NA	NA	NA
NC_045512.2	16979	G	C	6083	2603	49	1	1	27	0.000164366	6084	1	FALSE	NA	NA	NA	NA	NA	NA
NC_045512.2	16980	A	C	5674	2469	49	371	206	52	0.061373	6045	6.13122e-115	TRUE	NA	NA	NA	NA	NA	NA
NC_045512.2	16981	A	G	6068	2736	50	1	0	27	0.000164745	6070	1	FALSE	NA	NA	NA	NA	NA	NA
NC_045512.2	16981	A	C	6068	2736	50	1	0	26	0.000164745	6070	1	FALSE	NA	NA	NA	NA	NA	NA
NC_045512.2	16983	T	A	5821	2556	51	2	1	26	0.000343466	5823	1	FALSE	NA	NA	NA	NA	NA	NA
NC_045512.2	16986	T	G	5820	2684	52	2	2	30	0.000343466	5823	0.937556	FALSE	NA	NA	NA	NA	NA	NA
NC_045512.2	16986	T	A	5820	2684	52	1	0	34	0.000171733	5823	0.984387	FALSE	NA	NA	NA	NA	NA	NA
NC_045512.2	16987	G	T	6221	2781	52	1	1	27	0.000160694	6223	1	FALSE	NA	NA	NA	NA	NA	NA
NC_045512.2	16987	G	C	6221	2781	52	1	0	27	0.000160694	6223	1	FALSE	NA	NA	NA	NA	NA	NA
NC_045512.2	16988	G	C	6214	2780	52	1	0	34	0.000160901	6215	0.992205	FALSE	NA	NA	NA	NA	NA	NA
NC_045512.2	16989	C	G	6429	2878	52	1	1	34	0.000155521	6430	0.992205	FALSE	NA	NA	NA	NA	NA	NA
NC_045512.2	16990	T	C	6447	2898	52	1	1	34	0.000155039	6450	0.992196	FALSE	NA	NA	NA	NA	NA	NA
NC_045512.2	16990	T	A	6447	2898	52	2	1	30	0.000310078	6450	0.964886	FALSE	NA	NA	NA	NA	NA	NA
NC_045512.2	16993	T	A	6505	2946	53	1	0	26	0.000153704	6506	1	FALSE	NA	NA	NA	NA	NA	NA
NC_045512.2	16994	A	G	6609	2994	53	1	0	60	0.000151286	6610	0.500038	FALSE	NA	NA	NA	NA	NA	NA
NC_045512.2	16995	C	T	6613	3018	53	2	2	68	0.000302343	6615	0.250019	FALSE	NA	NA	NA	NA	NA	NA
NC_045512.2	16997	C	T	6321	2795	53	1	0	60	0.000158153	6323	0.5	FALSE	NA	NA	NA	NA	NA	NA
NC_045512.2	16997	C	A	6321	2795	53	1	1	27	0.000158153	6323	1	FALSE	NA	NA	NA	NA	NA	NA
NC_045512.2	16998	A	G	6105	2724	52	1	1	38	0.000163747	6107	0.992201	FALSE	NA	NA	NA	NA	NA	NA
NC_045512.2	16998	A	C	6105	2724	52	1	0	27	0.000163747	6107	1	FALSE	NA	NA	NA	NA	NA	NA
NC_045512.2	16999	A	T	6002	2773	50	1	1	27	0.0001665	6006	1	FALSE	NA	NA	NA	NA	NA	NA
NC_045512.2	16999	A	G	6002	2773	50	1	0	68	0.0001665	6006	0.499917	FALSE	NA	NA	NA	NA	NA	NA
NC_045512.2	16999	A	C	6002	2773	50	2	0	26	0.000333	6006	1	FALSE	NA	NA	NA	NA	NA	NA
NC_045512.2	17001	A	T	6275	2751	53	5	5	28	0.000796052	6281	1	FALSE	NA	NA	NA	NA	NA	NA
NC_045512.2	17001	A	G	6275	2751	53	1	0	24	0.00015921	6281	1	FALSE	NA	NA	NA	NA	NA	NA
NC_045512.2	17002	C	T	6394	2835	53	1	0	68	0.000156348	6396	0.5	FALSE	NA	NA	NA	NA	NA	NA
NC_045512.2	17002	C	A	6394	2835	53	1	1	26	0.000156348	6396	1	FALSE	NA	NA	NA	NA	NA	NA
NC_045512.2	17003	T	C	6284	2706	52	1	1	34	0.000159109	6285	0.992205	FALSE	NA	NA	NA	NA	NA	NA
NC_045512.2	17004	C	T	6476	2779	53	1	0	34	0.000154369	6478	0.9922	FALSE	NA	NA	NA	NA	NA	NA
NC_045512.2	17004	C	A	6476	2779	53	1	0	27	0.000154369	6478	1	FALSE	NA	NA	NA	NA	NA	NA
NC_045512.2	17006	A	C	6454	2973	53	2	1	26	0.000309789	6456	1	FALSE	NA	NA	NA	NA	NA	NA
NC_045512.2	17007	T	A	6431	2898	52	2	1	26	0.000310897	6433	1	FALSE	NA	NA	NA	NA	NA	NA
NC_045512.2	17008	A	T	6405	3058	54	1	1	27	0.000156079	6407	1	FALSE	NA	NA	NA	NA	NA	NA
NC_045512.2	17008	A	C	6405	3058	54	1	0	34	0.000156079	6407	0.9922	FALSE	NA	NA	NA	NA	NA	NA
NC_045512.2	17008	A	-T	6405	3058	54	1	0	20	0.000156079	6407	1	FALSE	NA	NA	NA	NA	NA	NA
NC_045512.2	17009	T	A	6476	3051	53	3	3	31	0.000463034	6479	0.910232	FALSE	NA	NA	NA	NA	NA	NA
NC_045512.2	17011	T	G	6417	3140	56	5	5	27	0.000778574	6422	1	FALSE	NA	NA	NA	NA	NA	NA
NC_045512.2	17012	C	G	6467	3186	56	2	2	27	0.000309167	6469	1	FALSE	NA	NA	NA	NA	NA	NA
NC_045512.2	17013	A	C	6214	3123	53	2	1	29	0.00032175	6216	1	FALSE	NA	NA	NA	NA	NA	NA
NC_045512.2	17014	G	T	6370	3131	56	3	3	24	0.000470662	6374	1	FALSE	NA	NA	NA	NA	NA	NA
NC_045512.2	17014	G	C	6370	3131	56	1	1	27	0.000156887	6374	1	FALSE	NA	NA	NA	NA	NA	NA
NC_045512.2	17015	A	G	6380	3138	56	1	1	68	0.000156691	6382	0.5	FALSE	NA	NA	NA	NA	NA	NA
NC_045512.2	17015	A	C	6380	3138	56	1	0	27	0.000156691	6382	1	FALSE	NA	NA	NA	NA	NA	NA
NC_045512.2	17016	T	G	6266	3050	54	3	3	29	0.000478545	6269	1	FALSE	NA	NA	NA	NA	NA	NA
NC_045512.2	17018	A	T	6350	3135	56	1	1	27	0.000157406	6353	1	FALSE	NA	NA	NA	NA	NA	NA
NC_045512.2	17018	A	G	6350	3135	56	2	0	51	0.000314812	6353	0.24998	FALSE	NA	NA	NA	NA	NA	NA
NC_045512.2	17020	T	G	6376	3109	55	3	1	29	0.000470293	6379	1	FALSE	NA	NA	NA	NA	NA	NA
NC_045512.2	17025	T	C	6475	3259	57	1	1	68	0.000154416	6476	0.500039	FALSE	NA	NA	NA	NA	NA	NA
NC_045512.2	17026	A	G	6473	3253	57	1	0	68	0.00015444	6475	0.5	FALSE	NA	NA	NA	NA	NA	NA
NC_045512.2	17026	A	C	6473	3253	57	1	1	27	0.00015444	6475	1	FALSE	NA	NA	NA	NA	NA	NA
NC_045512.2	17027	G	T	6431	3226	56	1	1	27	0.000155448	6433	1	FALSE	NA	NA	NA	NA	NA	NA
NC_045512.2	17027	G	C	6431	3226	56	1	1	27	0.000155448	6433	1	FALSE	NA	NA	NA	NA	NA	NA
NC_045512.2	17028	C	G	6392	3216	57	1	1	34	0.000156372	6395	0.992196	FALSE	NA	NA	NA	NA	NA	NA
NC_045512.2	17028	C	A	6392	3216	57	2	0	44	0.000312744	6395	0.24998	FALSE	NA	NA	NA	NA	NA	NA
NC_045512.2	17029	A	T	6387	3216	56	1	1	27	0.000156544	6388	1	FALSE	NA	NA	NA	NA	NA	NA
NC_045512.2	17033	T	A	6390	3166	56	1	1	27	0.00015647	6391	1	FALSE	NA	NA	NA	NA	NA	NA
NC_045512.2	17035	G	T	6373	3176	56	1	1	27	0.000156863	6375	1	FALSE	NA	NA	NA	NA	NA	NA
NC_045512.2	17035	G	A	6373	3176	56	1	0	68	0.000156863	6375	0.5	FALSE	NA	NA	NA	NA	NA	NA
NC_045512.2	17037	A	C	6393	3310	56	1	0	34	0.000156397	6394	0.992205	FALSE	NA	NA	NA	NA	NA	NA
NC_045512.2	17038	A	T	6393	3306	56	1	1	27	0.000156348	6396	1	FALSE	NA	NA	NA	NA	NA	NA
NC_045512.2	17038	A	C	6393	3306	56	2	1	27	0.000312695	6396	1	FALSE	NA	NA	NA	NA	NA	NA
NC_045512.2	17039	A	C	6266	3329	54	2	0	26	0.000319081	6268	1	FALSE	NA	NA	NA	NA	NA	NA
NC_045512.2	17040	T	G	6393	3318	57	1	0	20	0.000156348	6396	1	FALSE	NA	NA	NA	NA	NA	NA
NC_045512.2	17040	T	A	6393	3318	57	2	0	30	0.000312695	6396	0.964887	FALSE	NA	NA	NA	NA	NA	NA
NC_045512.2	17041	T	A	6280	3232	56	1	1	27	0.00015921	6281	1	FALSE	NA	NA	NA	NA	NA	NA
NC_045512.2	17042	A	T	6425	3312	56	1	0	34	0.000155618	6426	0.992205	FALSE	NA	NA	NA	NA	NA	NA
NC_045512.2	17043	T	A	6443	3343	58	2	0	25	0.000310318	6445	1	FALSE	NA	NA	NA	NA	NA	NA
NC_045512.2	17046	A	C	6272	3403	53	5	0	26	0.000796559	6277	1	FALSE	NA	NA	NA	NA	NA	NA
NC_045512.2	17047	A	T	6302	3333	54	1	1	34	0.000158629	6304	0.992201	FALSE	NA	NA	NA	NA	NA	NA
NC_045512.2	17047	A	C	6302	3333	54	1	0	27	0.000158629	6304	1	FALSE	NA	NA	NA	NA	NA	NA
NC_045512.2	17048	A	C	6366	3378	56	1	0	26	0.00015706	6367	1	FALSE	NA	NA	NA	NA	NA	NA
NC_045512.2	17049	G	C	6481	3425	57	1	1	34	0.000154273	6482	0.992204	FALSE	NA	NA	NA	NA	NA	NA
NC_045512.2	17050	G	T	6479	3448	57	1	0	24	0.000154321	6480	1	FALSE	NA	NA	NA	NA	NA	NA
NC_045512.2	17051	T	G	6098	3064	53	10	10	26	0.00163693	6109	1	FALSE	NA	NA	NA	NA	NA	NA
NC_045512.2	17051	T	A	6098	3064	53	1	0	26	0.000163693	6109	1	FALSE	NA	NA	NA	NA	NA	NA
NC_045512.2	17052	T	A	6342	3319	57	1	0	24	0.000157654	6343	1	FALSE	NA	NA	NA	NA	NA	NA
NC_045512.2	17053	G	A	6322	3294	57	1	1	34	0.000158153	6323	0.992205	FALSE	NA	NA	NA	NA	NA	NA
NC_045512.2	17054	G	T	6379	3360	57	1	0	24	0.000156715	6381	1	FALSE	NA	NA	NA	NA	NA	NA
NC_045512.2	17054	G	C	6379	3360	57	1	1	26	0.000156715	6381	1	FALSE	NA	NA	NA	NA	NA	NA
NC_045512.2	17055	T	C	6396	3389	58	1	0	68	0.000156323	6397	0.500039	FALSE	NA	NA	NA	NA	NA	NA
NC_045512.2	17057	T	G	6433	3400	58	1	0	34	0.0001554	6435	0.9922	FALSE	NA	NA	NA	NA	NA	NA
NC_045512.2	17057	T	C	6433	3400	58	1	1	27	0.0001554	6435	1	FALSE	NA	NA	NA	NA	NA	NA
NC_045512.2	17058	G	C	6374	3389	57	2	1	23	0.000313676	6376	1	FALSE	NA	NA	NA	NA	NA	NA
NC_045512.2	17060	A	C	6407	3421	57	1	0	26	0.000156055	6408	1	FALSE	NA	NA	NA	NA	NA	NA
NC_045512.2	17062	A	T	6249	3415	52	1	1	20	0.000159923	6253	1	FALSE	NA	NA	NA	NA	NA	NA
NC_045512.2	17062	A	G	6249	3415	52	1	1	34	0.000159923	6253	0.992192	FALSE	NA	NA	NA	NA	NA	NA
NC_045512.2	17062	A	C	6249	3415	52	2	0	23	0.000319846	6253	1	FALSE	NA	NA	NA	NA	NA	NA
NC_045512.2	17064	G	C	6419	3436	57	1	1	27	0.000155763	6420	1	FALSE	NA	NA	NA	NA	NA	NA
NC_045512.2	17065	T	G	6315	3386	56	2	0	27	0.000316556	6318	1	FALSE	NA	NA	NA	NA	NA	NA
NC_045512.2	17065	T	C	6315	3386	56	1	1	60	0.000158278	6318	0.49996	FALSE	NA	NA	NA	NA	NA	NA
NC_045512.2	17066	A	T	6332	3417	56	1	0	27	0.000157878	6334	1	FALSE	NA	NA	NA	NA	NA	NA
NC_045512.2	17066	A	C	6332	3417	56	1	1	27	0.000157878	6334	1	FALSE	NA	NA	NA	NA	NA	NA
NC_045512.2	17067	T	A	6323	3342	57	1	1	26	0.000158128	6324	1	FALSE	NA	NA	NA	NA	NA	NA
NC_045512.2	17068	T	C	6310	3392	57	2	1	51	0.000316857	6312	0.25002	FALSE	NA	NA	NA	NA	NA	NA
NC_045512.2	17068	T	-C	6310	3392	57	1	0	20	0.000158428	6312	1	FALSE	NA	NA	NA	NA	NA	NA
NC_045512.2	17069	C	A	6286	3450	56	1	0	27	0.000159058	6287	1	FALSE	NA	NA	NA	NA	NA	NA
NC_045512.2	17071	A	G	6243	3380	57	1	0	27	0.000160102	6246	1	FALSE	NA	NA	NA	NA	NA	NA
NC_045512.2	17071	A	C	6243	3380	57	2	1	27	0.000320205	6246	1	FALSE	NA	NA	NA	NA	NA	NA
NC_045512.2	17072	C	A	6220	3456	56	2	0	26	0.00032144	6222	1	FALSE	NA	NA	NA	NA	NA	NA
NC_045512.2	17073	A	G	6039	3279	57	1	0	60	0.000165563	6040	0.500041	FALSE	NA	NA	NA	NA	NA	NA
NC_045512.2	17074	C	G	6012	3351	56	2	0	30	0.000332557	6014	0.964907	FALSE	NA	NA	NA	NA	NA	NA
NC_045512.2	17077	C	G	5770	3295	55	1	0	27	0.00017316	5775	1	FALSE	NA	NA	NA	NA	NA	NA
NC_045512.2	17077	C	A	5770	3295	55	4	0	28	0.000692641	5775	1	FALSE	NA	NA	NA	NA	NA	NA
NC_045512.2	17081	G	C	5627	3345	54	1	0	24	0.000177683	5628	1	FALSE	NA	NA	NA	NA	NA	NA
NC_045512.2	17085	A	T	5209	3103	54	1	0	27	0.000191828	5213	1	FALSE	NA	NA	NA	NA	NA	NA
NC_045512.2	17085	A	C	5209	3103	54	3	0	26	0.000575484	5213	1	FALSE	NA	NA	NA	NA	NA	NA
NC_045512.2	17088	T	G	5208	3133	54	2	2	26	0.00038373	5212	1	FALSE	NA	NA	NA	NA	NA	NA
NC_045512.2	17088	T	C	5208	3133	54	1	1	34	0.000191865	5212	0.98438	FALSE	NA	NA	NA	NA	NA	NA
NC_045512.2	17088	T	A	5208	3133	54	1	0	27	0.000191865	5212	1	FALSE	NA	NA	NA	NA	NA	NA
NC_045512.2	17092	A	C	6253	3456	50	2	0	26	0.000319744	6255	1	FALSE	NA	NA	NA	NA	NA	NA
NC_045512.2	17093	C	G	6311	3533	50	1	0	20	0.000158428	6312	1	FALSE	NA	NA	NA	NA	NA	NA
NC_045512.2	17094	T	C	5851	3178	51	1	0	34	0.000170882	5852	0.984403	FALSE	NA	NA	NA	NA	NA	NA
NC_045512.2	17095	G	T	5909	3157	50	1	0	26	0.000169147	5912	1	FALSE	NA	NA	NA	NA	NA	NA
NC_045512.2	17095	G	C	5909	3157	50	2	1	27	0.000338295	5912	1	FALSE	NA	NA	NA	NA	NA	NA
NC_045512.2	17096	G	C	5932	3240	50	1	1	20	0.00016852	5934	1	FALSE	NA	NA	NA	NA	NA	NA
NC_045512.2	17096	G	A	5932	3240	50	1	0	34	0.00016852	5934	0.984395	FALSE	NA	NA	NA	NA	NA	NA
NC_045512.2	17100	G	T	5711	3175	49	1	0	26	0.00017507	5712	1	FALSE	NA	NA	NA	NA	NA	NA
NC_045512.2	17101	A	C	5498	3226	46	1	1	26	0.000181851	5499	1	FALSE	NA	NA	NA	NA	NA	NA
NC_045512.2	17105	A	T	5480	3116	49	1	1	26	0.000182448	5481	1	FALSE	NA	NA	NA	NA	NA	NA
NC_045512.2	17105	A	-T	5480	3116	49	1	0	20	0.000182448	5481	1	FALSE	NA	NA	NA	NA	NA	NA
NC_045512.2	17106	T	A	5487	3098	48	1	1	20	0.000182216	5488	1	FALSE	NA	NA	NA	NA	NA	NA
NC_045512.2	17107	T	G	4805	2417	45	4	3	27	0.000831601	4810	1	FALSE	NA	NA	NA	NA	NA	NA
NC_045512.2	17107	T	C	4805	2417	45	1	1	46	0.0002079	4810	0.499844	FALSE	NA	NA	NA	NA	NA	NA
NC_045512.2	17108	T	C	5494	3140	49	2	1	30	0.000363901	5496	0.93759	FALSE	NA	NA	NA	NA	NA	NA
NC_045512.2	17112	T	A	5366	3055	49	1	1	27	0.000186324	5367	1	FALSE	NA	NA	NA	NA	NA	NA
NC_045512.2	17113	A	T	5410	3159	49	1	0	26	0.000184809	5411	1	FALSE	NA	NA	NA	NA	NA	NA
NC_045512.2	17115	T	A	5421	3179	48	2	0	26	0.0003688	5423	1	FALSE	NA	NA	NA	NA	NA	NA
NC_045512.2	17117	G	T	5489	3171	48	1	1	68	0.000182083	5492	0.499954	FALSE	NA	NA	NA	NA	NA	NA
NC_045512.2	17117	G	C	5489	3171	48	2	0	23	0.000364166	5492	1	FALSE	NA	NA	NA	NA	NA	NA
NC_045512.2	17120	T	G	5434	3158	48	1	0	34	0.000183959	5436	0.984397	FALSE	NA	NA	NA	NA	NA	NA
NC_045512.2	17120	T	A	5434	3158	48	1	1	34	0.000183959	5436	0.984397	FALSE	NA	NA	NA	NA	NA	NA
NC_045512.2	17121	A	G	5427	3191	48	1	1	34	0.00018423	5428	0.984405	FALSE	NA	NA	NA	NA	NA	NA
NC_045512.2	17122	G	T	5572	3191	48	2	2	23	0.00035868	5576	1	FALSE	NA	NA	NA	NA	NA	NA
NC_045512.2	17122	G	C	5572	3191	48	1	1	20	0.00017934	5576	1	FALSE	NA	NA	NA	NA	NA	NA
NC_045512.2	17122	G	A	5572	3191	48	1	0	34	0.00017934	5576	0.984379	FALSE	NA	NA	NA	NA	NA	NA
NC_045512.2	17125	C	A	5667	3492	46	1	1	26	0.000176429	5668	1	FALSE	NA	NA	NA	NA	NA	NA
NC_045512.2	17128	T	C	4126	2275	44	1	1	34	0.000242307	4127	0.968807	FALSE	NA	NA	NA	NA	NA	NA
NC_045512.2	17130	C	T	4164	2315	44	1	1	34	0.000240038	4166	0.968788	FALSE	NA	NA	NA	NA	NA	NA
NC_045512.2	17130	C	A	4164	2315	44	1	0	26	0.000240038	4166	1	FALSE	NA	NA	NA	NA	NA	NA
NC_045512.2	17133	C	G	4183	2324	44	1	0	27	0.000239006	4184	1	FALSE	NA	NA	NA	NA	NA	NA
NC_045512.2	17135	C	T	4228	2339	44	2	1	34	0.000472813	4230	0.890764	FALSE	NA	NA	NA	NA	NA	NA
NC_045512.2	17136	T	C	4190	2302	44	1	1	34	0.00023855	4192	0.968787	FALSE	NA	NA	NA	NA	NA	NA
NC_045512.2	17136	T	A	4190	2302	44	1	1	20	0.00023855	4192	1	FALSE	NA	NA	NA	NA	NA	NA
NC_045512.2	17137	T	C	4214	2348	44	1	1	26	0.000237248	4215	1	FALSE	NA	NA	NA	NA	NA	NA
NC_045512.2	17139	T	G	4204	2373	43	1	1	27	0.000237812	4205	1	FALSE	NA	NA	NA	NA	NA	NA
NC_045512.2	17141	C	T	4227	2412	43	1	0	34	0.000236518	4228	0.968805	FALSE	NA	NA	NA	NA	NA	NA
NC_045512.2	17144	G	C	4258	2394	43	1	0	20	0.000234797	4259	1	FALSE	NA	NA	NA	NA	NA	NA
NC_045512.2	17145	C	T	4273	2422	43	1	1	26	0.000233973	4274	1	FALSE	NA	NA	NA	NA	NA	NA
NC_045512.2	17146	A	G	4307	2520	44	1	0	68	0.000232126	4308	0.500058	FALSE	NA	NA	NA	NA	NA	NA
NC_045512.2	17147	T	C	4331	2516	44	1	0	34	0.00023084	4332	0.968804	FALSE	NA	NA	NA	NA	NA	NA
NC_045512.2	17148	A	T	4494	2533	44	1	1	26	0.000222469	4495	1	FALSE	NA	NA	NA	NA	NA	NA
NC_045512.2	17151	G	C	5371	2702	44	1	1	27	0.00018615	5372	1	FALSE	NA	NA	NA	NA	NA	NA
NC_045512.2	17153	A	C	5417	2774	44	1	0	26	0.00018457	5418	1	FALSE	NA	NA	NA	NA	NA	NA
NC_045512.2	17155	A	T	5383	2802	45	1	1	27	0.000185701	5385	1	FALSE	NA	NA	NA	NA	NA	NA
NC_045512.2	17155	A	G	5383	2802	45	1	0	24	0.000185701	5385	1	FALSE	NA	NA	NA	NA	NA	NA
NC_045512.2	17156	C	T	5381	2803	44	1	0	68	0.000185736	5384	0.499954	FALSE	NA	NA	NA	NA	NA	NA
NC_045512.2	17156	C	G	5381	2803	44	2	0	34	0.000371471	5384	0.937561	FALSE	NA	NA	NA	NA	NA	NA
NC_045512.2	17157	A	G	5041	2478	45	2	1	34	0.000396589	5043	0.937598	FALSE	NA	NA	NA	NA	NA	NA
NC_045512.2	17160	T	C	4531	2063	46	1	1	24	0.000220604	4533	1	FALSE	NA	NA	NA	NA	NA	NA
NC_045512.2	17160	T	A	4531	2063	46	1	0	20	0.000220604	4533	1	FALSE	NA	NA	NA	NA	NA	NA
NC_045512.2	17161	T	C	4561	2114	46	1	0	26	0.000219202	4562	1	FALSE	NA	NA	NA	NA	NA	NA
NC_045512.2	17162	G	T	4545	2086	46	1	1	34	0.000219925	4547	0.968784	FALSE	NA	NA	NA	NA	NA	NA
NC_045512.2	17162	G	A	4545	2086	46	1	1	60	0.000219925	4547	0.5	FALSE	NA	NA	NA	NA	NA	NA
NC_045512.2	17163	C	T	4588	2174	47	1	1	68	0.000217912	4589	0.500054	FALSE	NA	NA	NA	NA	NA	NA
NC_045512.2	17164	T	A	4458	2004	45	1	1	26	0.000224266	4459	1	FALSE	NA	NA	NA	NA	NA	NA
NC_045512.2	17166	T	A	4564	2117	46	1	0	27	0.000219058	4565	1	FALSE	NA	NA	NA	NA	NA	NA
NC_045512.2	17168	A	G	4471	2138	47	1	0	24	0.000223614	4472	1	FALSE	NA	NA	NA	NA	NA	NA
NC_045512.2	17168	A	-T	4471	2138	47	1	0	20	0.000223614	4472	1	FALSE	NA	NA	NA	NA	NA	NA
NC_045512.2	17169	T	A	4530	2111	47	1	1	26	0.000220702	4531	1	FALSE	NA	NA	NA	NA	NA	NA
NC_045512.2	17170	G	A	4538	2141	47	1	0	34	0.000220313	4539	0.968802	FALSE	NA	NA	NA	NA	NA	NA
NC_045512.2	17171	C	A	4522	2169	47	2	1	26	0.000442087	4524	1	FALSE	NA	NA	NA	NA	NA	NA
NC_045512.2	17173	G	A	4521	2160	47	3	2	54	0.00066313	4524	0.125	FALSE	NA	NA	NA	NA	NA	NA
NC_045512.2	17175	T	G	4490	2100	47	1	1	34	0.000222668	4491	0.968802	FALSE	NA	NA	NA	NA	NA	NA
NC_045512.2	17176	G	C	4935	2211	47	1	1	34	0.000202552	4937	0.968782	FALSE	NA	NA	NA	NA	NA	NA
NC_045512.2	17176	G	A	4935	2211	47	1	0	34	0.000202552	4937	0.968782	FALSE	NA	NA	NA	NA	NA	NA
NC_045512.2	17177	T	G	4735	2006	44	4	3	28	0.000843882	4740	1	FALSE	NA	NA	NA	NA	NA	NA
NC_045512.2	17177	T	C	4735	2006	44	1	1	27	0.00021097	4740	1	FALSE	NA	NA	NA	NA	NA	NA
NC_045512.2	17180	A	G	4970	2296	48	2	1	46	0.000402253	4972	0.250025	FALSE	NA	NA	NA	NA	NA	NA
NC_045512.2	17181	T	G	4964	2244	48	1	1	34	0.00020141	4965	0.968797	FALSE	NA	NA	NA	NA	NA	NA
NC_045512.2	17182	G	A	4971	2265	47	3	2	40	0.000603136	4974	0.125	FALSE	NA	NA	NA	NA	NA	NA
NC_045512.2	17184	A	C	4976	2354	48	3	1	24	0.000602531	4979	1	FALSE	NA	NA	NA	NA	NA	NA
NC_045512.2	17185	C	G	5189	2406	48	2	1	27	0.000385208	5192	1	FALSE	NA	NA	NA	NA	NA	NA
NC_045512.2	17185	C	A	5189	2406	48	1	1	68	0.000192604	5192	0.499952	FALSE	NA	NA	NA	NA	NA	NA
NC_045512.2	17191	G	T	5191	2282	49	1	1	20	0.000192567	5193	1	FALSE	NA	NA	NA	NA	NA	NA
NC_045512.2	17191	G	A	5191	2282	49	1	0	68	0.000192567	5193	0.5	FALSE	NA	NA	NA	NA	NA	NA
NC_045512.2	17193	G	T	5137	2250	49	1	1	34	0.000194628	5138	0.984407	FALSE	NA	NA	NA	NA	NA	NA
NC_045512.2	17195	A	T	4906	2149	50	1	0	27	0.000203749	4908	1	FALSE	NA	NA	NA	NA	NA	NA
NC_045512.2	17195	A	G	4906	2149	50	1	1	34	0.000203749	4908	0.968782	FALSE	NA	NA	NA	NA	NA	NA
NC_045512.2	17197	G	C	4696	1979	50	2	2	26	0.000425713	4698	1	FALSE	NA	NA	NA	NA	NA	NA
NC_045512.2	17197	G	-CATTAA	4696	1979	50	1	0	20	0.000212857	4698	1	FALSE	NA	NA	NA	NA	NA	NA
NC_045512.2	17198	C	G	4705	2040	51	1	1	27	0.000212495	4706	1	FALSE	NA	NA	NA	NA	NA	NA
NC_045512.2	17200	T	-TAAAA	4668	2100	51	811	0	20	0.173736	4668	5.99844e-168	TRUE	NA	NA	NA	NA	NA	NA
NC_045512.2	17201	T	-AAAATA	3902	1781	53	1	0	20	0.000212269	4711	1	FALSE	NA	NA	NA	NA	NA	NA
NC_045512.2	17203	A	G	3800	1795	52	1	0	60	0.000263019	3802	0.451908	FALSE	NA	NA	NA	NA	NA	NA
NC_045512.2	17203	A	C	3800	1795	52	1	0	26	0.000263019	3802	1	FALSE	NA	NA	NA	NA	NA	NA
NC_045512.2	17205	A	T	3915	1817	53	12	1	50	0.00305577	3927	7.46994e-05	TRUE	NA	NA	NA	NA	NA	NA
NC_045512.2	17206	T	+A	4715	2132	51	1	0	20	0.000212089	4715	1	FALSE	NA	NA	NA	NA	NA	NA
NC_045512.2	17209	T	G	4665	2123	51	2	2	34	0.000428266	4670	0.8906	FALSE	NA	NA	NA	NA	NA	NA
NC_045512.2	17209	T	C	4665	2123	51	2	0	34	0.000428266	4670	0.8906	FALSE	NA	NA	NA	NA	NA	NA
NC_045512.2	17209	T	A	4665	2123	51	1	0	27	0.000214133	4670	1	FALSE	NA	NA	NA	NA	NA	NA
NC_045512.2	17211	G	C	4710	2154	52	1	0	27	0.000212269	4711	1	FALSE	NA	NA	NA	NA	NA	NA
NC_045512.2	17212	C	G	4648	2169	52	1	1	27	0.0002151	4649	1	FALSE	NA	NA	NA	NA	NA	NA
NC_045512.2	17214	T	C	4668	2169	53	2	2	68	0.000428174	4671	0.249973	FALSE	NA	NA	NA	NA	NA	NA
NC_045512.2	17214	T	A	4668	2169	53	1	1	20	0.000214087	4671	1	FALSE	NA	NA	NA	NA	NA	NA
NC_045512.2	17215	A	C	4612	2186	52	1	0	27	0.000216779	4613	1	FALSE	NA	NA	NA	NA	NA	NA
NC_045512.2	17217	A	C	4694	2214	53	1	0	27	0.000212993	4695	1	FALSE	NA	NA	NA	NA	NA	NA
NC_045512.2	17218	G	C	4781	2195	52	1	0	26	0.000209118	4782	1	FALSE	NA	NA	NA	NA	NA	NA
NC_045512.2	17219	A	T	4777	2238	52	1	0	26	0.000209293	4778	1	FALSE	NA	NA	NA	NA	NA	NA
NC_045512.2	17220	T	G	4749	2195	52	2	2	34	0.000420787	4753	0.89065	FALSE	NA	NA	NA	NA	NA	NA
NC_045512.2	17220	T	C	4749	2195	52	2	2	30	0.000420787	4753	0.89065	FALSE	NA	NA	NA	NA	NA	NA
NC_045512.2	17222	A	C	4712	2207	52	1	0	27	0.000212179	4713	1	FALSE	NA	NA	NA	NA	NA	NA
NC_045512.2	17223	A	G	4593	2184	50	1	0	46	0.000217581	4596	0.499946	FALSE	NA	NA	NA	NA	NA	NA
NC_045512.2	17223	A	C	4593	2184	50	2	1	23	0.000435161	4596	1	FALSE	NA	NA	NA	NA	NA	NA
NC_045512.2	17224	T	C	4771	2204	52	1	1	24	0.000209556	4772	1	FALSE	NA	NA	NA	NA	NA	NA
NC_045512.2	17225	G	T	4728	2243	52	2	2	25	0.000422833	4730	1	FALSE	NA	NA	NA	NA	NA	NA
NC_045512.2	17226	T	A	4752	2235	52	1	1	27	0.000210393	4753	1	FALSE	NA	NA	NA	NA	NA	NA
NC_045512.2	17227	A	C	4486	2123	51	5	0	30	0.00111334	4491	0.500137	FALSE	NA	NA	NA	NA	NA	NA
NC_045512.2	17228	G	T	4549	2102	52	1	1	26	0.00021978	4550	1	FALSE	NA	NA	NA	NA	NA	NA
NC_045512.2	17230	A	G	4568	2138	53	1	0	34	0.000218866	4569	0.968801	FALSE	NA	NA	NA	NA	NA	NA
NC_045512.2	17233	A	T	4817	2170	52	1	0	34	0.000207512	4819	0.968782	FALSE	NA	NA	NA	NA	NA	NA
NC_045512.2	17233	A	G	4817	2170	52	1	0	68	0.000207512	4819	0.5	FALSE	NA	NA	NA	NA	NA	NA
NC_045512.2	17234	T	C	4843	2155	51	1	0	60	0.000206441	4844	0.500052	FALSE	NA	NA	NA	NA	NA	NA
NC_045512.2	17235	T	A	4774	2150	51	1	0	24	0.000209424	4775	1	FALSE	NA	NA	NA	NA	NA	NA
NC_045512.2	17236	A	T	4800	2194	52	1	1	27	0.00020829	4801	1	FALSE	NA	NA	NA	NA	NA	NA
NC_045512.2	17237	T	G	4800	2168	52	1	1	27	0.00020829	4801	1	FALSE	NA	NA	NA	NA	NA	NA
NC_045512.2	17239	C	G	4789	2183	52	2	0	27	0.000417449	4791	1	FALSE	NA	NA	NA	NA	NA	NA
NC_045512.2	17240	C	G	4572	2121	51	1	0	27	0.000218579	4575	1	FALSE	NA	NA	NA	NA	NA	NA
NC_045512.2	17240	C	A	4572	2121	51	2	0	29	0.000437158	4575	1	FALSE	NA	NA	NA	NA	NA	NA
NC_045512.2	17241	T	G	4409	1887	51	1	0	68	0.000226706	4411	0.5	FALSE	NA	NA	NA	NA	NA	NA
NC_045512.2	17241	T	A	4409	1887	51	1	0	20	0.000226706	4411	1	FALSE	NA	NA	NA	NA	NA	NA
NC_045512.2	17242	G	T	4477	1937	51	1	1	20	0.000223314	4478	1	FALSE	NA	NA	NA	NA	NA	NA
NC_045512.2	17243	C	G	4468	1980	51	1	0	27	0.000223764	4469	1	FALSE	NA	NA	NA	NA	NA	NA
NC_045512.2	17244	A	C	4442	1961	51	1	0	26	0.000225073	4443	1	FALSE	NA	NA	NA	NA	NA	NA
NC_045512.2	17248	G	C	4554	1953	51	1	1	27	0.000219539	4555	1	FALSE	NA	NA	NA	NA	NA	NA
NC_045512.2	17250	T	A	4664	1927	50	1	1	34	0.000214362	4665	0.9688	FALSE	NA	NA	NA	NA	NA	NA
NC_045512.2	17253	T	C	4767	1952	50	1	1	27	0.000209688	4769	1	FALSE	NA	NA	NA	NA	NA	NA
NC_045512.2	17253	T	A	4767	1952	50	1	0	27	0.000209688	4769	1	FALSE	NA	NA	NA	NA	NA	NA
NC_045512.2	17255	T	C	4878	1987	50	2	2	27	0.000409836	4880	1	FALSE	NA	NA	NA	NA	NA	NA
NC_045512.2	17256	A	T	4771	1958	50	1	0	27	0.000209556	4772	1	FALSE	NA	NA	NA	NA	NA	NA
NC_045512.2	17257	G	T	4777	1927	50	1	1	34	0.000209293	4778	0.968799	FALSE	NA	NA	NA	NA	NA	NA
NC_045512.2	17258	A	T	4663	1868	50	1	1	34	0.000214316	4666	0.968767	FALSE	NA	NA	NA	NA	NA	NA
NC_045512.2	17258	A	C	4663	1868	50	2	2	27	0.000428633	4666	1	FALSE	NA	NA	NA	NA	NA	NA
NC_045512.2	17260	T	A	4498	1739	51	1	0	26	0.000222272	4499	1	FALSE	NA	NA	NA	NA	NA	NA
NC_045512.2	17261	G	A	4468	1669	49	1	0	34	0.000223764	4469	0.968802	FALSE	NA	NA	NA	NA	NA	NA
NC_045512.2	17262	T	A	4459	1690	50	1	1	24	0.000224215	4460	1	FALSE	NA	NA	NA	NA	NA	NA
NC_045512.2	17262	T	+G	4459	1690	50	1	0	20	0.000224215	4460	1	FALSE	NA	NA	NA	NA	NA	NA
NC_045512.2	17265	T	A	4468	1757	51	1	1	34	0.000223764	4469	0.968802	FALSE	NA	NA	NA	NA	NA	NA
NC_045512.2	17266	G	T	4491	1742	51	2	2	26	0.000445137	4493	1	FALSE	NA	NA	NA	NA	NA	NA
NC_045512.2	17271	A	C	4320	1846	50	1	0	26	0.000231428	4321	1	FALSE	NA	NA	NA	NA	NA	NA
NC_045512.2	17272	T	G	4475	1790	51	2	2	30	0.000446628	4478	0.890704	FALSE	NA	NA	NA	NA	NA	NA
NC_045512.2	17272	T	C	4475	1790	51	1	1	34	0.000223314	4478	0.968767	FALSE	NA	NA	NA	NA	NA	NA
NC_045512.2	17273	T	G	4471	1886	51	1	1	20	0.000223614	4472	1	FALSE	NA	NA	NA	NA	NA	NA
NC_045512.2	17274	C	G	4471	1882	51	1	1	27	0.000223614	4472	1	FALSE	NA	NA	NA	NA	NA	NA
NC_045512.2	17275	A	C	4369	1881	51	1	0	27	0.000228833	4370	1	FALSE	NA	NA	NA	NA	NA	NA
NC_045512.2	17276	A	C	4351	1935	51	1	0	34	0.000229779	4352	0.968804	FALSE	NA	NA	NA	NA	NA	NA
NC_045512.2	17277	A	T	4193	1977	49	1	1	68	0.000238265	4197	0.499881	FALSE	NA	NA	NA	NA	NA	NA
NC_045512.2	17277	A	C	4193	1977	49	3	0	31	0.000714796	4197	0.773535	FALSE	NA	NA	NA	NA	NA	NA
NC_045512.2	17278	G	T	4379	1962	51	1	0	68	0.000228154	4383	0.499886	FALSE	NA	NA	NA	NA	NA	NA
NC_045512.2	17278	G	C	4379	1962	51	3	1	29	0.000684463	4383	1	FALSE	NA	NA	NA	NA	NA	NA
NC_045512.2	17279	T	A	4383	1983	51	1	0	26	0.000228102	4384	1	FALSE	NA	NA	NA	NA	NA	NA
NC_045512.2	17280	G	T	4375	1937	51	1	1	27	0.000228519	4376	1	FALSE	NA	NA	NA	NA	NA	NA
NC_045512.2	17282	A	G	4356	2102	51	1	1	24	0.00022941	4359	1	FALSE	NA	NA	NA	NA	NA	NA
NC_045512.2	17282	A	C	4356	2102	51	2	0	30	0.000458821	4359	0.890706	FALSE	NA	NA	NA	NA	NA	NA
NC_045512.2	17283	T	A	4445	2087	52	2	2	27	0.000449741	4447	1	FALSE	NA	NA	NA	NA	NA	NA
NC_045512.2	17286	A	T	4456	2168	53	1	1	34	0.000224366	4457	0.968803	FALSE	NA	NA	NA	NA	NA	NA
NC_045512.2	17287	A	T	4391	2179	51	1	1	20	0.000227583	4394	1	FALSE	NA	NA	NA	NA	NA	NA
NC_045512.2	17287	A	C	4391	2179	51	2	0	26	0.000455166	4394	1	FALSE	NA	NA	NA	NA	NA	NA
NC_045512.2	17289	A	T	4699	2226	52	3	2	29	0.000638026	4702	1	FALSE	NA	NA	NA	NA	NA	NA
NC_045512.2	17290	T	G	4729	2189	51	1	1	20	0.000211372	4731	1	FALSE	NA	NA	NA	NA	NA	NA
NC_045512.2	17290	T	A	4729	2189	51	1	0	26	0.000211372	4731	1	FALSE	NA	NA	NA	NA	NA	NA
NC_045512.2	17292	A	G	4732	2259	51	1	0	34	0.000211282	4733	0.9688	FALSE	NA	NA	NA	NA	NA	NA
NC_045512.2	17293	G	T	4796	2239	51	2	1	27	0.00041684	4798	1	FALSE	NA	NA	NA	NA	NA	NA
NC_045512.2	17294	A	T	4733	2237	50	1	1	27	0.000211149	4736	1	FALSE	NA	NA	NA	NA	NA	NA
NC_045512.2	17294	A	G	4733	2237	50	1	1	34	0.000211149	4736	0.968767	FALSE	NA	NA	NA	NA	NA	NA
NC_045512.2	17294	A	C	4733	2237	50	1	1	27	0.000211149	4736	1	FALSE	NA	NA	NA	NA	NA	NA
NC_045512.2	17295	A	G	4763	2285	51	1	0	68	0.00020982	4766	0.499948	FALSE	NA	NA	NA	NA	NA	NA
NC_045512.2	17295	A	C	4763	2285	51	2	0	27	0.000419639	4766	1	FALSE	NA	NA	NA	NA	NA	NA
NC_045512.2	17296	C	G	4872	2293	51	2	2	23	0.000410172	4876	1	FALSE	NA	NA	NA	NA	NA	NA
NC_045512.2	17296	C	A	4872	2293	51	2	0	30	0.000410172	4876	0.890649	FALSE	NA	NA	NA	NA	NA	NA
NC_045512.2	17297	A	C	4628	2121	51	1	0	34	0.000216029	4629	0.968801	FALSE	NA	NA	NA	NA	NA	NA
NC_045512.2	17298	G	T	4737	2126	51	2	1	30	0.000421763	4742	0.8906	FALSE	NA	NA	NA	NA	NA	NA
NC_045512.2	17298	G	C	4737	2126	51	3	3	27	0.000632644	4742	1	FALSE	NA	NA	NA	NA	NA	NA
NC_045512.2	17300	A	C	4591	2285	48	1	1	26	0.00021777	4592	1	FALSE	NA	NA	NA	NA	NA	NA
NC_045512.2	17301	T	A	4637	2247	50	1	1	26	0.00021561	4638	1	FALSE	NA	NA	NA	NA	NA	NA
NC_045512.2	17302	G	C	4688	2394	49	1	1	27	0.00021322	4690	1	FALSE	NA	NA	NA	NA	NA	NA
NC_045512.2	17302	G	A	4688	2394	49	1	1	68	0.00021322	4690	0.5	FALSE	NA	NA	NA	NA	NA	NA
NC_045512.2	17304	C	G	4892	2459	48	1	1	27	0.000204374	4893	1	FALSE	NA	NA	NA	NA	NA	NA
NC_045512.2	17305	T	C	4866	2444	50	1	0	34	0.000205465	4867	0.968798	FALSE	NA	NA	NA	NA	NA	NA
NC_045512.2	17309	G	T	4749	2406	50	1	1	26	0.000210526	4750	1	FALSE	NA	NA	NA	NA	NA	NA
NC_045512.2	17310	T	G	4780	2429	50	1	0	27	0.000209118	4782	1	FALSE	NA	NA	NA	NA	NA	NA
NC_045512.2	17310	T	A	4780	2429	50	1	0	34	0.000209118	4782	0.968783	FALSE	NA	NA	NA	NA	NA	NA
NC_045512.2	17311	A	T	4682	2366	49	2	2	26	0.000426985	4684	1	FALSE	NA	NA	NA	NA	NA	NA
NC_045512.2	17312	C	G	4777	2422	50	1	0	27	0.000209293	4778	1	FALSE	NA	NA	NA	NA	NA	NA
NC_045512.2	17313	T	G	4594	2260	51	1	0	26	0.000217628	4595	1	FALSE	NA	NA	NA	NA	NA	NA
NC_045512.2	17314	G	T	4732	2255	50	3	3	32	0.000633446	4736	0.773524	FALSE	NA	NA	NA	NA	NA	NA
NC_045512.2	17314	G	A	4732	2255	50	1	0	68	0.000211149	4736	0.499894	FALSE	NA	NA	NA	NA	NA	NA
NC_045512.2	17315	T	A	4766	2286	50	1	0	27	0.000209776	4767	1	FALSE	NA	NA	NA	NA	NA	NA
NC_045512.2	17319	T	C	4814	2284	50	1	1	34	0.000207684	4815	0.968799	FALSE	NA	NA	NA	NA	NA	NA
NC_045512.2	17320	G	T	4783	2280	50	1	1	26	0.000208986	4785	1	FALSE	NA	NA	NA	NA	NA	NA
NC_045512.2	17320	G	C	4783	2280	50	1	1	24	0.000208986	4785	1	FALSE	NA	NA	NA	NA	NA	NA
NC_045512.2	17321	C	T	4661	2247	50	1	1	34	0.000214362	4665	0.96875	FALSE	NA	NA	NA	NA	NA	NA
NC_045512.2	17321	C	G	4661	2247	50	1	1	27	0.000214362	4665	1	FALSE	NA	NA	NA	NA	NA	NA
NC_045512.2	17321	C	A	4661	2247	50	2	0	23	0.000428725	4665	1	FALSE	NA	NA	NA	NA	NA	NA
NC_045512.2	17322	A	C	4721	2235	51	2	2	25	0.00042346	4723	1	FALSE	NA	NA	NA	NA	NA	NA
NC_045512.2	17323	T	G	4650	2144	50	1	1	26	0.000215008	4651	1	FALSE	NA	NA	NA	NA	NA	NA
NC_045512.2	17324	T	G	4587	2143	50	3	3	26	0.000653595	4590	1	FALSE	NA	NA	NA	NA	NA	NA
NC_045512.2	17325	G	C	4768	2196	51	1	1	26	0.000209688	4769	1	FALSE	NA	NA	NA	NA	NA	NA
NC_045512.2	17326	C	T	4707	2290	49	1	1	68	0.000212359	4709	0.5	FALSE	NA	NA	NA	NA	NA	NA
NC_045512.2	17326	C	G	4707	2290	49	1	1	26	0.000212359	4709	1	FALSE	NA	NA	NA	NA	NA	NA
NC_045512.2	17327	C	A	4778	2353	50	1	1	26	0.000209249	4779	1	FALSE	NA	NA	NA	NA	NA	NA
NC_045512.2	17328	T	G	4709	2234	50	1	1	27	0.000212179	4713	1	FALSE	NA	NA	NA	NA	NA	NA
NC_045512.2	17328	T	C	4709	2234	50	1	0	34	0.000212179	4713	0.96875	FALSE	NA	NA	NA	NA	NA	NA
NC_045512.2	17328	T	A	4709	2234	50	2	1	20	0.000424358	4713	1	FALSE	NA	NA	NA	NA	NA	NA
NC_045512.2	17329	G	C	4730	2299	50	5	5	28	0.00105597	4735	1	FALSE	NA	NA	NA	NA	NA	NA
NC_045512.2	17330	A	G	4798	2331	51	2	0	57	0.000416667	4800	0.250026	FALSE	NA	NA	NA	NA	NA	NA
NC_045512.2	17333	C	A	4770	2378	50	1	1	26	0.0002096	4771	1	FALSE	NA	NA	NA	NA	NA	NA
NC_045512.2	17335	A	T	4620	2258	51	1	1	68	0.000216403	4621	0.500054	FALSE	NA	NA	NA	NA	NA	NA
NC_045512.2	17336	C	G	4605	2282	50	1	1	27	0.000217108	4606	1	FALSE	NA	NA	NA	NA	NA	NA
NC_045512.2	17338	G	T	4532	2201	49	4	4	32	0.000881834	4536	0.6369	FALSE	NA	NA	NA	NA	NA	NA
NC_045512.2	17339	C	G	4600	2299	49	3	2	24	0.000651749	4603	1	FALSE	NA	NA	NA	NA	NA	NA
NC_045512.2	17340	A	T	4687	2362	50	1	0	34	0.000213311	4688	0.9688	FALSE	NA	NA	NA	NA	NA	NA
NC_045512.2	17341	G	T	4719	2310	49	1	1	27	0.000211864	4720	1	FALSE	NA	NA	NA	NA	NA	NA
NC_045512.2	17344	A	G	4854	2464	50	1	0	27	0.000205973	4855	1	FALSE	NA	NA	NA	NA	NA	NA
NC_045512.2	17345	T	G	4899	2423	50	3	1	29	0.000611995	4902	1	FALSE	NA	NA	NA	NA	NA	NA
NC_045512.2	17347	G	T	4879	2386	50	1	1	26	0.000204918	4880	1	FALSE	NA	NA	NA	NA	NA	NA
NC_045512.2	17348	T	G	4774	2344	50	1	1	27	0.000209424	4775	1	FALSE	NA	NA	NA	NA	NA	NA
NC_045512.2	17349	T	C	4641	2244	51	1	0	34	0.000215424	4642	0.9688	FALSE	NA	NA	NA	NA	NA	NA
NC_045512.2	17350	G	C	4637	2239	51	1	1	27	0.00021561	4638	1	FALSE	NA	NA	NA	NA	NA	NA
NC_045512.2	17352	C	G	4443	2075	51	2	1	26	0.000449944	4445	1	FALSE	NA	NA	NA	NA	NA	NA
NC_045512.2	17354	T	G	4227	1940	49	1	1	27	0.000236518	4228	1	FALSE	NA	NA	NA	NA	NA	NA
NC_045512.2	17357	A	T	4433	2115	52	2	2	26	0.000450857	4436	1	FALSE	NA	NA	NA	NA	NA	NA
NC_045512.2	17357	A	G	4433	2115	52	1	0	60	0.000225428	4436	0.499944	FALSE	NA	NA	NA	NA	NA	NA
NC_045512.2	17358	T	C	4436	2123	52	2	0	68	0.000450653	4438	0.250028	FALSE	NA	NA	NA	NA	NA	NA
NC_045512.2	17360	A	T	4441	2125	51	1	1	20	0.000225124	4442	1	FALSE	NA	NA	NA	NA	NA	NA
NC_045512.2	17361	A	C	4468	2125	52	1	1	27	0.000223764	4469	1	FALSE	NA	NA	NA	NA	NA	NA
NC_045512.2	17364	T	G	4558	2180	52	1	1	20	0.000219298	4560	1	FALSE	NA	NA	NA	NA	NA	NA
NC_045512.2	17364	T	A	4558	2180	52	1	1	27	0.000219298	4560	1	FALSE	NA	NA	NA	NA	NA	NA
NC_045512.2	17369	T	A	4563	2306	53	1	1	26	0.000219106	4564	1	FALSE	NA	NA	NA	NA	NA	NA
NC_045512.2	17370	G	T	4649	2364	53	1	1	26	0.000215054	4650	1	FALSE	NA	NA	NA	NA	NA	NA
NC_045512.2	17372	C	A	4687	2390	52	2	1	30	0.00042653	4689	0.89075	FALSE	NA	NA	NA	NA	NA	NA
NC_045512.2	17377	A	C	4823	2472	52	1	0	20	0.000207297	4824	1	FALSE	NA	NA	NA	NA	NA	NA
NC_045512.2	17378	A	C	4799	2521	50	3	1	30	0.00062474	4802	0.773608	FALSE	NA	NA	NA	NA	NA	NA
NC_045512.2	17379	T	A	4800	2397	51	4	3	25	0.000832639	4804	1	FALSE	NA	NA	NA	NA	NA	NA
NC_045512.2	17380	T	G	4793	2404	51	1	0	34	0.000208551	4795	0.968783	FALSE	NA	NA	NA	NA	NA	NA
NC_045512.2	17380	T	A	4793	2404	51	1	1	26	0.000208551	4795	1	FALSE	NA	NA	NA	NA	NA	NA
NC_045512.2	17382	T	G	4788	2430	50	1	1	26	0.000208768	4790	1	FALSE	NA	NA	NA	NA	NA	NA
NC_045512.2	17382	T	A	4788	2430	50	1	1	27	0.000208768	4790	1	FALSE	NA	NA	NA	NA	NA	NA
NC_045512.2	17384	A	G	4845	2566	51	1	0	68	0.000206356	4846	0.500052	FALSE	NA	NA	NA	NA	NA	NA
NC_045512.2	17385	T	G	4047	1564	43	19	19	27	0.00467175	4067	0.998165	FALSE	NA	NA	NA	NA	NA	NA
NC_045512.2	17385	T	C	4047	1564	43	1	0	20	0.000245881	4067	1	FALSE	NA	NA	NA	NA	NA	NA
NC_045512.2	17386	T	G	4245	1914	45	8	8	28	0.00188014	4255	1	FALSE	NA	NA	NA	NA	NA	NA
NC_045512.2	17386	T	C	4245	1914	45	1	0	68	0.000235018	4255	0.499529	FALSE	NA	NA	NA	NA	NA	NA
NC_045512.2	17386	T	A	4245	1914	45	1	0	26	0.000235018	4255	1	FALSE	NA	NA	NA	NA	NA	NA
NC_045512.2	17387	T	G	4664	2460	51	2	2	30	0.000428541	4667	0.8907	FALSE	NA	NA	NA	NA	NA	NA
NC_045512.2	17387	T	A	4664	2460	51	1	0	27	0.00021427	4667	1	FALSE	NA	NA	NA	NA	NA	NA
NC_045512.2	17388	G	T	4733	2566	51	1	1	38	0.000211193	4735	0.968783	FALSE	NA	NA	NA	NA	NA	NA
NC_045512.2	17388	G	C	4733	2566	51	1	1	34	0.000211193	4735	0.968783	FALSE	NA	NA	NA	NA	NA	NA
NC_045512.2	17389	A	G	4892	2721	53	1	0	68	0.00020429	4895	0.499949	FALSE	NA	NA	NA	NA	NA	NA
NC_045512.2	17389	A	C	4892	2721	53	2	2	27	0.00040858	4895	1	FALSE	NA	NA	NA	NA	NA	NA
NC_045512.2	17390	G	C	4601	2395	49	2	1	30	0.000434499	4603	0.890752	FALSE	NA	NA	NA	NA	NA	NA
NC_045512.2	17391	T	A	4847	2740	53	1	0	34	0.000206271	4848	0.968798	FALSE	NA	NA	NA	NA	NA	NA
NC_045512.2	17392	G	C	4828	2711	53	1	1	27	0.000207082	4829	1	FALSE	NA	NA	NA	NA	NA	NA
NC_045512.2	17393	T	G	4738	2679	52	7	7	26	0.00147493	4746	1	FALSE	NA	NA	NA	NA	NA	NA
NC_045512.2	17393	T	A	4738	2679	52	1	0	20	0.000210704	4746	1	FALSE	NA	NA	NA	NA	NA	NA
NC_045512.2	17394	T	C	4799	2768	54	1	1	27	0.000208333	4800	1	FALSE	NA	NA	NA	NA	NA	NA
NC_045512.2	17396	T	G	4780	2795	54	1	0	27	0.000209161	4781	1	FALSE	NA	NA	NA	NA	NA	NA
NC_045512.2	17398	A	T	4786	2829	54	1	0	34	0.000208899	4787	0.968799	FALSE	NA	NA	NA	NA	NA	NA
NC_045512.2	17401	G	T	4687	2857	53	1	1	26	0.000213311	4688	1	FALSE	NA	NA	NA	NA	NA	NA
NC_045512.2	17402	C	A	4641	2877	52	3	0	28	0.000645995	4644	1	FALSE	NA	NA	NA	NA	NA	NA
NC_045512.2	17403	C	T	4651	2893	52	1	0	68	0.000214915	4653	0.5	FALSE	NA	NA	NA	NA	NA	NA
NC_045512.2	17403	C	A	4651	2893	52	1	1	34	0.000214915	4653	0.968784	FALSE	NA	NA	NA	NA	NA	NA
NC_045512.2	17410	C	T	0	0	0	6609	3768	47	0.999697	6611	0	TRUE	NA	NA	NA	NA	NA	NA
NC_045512.2	17410	C	G	0	0	0	1	1	34	0.000151263	6611	0.00105884	TRUE	NA	NA	NA	NA	NA	NA
NC_045512.2	17410	C	A	0	0	0	1	1	26	0.000151263	6611	0.0101346	FALSE	NA	NA	NA	NA	NA	NA
NC_045512.2	17411	G	A	6775	3817	47	1	1	68	0.00014758	6776	0.500037	FALSE	NA	NA	NA	NA	NA	NA
NC_045512.2	17415	T	G	6976	3744	48	1	1	34	0.000143328	6977	0.992203	FALSE	NA	NA	NA	NA	NA	NA
NC_045512.2	17416	A	T	7173	3928	48	1	1	26	0.000139373	7175	1	FALSE	NA	NA	NA	NA	NA	NA
NC_045512.2	17416	A	C	7173	3928	48	1	1	34	0.000139373	7175	0.996101	FALSE	NA	NA	NA	NA	NA	NA
NC_045512.2	17418	G	A	7610	4090	48	1	0	34	0.000131389	7611	0.996103	FALSE	NA	NA	NA	NA	NA	NA
NC_045512.2	17421	C	T	7801	4200	49	1	1	34	0.000128172	7802	0.996103	FALSE	NA	NA	NA	NA	NA	NA
NC_045512.2	17422	T	C	7588	4005	49	2	1	34	0.000263505	7590	0.980506	FALSE	NA	NA	NA	NA	NA	NA
NC_045512.2	17423	A	G	7843	4106	50	1	0	27	0.000127486	7844	1	FALSE	NA	NA	NA	NA	NA	NA
NC_045512.2	17424	T	G	7878	4116	50	1	0	34	0.000126904	7880	0.996101	FALSE	NA	NA	NA	NA	NA	NA
NC_045512.2	17424	T	A	7878	4116	50	1	0	24	0.000126904	7880	1	FALSE	NA	NA	NA	NA	NA	NA
NC_045512.2	17425	G	C	8088	4186	49	1	1	27	0.000123625	8089	1	FALSE	NA	NA	NA	NA	NA	NA
NC_045512.2	17426	T	C	8033	4169	50	2	1	34	0.00024888	8036	0.989277	FALSE	NA	NA	NA	NA	NA	NA
NC_045512.2	17426	T	A	8033	4169	50	1	1	27	0.00012444	8036	1	FALSE	NA	NA	NA	NA	NA	NA
NC_045512.2	17427	G	C	7942	4029	50	2	2	30	0.000251731	7945	0.980495	FALSE	NA	NA	NA	NA	NA	NA
NC_045512.2	17427	G	A	7942	4029	50	1	1	34	0.000125865	7945	0.996099	FALSE	NA	NA	NA	NA	NA	NA
NC_045512.2	17429	A	C	6960	3435	49	2	0	27	0.000287274	6962	1	FALSE	NA	NA	NA	NA	NA	NA
NC_045512.2	17430	C	G	6966	3423	49	1	0	27	0.000143534	6967	1	FALSE	NA	NA	NA	NA	NA	NA
NC_045512.2	17431	A	T	7026	3481	50	1	1	68	0.000142308	7027	0.500036	FALSE	NA	NA	NA	NA	NA	NA
NC_045512.2	17432	T	G	6726	3137	47	1	1	34	0.000148633	6728	0.9922	FALSE	NA	NA	NA	NA	NA	NA
NC_045512.2	17432	T	C	6726	3137	47	1	1	27	0.000148633	6728	1	FALSE	NA	NA	NA	NA	NA	NA
NC_045512.2	17433	T	C	7031	3491	49	3	2	34	0.0004265	7034	0.9454	FALSE	NA	NA	NA	NA	NA	NA
NC_045512.2	17434	G	T	7089	3461	49	2	2	43	0.000282048	7091	0.250018	FALSE	NA	NA	NA	NA	NA	NA
NC_045512.2	17436	C	T	7119	3523	50	1	0	68	0.000140449	7120	0.500035	FALSE	NA	NA	NA	NA	NA	NA
NC_045512.2	17437	G	A	7119	3523	50	1	0	68	0.000140449	7120	0.500035	FALSE	NA	NA	NA	NA	NA	NA
NC_045512.2	17438	A	T	7197	3563	49	1	1	24	0.000138927	7198	1	FALSE	NA	NA	NA	NA	NA	NA
NC_045512.2	17440	C	G	7132	3572	49	1	1	26	0.000140174	7134	1	FALSE	NA	NA	NA	NA	NA	NA
NC_045512.2	17440	C	A	7132	3572	49	1	1	68	0.000140174	7134	0.5	FALSE	NA	NA	NA	NA	NA	NA
NC_045512.2	17442	T	C	7244	3638	50	1	0	68	0.000138026	7245	0.500035	FALSE	NA	NA	NA	NA	NA	NA
NC_045512.2	17443	G	T	7282	3594	49	1	1	20	0.000137287	7284	1	FALSE	NA	NA	NA	NA	NA	NA
NC_045512.2	17443	G	A	7282	3594	49	1	1	68	0.000137287	7284	0.5	FALSE	NA	NA	NA	NA	NA	NA
NC_045512.2	17444	C	T	7362	3716	50	1	1	34	0.000135796	7364	0.996101	FALSE	NA	NA	NA	NA	NA	NA
NC_045512.2	17444	C	A	7362	3716	50	1	0	27	0.000135796	7364	1	FALSE	NA	NA	NA	NA	NA	NA
NC_045512.2	17445	T	G	7315	3624	49	1	0	34	0.000136687	7316	0.996103	FALSE	NA	NA	NA	NA	NA	NA
NC_045512.2	17447	A	T	7390	3754	49	1	1	26	0.000135281	7392	1	FALSE	NA	NA	NA	NA	NA	NA
NC_045512.2	17447	A	G	7390	3754	49	1	0	38	0.000135281	7392	0.996101	FALSE	NA	NA	NA	NA	NA	NA
NC_045512.2	17448	A	G	7501	3820	50	1	0	60	0.000133298	7502	0.500033	FALSE	NA	NA	NA	NA	NA	NA
NC_045512.2	17450	T	C	7652	3831	49	2	2	30	0.000261267	7655	0.980496	FALSE	NA	NA	NA	NA	NA	NA
NC_045512.2	17450	T	A	7652	3831	49	1	1	27	0.000130634	7655	1	FALSE	NA	NA	NA	NA	NA	NA
NC_045512.2	17451	A	T	7639	3830	49	1	1	34	0.00013089	7640	0.996103	FALSE	NA	NA	NA	NA	NA	NA
NC_045512.2	17452	C	T	7631	3849	49	1	1	34	0.000130993	7634	0.996099	FALSE	NA	NA	NA	NA	NA	NA
NC_045512.2	17452	C	A	7631	3849	49	2	2	30	0.000261986	7634	0.980496	FALSE	NA	NA	NA	NA	NA	NA
NC_045512.2	17454	T	C	7650	3927	50	1	1	68	0.000130702	7651	0.500033	FALSE	NA	NA	NA	NA	NA	NA
NC_045512.2	17455	G	A	7630	3905	49	2	2	51	0.000262055	7632	0.250016	FALSE	NA	NA	NA	NA	NA	NA
NC_045512.2	17456	C	T	7684	3979	49	1	0	26	0.00013009	7687	1	FALSE	NA	NA	NA	NA	NA	NA
NC_045512.2	17456	C	A	7684	3979	49	2	0	23	0.00026018	7687	1	FALSE	NA	NA	NA	NA	NA	NA
NC_045512.2	17459	C	G	7542	3888	50	1	0	34	0.000132573	7543	0.996103	FALSE	NA	NA	NA	NA	NA	NA
NC_045512.2	17462	G	A	7467	3798	49	6	3	44	0.00080289	7473	0.0156156	FALSE	NA	NA	NA	NA	NA	NA
NC_045512.2	17464	A	T	7129	3818	46	1	1	26	0.000140193	7133	1	FALSE	NA	NA	NA	NA	NA	NA
NC_045512.2	17464	A	G	7129	3818	46	1	1	46	0.000140193	7133	0.49993	FALSE	NA	NA	NA	NA	NA	NA
NC_045512.2	17464	A	C	7129	3818	46	2	0	26	0.000280387	7133	1	FALSE	NA	NA	NA	NA	NA	NA
NC_045512.2	17467	T	C	7525	3888	49	1	0	34	0.000132855	7527	0.996101	FALSE	NA	NA	NA	NA	NA	NA
NC_045512.2	17467	T	A	7525	3888	49	1	0	68	0.000132855	7527	0.5	FALSE	NA	NA	NA	NA	NA	NA
NC_045512.2	17470	C	T	7570	3940	49	1	1	68	0.000132066	7572	0.5	FALSE	NA	NA	NA	NA	NA	NA
NC_045512.2	17470	C	G	7570	3940	49	1	0	27	0.000132066	7572	1	FALSE	NA	NA	NA	NA	NA	NA
NC_045512.2	17471	T	C	7563	3901	49	1	0	68	0.000132205	7564	0.500033	FALSE	NA	NA	NA	NA	NA	NA
NC_045512.2	17472	A	T	7591	3909	49	1	0	27	0.000131718	7592	1	FALSE	NA	NA	NA	NA	NA	NA
NC_045512.2	17473	A	T	7155	3950	46	1	1	27	0.000139684	7159	1	FALSE	NA	NA	NA	NA	NA	NA
NC_045512.2	17473	A	C	7155	3950	46	3	0	29	0.000419053	7159	1	FALSE	NA	NA	NA	NA	NA	NA
NC_045512.2	17474	C	G	7631	4004	49	1	1	20	0.000131027	7632	1	FALSE	NA	NA	NA	NA	NA	NA
NC_045512.2	17475	T	A	7625	3992	49	1	0	20	0.00013113	7626	1	FALSE	NA	NA	NA	NA	NA	NA
NC_045512.2	17477	A	C	7138	3873	47	2	0	26	0.000280112	7140	1	FALSE	NA	NA	NA	NA	NA	NA
NC_045512.2	17477	A	-G	7138	3873	47	1	0	20	0.000140056	7140	1	FALSE	NA	NA	NA	NA	NA	NA
NC_045512.2	17478	G	T	7523	3884	49	2	2	47	0.000265781	7525	0.249983	FALSE	NA	NA	NA	NA	NA	NA
NC_045512.2	17479	G	C	7468	3842	49	1	1	26	0.000133887	7469	1	FALSE	NA	NA	NA	NA	NA	NA
NC_045512.2	17482	A	C	7420	3816	49	1	1	34	0.000134753	7421	0.996103	FALSE	NA	NA	NA	NA	NA	NA
NC_045512.2	17484	A	T	7572	3905	49	1	1	20	0.000132048	7573	1	FALSE	NA	NA	NA	NA	NA	NA
NC_045512.2	17486	T	G	7668	3920	50	1	1	26	0.000130378	7670	1	FALSE	NA	NA	NA	NA	NA	NA
NC_045512.2	17486	T	C	7668	3920	50	1	1	24	0.000130378	7670	1	FALSE	NA	NA	NA	NA	NA	NA
NC_045512.2	17487	A	G	7568	3871	49	1	0	34	0.000132118	7569	0.996103	FALSE	NA	NA	NA	NA	NA	NA
NC_045512.2	17489	A	G	7565	3907	49	1	0	68	0.00013217	7566	0.500033	FALSE	NA	NA	NA	NA	NA	NA
NC_045512.2	17490	A	C	7560	3901	49	1	0	27	0.000132258	7561	1	FALSE	NA	NA	NA	NA	NA	NA
NC_045512.2	17492	C	G	7405	3831	49	1	1	34	0.000135026	7406	0.996103	FALSE	NA	NA	NA	NA	NA	NA
NC_045512.2	17494	G	C	7418	3731	48	1	1	27	0.000134789	7419	1	FALSE	NA	NA	NA	NA	NA	NA
NC_045512.2	17495	A	T	7451	3879	48	1	1	26	0.000134192	7452	1	FALSE	NA	NA	NA	NA	NA	NA
NC_045512.2	17496	A	G	7503	3874	49	1	0	34	0.000133262	7504	0.996103	FALSE	NA	NA	NA	NA	NA	NA
NC_045512.2	17497	T	A	7328	3712	48	2	1	30	0.000272851	7330	0.980507	FALSE	NA	NA	NA	NA	NA	NA
NC_045512.2	17498	A	G	7394	3816	49	1	0	26	0.000135227	7395	1	FALSE	NA	NA	NA	NA	NA	NA
NC_045512.2	17500	T	G	7484	3808	49	3	2	29	0.000400695	7487	1	FALSE	NA	NA	NA	NA	NA	NA
NC_045512.2	17501	T	C	7524	3833	49	1	1	34	0.00013289	7525	0.996103	FALSE	NA	NA	NA	NA	NA	NA
NC_045512.2	17503	A	G	7272	3816	48	2	0	47	0.000274876	7276	0.249948	FALSE	NA	NA	NA	NA	NA	NA
NC_045512.2	17503	A	C	7272	3816	48	2	0	26	0.000274876	7276	1	FALSE	NA	NA	NA	NA	NA	NA
NC_045512.2	17504	A	G	7060	3814	47	1	1	68	0.000141543	7065	0.499894	FALSE	NA	NA	NA	NA	NA	NA
NC_045512.2	17504	A	C	7060	3814	47	4	0	25	0.000566171	7065	1	FALSE	NA	NA	NA	NA	NA	NA
NC_045512.2	17507	C	A	7397	3813	49	1	0	68	0.000135172	7398	0.500034	FALSE	NA	NA	NA	NA	NA	NA
NC_045512.2	17508	A	C	7159	3729	48	2	0	26	0.000279291	7161	1	FALSE	NA	NA	NA	NA	NA	NA
NC_045512.2	17509	G	T	7455	3749	50	1	0	68	0.000134102	7457	0.5	FALSE	NA	NA	NA	NA	NA	NA
NC_045512.2	17509	G	A	7455	3749	50	1	1	68	0.000134102	7457	0.5	FALSE	NA	NA	NA	NA	NA	NA
NC_045512.2	17510	T	G	7446	3752	49	1	0	27	0.000134282	7447	1	FALSE	NA	NA	NA	NA	NA	NA
NC_045512.2	17512	T	A	7813	3847	50	1	0	34	0.000127975	7814	0.996103	FALSE	NA	NA	NA	NA	NA	NA
NC_045512.2	17513	G	A	7778	3802	49	1	1	34	0.000128551	7779	0.996103	FALSE	NA	NA	NA	NA	NA	NA
NC_045512.2	17515	A	G	7646	3842	49	2	1	47	0.00026137	7652	0.249886	FALSE	NA	NA	NA	NA	NA	NA
NC_045512.2	17515	A	C	7646	3842	49	4	0	32	0.000522739	7652	0.886761	FALSE	NA	NA	NA	NA	NA	NA
NC_045512.2	17516	G	C	7764	3808	49	1	0	27	0.000128783	7765	1	FALSE	NA	NA	NA	NA	NA	NA
NC_045512.2	17517	A	T	7759	3837	49	1	1	20	0.000128866	7760	1	FALSE	NA	NA	NA	NA	NA	NA
NC_045512.2	17519	T	C	7525	3704	50	3	1	35	0.000398512	7528	0.945394	FALSE	NA	NA	NA	NA	NA	NA
NC_045512.2	17520	T	C	6606	3137	51	2	0	51	0.000302663	6608	0.250019	FALSE	NA	NA	NA	NA	NA	NA
NC_045512.2	17521	A	G	6585	3145	51	1	1	24	0.000151837	6586	1	FALSE	NA	NA	NA	NA	NA	NA
NC_045512.2	17522	T	C	6599	3136	51	1	1	60	0.000151515	6600	0.500038	FALSE	NA	NA	NA	NA	NA	NA
NC_045512.2	17523	G	T	6552	3125	51	1	1	26	0.000152602	6553	1	FALSE	NA	NA	NA	NA	NA	NA
NC_045512.2	17524	A	C	6616	3159	51	1	1	27	0.000151126	6617	1	FALSE	NA	NA	NA	NA	NA	NA
NC_045512.2	17525	A	T	6372	3139	51	1	1	27	0.000156838	6376	1	FALSE	NA	NA	NA	NA	NA	NA
NC_045512.2	17525	A	G	6372	3139	51	1	0	68	0.000156838	6376	0.499922	FALSE	NA	NA	NA	NA	NA	NA
NC_045512.2	17525	A	C	6372	3139	51	2	0	23	0.000313676	6376	1	FALSE	NA	NA	NA	NA	NA	NA
NC_045512.2	17526	A	T	6526	3149	51	2	2	30	0.000306279	6530	0.964869	FALSE	NA	NA	NA	NA	NA	NA
NC_045512.2	17526	A	G	6526	3149	51	2	1	47	0.000306279	6530	0.249943	FALSE	NA	NA	NA	NA	NA	NA
NC_045512.2	17527	A	C	6177	3176	49	5	0	29	0.0008088	6182	1	FALSE	NA	NA	NA	NA	NA	NA
NC_045512.2	17528	C	A	6547	3211	51	2	0	25	0.00030539	6549	1	FALSE	NA	NA	NA	NA	NA	NA
NC_045512.2	17529	T	A	6467	3114	50	1	0	26	0.000154607	6468	1	FALSE	NA	NA	NA	NA	NA	NA
NC_045512.2	17530	A	T	6457	3151	51	1	1	24	0.000154847	6458	1	FALSE	NA	NA	NA	NA	NA	NA
NC_045512.2	17532	A	G	6452	3139	51	2	1	34	0.000309837	6455	0.964886	FALSE	NA	NA	NA	NA	NA	NA
NC_045512.2	17532	A	C	6452	3139	51	1	1	27	0.000154919	6455	1	FALSE	NA	NA	NA	NA	NA	NA
NC_045512.2	17533	G	C	6547	3127	51	1	1	27	0.000152718	6548	1	FALSE	NA	NA	NA	NA	NA	NA
NC_045512.2	17534	G	A	6637	3191	51	1	1	34	0.000150648	6638	0.992204	FALSE	NA	NA	NA	NA	NA	NA
NC_045512.2	17535	T	A	6589	3120	51	1	1	27	0.000151745	6590	1	FALSE	NA	NA	NA	NA	NA	NA
NC_045512.2	17537	C	G	5674	2636	52	1	1	26	0.00017618	5676	1	FALSE	NA	NA	NA	NA	NA	NA
NC_045512.2	17537	C	A	5674	2636	52	1	1	34	0.00017618	5676	0.984396	FALSE	NA	NA	NA	NA	NA	NA
NC_045512.2	17538	A	C	5727	2640	52	1	0	26	0.000174581	5728	1	FALSE	NA	NA	NA	NA	NA	NA
NC_045512.2	17539	G	T	5820	2627	52	1	1	34	0.000171762	5822	0.984395	FALSE	NA	NA	NA	NA	NA	NA
NC_045512.2	17539	G	C	5820	2627	52	1	0	26	0.000171762	5822	1	FALSE	NA	NA	NA	NA	NA	NA
NC_045512.2	17540	A	T	5631	2649	50	3	2	40	0.000532387	5635	0.124967	FALSE	NA	NA	NA	NA	NA	NA
NC_045512.2	17540	A	G	5631	2649	50	1	0	68	0.000177462	5635	0.499911	FALSE	NA	NA	NA	NA	NA	NA
NC_045512.2	17542	A	C	5375	2408	52	1	1	34	0.000186012	5376	0.984406	FALSE	NA	NA	NA	NA	NA	NA
NC_045512.2	17543	T	C	4477	1828	53	1	0	60	0.000223264	4479	0.5	FALSE	NA	NA	NA	NA	NA	NA
NC_045512.2	17543	T	A	4477	1828	53	1	1	27	0.000223264	4479	1	FALSE	NA	NA	NA	NA	NA	NA
NC_045512.2	17545	T	C	4440	1794	53	1	0	27	0.000225175	4441	1	FALSE	NA	NA	NA	NA	NA	NA
NC_045512.2	17546	T	C	4449	1846	54	2	2	34	0.000449337	4451	0.890757	FALSE	NA	NA	NA	NA	NA	NA
NC_045512.2	17547	C	A	4505	1864	53	1	1	27	0.000221926	4506	1	FALSE	NA	NA	NA	NA	NA	NA
NC_045512.2	17548	C	G	4292	1757	53	1	1	20	0.000232883	4294	1	FALSE	NA	NA	NA	NA	NA	NA
NC_045512.2	17548	C	A	4292	1757	53	1	0	27	0.000232883	4294	1	FALSE	NA	NA	NA	NA	NA	NA
NC_045512.2	17549	T	G	4325	1732	53	1	1	27	0.00023116	4326	1	FALSE	NA	NA	NA	NA	NA	NA
NC_045512.2	17550	C	G	4307	1745	53	1	1	27	0.000232126	4308	1	FALSE	NA	NA	NA	NA	NA	NA
NC_045512.2	17552	G	C	4334	1742	52	2	1	23	0.000461255	4336	1	FALSE	NA	NA	NA	NA	NA	NA
NC_045512.2	17554	A	T	4283	1826	53	2	0	30	0.000466418	4288	0.890598	FALSE	NA	NA	NA	NA	NA	NA
NC_045512.2	17554	A	C	4283	1826	53	3	0	31	0.000699627	4288	0.773438	FALSE	NA	NA	NA	NA	NA	NA
NC_045512.2	17555	C	G	4317	1839	53	1	1	27	0.000231589	4318	1	FALSE	NA	NA	NA	NA	NA	NA
NC_045512.2	17556	T	A	4220	1792	54	1	0	34	0.000236911	4221	0.968806	FALSE	NA	NA	NA	NA	NA	NA
NC_045512.2	17557	T	C	4233	1800	53	1	1	20	0.000236183	4234	1	FALSE	NA	NA	NA	NA	NA	NA
NC_045512.2	17559	T	G	4242	1793	53	1	0	27	0.000235627	4244	1	FALSE	NA	NA	NA	NA	NA	NA
NC_045512.2	17559	T	A	4242	1793	53	1	0	27	0.000235627	4244	1	FALSE	NA	NA	NA	NA	NA	NA
NC_045512.2	17561	G	C	4163	1757	53	1	1	26	0.000240154	4164	1	FALSE	NA	NA	NA	NA	NA	NA
NC_045512.2	17564	G	A	4274	1867	51	1	0	27	0.000233918	4275	1	FALSE	NA	NA	NA	NA	NA	NA
NC_045512.2	17567	G	A	4356	1932	53	1	0	68	0.000229516	4357	0.500057	FALSE	NA	NA	NA	NA	NA	NA
NC_045512.2	17568	T	G	4373	1992	53	1	0	27	0.000228624	4374	1	FALSE	NA	NA	NA	NA	NA	NA
NC_045512.2	17570	C	G	4284	2093	52	2	0	27	0.000466527	4287	1	FALSE	NA	NA	NA	NA	NA	NA
NC_045512.2	17570	C	A	4284	2093	52	1	1	26	0.000233263	4287	1	FALSE	NA	NA	NA	NA	NA	NA
NC_045512.2	17571	T	C	4165	1955	52	1	0	68	0.000239981	4167	0.5	FALSE	NA	NA	NA	NA	NA	NA
NC_045512.2	17571	T	A	4165	1955	52	1	0	34	0.000239981	4167	0.968788	FALSE	NA	NA	NA	NA	NA	NA
NC_045512.2	17577	A	G	4122	2010	51	1	0	46	0.000242542	4123	0.500061	FALSE	NA	NA	NA	NA	NA	NA
NC_045512.2	17580	T	A	4189	2073	51	1	0	26	0.000238663	4190	1	FALSE	NA	NA	NA	NA	NA	NA
NC_045512.2	17581	G	T	4184	1997	50	1	1	26	0.000238949	4185	1	FALSE	NA	NA	NA	NA	NA	NA
NC_045512.2	17582	T	G	3951	1748	46	6	6	28	0.0015163	3957	1	FALSE	NA	NA	NA	NA	NA	NA
NC_045512.2	17583	T	C	4206	2054	51	1	0	34	0.000237643	4208	0.968787	FALSE	NA	NA	NA	NA	NA	NA
NC_045512.2	17583	T	A	4206	2054	51	1	1	27	0.000237643	4208	1	FALSE	NA	NA	NA	NA	NA	NA
NC_045512.2	17585	A	T	4208	2114	51	1	1	27	0.00023753	4210	1	FALSE	NA	NA	NA	NA	NA	NA
NC_045512.2	17585	A	C	4208	2114	51	1	1	26	0.00023753	4210	1	FALSE	NA	NA	NA	NA	NA	NA
NC_045512.2	17586	C	A	4299	2129	52	1	0	27	0.000232558	4300	1	FALSE	NA	NA	NA	NA	NA	NA
NC_045512.2	17589	T	A	4301	2072	51	1	1	34	0.00023245	4302	0.968804	FALSE	NA	NA	NA	NA	NA	NA
NC_045512.2	17594	G	T	4390	2118	51	1	0	34	0.000227739	4391	0.968803	FALSE	NA	NA	NA	NA	NA	NA
NC_045512.2	17596	G	T	4338	2044	51	1	1	26	0.000230415	4340	1	FALSE	NA	NA	NA	NA	NA	NA
NC_045512.2	17596	G	A	4338	2044	51	1	0	68	0.000230415	4340	0.5	FALSE	NA	NA	NA	NA	NA	NA
NC_045512.2	17598	T	G	4221	2130	52	1	1	27	0.000236855	4222	1	FALSE	NA	NA	NA	NA	NA	NA
NC_045512.2	17599	T	G	4140	2097	52	2	2	30	0.000482859	4142	0.890766	FALSE	NA	NA	NA	NA	NA	NA
NC_045512.2	17601	G	T	4316	2173	52	1	1	34	0.000231642	4317	0.968804	FALSE	NA	NA	NA	NA	NA	NA
NC_045512.2	17602	G	T	4352	2185	52	1	1	34	0.000229727	4353	0.968804	FALSE	NA	NA	NA	NA	NA	NA
NC_045512.2	17603	T	G	3905	1707	47	3	3	29	0.000767263	3910	1	FALSE	NA	NA	NA	NA	NA	NA
NC_045512.2	17603	T	C	3905	1707	47	1	0	27	0.000255754	3910	1	FALSE	NA	NA	NA	NA	NA	NA
NC_045512.2	17603	T	A	3905	1707	47	1	0	20	0.000255754	3910	1	FALSE	NA	NA	NA	NA	NA	NA
NC_045512.2	17604	T	A	4301	2168	53	1	1	27	0.00023245	4302	1	FALSE	NA	NA	NA	NA	NA	NA
NC_045512.2	17605	T	C	4260	2129	53	1	0	26	0.000234687	4261	1	FALSE	NA	NA	NA	NA	NA	NA
NC_045512.2	17607	T	C	4265	2145	53	1	1	68	0.000234412	4266	0.500059	FALSE	NA	NA	NA	NA	NA	NA
NC_045512.2	17608	G	T	4247	2154	53	2	2	23	0.000470367	4252	1	FALSE	NA	NA	NA	NA	NA	NA
NC_045512.2	17608	G	C	4247	2154	53	2	0	30	0.000470367	4252	0.890597	FALSE	NA	NA	NA	NA	NA	NA
NC_045512.2	17608	G	A	4247	2154	53	1	0	34	0.000235183	4252	0.968732	FALSE	NA	NA	NA	NA	NA	NA
NC_045512.2	17610	T	A	4165	2024	51	2	2	26	0.000479962	4167	1	FALSE	NA	NA	NA	NA	NA	NA
NC_045512.2	17612	A	T	4173	2086	53	1	0	34	0.000239521	4175	0.968787	FALSE	NA	NA	NA	NA	NA	NA
NC_045512.2	17612	A	C	4173	2086	53	1	0	27	0.000239521	4175	1	FALSE	NA	NA	NA	NA	NA	NA
NC_045512.2	17613	T	G	4168	2051	53	1	0	27	0.000239866	4169	1	FALSE	NA	NA	NA	NA	NA	NA
NC_045512.2	17614	A	T	4178	2095	52	1	1	26	0.000239177	4181	1	FALSE	NA	NA	NA	NA	NA	NA
NC_045512.2	17614	A	G	4178	2095	52	2	2	57	0.000478354	4181	0.24997	FALSE	NA	NA	NA	NA	NA	NA
NC_045512.2	17615	A	G	4220	2119	54	2	1	30	0.000473709	4222	0.890764	FALSE	NA	NA	NA	NA	NA	NA
NC_045512.2	17616	G	T	4465	2158	52	1	0	26	0.000223914	4466	1	FALSE	NA	NA	NA	NA	NA	NA
NC_045512.2	17617	C	A	4405	2208	51	7	0	29	0.00158658	4412	1	FALSE	NA	NA	NA	NA	NA	NA
NC_045512.2	17618	T	G	4417	2130	52	2	2	20	0.000452591	4419	1	FALSE	NA	NA	NA	NA	NA	NA
NC_045512.2	17619	T	G	4408	2163	52	1	1	27	0.000226757	4410	1	FALSE	NA	NA	NA	NA	NA	NA
NC_045512.2	17619	T	C	4408	2163	52	1	1	34	0.000226757	4410	0.968785	FALSE	NA	NA	NA	NA	NA	NA
NC_045512.2	17621	A	C	4372	2141	52	1	1	27	0.000228676	4373	1	FALSE	NA	NA	NA	NA	NA	NA
NC_045512.2	17622	A	G	4196	2189	49	1	0	68	0.000238209	4198	0.5	FALSE	NA	NA	NA	NA	NA	NA
NC_045512.2	17622	A	C	4196	2189	49	1	0	27	0.000238209	4198	1	FALSE	NA	NA	NA	NA	NA	NA
NC_045512.2	17624	C	A	4387	2223	52	2	1	26	0.000455685	4389	1	FALSE	NA	NA	NA	NA	NA	NA
NC_045512.2	17625	A	G	4214	2015	52	1	0	60	0.000237248	4215	0.500059	FALSE	NA	NA	NA	NA	NA	NA
NC_045512.2	17626	C	G	4460	2068	52	1	0	34	0.000224165	4461	0.968803	FALSE	NA	NA	NA	NA	NA	NA
NC_045512.2	17631	A	C	4335	2179	48	3	0	26	0.000691563	4338	1	FALSE	NA	NA	NA	NA	NA	NA
NC_045512.2	17633	A	G	4583	2149	52	1	0	68	0.000218103	4585	0.5	FALSE	NA	NA	NA	NA	NA	NA
NC_045512.2	17633	A	C	4583	2149	52	1	0	20	0.000218103	4585	1	FALSE	NA	NA	NA	NA	NA	NA
NC_045512.2	17635	A	T	4423	2108	52	1	0	26	0.00022604	4424	1	FALSE	NA	NA	NA	NA	NA	NA
NC_045512.2	17639	C	G	4492	2146	51	2	2	30	0.000445038	4494	0.890755	FALSE	NA	NA	NA	NA	NA	NA
NC_045512.2	17640	A	G	4390	2094	52	1	0	68	0.000227739	4391	0.500057	FALSE	NA	NA	NA	NA	NA	NA
NC_045512.2	17641	G	A	4450	2061	51	1	0	68	0.000224669	4451	0.500056	FALSE	NA	NA	NA	NA	NA	NA
NC_045512.2	17646	A	G	4267	2032	51	1	0	34	0.000234302	4268	0.968805	FALSE	NA	NA	NA	NA	NA	NA
NC_045512.2	17648	G	T	4318	2023	51	1	1	27	0.000231481	4320	1	FALSE	NA	NA	NA	NA	NA	NA
NC_045512.2	17648	G	C	4318	2023	51	1	0	27	0.000231481	4320	1	FALSE	NA	NA	NA	NA	NA	NA
NC_045512.2	17649	C	T	4320	2103	51	1	1	68	0.000231428	4321	0.500058	FALSE	NA	NA	NA	NA	NA	NA
NC_045512.2	17650	T	G	4177	1945	50	1	0	27	0.000239349	4178	1	FALSE	NA	NA	NA	NA	NA	NA
NC_045512.2	17651	T	G	4209	2028	51	1	1	27	0.00023753	4210	1	FALSE	NA	NA	NA	NA	NA	NA
NC_045512.2	17652	T	A	4259	2091	53	1	0	34	0.000234742	4260	0.968805	FALSE	NA	NA	NA	NA	NA	NA
NC_045512.2	17655	A	T	4202	2076	52	1	1	27	0.000237869	4204	1	FALSE	NA	NA	NA	NA	NA	NA
NC_045512.2	17655	A	C	4202	2076	52	1	0	20	0.000237869	4204	1	FALSE	NA	NA	NA	NA	NA	NA
NC_045512.2	17656	A	T	4234	2065	52	2	2	27	0.000472032	4237	1	FALSE	NA	NA	NA	NA	NA	NA
NC_045512.2	17656	A	G	4234	2065	52	1	1	34	0.000236016	4237	0.968768	FALSE	NA	NA	NA	NA	NA	NA
NC_045512.2	17658	G	T	4248	2040	52	1	1	26	0.000235294	4250	1	FALSE	NA	NA	NA	NA	NA	NA
NC_045512.2	17658	G	C	4248	2040	52	1	0	20	0.000235294	4250	1	FALSE	NA	NA	NA	NA	NA	NA
NC_045512.2	17659	T	C	4254	2029	52	1	0	24	0.000235018	4255	1	FALSE	NA	NA	NA	NA	NA	NA
NC_045512.2	17660	T	C	4086	1918	50	1	1	34	0.000244678	4087	0.968807	FALSE	NA	NA	NA	NA	NA	NA
NC_045512.2	17661	T	A	4372	2125	52	1	1	27	0.000228676	4373	1	FALSE	NA	NA	NA	NA	NA	NA
NC_045512.2	17662	T	A	4338	2204	51	1	0	34	0.000230468	4339	0.968804	FALSE	NA	NA	NA	NA	NA	NA
NC_045512.2	17663	A	G	4360	2234	51	1	1	34	0.0002292	4363	0.968768	FALSE	NA	NA	NA	NA	NA	NA
NC_045512.2	17663	A	C	4360	2234	51	2	0	30	0.0004584	4363	0.890706	FALSE	NA	NA	NA	NA	NA	NA
NC_045512.2	17664	T	-A	4398	2237	51	1	0	20	0.000227376	4398	1	FALSE	NA	NA	NA	NA	NA	NA
NC_045512.2	17666	A	T	4329	2220	50	1	0	34	0.000230894	4331	0.968786	FALSE	NA	NA	NA	NA	NA	NA
NC_045512.2	17666	A	G	4329	2220	50	1	0	68	0.000230894	4331	0.5	FALSE	NA	NA	NA	NA	NA	NA
NC_045512.2	17670	T	A	4520	2168	50	1	1	20	0.00022119	4521	1	FALSE	NA	NA	NA	NA	NA	NA
NC_045512.2	17671	G	A	4569	2178	51	2	1	30	0.000437541	4571	0.890753	FALSE	NA	NA	NA	NA	NA	NA
NC_045512.2	17673	T	C	4450	2071	49	1	0	34	0.000224618	4452	0.968785	FALSE	NA	NA	NA	NA	NA	NA
NC_045512.2	17673	T	A	4450	2071	49	1	1	27	0.000224618	4452	1	FALSE	NA	NA	NA	NA	NA	NA
NC_045512.2	17677	A	G	4375	2092	51	1	0	68	0.000228519	4376	0.500057	FALSE	NA	NA	NA	NA	NA	NA
NC_045512.2	17680	C	G	4091	1925	50	1	1	26	0.000244379	4092	1	FALSE	NA	NA	NA	NA	NA	NA
NC_045512.2	17687	T	A	4041	1994	50	1	0	27	0.000247402	4042	1	FALSE	NA	NA	NA	NA	NA	NA
NC_045512.2	17688	T	C	3982	1966	50	1	1	68	0.000251067	3983	0.500063	FALSE	NA	NA	NA	NA	NA	NA
NC_045512.2	17691	A	G	3967	2010	49	1	0	68	0.000251953	3969	0.5	FALSE	NA	NA	NA	NA	NA	NA
NC_045512.2	17691	A	C	3967	2010	49	1	0	20	0.000251953	3969	1	FALSE	NA	NA	NA	NA	NA	NA
NC_045512.2	17695	G	C	3831	1906	49	1	0	20	0.00026096	3832	1	FALSE	NA	NA	NA	NA	NA	NA
NC_045512.2	17696	C	T	3840	1948	49	1	1	34	0.000260281	3842	0.937549	FALSE	NA	NA	NA	NA	NA	NA
NC_045512.2	17696	C	A	3840	1948	49	1	0	26	0.000260281	3842	1	FALSE	NA	NA	NA	NA	NA	NA
NC_045512.2	17698	A	C	3769	1979	49	2	0	26	0.000530363	3771	1	FALSE	NA	NA	NA	NA	NA	NA
NC_045512.2	17699	T	G	3717	1825	48	1	1	26	0.000268962	3718	1	FALSE	NA	NA	NA	NA	NA	NA
NC_045512.2	17701	A	T	4434	2128	47	1	1	26	0.000225479	4435	1	FALSE	NA	NA	NA	NA	NA	NA
NC_045512.2	17702	A	G	4144	2157	45	1	0	27	0.000241138	4147	1	FALSE	NA	NA	NA	NA	NA	NA
NC_045512.2	17702	A	C	4144	2157	45	2	0	34	0.000482276	4147	0.89071	FALSE	NA	NA	NA	NA	NA	NA
NC_045512.2	17703	C	A	4397	2159	47	1	0	34	0.000227376	4398	0.968803	FALSE	NA	NA	NA	NA	NA	NA
NC_045512.2	17704	A	G	4183	1983	47	1	0	26	0.000239006	4184	1	FALSE	NA	NA	NA	NA	NA	NA
NC_045512.2	17706	G	C	4265	1991	47	1	1	24	0.000234357	4267	1	FALSE	NA	NA	NA	NA	NA	NA
NC_045512.2	17706	G	A	4265	1991	47	1	0	34	0.000234357	4267	0.968787	FALSE	NA	NA	NA	NA	NA	NA
NC_045512.2	17708	C	T	4326	2109	48	1	0	34	0.000231054	4328	0.968786	FALSE	NA	NA	NA	NA	NA	NA
NC_045512.2	17708	C	A	4326	2109	48	1	1	38	0.000231054	4328	0.968786	FALSE	NA	NA	NA	NA	NA	NA
NC_045512.2	17709	A	C	4303	2070	47	1	0	26	0.000232342	4304	1	FALSE	NA	NA	NA	NA	NA	NA
NC_045512.2	17712	A	T	4564	2346	50	1	0	34	0.00021901	4566	0.968784	FALSE	NA	NA	NA	NA	NA	NA
NC_045512.2	17712	A	C	4564	2346	50	1	0	68	0.00021901	4566	0.5	FALSE	NA	NA	NA	NA	NA	NA
NC_045512.2	17714	T	G	4387	2212	48	1	1	34	0.000227894	4388	0.968803	FALSE	NA	NA	NA	NA	NA	NA
NC_045512.2	17716	G	C	4417	2239	49	1	1	26	0.000226347	4418	1	FALSE	NA	NA	NA	NA	NA	NA
NC_045512.2	17717	G	C	4390	2273	49	1	0	20	0.000227739	4391	1	FALSE	NA	NA	NA	NA	NA	NA
NC_045512.2	17718	C	T	4403	2293	50	2	1	34	0.000453926	4406	0.890705	FALSE	NA	NA	NA	NA	NA	NA
NC_045512.2	17718	C	A	4403	2293	50	1	1	27	0.000226963	4406	1	FALSE	NA	NA	NA	NA	NA	NA
NC_045512.2	17723	T	G	4373	2260	50	1	1	34	0.000228571	4375	0.968786	FALSE	NA	NA	NA	NA	NA	NA
NC_045512.2	17723	T	C	4373	2260	50	1	0	68	0.000228571	4375	0.5	FALSE	NA	NA	NA	NA	NA	NA
NC_045512.2	17724	A	T	4373	2269	50	1	1	27	0.000228624	4374	1	FALSE	NA	NA	NA	NA	NA	NA
NC_045512.2	17727	A	T	4170	2334	47	3	0	30	0.000718735	4174	0.773536	FALSE	NA	NA	NA	NA	NA	NA
NC_045512.2	17727	A	G	4170	2334	47	1	0	34	0.000239578	4174	0.96875	FALSE	NA	NA	NA	NA	NA	NA
NC_045512.2	17728	G	T	4478	2314	51	1	1	27	0.000223264	4479	1	FALSE	NA	NA	NA	NA	NA	NA
NC_045512.2	17729	A	T	4264	2251	47	1	1	26	0.000234467	4265	1	FALSE	NA	NA	NA	NA	NA	NA
NC_045512.2	17730	A	C	4252	2184	49	1	0	26	0.000235128	4253	1	FALSE	NA	NA	NA	NA	NA	NA
NC_045512.2	17731	T	C	4361	2259	50	1	1	68	0.000229253	4362	0.500057	FALSE	NA	NA	NA	NA	NA	NA
NC_045512.2	17733	C	G	4479	2305	50	1	1	34	0.000223164	4481	0.968785	FALSE	NA	NA	NA	NA	NA	NA
NC_045512.2	17733	C	A	4479	2305	50	1	0	27	0.000223164	4481	1	FALSE	NA	NA	NA	NA	NA	NA
NC_045512.2	17736	T	G	3496	1615	49	1	1	27	0.000285959	3497	1	FALSE	NA	NA	NA	NA	NA	NA
NC_045512.2	17738	C	G	3704	1762	50	1	0	34	0.000269906	3705	0.937584	FALSE	NA	NA	NA	NA	NA	NA
NC_045512.2	17740	C	A	4015	1831	49	1	0	26	0.000249004	4016	1	FALSE	NA	NA	NA	NA	NA	NA
NC_045512.2	17741	G	T	4007	1830	49	1	1	26	0.000249501	4008	1	FALSE	NA	NA	NA	NA	NA	NA
NC_045512.2	17742	T	C	4040	1856	49	1	1	27	0.000247402	4042	1	FALSE	NA	NA	NA	NA	NA	NA
NC_045512.2	17742	T	A	4040	1856	49	1	1	26	0.000247402	4042	1	FALSE	NA	NA	NA	NA	NA	NA
NC_045512.2	17746	C	G	4121	1937	49	1	1	26	0.000242601	4122	1	FALSE	NA	NA	NA	NA	NA	NA
NC_045512.2	17747	C	A	4145	1969	50	1	1	27	0.000241196	4146	1	FALSE	NA	NA	NA	NA	NA	NA
NC_045512.2	17749	G	C	4170	1943	49	1	0	26	0.000239751	4171	1	FALSE	NA	NA	NA	NA	NA	NA
NC_045512.2	17750	C	A	4220	2022	50	2	0	26	0.000473709	4222	1	FALSE	NA	NA	NA	NA	NA	NA
NC_045512.2	17751	T	G	4090	1863	48	2	2	26	0.000488759	4092	1	FALSE	NA	NA	NA	NA	NA	NA
NC_045512.2	17752	T	A	4226	2036	50	1	0	34	0.000236574	4227	0.968805	FALSE	NA	NA	NA	NA	NA	NA
NC_045512.2	17754	G	T	4361	2080	50	1	0	34	0.0002292	4363	0.968786	FALSE	NA	NA	NA	NA	NA	NA
NC_045512.2	17754	G	C	4361	2080	50	1	0	34	0.0002292	4363	0.968786	FALSE	NA	NA	NA	NA	NA	NA
NC_045512.2	17756	G	A	4415	2101	50	1	0	24	0.000226449	4416	1	FALSE	NA	NA	NA	NA	NA	NA
NC_045512.2	17759	A	C	4448	2208	51	1	0	26	0.00022477	4449	1	FALSE	NA	NA	NA	NA	NA	NA
NC_045512.2	17760	A	C	4443	2272	51	1	0	34	0.000225023	4444	0.968803	FALSE	NA	NA	NA	NA	NA	NA
NC_045512.2	17761	G	T	4424	2232	50	2	2	34	0.000451875	4426	0.890757	FALSE	NA	NA	NA	NA	NA	NA
NC_045512.2	17763	T	C	4411	2304	50	1	0	34	0.000226552	4414	0.968768	FALSE	NA	NA	NA	NA	NA	NA
NC_045512.2	17763	T	A	4411	2304	50	2	1	25	0.000453104	4414	1	FALSE	NA	NA	NA	NA	NA	NA
NC_045512.2	17764	G	C	4534	2377	51	1	1	27	0.000220507	4535	1	FALSE	NA	NA	NA	NA	NA	NA
NC_045512.2	17766	C	+T	4569	2387	51	1	0	20	0.000218866	4569	1	FALSE	NA	NA	NA	NA	NA	NA
NC_045512.2	17767	T	G	4411	2222	49	4	4	28	0.000906002	4415	1	FALSE	NA	NA	NA	NA	NA	NA
NC_045512.2	17769	T	A	4571	2379	50	1	0	34	0.000218723	4572	0.968801	FALSE	NA	NA	NA	NA	NA	NA
NC_045512.2	17770	A	G	4602	2398	51	1	1	68	0.000217202	4604	0.5	FALSE	NA	NA	NA	NA	NA	NA
NC_045512.2	17770	A	C	4602	2398	51	1	1	34	0.000217202	4604	0.968784	FALSE	NA	NA	NA	NA	NA	NA
NC_045512.2	17771	T	C	4582	2394	51	1	1	24	0.000218198	4583	1	FALSE	NA	NA	NA	NA	NA	NA
NC_045512.2	17772	T	A	4507	2326	49	1	0	26	0.000221828	4508	1	FALSE	NA	NA	NA	NA	NA	NA
NC_045512.2	17774	C	T	4471	2406	51	2	1	51	0.000447127	4473	0.250028	FALSE	NA	NA	NA	NA	NA	NA
NC_045512.2	17776	C	A	4444	2374	50	1	1	46	0.000224972	4445	0.500056	FALSE	NA	NA	NA	NA	NA	NA
NC_045512.2	17777	C	G	4465	2424	50	1	0	27	0.000223914	4466	1	FALSE	NA	NA	NA	NA	NA	NA
NC_045512.2	17778	T	C	4479	2407	51	1	1	27	0.000223214	4480	1	FALSE	NA	NA	NA	NA	NA	NA
NC_045512.2	17780	A	C	4541	2434	51	2	2	26	0.000440238	4543	1	FALSE	NA	NA	NA	NA	NA	NA
NC_045512.2	17782	A	T	4509	2419	50	1	1	26	0.00022168	4511	1	FALSE	NA	NA	NA	NA	NA	NA
NC_045512.2	17782	A	C	4509	2419	50	1	1	27	0.00022168	4511	1	FALSE	NA	NA	NA	NA	NA	NA
NC_045512.2	17784	T	G	4383	2341	48	4	4	28	0.000911369	4389	1	FALSE	NA	NA	NA	NA	NA	NA
NC_045512.2	17784	T	C	4383	2341	48	1	0	26	0.000227842	4389	1	FALSE	NA	NA	NA	NA	NA	NA
NC_045512.2	17784	T	A	4383	2341	48	1	0	26	0.000227842	4389	1	FALSE	NA	NA	NA	NA	NA	NA
NC_045512.2	17787	A	C	4251	2478	48	2	0	30	0.000470256	4253	0.890763	FALSE	NA	NA	NA	NA	NA	NA
NC_045512.2	17788	C	T	4392	2448	50	1	1	68	0.000227635	4393	0.500057	FALSE	NA	NA	NA	NA	NA	NA
NC_045512.2	17790	G	A	4434	2449	50	2	1	30	0.000450857	4436	0.890757	FALSE	NA	NA	NA	NA	NA	NA
NC_045512.2	17791	A	T	4464	2450	51	1	0	60	0.000223964	4465	0.500056	FALSE	NA	NA	NA	NA	NA	NA
NC_045512.2	17793	T	A	4570	2506	50	1	1	26	0.000218771	4571	1	FALSE	NA	NA	NA	NA	NA	NA
NC_045512.2	17794	G	T	4600	2479	49	1	1	26	0.000217344	4601	1	FALSE	NA	NA	NA	NA	NA	NA
NC_045512.2	17795	C	A	4696	2608	50	1	0	27	0.000212902	4697	1	FALSE	NA	NA	NA	NA	NA	NA
NC_045512.2	17797	G	A	4656	2537	50	1	0	34	0.000214731	4657	0.9688	FALSE	NA	NA	NA	NA	NA	NA
NC_045512.2	17798	T	A	4664	2555	50	2	0	30	0.000428633	4666	0.890751	FALSE	NA	NA	NA	NA	NA	NA
NC_045512.2	17799	A	T	4591	2513	51	1	0	34	0.000217723	4593	0.968784	FALSE	NA	NA	NA	NA	NA	NA
NC_045512.2	17799	A	G	4591	2513	51	1	0	68	0.000217723	4593	0.5	FALSE	NA	NA	NA	NA	NA	NA
NC_045512.2	17802	C	T	4466	2389	51	2	1	34	0.000447628	4468	0.890756	FALSE	NA	NA	NA	NA	NA	NA
NC_045512.2	17804	C	A	4274	2263	52	1	1	26	0.000233918	4275	1	FALSE	NA	NA	NA	NA	NA	NA
NC_045512.2	17805	A	G	4248	2292	52	1	0	60	0.000235349	4249	0.500059	FALSE	NA	NA	NA	NA	NA	NA
NC_045512.2	17806	A	C	4127	2274	50	2	0	25	0.000484379	4129	1	FALSE	NA	NA	NA	NA	NA	NA
NC_045512.2	17807	A	G	4142	2308	51	1	1	52	0.000241313	4144	0.5	FALSE	NA	NA	NA	NA	NA	NA
NC_045512.2	17807	A	C	4142	2308	51	1	0	26	0.000241313	4144	1	FALSE	NA	NA	NA	NA	NA	NA
NC_045512.2	17808	G	T	4318	2308	51	1	1	26	0.000231535	4319	1	FALSE	NA	NA	NA	NA	NA	NA
NC_045512.2	17809	A	T	4265	2316	51	1	0	26	0.000234357	4267	1	FALSE	NA	NA	NA	NA	NA	NA
NC_045512.2	17809	A	G	4265	2316	51	1	0	68	0.000234357	4267	0.5	FALSE	NA	NA	NA	NA	NA	NA
NC_045512.2	17809	A	-T	4265	2316	51	1	0	20	0.000234357	4267	1	FALSE	NA	NA	NA	NA	NA	NA
NC_045512.2	17810	T	C	4245	2305	51	1	0	46	0.000235516	4246	0.5	FALSE	NA	NA	NA	NA	NA	NA
NC_045512.2	17811	T	G	4131	2152	50	2	2	34	0.000483676	4135	0.890653	FALSE	NA	NA	NA	NA	NA	NA
NC_045512.2	17811	T	A	4131	2152	50	2	0	26	0.000483676	4135	1	FALSE	NA	NA	NA	NA	NA	NA
NC_045512.2	17813	T	G	4248	2315	52	4	3	39	0.000940734	4252	0.636912	FALSE	NA	NA	NA	NA	NA	NA
NC_045512.2	17814	G	C	4257	2304	52	1	1	27	0.000234852	4258	1	FALSE	NA	NA	NA	NA	NA	NA
NC_045512.2	17815	G	T	4247	2309	51	1	1	24	0.000235405	4248	1	FALSE	NA	NA	NA	NA	NA	NA
NC_045512.2	17816	G	C	4288	2349	52	2	2	30	0.0004662	4290	0.890762	FALSE	NA	NA	NA	NA	NA	NA
NC_045512.2	17817	A	G	4213	2299	52	1	0	26	0.000237248	4215	1	FALSE	NA	NA	NA	NA	NA	NA
NC_045512.2	17817	A	C	4213	2299	52	1	1	27	0.000237248	4215	1	FALSE	NA	NA	NA	NA	NA	NA
NC_045512.2	17819	T	G	4189	2376	51	1	1	34	0.000238607	4191	0.968787	FALSE	NA	NA	NA	NA	NA	NA
NC_045512.2	17819	T	C	4189	2376	51	1	0	60	0.000238607	4191	0.5	FALSE	NA	NA	NA	NA	NA	NA
NC_045512.2	17820	A	C	4201	2397	51	1	0	26	0.000237982	4202	1	FALSE	NA	NA	NA	NA	NA	NA
NC_045512.2	17822	C	G	4199	2474	51	1	1	27	0.000238039	4201	1	FALSE	NA	NA	NA	NA	NA	NA
NC_045512.2	17822	C	A	4199	2474	51	1	0	34	0.000238039	4201	0.968787	FALSE	NA	NA	NA	NA	NA	NA
NC_045512.2	17824	A	T	3984	2502	46	1	1	34	0.000250627	3990	0.937422	FALSE	NA	NA	NA	NA	NA	NA
NC_045512.2	17824	A	C	3984	2502	46	5	0	28	0.00125313	3990	1	FALSE	NA	NA	NA	NA	NA	NA
NC_045512.2	17825	C	A	4284	2509	51	1	0	20	0.000233372	4285	1	FALSE	NA	NA	NA	NA	NA	NA
NC_045512.2	17826	T	C	4304	2519	52	2	0	51	0.000464468	4306	0.250029	FALSE	NA	NA	NA	NA	NA	NA
NC_045512.2	17826	T	+A	4304	2519	52	1	0	20	0.000232234	4306	1	FALSE	NA	NA	NA	NA	NA	NA
NC_045512.2	17828	A	G	4186	2471	51	1	1	68	0.000238777	4188	0.5	FALSE	NA	NA	NA	NA	NA	NA
NC_045512.2	17828	A	C	4186	2471	51	1	0	34	0.000238777	4188	0.968787	FALSE	NA	NA	NA	NA	NA	NA
NC_045512.2	17829	A	G	4167	2431	51	1	1	34	0.000239923	4168	0.968806	FALSE	NA	NA	NA	NA	NA	NA
NC_045512.2	17830	A	C	3899	2449	46	1	0	26	0.00025641	3900	1	FALSE	NA	NA	NA	NA	NA	NA
NC_045512.2	17832	T	G	4137	2406	51	1	1	38	0.000241604	4139	0.968788	FALSE	NA	NA	NA	NA	NA	NA
NC_045512.2	17832	T	A	4137	2406	51	1	1	24	0.000241604	4139	1	FALSE	NA	NA	NA	NA	NA	NA
NC_045512.2	17833	G	T	4196	2464	51	1	1	27	0.000238265	4197	1	FALSE	NA	NA	NA	NA	NA	NA
NC_045512.2	17834	T	G	3938	2224	50	2	2	26	0.000507614	3940	1	FALSE	NA	NA	NA	NA	NA	NA
NC_045512.2	17837	A	C	4231	2552	51	1	0	34	0.000236295	4232	0.968805	FALSE	NA	NA	NA	NA	NA	NA
NC_045512.2	17838	T	G	4218	2524	52	1	0	27	0.000237023	4219	1	FALSE	NA	NA	NA	NA	NA	NA
NC_045512.2	17839	T	C	4258	2554	52	1	0	60	0.000234797	4259	0.500059	FALSE	NA	NA	NA	NA	NA	NA
NC_045512.2	17841	A	G	4156	2496	52	1	0	27	0.000240442	4159	1	FALSE	NA	NA	NA	NA	NA	NA
NC_045512.2	17841	A	C	4156	2496	52	2	0	27	0.000480885	4159	1	FALSE	NA	NA	NA	NA	NA	NA
NC_045512.2	17843	C	A	4220	2500	52	2	0	23	0.000473709	4222	1	FALSE	NA	NA	NA	NA	NA	NA
NC_045512.2	17845	C	A	4183	2547	51	1	0	27	0.000239006	4184	1	FALSE	NA	NA	NA	NA	NA	NA
NC_045512.2	17846	A	C	4126	2496	51	1	0	27	0.000242307	4127	1	FALSE	NA	NA	NA	NA	NA	NA
NC_045512.2	17847	G	T	4147	2491	51	2	2	47	0.000482044	4149	0.25003	FALSE	NA	NA	NA	NA	NA	NA
NC_045512.2	17850	C	G	4312	2534	51	1	0	26	0.000231857	4313	1	FALSE	NA	NA	NA	NA	NA	NA
NC_045512.2	17852	C	A	4274	2480	51	1	0	34	0.000233918	4275	0.968805	FALSE	NA	NA	NA	NA	NA	NA
NC_045512.2	17857	T	C	4772	2568	49	1	0	34	0.000209468	4774	0.968783	FALSE	NA	NA	NA	NA	NA	NA
NC_045512.2	17857	T	A	4772	2568	49	1	0	27	0.000209468	4774	1	FALSE	NA	NA	NA	NA	NA	NA
NC_045512.2	17862	C	G	4546	2468	49	1	0	27	0.000219925	4547	1	FALSE	NA	NA	NA	NA	NA	NA
NC_045512.2	17863	T	A	3855	1902	50	1	1	24	0.000259336	3856	1	FALSE	NA	NA	NA	NA	NA	NA
NC_045512.2	17865	T	C	3916	1881	50	1	1	68	0.000255297	3917	0.500064	FALSE	NA	NA	NA	NA	NA	NA
NC_045512.2	17867	T	C	4128	1960	50	1	0	68	0.000242189	4129	0.500061	FALSE	NA	NA	NA	NA	NA	NA
NC_045512.2	17869	A	T	4082	1944	50	1	0	34	0.000244918	4083	0.968807	FALSE	NA	NA	NA	NA	NA	NA
NC_045512.2	17870	T	C	4028	1876	49	1	0	38	0.000248201	4029	0.968808	FALSE	NA	NA	NA	NA	NA	NA
NC_045512.2	17871	A	T	4038	1940	49	2	0	30	0.00049505	4040	0.89077	FALSE	NA	NA	NA	NA	NA	NA
NC_045512.2	17872	T	A	4061	1944	50	1	0	27	0.000246184	4062	1	FALSE	NA	NA	NA	NA	NA	NA
NC_045512.2	17874	C	G	3995	1935	49	1	0	27	0.000250188	3997	1	FALSE	NA	NA	NA	NA	NA	NA
NC_045512.2	17874	C	A	3995	1935	49	1	0	34	0.000250188	3997	0.937547	FALSE	NA	NA	NA	NA	NA	NA
NC_045512.2	17875	A	C	3638	1770	47	7	0	29	0.00192044	3645	0.999999	FALSE	NA	NA	NA	NA	NA	NA
NC_045512.2	17878	C	A	3835	1815	50	1	0	34	0.000260688	3836	0.937581	FALSE	NA	NA	NA	NA	NA	NA
NC_045512.2	17879	A	C	3696	1822	49	1	0	26	0.00027049	3697	1	FALSE	NA	NA	NA	NA	NA	NA
NC_045512.2	17880	A	G	3765	1782	50	1	1	26	0.000265534	3766	1	FALSE	NA	NA	NA	NA	NA	NA
NC_045512.2	17881	A	C	3269	1788	44	10	0	26	0.00304971	3279	0.99987	FALSE	NA	NA	NA	NA	NA	NA
NC_045512.2	17884	A	T	3791	1781	49	1	0	68	0.000263644	3793	0.5	FALSE	NA	NA	NA	NA	NA	NA
NC_045512.2	17884	A	C	3791	1781	49	1	1	27	0.000263644	3793	1	FALSE	NA	NA	NA	NA	NA	NA
NC_045512.2	17885	C	G	3630	1816	48	2	1	26	0.000550661	3632	1	FALSE	NA	NA	NA	NA	NA	NA
NC_045512.2	17886	T	G	3765	1753	49	2	1	26	0.000530786	3768	1	FALSE	NA	NA	NA	NA	NA	NA
NC_045512.2	17886	T	C	3765	1753	49	1	0	38	0.000265393	3768	0.937517	FALSE	NA	NA	NA	NA	NA	NA
NC_045512.2	17888	A	C	3804	1846	49	2	0	26	0.000525486	3806	1	FALSE	NA	NA	NA	NA	NA	NA
NC_045512.2	17889	A	C	3854	1831	49	1	0	26	0.000259403	3855	1	FALSE	NA	NA	NA	NA	NA	NA
NC_045512.2	17891	C	G	3775	1886	48	1	1	27	0.00026476	3777	1	FALSE	NA	NA	NA	NA	NA	NA
NC_045512.2	17891	C	A	3775	1886	48	1	0	26	0.00026476	3777	1	FALSE	NA	NA	NA	NA	NA	NA
NC_045512.2	17892	A	C	3674	1763	47	1	0	34	0.000272109	3675	0.937585	FALSE	NA	NA	NA	NA	NA	NA
NC_045512.2	17893	G	C	3718	1791	47	1	0	34	0.000268889	3719	0.937584	FALSE	NA	NA	NA	NA	NA	NA
NC_045512.2	17895	T	G	3754	1850	48	1	0	27	0.000266099	3758	1	FALSE	NA	NA	NA	NA	NA	NA
NC_045512.2	17895	T	C	3754	1850	48	1	0	60	0.000266099	3758	0.499867	FALSE	NA	NA	NA	NA	NA	NA
NC_045512.2	17895	T	A	3754	1850	48	2	0	30	0.000532198	3758	0.8125	FALSE	NA	NA	NA	NA	NA	NA
NC_045512.2	17897	A	C	3589	1875	46	7	0	26	0.00194661	3596	0.999999	FALSE	NA	NA	NA	NA	NA	NA
NC_045512.2	17899	T	A	3944	1832	46	1	1	26	0.000253485	3945	1	FALSE	NA	NA	NA	NA	NA	NA
NC_045512.2	17900	C	G	4091	1894	47	1	0	26	0.00024426	4094	1	FALSE	NA	NA	NA	NA	NA	NA
NC_045512.2	17900	C	A	4091	1894	47	2	1	25	0.00048852	4094	1	FALSE	NA	NA	NA	NA	NA	NA
NC_045512.2	17902	T	C	4057	1836	47	2	0	51	0.000492732	4059	0.250031	FALSE	NA	NA	NA	NA	NA	NA
NC_045512.2	17905	A	G	4094	1923	48	1	1	68	0.0002442	4095	0.500061	FALSE	NA	NA	NA	NA	NA	NA
NC_045512.2	17906	A	T	4115	1933	48	1	1	34	0.000242954	4116	0.968807	FALSE	NA	NA	NA	NA	NA	NA
NC_045512.2	17908	G	C	3843	1706	48	1	0	34	0.000260146	3844	0.937581	FALSE	NA	NA	NA	NA	NA	NA
NC_045512.2	17910	A	C	3718	1630	48	1	0	27	0.000268889	3719	1	FALSE	NA	NA	NA	NA	NA	NA
NC_045512.2	17911	A	G	3712	1644	48	1	1	34	0.000269324	3713	0.937584	FALSE	NA	NA	NA	NA	NA	NA
NC_045512.2	17912	A	C	2989	1675	44	6	0	30	0.00200334	2995	0.144476	FALSE	NA	NA	NA	NA	NA	NA
NC_045512.2	17913	C	T	3677	1640	48	1	0	34	0.000271887	3678	0.937585	FALSE	NA	NA	NA	NA	NA	NA
NC_045512.2	17914	A	T	3653	1631	48	1	0	27	0.000273598	3655	1	FALSE	NA	NA	NA	NA	NA	NA
NC_045512.2	17914	A	C	3653	1631	48	1	0	34	0.000273598	3655	0.937551	FALSE	NA	NA	NA	NA	NA	NA
NC_045512.2	17915	G	A	3904	1658	47	1	0	34	0.000256082	3905	0.93758	FALSE	NA	NA	NA	NA	NA	NA
NC_045512.2	17919	T	C	3911	1691	48	1	0	34	0.000255624	3912	0.93758	FALSE	NA	NA	NA	NA	NA	NA
NC_045512.2	17920	A	T	3919	1734	48	1	1	27	0.000255102	3920	1	FALSE	NA	NA	NA	NA	NA	NA
NC_045512.2	17921	A	C	3818	1748	46	4	0	30	0.00104657	3822	0.500143	FALSE	NA	NA	NA	NA	NA	NA
NC_045512.2	17922	T	A	3971	1741	48	1	1	24	0.000251762	3972	1	FALSE	NA	NA	NA	NA	NA	NA
NC_045512.2	17923	G	T	3916	1725	48	1	1	34	0.000255232	3918	0.937548	FALSE	NA	NA	NA	NA	NA	NA
NC_045512.2	17923	G	C	3916	1725	48	1	0	34	0.000255232	3918	0.937548	FALSE	NA	NA	NA	NA	NA	NA
NC_045512.2	17925	T	C	3805	1610	49	1	0	68	0.000262743	3806	0.500066	FALSE	NA	NA	NA	NA	NA	NA
NC_045512.2	17926	G	C	4032	1626	48	1	0	26	0.000247954	4033	1	FALSE	NA	NA	NA	NA	NA	NA
NC_045512.2	17928	T	A	4056	1625	47	2	1	30	0.000492854	4058	0.890769	FALSE	NA	NA	NA	NA	NA	NA
NC_045512.2	17929	A	G	4096	1756	48	1	0	68	0.000244081	4097	0.500061	FALSE	NA	NA	NA	NA	NA	NA
NC_045512.2	17931	T	A	4124	1733	49	1	0	27	0.000242424	4125	1	FALSE	NA	NA	NA	NA	NA	NA
NC_045512.2	17932	A	T	4034	1751	48	2	0	26	0.00049554	4036	1	FALSE	NA	NA	NA	NA	NA	NA
NC_045512.2	17933	C	A	4050	1746	48	2	0	30	0.000493583	4052	0.89077	FALSE	NA	NA	NA	NA	NA	NA
NC_045512.2	17934	C	G	4071	1753	48	1	0	27	0.00024558	4072	1	FALSE	NA	NA	NA	NA	NA	NA
NC_045512.2	17935	A	G	3897	1566	49	1	1	26	0.000256476	3899	1	FALSE	NA	NA	NA	NA	NA	NA
NC_045512.2	17935	A	C	3897	1566	49	1	0	27	0.000256476	3899	1	FALSE	NA	NA	NA	NA	NA	NA
NC_045512.2	17936	G	T	3922	1559	48	1	0	27	0.000254842	3924	1	FALSE	NA	NA	NA	NA	NA	NA
NC_045512.2	17936	G	C	3922	1559	48	1	0	27	0.000254842	3924	1	FALSE	NA	NA	NA	NA	NA	NA
NC_045512.2	17938	G	T	3930	1622	48	2	2	23	0.000508647	3932	1	FALSE	NA	NA	NA	NA	NA	NA
NC_045512.2	17939	C	T	3990	1676	49	1	1	34	0.000250564	3991	0.937578	FALSE	NA	NA	NA	NA	NA	NA
NC_045512.2	17939	C	-A	3990	1676	49	1	0	20	0.000250564	3991	1	FALSE	NA	NA	NA	NA	NA	NA
NC_045512.2	17940	A	T	4023	1657	50	1	1	26	0.000248509	4024	1	FALSE	NA	NA	NA	NA	NA	NA
NC_045512.2	17941	A	G	4081	1697	49	1	0	34	0.000244978	4082	0.968807	FALSE	NA	NA	NA	NA	NA	NA
NC_045512.2	17942	A	C	3705	1697	46	1	0	26	0.000269833	3706	1	FALSE	NA	NA	NA	NA	NA	NA
NC_045512.2	17945	T	G	3920	1587	47	2	2	26	0.000509944	3922	1	FALSE	NA	NA	NA	NA	NA	NA
NC_045512.2	17946	A	T	4023	1707	48	1	0	26	0.000248447	4025	1	FALSE	NA	NA	NA	NA	NA	NA
NC_045512.2	17946	A	G	4023	1707	48	1	0	68	0.000248447	4025	0.5	FALSE	NA	NA	NA	NA	NA	NA
NC_045512.2	17947	G	A	4055	1655	48	1	0	34	0.000246548	4056	0.968808	FALSE	NA	NA	NA	NA	NA	NA
NC_045512.2	17948	G	C	4074	1724	49	2	1	23	0.000490677	4076	1	FALSE	NA	NA	NA	NA	NA	NA
NC_045512.2	17949	C	T	4113	1806	49	1	0	34	0.000243072	4114	0.968807	FALSE	NA	NA	NA	NA	NA	NA
NC_045512.2	17952	A	T	4251	1811	49	1	1	34	0.000235183	4252	0.968805	FALSE	NA	NA	NA	NA	NA	NA
NC_045512.2	17953	C	G	4259	1884	50	1	1	34	0.000234742	4260	0.968805	FALSE	NA	NA	NA	NA	NA	NA
NC_045512.2	17954	T	G	3912	1536	46	2	2	30	0.000510986	3914	0.81266	FALSE	NA	NA	NA	NA	NA	NA
NC_045512.2	17955	T	A	4232	1882	51	1	0	34	0.000236239	4233	0.968805	FALSE	NA	NA	NA	NA	NA	NA
NC_045512.2	17957	G	A	4216	1824	50	1	0	24	0.000237135	4217	1	FALSE	NA	NA	NA	NA	NA	NA
NC_045512.2	17958	C	T	4210	1884	50	2	0	64	0.000474608	4214	0.249911	FALSE	NA	NA	NA	NA	NA	NA
NC_045512.2	17958	C	G	4210	1884	50	2	2	23	0.000474608	4214	1	FALSE	NA	NA	NA	NA	NA	NA
NC_045512.2	17959	A	C	4207	1886	50	3	0	34	0.000712589	4210	0.773632	FALSE	NA	NA	NA	NA	NA	NA
NC_045512.2	17960	T	G	4268	1894	51	1	0	27	0.000234137	4271	1	FALSE	NA	NA	NA	NA	NA	NA
NC_045512.2	17960	T	C	4268	1894	51	1	1	68	0.000234137	4271	0.499941	FALSE	NA	NA	NA	NA	NA	NA
NC_045512.2	17960	T	A	4268	1894	51	1	1	20	0.000234137	4271	1	FALSE	NA	NA	NA	NA	NA	NA
NC_045512.2	17961	A	C	4140	1801	51	1	0	26	0.000241488	4141	1	FALSE	NA	NA	NA	NA	NA	NA
NC_045512.2	17963	T	A	4304	1835	50	1	1	27	0.000232288	4305	1	FALSE	NA	NA	NA	NA	NA	NA
NC_045512.2	17965	T	A	4344	1938	52	2	1	26	0.000460193	4346	1	FALSE	NA	NA	NA	NA	NA	NA
NC_045512.2	17966	C	A	4268	1923	51	2	0	30	0.000468384	4270	0.890762	FALSE	NA	NA	NA	NA	NA	NA
NC_045512.2	17967	T	A	4252	1879	51	1	0	27	0.000235128	4253	1	FALSE	NA	NA	NA	NA	NA	NA
NC_045512.2	17968	G	T	4270	1936	51	1	1	26	0.000234082	4272	1	FALSE	NA	NA	NA	NA	NA	NA
NC_045512.2	17968	G	C	4270	1936	51	1	0	27	0.000234082	4272	1	FALSE	NA	NA	NA	NA	NA	NA
NC_045512.2	17969	A	G	4309	2012	53	1	0	46	0.000232019	4310	0.500058	FALSE	NA	NA	NA	NA	NA	NA
NC_045512.2	17971	A	G	4138	1966	51	1	0	24	0.000241604	4139	1	FALSE	NA	NA	NA	NA	NA	NA
NC_045512.2	17973	A	G	3862	1789	51	1	0	34	0.000258866	3863	0.937581	FALSE	NA	NA	NA	NA	NA	NA
NC_045512.2	17975	A	T	3837	1850	51	1	0	26	0.000260485	3839	1	FALSE	NA	NA	NA	NA	NA	NA
NC_045512.2	17975	A	C	3837	1850	51	1	1	27	0.000260485	3839	1	FALSE	NA	NA	NA	NA	NA	NA
NC_045512.2	17976	C	G	3890	1847	52	2	1	30	0.000513875	3892	0.812661	FALSE	NA	NA	NA	NA	NA	NA
NC_045512.2	17978	T	A	3528	1570	48	1	0	26	0.000283366	3529	1	FALSE	NA	NA	NA	NA	NA	NA
NC_045512.2	17982	T	G	3782	1814	53	1	1	34	0.000264271	3784	0.93755	FALSE	NA	NA	NA	NA	NA	NA
NC_045512.2	17982	T	A	3782	1814	53	1	1	27	0.000264271	3784	1	FALSE	NA	NA	NA	NA	NA	NA
NC_045512.2	17986	A	G	3564	1647	53	1	1	68	0.000280505	3565	0.50007	FALSE	NA	NA	NA	NA	NA	NA
NC_045512.2	17987	A	T	3568	1677	53	1	0	26	0.000280112	3570	1	FALSE	NA	NA	NA	NA	NA	NA
NC_045512.2	17987	A	C	3568	1677	53	1	0	20	0.000280112	3570	1	FALSE	NA	NA	NA	NA	NA	NA
NC_045512.2	17988	G	C	3543	1664	52	1	0	26	0.000282167	3544	1	FALSE	NA	NA	NA	NA	NA	NA
NC_045512.2	17989	T	G	3521	1641	53	1	1	26	0.00028393	3522	1	FALSE	NA	NA	NA	NA	NA	NA
NC_045512.2	17992	C	T	3522	1694	53	1	1	34	0.000283768	3524	0.937553	FALSE	NA	NA	NA	NA	NA	NA
NC_045512.2	17992	C	A	3522	1694	53	1	0	27	0.000283768	3524	1	FALSE	NA	NA	NA	NA	NA	NA
NC_045512.2	17995	T	G	3380	1521	49	2	1	26	0.000591191	3383	1	FALSE	NA	NA	NA	NA	NA	NA
NC_045512.2	17995	T	A	3380	1521	49	1	0	20	0.000295596	3383	1	FALSE	NA	NA	NA	NA	NA	NA
NC_045512.2	17996	T	C	3533	1711	53	1	0	24	0.000282965	3534	1	FALSE	NA	NA	NA	NA	NA	NA
NC_045512.2	17997	T	G	4816	2266	49	1	1	26	0.000207598	4817	1	FALSE	NA	NA	NA	NA	NA	NA
NC_045512.2	17999	C	G	4813	2360	48	1	0	27	0.000207727	4814	1	FALSE	NA	NA	NA	NA	NA	NA
NC_045512.2	18000	A	G	4798	2332	49	1	0	34	0.000208333	4800	0.968783	FALSE	NA	NA	NA	NA	NA	NA
NC_045512.2	18000	A	C	4798	2332	49	1	0	34	0.000208333	4800	0.968783	FALSE	NA	NA	NA	NA	NA	NA
NC_045512.2	18002	G	C	4864	2405	48	1	0	27	0.00020555	4865	1	FALSE	NA	NA	NA	NA	NA	NA
NC_045512.2	18003	T	A	4710	2254	47	1	1	27	0.000212269	4711	1	FALSE	NA	NA	NA	NA	NA	NA
NC_045512.2	18004	C	G	4786	2480	47	1	0	26	0.000208899	4787	1	FALSE	NA	NA	NA	NA	NA	NA
NC_045512.2	18005	T	G	4502	2184	46	2	2	30	0.00044405	4504	0.890755	FALSE	NA	NA	NA	NA	NA	NA
NC_045512.2	18006	T	G	4722	2445	47	3	3	31	0.000634652	4727	0.773438	FALSE	NA	NA	NA	NA	NA	NA
NC_045512.2	18006	T	C	4722	2445	47	2	1	51	0.000423101	4727	0.249868	FALSE	NA	NA	NA	NA	NA	NA
NC_045512.2	18009	A	G	4825	2542	47	1	0	68	0.000207211	4826	0.500052	FALSE	NA	NA	NA	NA	NA	NA
NC_045512.2	18011	T	C	4721	2460	47	3	2	34	0.000635055	4724	0.773611	FALSE	NA	NA	NA	NA	NA	NA
NC_045512.2	18014	C	A	4731	2571	47	3	0	27	0.000633714	4734	1	FALSE	NA	NA	NA	NA	NA	NA
NC_045512.2	18015	A	C	4735	2579	46	1	1	68	0.000211149	4736	0.500053	FALSE	NA	NA	NA	NA	NA	NA
NC_045512.2	18018	T	G	4796	2588	46	2	1	23	0.00041684	4798	1	FALSE	NA	NA	NA	NA	NA	NA
NC_045512.2	18020	G	C	4903	2616	47	1	1	27	0.000203874	4905	1	FALSE	NA	NA	NA	NA	NA	NA
NC_045512.2	18020	G	A	4903	2616	47	1	1	34	0.000203874	4905	0.968782	FALSE	NA	NA	NA	NA	NA	NA
NC_045512.2	18021	G	T	4910	2629	46	1	0	20	0.000203625	4911	1	FALSE	NA	NA	NA	NA	NA	NA
NC_045512.2	18023	A	G	4843	2637	46	1	1	34	0.000206441	4844	0.968798	FALSE	NA	NA	NA	NA	NA	NA
NC_045512.2	18030	A	G	4768	2541	47	2	1	34	0.000419287	4770	0.890748	FALSE	NA	NA	NA	NA	NA	NA
NC_045512.2	18033	T	G	4589	2390	45	1	1	34	0.00021777	4592	0.968767	FALSE	NA	NA	NA	NA	NA	NA
NC_045512.2	18033	T	C	4589	2390	45	1	1	20	0.00021777	4592	1	FALSE	NA	NA	NA	NA	NA	NA
NC_045512.2	18033	T	A	4589	2390	45	1	0	20	0.00021777	4592	1	FALSE	NA	NA	NA	NA	NA	NA
NC_045512.2	18034	T	C	4426	2431	46	1	1	26	0.000225836	4428	1	FALSE	NA	NA	NA	NA	NA	NA
NC_045512.2	18034	T	A	4426	2431	46	1	0	34	0.000225836	4428	0.968785	FALSE	NA	NA	NA	NA	NA	NA
NC_045512.2	18035	T	G	4461	2452	46	1	1	34	0.000224115	4462	0.968803	FALSE	NA	NA	NA	NA	NA	NA
NC_045512.2	18037	C	T	4391	2441	46	1	1	68	0.000227687	4392	0.500057	FALSE	NA	NA	NA	NA	NA	NA
NC_045512.2	18038	A	G	4407	2454	46	1	0	34	0.00022686	4408	0.968803	FALSE	NA	NA	NA	NA	NA	NA
NC_045512.2	18039	A	C	4379	2455	46	2	2	30	0.000456517	4381	0.890759	FALSE	NA	NA	NA	NA	NA	NA
NC_045512.2	18041	C	A	4395	2485	45	1	0	27	0.00022748	4396	1	FALSE	NA	NA	NA	NA	NA	NA
NC_045512.2	18042	T	G	4400	2434	46	1	1	34	0.000227221	4401	0.968803	FALSE	NA	NA	NA	NA	NA	NA
NC_045512.2	18043	G	-A	4432	2471	46	1	0	20	0.000225632	4432	1	FALSE	NA	NA	NA	NA	NA	NA
NC_045512.2	18045	A	T	4524	2562	47	1	1	26	0.000220994	4525	1	FALSE	NA	NA	NA	NA	NA	NA
NC_045512.2	18047	A	T	4466	2579	46	1	1	34	0.000223864	4467	0.968802	FALSE	NA	NA	NA	NA	NA	NA
NC_045512.2	18049	G	T	4555	2658	46	1	1	27	0.000219491	4556	1	FALSE	NA	NA	NA	NA	NA	NA
NC_045512.2	18051	A	T	4655	2780	46	1	1	34	0.000214777	4656	0.9688	FALSE	NA	NA	NA	NA	NA	NA
NC_045512.2	18052	A	C	4650	2788	46	1	0	27	0.000215008	4651	1	FALSE	NA	NA	NA	NA	NA	NA
NC_045512.2	18053	C	A	4645	2787	46	1	0	34	0.000215239	4646	0.9688	FALSE	NA	NA	NA	NA	NA	NA
NC_045512.2	18056	G	C	4631	2808	46	1	1	20	0.000215889	4632	1	FALSE	NA	NA	NA	NA	NA	NA
NC_045512.2	18057	A	G	4694	2825	46	1	1	34	0.000212993	4695	0.9688	FALSE	NA	NA	NA	NA	NA	NA
NC_045512.2	18058	C	G	4662	2826	46	2	0	34	0.000428816	4664	0.890751	FALSE	NA	NA	NA	NA	NA	NA
NC_045512.2	18059	T	A	4700	2810	46	1	0	52	0.000212721	4701	0.500053	FALSE	NA	NA	NA	NA	NA	NA
NC_045512.2	18060	C	A	4898	2874	46	2	0	29	0.000408163	4900	1	FALSE	NA	NA	NA	NA	NA	NA
NC_045512.2	18061	T	G	4744	2716	45	2	0	26	0.000421408	4746	1	FALSE	NA	NA	NA	NA	NA	NA
NC_045512.2	18062	T	G	4753	2769	45	1	1	26	0.000210305	4755	1	FALSE	NA	NA	NA	NA	NA	NA
NC_045512.2	18062	T	C	4753	2769	45	1	1	46	0.000210305	4755	0.5	FALSE	NA	NA	NA	NA	NA	NA
NC_045512.2	18063	T	A	4975	2949	47	1	0	26	0.000200965	4976	1	FALSE	NA	NA	NA	NA	NA	NA
NC_045512.2	18064	A	C	4941	2961	47	1	1	27	0.000202347	4942	1	FALSE	NA	NA	NA	NA	NA	NA
NC_045512.2	18065	A	C	4875	2943	46	1	0	27	0.000205086	4876	1	FALSE	NA	NA	NA	NA	NA	NA
NC_045512.2	18066	A	C	4906	3023	46	1	0	27	0.000203791	4907	1	FALSE	NA	NA	NA	NA	NA	NA
NC_045512.2	18069	T	G	4780	2857	46	1	1	27	0.000209161	4781	1	FALSE	NA	NA	NA	NA	NA	NA
NC_045512.2	18070	T	C	4731	2854	46	1	1	26	0.000211327	4732	1	FALSE	NA	NA	NA	NA	NA	NA
NC_045512.2	18073	A	C	4955	2952	46	1	0	27	0.000201776	4956	1	FALSE	NA	NA	NA	NA	NA	NA
NC_045512.2	18075	T	G	4967	2926	46	1	1	26	0.000201248	4969	1	FALSE	NA	NA	NA	NA	NA	NA
NC_045512.2	18075	T	A	4967	2926	46	1	0	26	0.000201248	4969	1	FALSE	NA	NA	NA	NA	NA	NA
NC_045512.2	18076	A	T	4907	2883	46	1	1	26	0.000203749	4908	1	FALSE	NA	NA	NA	NA	NA	NA
NC_045512.2	18079	G	C	5051	2989	45	1	0	34	0.000197941	5052	0.984407	FALSE	NA	NA	NA	NA	NA	NA
NC_045512.2	18081	A	T	4926	2876	45	1	1	34	0.000202963	4927	0.968798	FALSE	NA	NA	NA	NA	NA	NA
NC_045512.2	18082	A	T	4890	2895	45	1	1	27	0.000204415	4892	1	FALSE	NA	NA	NA	NA	NA	NA
NC_045512.2	18082	A	G	4890	2895	45	1	0	26	0.000204415	4892	1	FALSE	NA	NA	NA	NA	NA	NA
NC_045512.2	18084	C	A	4974	2916	45	1	0	26	0.000201005	4975	1	FALSE	NA	NA	NA	NA	NA	NA
NC_045512.2	18085	A	T	4953	2903	45	1	1	34	0.000201857	4954	0.968797	FALSE	NA	NA	NA	NA	NA	NA
NC_045512.2	18087	T	C	4782	2760	45	2	1	34	0.00041806	4784	0.890747	FALSE	NA	NA	NA	NA	NA	NA
NC_045512.2	18088	G	T	4854	2752	45	1	0	34	0.000205973	4855	0.968798	FALSE	NA	NA	NA	NA	NA	NA
NC_045512.2	18091	T	C	5055	2817	45	1	0	68	0.000197746	5057	0.5	FALSE	NA	NA	NA	NA	NA	NA
NC_045512.2	18091	T	A	5055	2817	45	1	0	34	0.000197746	5057	0.984398	FALSE	NA	NA	NA	NA	NA	NA
NC_045512.2	18094	C	G	5080	2963	45	1	0	26	0.000196812	5081	1	FALSE	NA	NA	NA	NA	NA	NA
NC_045512.2	18095	A	G	5182	2987	45	1	1	68	0.000192938	5183	0.500048	FALSE	NA	NA	NA	NA	NA	NA
NC_045512.2	18096	T	C	5214	2902	44	1	0	68	0.000191755	5215	0.500048	FALSE	NA	NA	NA	NA	NA	NA
NC_045512.2	18096	T	-C	5214	2902	44	1	0	20	0.000191755	5215	1	FALSE	NA	NA	NA	NA	NA	NA
NC_045512.2	18097	C	G	5055	2857	45	1	1	26	0.000197785	5056	1	FALSE	NA	NA	NA	NA	NA	NA
NC_045512.2	18098	C	A	5047	2870	45	1	0	34	0.000198098	5048	0.984407	FALSE	NA	NA	NA	NA	NA	NA
NC_045512.2	18100	A	T	4897	2726	46	1	1	20	0.000204123	4899	1	FALSE	NA	NA	NA	NA	NA	NA
NC_045512.2	18100	A	G	4897	2726	46	1	1	34	0.000204123	4899	0.968782	FALSE	NA	NA	NA	NA	NA	NA
NC_045512.2	18101	C	G	4875	2745	46	1	1	27	0.000205044	4877	1	FALSE	NA	NA	NA	NA	NA	NA
NC_045512.2	18101	C	A	4875	2745	46	1	0	26	0.000205044	4877	1	FALSE	NA	NA	NA	NA	NA	NA
NC_045512.2	18103	C	T	4848	2734	45	2	1	68	0.000412201	4852	0.249923	FALSE	NA	NA	NA	NA	NA	NA
NC_045512.2	18103	C	A	4848	2734	45	2	0	30	0.000412201	4852	0.890649	FALSE	NA	NA	NA	NA	NA	NA
NC_045512.2	18104	A	G	4558	2493	46	2	1	51	0.0004385	4561	0.249973	FALSE	NA	NA	NA	NA	NA	NA
NC_045512.2	18104	A	C	4558	2493	46	1	0	26	0.00021925	4561	1	FALSE	NA	NA	NA	NA	NA	NA
NC_045512.2	18106	G	C	4545	2519	46	2	1	26	0.00043985	4547	1	FALSE	NA	NA	NA	NA	NA	NA
NC_045512.2	18108	A	T	4759	2596	46	1	0	27	0.00021004	4761	1	FALSE	NA	NA	NA	NA	NA	NA
NC_045512.2	18108	A	C	4759	2596	46	1	0	26	0.00021004	4761	1	FALSE	NA	NA	NA	NA	NA	NA
NC_045512.2	18110	C	A	4986	2640	46	1	0	26	0.000200521	4987	1	FALSE	NA	NA	NA	NA	NA	NA
NC_045512.2	18111	T	G	4893	2513	46	2	2	23	0.00040858	4895	1	FALSE	NA	NA	NA	NA	NA	NA
NC_045512.2	18112	A	C	5075	2670	46	2	1	26	0.000393933	5077	1	FALSE	NA	NA	NA	NA	NA	NA
NC_045512.2	18115	C	A	4857	2641	47	1	0	27	0.000205846	4858	1	FALSE	NA	NA	NA	NA	NA	NA
NC_045512.2	18116	A	G	4536	2369	47	1	1	24	0.00022041	4537	1	FALSE	NA	NA	NA	NA	NA	NA
NC_045512.2	18118	C	G	4569	2336	47	1	1	27	0.000218818	4570	1	FALSE	NA	NA	NA	NA	NA	NA
NC_045512.2	18119	T	G	4390	2175	47	1	1	26	0.000227739	4391	1	FALSE	NA	NA	NA	NA	NA	NA
NC_045512.2	18121	A	G	4170	2076	47	1	0	34	0.000239751	4171	0.968806	FALSE	NA	NA	NA	NA	NA	NA
NC_045512.2	18124	G	T	4318	2043	48	1	1	20	0.000231535	4319	1	FALSE	NA	NA	NA	NA	NA	NA
NC_045512.2	18125	T	G	4126	1829	45	3	3	29	0.000726568	4129	1	FALSE	NA	NA	NA	NA	NA	NA
NC_045512.2	18127	G	C	4001	1832	49	1	0	27	0.000249875	4002	1	FALSE	NA	NA	NA	NA	NA	NA
NC_045512.2	18128	A	G	3972	1840	48	1	0	24	0.000251699	3973	1	FALSE	NA	NA	NA	NA	NA	NA
NC_045512.2	18130	A	T	3933	1826	48	1	0	27	0.000254194	3934	1	FALSE	NA	NA	NA	NA	NA	NA
NC_045512.2	18133	A	T	3903	1868	49	1	0	34	0.000256148	3904	0.93758	FALSE	NA	NA	NA	NA	NA	NA
NC_045512.2	18134	A	C	3826	1911	49	1	0	26	0.000261301	3827	1	FALSE	NA	NA	NA	NA	NA	NA
NC_045512.2	18135	A	G	3883	1898	49	1	0	68	0.000257467	3884	0.500064	FALSE	NA	NA	NA	NA	NA	NA
NC_045512.2	18136	T	A	3957	1844	49	2	2	23	0.000505178	3959	1	FALSE	NA	NA	NA	NA	NA	NA
NC_045512.2	18137	T	G	3979	1872	50	1	1	34	0.000251256	3980	0.937579	FALSE	NA	NA	NA	NA	NA	NA
NC_045512.2	18139	A	G	4022	1967	51	1	1	34	0.000248571	4023	0.968808	FALSE	NA	NA	NA	NA	NA	NA
NC_045512.2	18140	A	G	4048	2006	51	1	0	68	0.000246975	4049	0.500062	FALSE	NA	NA	NA	NA	NA	NA
NC_045512.2	18141	A	T	3841	1959	48	1	1	26	0.000260281	3842	1	FALSE	NA	NA	NA	NA	NA	NA
NC_045512.2	18142	A	C	3948	1965	49	1	0	26	0.000253229	3949	1	FALSE	NA	NA	NA	NA	NA	NA
NC_045512.2	18144	T	G	3869	1832	49	3	3	26	0.000774793	3872	1	FALSE	NA	NA	NA	NA	NA	NA
NC_045512.2	18146	A	T	3990	1971	51	1	1	26	0.000250501	3992	1	FALSE	NA	NA	NA	NA	NA	NA
NC_045512.2	18146	A	G	3990	1971	51	1	0	34	0.000250501	3992	0.937547	FALSE	NA	NA	NA	NA	NA	NA
NC_045512.2	18147	A	G	3987	2009	50	1	0	34	0.000250752	3988	0.937578	FALSE	NA	NA	NA	NA	NA	NA
NC_045512.2	18149	G	T	4163	2013	51	1	1	34	0.000240154	4164	0.968806	FALSE	NA	NA	NA	NA	NA	NA
NC_045512.2	18150	T	G	3764	1685	45	3	3	24	0.000796178	3768	1	FALSE	NA	NA	NA	NA	NA	NA
NC_045512.2	18150	T	C	3764	1685	45	1	1	34	0.000265393	3768	0.937483	FALSE	NA	NA	NA	NA	NA	NA
NC_045512.2	18154	T	C	4188	2073	52	1	1	24	0.00023872	4189	1	FALSE	NA	NA	NA	NA	NA	NA
NC_045512.2	18157	G	T	4151	2002	51	1	1	26	0.00024079	4153	1	FALSE	NA	NA	NA	NA	NA	NA
NC_045512.2	18157	G	A	4151	2002	51	1	1	60	0.00024079	4153	0.5	FALSE	NA	NA	NA	NA	NA	NA
NC_045512.2	18158	T	G	3794	1619	46	4	4	30	0.00105319	3798	0.500144	FALSE	NA	NA	NA	NA	NA	NA
NC_045512.2	18162	C	G	4162	2044	52	1	0	27	0.000240211	4163	1	FALSE	NA	NA	NA	NA	NA	NA
NC_045512.2	18163	A	G	0	0	0	4168	2049	52	1	4168	0	TRUE	NA	NA	NA	NA	NA	NA
NC_045512.2	18166	C	A	4098	2020	51	1	1	27	0.000243962	4099	1	FALSE	NA	NA	NA	NA	NA	NA
NC_045512.2	18167	C	T	4090	2065	51	1	0	38	0.000244439	4091	0.968807	FALSE	NA	NA	NA	NA	NA	NA
NC_045512.2	18169	G	T	4164	2066	52	2	2	30	0.000480077	4166	0.890766	FALSE	NA	NA	NA	NA	NA	NA
NC_045512.2	18170	G	T	4179	2083	52	1	0	27	0.000239234	4180	1	FALSE	NA	NA	NA	NA	NA	NA
NC_045512.2	18175	C	G	4568	2214	51	1	1	20	0.000218866	4569	1	FALSE	NA	NA	NA	NA	NA	NA
NC_045512.2	18178	A	T	4524	2233	52	1	1	24	0.000220946	4526	1	FALSE	NA	NA	NA	NA	NA	NA
NC_045512.2	18178	A	G	4524	2233	52	1	0	60	0.000220946	4526	0.5	FALSE	NA	NA	NA	NA	NA	NA
NC_045512.2	18179	A	C	4439	2236	51	1	0	27	0.000225225	4440	1	FALSE	NA	NA	NA	NA	NA	NA
NC_045512.2	18180	G	T	4589	2210	52	2	0	30	0.00043554	4592	0.890702	FALSE	NA	NA	NA	NA	NA	NA
NC_045512.2	18180	G	A	4589	2210	52	1	0	34	0.00021777	4592	0.968767	FALSE	NA	NA	NA	NA	NA	NA
NC_045512.2	18184	A	G	4393	2086	53	1	1	26	0.000227583	4394	1	FALSE	NA	NA	NA	NA	NA	NA
NC_045512.2	18185	T	C	4400	2080	53	1	1	68	0.000227221	4401	0.500057	FALSE	NA	NA	NA	NA	NA	NA
NC_045512.2	18187	A	G	4552	2139	53	1	0	34	0.000219635	4553	0.968801	FALSE	NA	NA	NA	NA	NA	NA
NC_045512.2	18189	C	G	4544	2109	53	1	1	20	0.000220022	4545	1	FALSE	NA	NA	NA	NA	NA	NA
NC_045512.2	18190	T	G	4492	2029	52	1	0	27	0.000222568	4493	1	FALSE	NA	NA	NA	NA	NA	NA
NC_045512.2	18191	A	C	4760	2126	52	1	1	27	0.00021004	4761	1	FALSE	NA	NA	NA	NA	NA	NA
NC_045512.2	18196	A	G	4620	2019	53	1	1	68	0.00021631	4623	0.499946	FALSE	NA	NA	NA	NA	NA	NA
NC_045512.2	18196	A	C	4620	2019	53	2	2	27	0.00043262	4623	1	FALSE	NA	NA	NA	NA	NA	NA
NC_045512.2	18198	A	T	4587	1992	52	1	1	20	0.00021796	4588	1	FALSE	NA	NA	NA	NA	NA	NA
NC_045512.2	18199	C	G	4567	2022	52	1	0	27	0.000218914	4568	1	FALSE	NA	NA	NA	NA	NA	NA
NC_045512.2	18200	T	G	4361	1837	53	1	1	34	0.000229253	4362	0.968804	FALSE	NA	NA	NA	NA	NA	NA
NC_045512.2	18202	A	C	4323	1872	50	1	0	20	0.000231267	4324	1	FALSE	NA	NA	NA	NA	NA	NA
NC_045512.2	18203	T	G	4471	1847	51	1	0	27	0.000223614	4472	1	FALSE	NA	NA	NA	NA	NA	NA
NC_045512.2	18205	T	C	4502	1892	53	1	0	68	0.000222074	4503	0.500056	FALSE	NA	NA	NA	NA	NA	NA
NC_045512.2	18207	T	C	4519	1913	53	1	0	68	0.000221239	4520	0.500055	FALSE	NA	NA	NA	NA	NA	NA
NC_045512.2	18211	A	T	4467	1947	52	1	0	27	0.000223764	4469	1	FALSE	NA	NA	NA	NA	NA	NA
NC_045512.2	18211	A	G	4467	1947	52	1	0	34	0.000223764	4469	0.968785	FALSE	NA	NA	NA	NA	NA	NA
NC_045512.2	18212	T	G	4361	1871	52	1	1	24	0.000229253	4362	1	FALSE	NA	NA	NA	NA	NA	NA
NC_045512.2	18214	G	T	4333	1866	52	1	1	24	0.000230734	4334	1	FALSE	NA	NA	NA	NA	NA	NA
NC_045512.2	18215	G	-T	4347	1840	52	1	0	20	0.000230044	4347	1	FALSE	NA	NA	NA	NA	NA	NA
NC_045512.2	18216	T	G	4351	1872	53	2	1	68	0.000459453	4353	0.249914	FALSE	NA	NA	NA	NA	NA	NA
NC_045512.2	18218	T	C	4309	1833	52	2	2	27	0.000463929	4311	1	FALSE	NA	NA	NA	NA	NA	NA
NC_045512.2	18219	T	C	4359	1876	53	1	1	34	0.000229358	4360	0.968804	FALSE	NA	NA	NA	NA	NA	NA
NC_045512.2	18224	T	G	4184	1786	50	1	1	20	0.000238892	4186	1	FALSE	NA	NA	NA	NA	NA	NA
NC_045512.2	18224	T	C	4184	1786	50	1	1	68	0.000238892	4186	0.5	FALSE	NA	NA	NA	NA	NA	NA
NC_045512.2	18225	G	C	4230	1854	52	1	0	27	0.000236295	4232	1	FALSE	NA	NA	NA	NA	NA	NA
NC_045512.2	18225	G	A	4230	1854	52	1	1	34	0.000236295	4232	0.968787	FALSE	NA	NA	NA	NA	NA	NA
NC_045512.2	18227	A	T	4243	1908	52	1	1	26	0.000235571	4245	1	FALSE	NA	NA	NA	NA	NA	NA
NC_045512.2	18227	A	C	4243	1908	52	1	0	34	0.000235571	4245	0.968787	FALSE	NA	NA	NA	NA	NA	NA
NC_045512.2	18229	T	A	4242	1908	51	2	0	27	0.000471254	4244	1	FALSE	NA	NA	NA	NA	NA	NA
NC_045512.2	18232	C	A	4269	1968	52	1	0	26	0.000234192	4270	1	FALSE	NA	NA	NA	NA	NA	NA
NC_045512.2	18234	A	C	4336	2001	49	1	0	26	0.000230574	4337	1	FALSE	NA	NA	NA	NA	NA	NA
NC_045512.2	18235	G	A	4500	1998	51	1	0	68	0.000222173	4501	0.500056	FALSE	NA	NA	NA	NA	NA	NA
NC_045512.2	18236	T	G	4180	1682	46	7	7	28	0.00167184	4187	1	FALSE	NA	NA	NA	NA	NA	NA
NC_045512.2	18239	A	T	4350	2108	50	1	1	27	0.000229674	4354	1	FALSE	NA	NA	NA	NA	NA	NA
NC_045512.2	18239	A	G	4350	2108	50	1	1	24	0.000229674	4354	1	FALSE	NA	NA	NA	NA	NA	NA
NC_045512.2	18239	A	C	4350	2108	50	2	0	27	0.000459348	4354	1	FALSE	NA	NA	NA	NA	NA	NA
NC_045512.2	18242	G	T	4515	2190	51	1	0	26	0.000221435	4516	1	FALSE	NA	NA	NA	NA	NA	NA
NC_045512.2	18244	T	G	4310	2026	52	1	1	34	0.000231965	4311	0.968804	FALSE	NA	NA	NA	NA	NA	NA
NC_045512.2	18245	A	T	4317	2064	52	1	1	34	0.000231589	4318	0.968804	FALSE	NA	NA	NA	NA	NA	NA
NC_045512.2	18246	C	G	4452	2151	51	1	0	34	0.000224568	4453	0.968803	FALSE	NA	NA	NA	NA	NA	NA
NC_045512.2	18249	T	A	4417	2090	51	1	0	26	0.000226347	4418	1	FALSE	NA	NA	NA	NA	NA	NA
NC_045512.2	18250	A	G	4436	2102	51	2	0	34	0.000450653	4438	0.890757	FALSE	NA	NA	NA	NA	NA	NA
NC_045512.2	18251	A	G	4315	2116	49	1	0	34	0.000231589	4318	0.968768	FALSE	NA	NA	NA	NA	NA	NA
NC_045512.2	18251	A	C	4315	2116	49	2	0	27	0.000463177	4318	1	FALSE	NA	NA	NA	NA	NA	NA
NC_045512.2	18252	C	T	4398	2125	50	1	0	34	0.000227273	4400	0.968786	FALSE	NA	NA	NA	NA	NA	NA
NC_045512.2	18252	C	A	4398	2125	50	1	1	34	0.000227273	4400	0.968786	FALSE	NA	NA	NA	NA	NA	NA
NC_045512.2	18257	T	G	4237	2052	51	1	1	34	0.00023596	4238	0.968805	FALSE	NA	NA	NA	NA	NA	NA
NC_045512.2	18258	T	A	4045	1923	47	3	3	24	0.000741107	4048	1	FALSE	NA	NA	NA	NA	NA	NA
NC_045512.2	18259	A	C	4166	2097	51	1	0	27	0.000239981	4167	1	FALSE	NA	NA	NA	NA	NA	NA
NC_045512.2	18261	C	G	4103	2139	50	1	1	27	0.000243546	4106	1	FALSE	NA	NA	NA	NA	NA	NA
NC_045512.2	18261	C	A	4103	2139	50	2	0	30	0.000487092	4106	0.890711	FALSE	NA	NA	NA	NA	NA	NA
NC_045512.2	18265	C	G	4003	2109	50	1	1	26	0.00024975	4004	1	FALSE	NA	NA	NA	NA	NA	NA
NC_045512.2	18266	G	C	3972	2101	50	2	1	26	0.000503018	3976	1	FALSE	NA	NA	NA	NA	NA	NA
NC_045512.2	18266	G	A	3972	2101	50	2	1	44	0.000503018	3976	0.249906	FALSE	NA	NA	NA	NA	NA	NA
NC_045512.2	18268	G	T	3955	2114	49	1	1	20	0.000252653	3958	1	FALSE	NA	NA	NA	NA	NA	NA
NC_045512.2	18268	G	C	3955	2114	49	2	1	30	0.000505306	3958	0.812579	FALSE	NA	NA	NA	NA	NA	NA
NC_045512.2	18269	A	T	3994	2160	49	1	1	26	0.00025025	3996	1	FALSE	NA	NA	NA	NA	NA	NA
NC_045512.2	18269	A	G	3994	2160	49	1	1	24	0.00025025	3996	1	FALSE	NA	NA	NA	NA	NA	NA
NC_045512.2	18270	A	C	3942	2170	48	1	0	34	0.000253614	3943	0.937579	FALSE	NA	NA	NA	NA	NA	NA
NC_045512.2	18271	G	T	3895	2077	48	1	1	34	0.000256608	3897	0.937548	FALSE	NA	NA	NA	NA	NA	NA
NC_045512.2	18271	G	A	3895	2077	48	1	0	68	0.000256608	3897	0.5	FALSE	NA	NA	NA	NA	NA	NA
NC_045512.2	18272	A	G	3909	2181	48	1	1	34	0.000255754	3910	0.93758	FALSE	NA	NA	NA	NA	NA	NA
NC_045512.2	18273	A	T	3934	2190	49	1	0	20	0.000254001	3937	1	FALSE	NA	NA	NA	NA	NA	NA
NC_045512.2	18273	A	G	3934	2190	49	2	2	47	0.000508001	3937	0.249968	FALSE	NA	NA	NA	NA	NA	NA
NC_045512.2	18274	G	C	3872	2096	48	4	3	24	0.00103199	3876	1	FALSE	NA	NA	NA	NA	NA	NA
NC_045512.2	18275	C	G	3933	2162	49	1	1	26	0.000254194	3934	1	FALSE	NA	NA	NA	NA	NA	NA
NC_045512.2	18276	T	A	3875	2093	48	2	2	23	0.000515863	3877	1	FALSE	NA	NA	NA	NA	NA	NA
NC_045512.2	18279	A	G	4937	2606	47	1	0	68	0.00020247	4939	0.5	FALSE	NA	NA	NA	NA	NA	NA
NC_045512.2	18279	A	C	4937	2606	47	1	1	20	0.00020247	4939	1	FALSE	NA	NA	NA	NA	NA	NA
NC_045512.2	18280	A	G	5006	2632	47	1	1	46	0.00019972	5007	0.50005	FALSE	NA	NA	NA	NA	NA	NA
NC_045512.2	18281	G	T	5019	2590	47	1	1	26	0.000199203	5020	1	FALSE	NA	NA	NA	NA	NA	NA
NC_045512.2	18282	A	C	5056	2668	46	1	0	27	0.000197746	5057	1	FALSE	NA	NA	NA	NA	NA	NA
NC_045512.2	18283	C	G	5016	2535	47	2	0	30	0.000398565	5018	0.937598	FALSE	NA	NA	NA	NA	NA	NA
NC_045512.2	18283	C	-A	5016	2535	47	1	0	20	0.000199283	5018	1	FALSE	NA	NA	NA	NA	NA	NA
NC_045512.2	18284	A	G	4824	2370	48	1	0	68	0.000207254	4825	0.5	FALSE	NA	NA	NA	NA	NA	NA
NC_045512.2	18285	T	G	4724	2288	47	2	2	29	0.000423191	4726	1	FALSE	NA	NA	NA	NA	NA	NA
NC_045512.2	18286	G	C	4826	2396	47	2	1	26	0.00041425	4828	1	FALSE	NA	NA	NA	NA	NA	NA
NC_045512.2	18287	T	G	4804	2375	48	2	2	34	0.000416146	4806	0.890747	FALSE	NA	NA	NA	NA	NA	NA
NC_045512.2	18291	T	G	4470	2023	46	8	8	27	0.00178611	4479	1	FALSE	NA	NA	NA	NA	NA	NA
NC_045512.2	18291	T	C	4470	2023	46	1	1	60	0.000223264	4479	0.499609	FALSE	NA	NA	NA	NA	NA	NA
NC_045512.2	18292	G	C	4629	2219	48	3	2	26	0.000647668	4632	1	FALSE	NA	NA	NA	NA	NA	NA
NC_045512.2	18293	C	G	4600	2237	47	1	1	34	0.000217344	4601	0.968801	FALSE	NA	NA	NA	NA	NA	NA
NC_045512.2	18294	A	C	4358	2264	46	4	0	24	0.000917011	4362	1	FALSE	NA	NA	NA	NA	NA	NA
NC_045512.2	18294	A	+C	4358	2264	46	1	0	20	0.000229253	4362	1	FALSE	NA	NA	NA	NA	NA	NA
NC_045512.2	18295	T	G	4484	2135	47	1	1	27	0.000222866	4487	1	FALSE	NA	NA	NA	NA	NA	NA
NC_045512.2	18295	T	A	4484	2135	47	2	0	26	0.000445732	4487	1	FALSE	NA	NA	NA	NA	NA	NA
NC_045512.2	18296	G	T	4601	2226	48	1	1	34	0.00021725	4603	0.968784	FALSE	NA	NA	NA	NA	NA	NA
NC_045512.2	18296	G	A	4601	2226	48	1	1	68	0.00021725	4603	0.5	FALSE	NA	NA	NA	NA	NA	NA
NC_045512.2	18298	A	T	4708	2273	48	1	0	34	0.000212359	4709	0.9688	FALSE	NA	NA	NA	NA	NA	NA
NC_045512.2	18299	T	C	4584	2170	47	2	2	30	0.00043611	4586	0.890753	FALSE	NA	NA	NA	NA	NA	NA
NC_045512.2	18301	G	A	4626	2221	48	2	1	51	0.000432152	4628	0.250027	FALSE	NA	NA	NA	NA	NA	NA
NC_045512.2	18303	C	G	4612	2208	47	5	4	27	0.00108272	4618	1	FALSE	NA	NA	NA	NA	NA	NA
NC_045512.2	18303	C	A	4612	2208	47	1	0	26	0.000216544	4618	1	FALSE	NA	NA	NA	NA	NA	NA
NC_045512.2	18304	T	C	4657	2250	48	1	1	68	0.000214684	4658	0.500054	FALSE	NA	NA	NA	NA	NA	NA
NC_045512.2	18306	C	T	4536	2219	47	1	1	68	0.00022041	4537	0.500055	FALSE	NA	NA	NA	NA	NA	NA
NC_045512.2	18307	G	T	4552	2218	47	1	0	27	0.000219539	4555	1	FALSE	NA	NA	NA	NA	NA	NA
NC_045512.2	18307	G	A	4552	2218	47	2	0	30	0.000439078	4555	0.890702	FALSE	NA	NA	NA	NA	NA	NA
NC_045512.2	18308	A	T	4563	2291	47	1	1	34	0.000219106	4564	0.968801	FALSE	NA	NA	NA	NA	NA	NA
NC_045512.2	18312	C	G	4706	2299	48	1	1	27	0.000212404	4708	1	FALSE	NA	NA	NA	NA	NA	NA
NC_045512.2	18312	C	A	4706	2299	48	1	0	26	0.000212404	4708	1	FALSE	NA	NA	NA	NA	NA	NA
NC_045512.2	18314	A	C	4566	2317	46	2	0	26	0.000437828	4568	1	FALSE	NA	NA	NA	NA	NA	NA
NC_045512.2	18314	A	+G	4566	2317	46	1	0	20	0.000218914	4568	1	FALSE	NA	NA	NA	NA	NA	NA
NC_045512.2	18316	G	T	4751	2336	48	1	1	20	0.000210438	4752	1	FALSE	NA	NA	NA	NA	NA	NA
NC_045512.2	18317	G	T	4320	2099	48	1	1	34	0.000212089	4715	0.961375	FALSE	NA	NA	NA	NA	NA	NA
NC_045512.2	18317	G	C	4320	2099	48	1	1	27	0.000212089	4715	1	FALSE	NA	NA	NA	NA	NA	NA
NC_045512.2	18317	G	A	4320	2099	48	393	175	48	0.083351	4715	9.38328e-123	TRUE	NA	NA	NA	NA	NA	NA
NC_045512.2	18319	T	-G	4726	2190	48	1	0	20	0.000211595	4726	1	FALSE	NA	NA	NA	NA	NA	NA
NC_045512.2	18320	G	A	4762	2238	48	1	1	68	0.000209952	4763	0.5	FALSE	NA	NA	NA	NA	NA	NA
NC_045512.2	18321	T	C	4762	2236	47	1	0	34	0.000209952	4763	0.968799	FALSE	NA	NA	NA	NA	NA	NA
NC_045512.2	18322	C	G	4143	1829	47	1	1	26	0.000241255	4145	1	FALSE	NA	NA	NA	NA	NA	NA
NC_045512.2	18322	C	A	4143	1829	47	1	0	26	0.000241255	4145	1	FALSE	NA	NA	NA	NA	NA	NA
NC_045512.2	18326	C	A	4241	1944	46	1	0	27	0.000235738	4242	1	FALSE	NA	NA	NA	NA	NA	NA
NC_045512.2	18330	T	A	4342	1977	46	1	1	26	0.000230256	4343	1	FALSE	NA	NA	NA	NA	NA	NA
NC_045512.2	18331	A	C	4365	2003	46	1	1	34	0.000229043	4366	0.968804	FALSE	NA	NA	NA	NA	NA	NA
NC_045512.2	18335	A	T	4301	2048	44	1	1	20	0.00023245	4302	1	FALSE	NA	NA	NA	NA	NA	NA
NC_045512.2	18337	G	T	4409	2061	46	2	1	34	0.000453309	4412	0.890705	FALSE	NA	NA	NA	NA	NA	NA
NC_045512.2	18337	G	C	4409	2061	46	1	1	34	0.000226655	4412	0.968768	FALSE	NA	NA	NA	NA	NA	NA
NC_045512.2	18338	C	G	4345	2124	45	2	1	26	0.000459982	4348	1	FALSE	NA	NA	NA	NA	NA	NA
NC_045512.2	18338	C	A	4345	2124	45	1	0	26	0.000229991	4348	1	FALSE	NA	NA	NA	NA	NA	NA
NC_045512.2	18339	T	C	4354	2095	45	1	0	68	0.000229621	4355	0.500057	FALSE	NA	NA	NA	NA	NA	NA
NC_045512.2	18340	G	T	4431	2124	45	1	1	27	0.000225632	4432	1	FALSE	NA	NA	NA	NA	NA	NA
NC_045512.2	18341	T	G	4385	2100	45	1	1	26	0.000227998	4386	1	FALSE	NA	NA	NA	NA	NA	NA
NC_045512.2	18343	G	T	4495	2220	46	1	1	34	0.00022242	4496	0.968802	FALSE	NA	NA	NA	NA	NA	NA
NC_045512.2	18347	C	A	4507	2304	46	1	0	26	0.000221828	4508	1	FALSE	NA	NA	NA	NA	NA	NA
NC_045512.2	18349	A	C	4726	2374	47	1	1	27	0.000211551	4727	1	FALSE	NA	NA	NA	NA	NA	NA
NC_045512.2	18350	A	C	4631	2392	46	1	1	34	0.000215889	4632	0.968801	FALSE	NA	NA	NA	NA	NA	NA
NC_045512.2	18352	T	A	4713	2478	47	1	0	34	0.000212134	4714	0.9688	FALSE	NA	NA	NA	NA	NA	NA
NC_045512.2	18354	A	G	4762	2520	47	1	1	34	0.000209952	4763	0.968799	FALSE	NA	NA	NA	NA	NA	NA
NC_045512.2	18356	C	T	4814	2601	47	1	1	68	0.000207684	4815	0.500052	FALSE	NA	NA	NA	NA	NA	NA
NC_045512.2	18357	T	C	4304	2064	45	1	1	34	0.000232288	4305	0.968804	FALSE	NA	NA	NA	NA	NA	NA
NC_045512.2	18358	T	A	4683	2487	48	1	0	24	0.000213493	4684	1	FALSE	NA	NA	NA	NA	NA	NA
NC_045512.2	18360	A	G	4699	2492	48	2	1	30	0.000425441	4701	0.89075	FALSE	NA	NA	NA	NA	NA	NA
NC_045512.2	18361	C	T	4701	2508	48	1	0	34	0.000212675	4702	0.9688	FALSE	NA	NA	NA	NA	NA	NA
NC_045512.2	18363	G	C	4681	2471	48	1	1	27	0.000213584	4682	1	FALSE	NA	NA	NA	NA	NA	NA
NC_045512.2	18364	C	G	4605	2443	48	1	1	26	0.000217108	4606	1	FALSE	NA	NA	NA	NA	NA	NA
NC_045512.2	18365	T	C	4652	2465	48	2	1	34	0.000429646	4655	0.890701	FALSE	NA	NA	NA	NA	NA	NA
NC_045512.2	18365	T	A	4652	2465	48	1	1	27	0.000214823	4655	1	FALSE	NA	NA	NA	NA	NA	NA
NC_045512.2	18366	A	+G	4627	2446	48	1	0	20	0.000216123	4627	1	FALSE	NA	NA	NA	NA	NA	NA
NC_045512.2	18366	A	+C	4627	2446	48	1	0	20	0.000216123	4627	1	FALSE	NA	NA	NA	NA	NA	NA
NC_045512.2	18367	G	T	4622	2432	48	1	0	34	0.00021631	4623	0.968801	FALSE	NA	NA	NA	NA	NA	NA
NC_045512.2	18367	G	+T	4622	2432	48	1	0	20	0.00021631	4623	1	FALSE	NA	NA	NA	NA	NA	NA
NC_045512.2	18367	G	+C	4622	2432	48	1	0	20	0.00021631	4623	1	FALSE	NA	NA	NA	NA	NA	NA
NC_045512.2	18368	G	T	4690	2475	48	6	3	33	0.00127768	4696	0.377019	FALSE	NA	NA	NA	NA	NA	NA
NC_045512.2	18368	G	+T	4690	2475	48	371	0	20	0.0790034	4696	1.40205e-61	TRUE	NA	NA	NA	NA	NA	NA
NC_045512.2	18369	T	G	4581	2379	47	1	1	34	0.000218198	4583	0.968784	FALSE	NA	NA	NA	NA	NA	NA
NC_045512.2	18369	T	C	4581	2379	47	1	0	34	0.000218198	4583	0.968784	FALSE	NA	NA	NA	NA	NA	NA
NC_045512.2	18369	T	+G	4581	2379	47	1	0	20	0.000218198	4583	1	FALSE	NA	NA	NA	NA	NA	NA
NC_045512.2	18369	T	+C	4581	2379	47	1	0	20	0.000218198	4583	1	FALSE	NA	NA	NA	NA	NA	NA
NC_045512.2	18371	T	C	4736	2516	49	2	2	27	0.000422119	4738	1	FALSE	NA	NA	NA	NA	NA	NA
NC_045512.2	18371	T	+G	4736	2516	49	1	0	20	0.00021106	4738	1	FALSE	NA	NA	NA	NA	NA	NA
NC_045512.2	18371	T	+A	4736	2516	49	2	0	20	0.000422119	4738	1	FALSE	NA	NA	NA	NA	NA	NA
NC_045512.2	18372	T	G	4814	2531	48	1	0	24	0.000207684	4815	1	FALSE	NA	NA	NA	NA	NA	NA
NC_045512.2	18372	T	+A	4814	2531	48	1	0	20	0.000207684	4815	1	FALSE	NA	NA	NA	NA	NA	NA
NC_045512.2	18373	T	A	4813	2590	49	1	1	27	0.000207727	4814	1	FALSE	NA	NA	NA	NA	NA	NA
NC_045512.2	18374	C	A	4827	2616	49	1	0	26	0.000207125	4828	1	FALSE	NA	NA	NA	NA	NA	NA
NC_045512.2	18375	T	G	4820	2578	48	3	3	26	0.000622019	4823	1	FALSE	NA	NA	NA	NA	NA	NA
NC_045512.2	18377	C	G	4791	2613	49	1	1	34	0.000208681	4792	0.968799	FALSE	NA	NA	NA	NA	NA	NA
NC_045512.2	18378	A	T	4799	2564	49	1	1	27	0.000208333	4800	1	FALSE	NA	NA	NA	NA	NA	NA
NC_045512.2	18379	G	T	4953	2603	49	1	0	26	0.000201857	4954	1	FALSE	NA	NA	NA	NA	NA	NA
NC_045512.2	18380	G	C	5170	2704	49	1	0	34	0.000193386	5171	0.984407	FALSE	NA	NA	NA	NA	NA	NA
NC_045512.2	18383	T	G	4883	2389	47	5	5	24	0.00102291	4888	1	FALSE	NA	NA	NA	NA	NA	NA
NC_045512.2	18385	A	T	5082	2773	49	1	0	68	0.000196734	5083	0.500049	FALSE	NA	NA	NA	NA	NA	NA
NC_045512.2	18386	A	C	4899	2817	47	1	0	27	0.000204082	4900	1	FALSE	NA	NA	NA	NA	NA	NA
NC_045512.2	18389	T	G	4760	2515	50	1	1	26	0.00021004	4761	1	FALSE	NA	NA	NA	NA	NA	NA
NC_045512.2	18393	T	A	4785	2536	51	1	0	27	0.000208943	4786	1	FALSE	NA	NA	NA	NA	NA	NA
NC_045512.2	18395	C	G	4700	2557	50	1	1	27	0.000212721	4701	1	FALSE	NA	NA	NA	NA	NA	NA
NC_045512.2	18396	T	G	4645	2516	51	2	1	26	0.000430108	4650	1	FALSE	NA	NA	NA	NA	NA	NA
NC_045512.2	18396	T	C	4645	2516	51	2	2	68	0.000430108	4650	0.249866	FALSE	NA	NA	NA	NA	NA	NA
NC_045512.2	18396	T	A	4645	2516	51	1	0	26	0.000215054	4650	1	FALSE	NA	NA	NA	NA	NA	NA
NC_045512.2	18397	G	T	4658	2513	50	1	1	26	0.000214592	4660	1	FALSE	NA	NA	NA	NA	NA	NA
NC_045512.2	18397	G	C	4658	2513	50	1	1	27	0.000214592	4660	1	FALSE	NA	NA	NA	NA	NA	NA
NC_045512.2	18399	A	T	4954	2597	50	1	0	20	0.000201776	4956	1	FALSE	NA	NA	NA	NA	NA	NA
NC_045512.2	18399	A	G	4954	2597	50	1	1	68	0.000201776	4956	0.5	FALSE	NA	NA	NA	NA	NA	NA
NC_045512.2	18402	T	G	4943	2603	51	2	2	27	0.000404367	4946	1	FALSE	NA	NA	NA	NA	NA	NA
NC_045512.2	18402	T	A	4943	2603	51	1	0	34	0.000202184	4946	0.968766	FALSE	NA	NA	NA	NA	NA	NA
NC_045512.2	18406	G	T	5088	2611	50	1	1	26	0.000196502	5089	1	FALSE	NA	NA	NA	NA	NA	NA
NC_045512.2	18410	A	G	4815	2450	52	2	1	34	0.00041511	4818	0.890698	FALSE	NA	NA	NA	NA	NA	NA
NC_045512.2	18410	A	C	4815	2450	52	1	0	27	0.000207555	4818	1	FALSE	NA	NA	NA	NA	NA	NA
NC_045512.2	18412	G	C	4856	2422	52	1	0	34	0.000205888	4857	0.968798	FALSE	NA	NA	NA	NA	NA	NA
NC_045512.2	18414	T	C	4714	2307	51	2	1	68	0.000424088	4716	0.250027	FALSE	NA	NA	NA	NA	NA	NA
NC_045512.2	18418	A	T	4538	2314	52	1	0	26	0.000220313	4539	1	FALSE	NA	NA	NA	NA	NA	NA
NC_045512.2	18419	C	T	4593	2328	53	1	0	34	0.000217628	4595	0.968784	FALSE	NA	NA	NA	NA	NA	NA
NC_045512.2	18419	C	G	4593	2328	53	1	0	26	0.000217628	4595	1	FALSE	NA	NA	NA	NA	NA	NA
NC_045512.2	18420	A	T	4618	2306	53	1	0	20	0.000216497	4619	1	FALSE	NA	NA	NA	NA	NA	NA
NC_045512.2	18420	A	-C	4618	2306	53	1	0	20	0.000216497	4619	1	FALSE	NA	NA	NA	NA	NA	NA
NC_045512.2	18421	C	G	4673	2301	52	1	1	27	0.00021395	4674	1	FALSE	NA	NA	NA	NA	NA	NA
NC_045512.2	18423	T	C	4781	2326	53	1	0	68	0.000209074	4783	0.5	FALSE	NA	NA	NA	NA	NA	NA
NC_045512.2	18423	T	A	4781	2326	53	1	1	20	0.000209074	4783	1	FALSE	NA	NA	NA	NA	NA	NA
NC_045512.2	18424	A	C	4685	2308	51	1	0	26	0.000213402	4686	1	FALSE	NA	NA	NA	NA	NA	NA
NC_045512.2	18425	A	G	4676	2392	51	1	1	68	0.000213812	4677	0.500053	FALSE	NA	NA	NA	NA	NA	NA
NC_045512.2	18426	T	G	4707	2383	51	1	1	26	0.000212314	4710	1	FALSE	NA	NA	NA	NA	NA	NA
NC_045512.2	18426	T	A	4707	2383	51	2	1	26	0.000424628	4710	1	FALSE	NA	NA	NA	NA	NA	NA
NC_045512.2	18427	A	T	4727	2418	52	1	1	27	0.000211506	4728	1	FALSE	NA	NA	NA	NA	NA	NA
NC_045512.2	18429	T	A	4694	2411	52	1	1	34	0.000212993	4695	0.9688	FALSE	NA	NA	NA	NA	NA	NA
NC_045512.2	18431	C	T	4564	2358	52	1	1	68	0.00021901	4566	0.5	FALSE	NA	NA	NA	NA	NA	NA
NC_045512.2	18431	C	A	4564	2358	52	1	0	20	0.00021901	4566	1	FALSE	NA	NA	NA	NA	NA	NA
NC_045512.2	18435	T	G	4426	2261	52	1	1	26	0.000225836	4428	1	FALSE	NA	NA	NA	NA	NA	NA
NC_045512.2	18435	T	A	4426	2261	52	1	0	26	0.000225836	4428	1	FALSE	NA	NA	NA	NA	NA	NA
NC_045512.2	18438	T	G	4444	2309	53	1	1	34	0.000224921	4446	0.968785	FALSE	NA	NA	NA	NA	NA	NA
NC_045512.2	18438	T	C	4444	2309	53	1	1	24	0.000224921	4446	1	FALSE	NA	NA	NA	NA	NA	NA
NC_045512.2	18440	C	A	4424	2327	52	1	0	26	0.000225989	4425	1	FALSE	NA	NA	NA	NA	NA	NA
NC_045512.2	18441	C	A	4430	2351	52	1	0	26	0.000225683	4431	1	FALSE	NA	NA	NA	NA	NA	NA
NC_045512.2	18443	G	C	4459	2326	52	1	0	27	0.000224215	4460	1	FALSE	NA	NA	NA	NA	NA	NA
NC_045512.2	18446	T	G	4174	1983	47	3	3	31	0.000718219	4177	0.773634	FALSE	NA	NA	NA	NA	NA	NA
NC_045512.2	18447	T	C	4553	2412	53	1	0	34	0.000219587	4554	0.968801	FALSE	NA	NA	NA	NA	NA	NA
NC_045512.2	18450	T	A	4796	2483	52	1	0	27	0.000208464	4797	1	FALSE	NA	NA	NA	NA	NA	NA
NC_045512.2	18451	G	T	4797	2472	52	2	2	30	0.000416753	4799	0.890747	FALSE	NA	NA	NA	NA	NA	NA
NC_045512.2	18452	C	A	4803	2520	52	1	0	34	0.00020816	4804	0.968799	FALSE	NA	NA	NA	NA	NA	NA
NC_045512.2	18454	A	C	4723	2442	52	2	2	27	0.00042328	4725	1	FALSE	NA	NA	NA	NA	NA	NA
NC_045512.2	18456	A	T	4665	2454	52	1	1	26	0.000214179	4669	1	FALSE	NA	NA	NA	NA	NA	NA
NC_045512.2	18456	A	C	4665	2454	52	3	2	29	0.000642536	4669	1	FALSE	NA	NA	NA	NA	NA	NA
NC_045512.2	18458	C	T	4532	2346	52	1	1	68	0.000220556	4534	0.5	FALSE	NA	NA	NA	NA	NA	NA
NC_045512.2	18458	C	A	4532	2346	52	1	0	26	0.000220556	4534	1	FALSE	NA	NA	NA	NA	NA	NA
NC_045512.2	18459	A	T	4510	2295	53	1	0	34	0.000221631	4512	0.968785	FALSE	NA	NA	NA	NA	NA	NA
NC_045512.2	18459	A	C	4510	2295	53	1	1	27	0.000221631	4512	1	FALSE	NA	NA	NA	NA	NA	NA
NC_045512.2	18460	C	A	4474	2309	52	1	0	27	0.000223464	4475	1	FALSE	NA	NA	NA	NA	NA	NA
NC_045512.2	18462	G	A	4447	2291	52	1	1	68	0.00022482	4448	0.500056	FALSE	NA	NA	NA	NA	NA	NA
NC_045512.2	18464	C	G	4504	2414	53	1	1	26	0.000221976	4505	1	FALSE	NA	NA	NA	NA	NA	NA
NC_045512.2	18465	T	G	4445	2350	52	1	1	26	0.000224871	4447	1	FALSE	NA	NA	NA	NA	NA	NA
NC_045512.2	18465	T	C	4445	2350	52	1	0	68	0.000224871	4447	0.5	FALSE	NA	NA	NA	NA	NA	NA
NC_045512.2	18466	G	T	4418	2319	52	1	1	34	0.000226296	4419	0.968803	FALSE	NA	NA	NA	NA	NA	NA
NC_045512.2	18469	G	T	4446	2396	52	1	1	27	0.000224871	4447	1	FALSE	NA	NA	NA	NA	NA	NA
NC_045512.2	18470	A	T	4381	2508	50	1	0	26	0.000228206	4382	1	FALSE	NA	NA	NA	NA	NA	NA
NC_045512.2	18474	A	G	4563	2525	51	2	0	43	0.000437924	4567	0.249918	FALSE	NA	NA	NA	NA	NA	NA
NC_045512.2	18474	A	C	4563	2525	51	2	0	27	0.000437924	4567	1	FALSE	NA	NA	NA	NA	NA	NA
NC_045512.2	18475	T	G	4306	2223	49	1	1	26	0.00023218	4307	1	FALSE	NA	NA	NA	NA	NA	NA
NC_045512.2	18476	T	C	4592	2532	52	1	1	60	0.000217675	4594	0.5	FALSE	NA	NA	NA	NA	NA	NA
NC_045512.2	18476	T	A	4592	2532	52	1	1	27	0.000217675	4594	1	FALSE	NA	NA	NA	NA	NA	NA
NC_045512.2	18477	T	C	4594	2568	52	1	0	24	0.000217581	4596	1	FALSE	NA	NA	NA	NA	NA	NA
NC_045512.2	18477	T	A	4594	2568	52	1	0	20	0.000217581	4596	1	FALSE	NA	NA	NA	NA	NA	NA
NC_045512.2	18483	C	T	4829	2656	51	1	1	27	0.000207039	4830	1	FALSE	NA	NA	NA	NA	NA	NA
NC_045512.2	18484	C	G	4789	2654	52	1	0	26	0.000208768	4790	1	FALSE	NA	NA	NA	NA	NA	NA
NC_045512.2	18485	T	A	4855	2649	52	1	1	27	0.000205931	4856	1	FALSE	NA	NA	NA	NA	NA	NA
NC_045512.2	18487	A	C	4858	2664	52	2	0	27	0.000411523	4860	1	FALSE	NA	NA	NA	NA	NA	NA
NC_045512.2	18488	T	C	4911	2648	52	1	1	27	0.000203583	4912	1	FALSE	NA	NA	NA	NA	NA	NA
NC_045512.2	18489	A	C	4885	2646	52	1	1	27	0.000204666	4886	1	FALSE	NA	NA	NA	NA	NA	NA
NC_045512.2	18493	C	T	4989	2531	51	1	1	68	0.000200361	4991	0.5	FALSE	NA	NA	NA	NA	NA	NA
NC_045512.2	18493	C	A	4989	2531	51	1	0	20	0.000200361	4991	1	FALSE	NA	NA	NA	NA	NA	NA
NC_045512.2	18494	T	G	4931	2484	51	2	2	26	0.000405433	4933	1	FALSE	NA	NA	NA	NA	NA	NA
NC_045512.2	18497	T	G	4885	2457	52	1	0	27	0.000204666	4886	1	FALSE	NA	NA	NA	NA	NA	NA
NC_045512.2	18498	G	C	5028	2528	51	1	0	34	0.000198847	5029	0.984408	FALSE	NA	NA	NA	NA	NA	NA
NC_045512.2	18500	A	G	5025	2519	52	1	1	24	0.000198965	5026	1	FALSE	NA	NA	NA	NA	NA	NA
NC_045512.2	18504	A	G	4537	2251	49	2	0	24	0.000440141	4544	1	FALSE	NA	NA	NA	NA	NA	NA
NC_045512.2	18504	A	C	4537	2251	49	5	0	28	0.00110035	4544	1	FALSE	NA	NA	NA	NA	NA	NA
NC_045512.2	18507	A	T	4601	2169	52	1	1	34	0.000217202	4604	0.968767	FALSE	NA	NA	NA	NA	NA	NA
NC_045512.2	18507	A	G	4601	2169	52	2	1	29	0.000434405	4604	1	FALSE	NA	NA	NA	NA	NA	NA
NC_045512.2	18509	T	C	4582	2183	52	1	1	68	0.000218198	4583	0.500055	FALSE	NA	NA	NA	NA	NA	NA
NC_045512.2	18510	T	C	4653	2218	52	1	1	68	0.000214869	4654	0.500054	FALSE	NA	NA	NA	NA	NA	NA
NC_045512.2	18513	T	G	4570	2151	51	2	1	23	0.000437254	4574	1	FALSE	NA	NA	NA	NA	NA	NA
NC_045512.2	18513	T	C	4570	2151	51	1	1	68	0.000218627	4574	0.499891	FALSE	NA	NA	NA	NA	NA	NA
NC_045512.2	18513	T	A	4570	2151	51	1	0	34	0.000218627	4574	0.96875	FALSE	NA	NA	NA	NA	NA	NA
NC_045512.2	18514	T	G	4562	2222	51	2	2	25	0.000438212	4564	1	FALSE	NA	NA	NA	NA	NA	NA
NC_045512.2	18515	G	T	4822	2369	53	1	1	27	0.000207297	4824	1	FALSE	NA	NA	NA	NA	NA	NA
NC_045512.2	18515	G	C	4822	2369	53	1	0	20	0.000207297	4824	1	FALSE	NA	NA	NA	NA	NA	NA
NC_045512.2	18516	G	T	4812	2369	53	1	1	27	0.000207684	4815	1	FALSE	NA	NA	NA	NA	NA	NA
NC_045512.2	18516	G	C	4812	2369	53	1	1	27	0.000207684	4815	1	FALSE	NA	NA	NA	NA	NA	NA
NC_045512.2	18516	G	A	4812	2369	53	1	0	68	0.000207684	4815	0.499948	FALSE	NA	NA	NA	NA	NA	NA
NC_045512.2	18518	A	T	4854	2450	54	1	0	20	0.000205973	4855	1	FALSE	NA	NA	NA	NA	NA	NA
NC_045512.2	18519	T	G	4771	2383	54	1	1	34	0.000209556	4772	0.968799	FALSE	NA	NA	NA	NA	NA	NA
NC_045512.2	18520	G	T	4721	2324	54	1	1	34	0.000211775	4722	0.9688	FALSE	NA	NA	NA	NA	NA	NA
NC_045512.2	18521	T	G	4753	2360	54	1	1	26	0.000210349	4754	1	FALSE	NA	NA	NA	NA	NA	NA
NC_045512.2	18522	A	G	4723	2341	54	1	0	27	0.000211685	4724	1	FALSE	NA	NA	NA	NA	NA	NA
NC_045512.2	18524	T	G	4375	2071	51	3	3	27	0.000685244	4378	1	FALSE	NA	NA	NA	NA	NA	NA
NC_045512.2	18526	C	G	4534	2296	54	1	1	26	0.000220507	4535	1	FALSE	NA	NA	NA	NA	NA	NA
NC_045512.2	18527	G	C	4596	2285	55	1	1	27	0.000217533	4597	1	FALSE	NA	NA	NA	NA	NA	NA
NC_045512.2	18528	T	G	4712	2386	56	2	2	34	0.000424268	4714	0.890749	FALSE	NA	NA	NA	NA	NA	NA
NC_045512.2	18531	A	G	4634	2425	54	1	0	34	0.00021575	4635	0.968801	FALSE	NA	NA	NA	NA	NA	NA
NC_045512.2	18533	A	C	4658	2485	53	2	0	27	0.000429185	4660	1	FALSE	NA	NA	NA	NA	NA	NA
NC_045512.2	18534	G	T	4692	2441	54	1	1	20	0.000213083	4693	1	FALSE	NA	NA	NA	NA	NA	NA
NC_045512.2	18535	A	T	4576	2432	53	1	1	27	0.000218484	4577	1	FALSE	NA	NA	NA	NA	NA	NA
NC_045512.2	18537	T	C	4457	2336	55	1	1	46	0.000224316	4458	0.500056	FALSE	NA	NA	NA	NA	NA	NA
NC_045512.2	18539	T	G	4584	2376	54	1	1	34	0.000218055	4586	0.968784	FALSE	NA	NA	NA	NA	NA	NA
NC_045512.2	18539	T	C	4584	2376	54	1	1	24	0.000218055	4586	1	FALSE	NA	NA	NA	NA	NA	NA
NC_045512.2	18540	A	C	4593	2455	55	1	0	27	0.000217675	4594	1	FALSE	NA	NA	NA	NA	NA	NA
NC_045512.2	18541	C	G	4608	2445	55	1	0	34	0.000216967	4609	0.968801	FALSE	NA	NA	NA	NA	NA	NA
NC_045512.2	18542	A	+C	4564	2398	56	1	0	20	0.000219106	4564	1	FALSE	NA	NA	NA	NA	NA	NA
NC_045512.2	18543	A	T	4607	2411	56	1	1	27	0.000217014	4608	1	FALSE	NA	NA	NA	NA	NA	NA
NC_045512.2	18545	T	G	4645	2522	57	1	1	27	0.000215193	4647	1	FALSE	NA	NA	NA	NA	NA	NA
NC_045512.2	18545	T	C	4645	2522	57	1	1	38	0.000215193	4647	0.968784	FALSE	NA	NA	NA	NA	NA	NA
NC_045512.2	18546	G	T	4669	2600	57	2	2	27	0.000428082	4672	1	FALSE	NA	NA	NA	NA	NA	NA
NC_045512.2	18546	G	C	4669	2600	57	1	1	27	0.000214041	4672	1	FALSE	NA	NA	NA	NA	NA	NA
NC_045512.2	18547	T	G	4525	2464	55	2	2	30	0.000441794	4527	0.890754	FALSE	NA	NA	NA	NA	NA	NA
NC_045512.2	18549	A	T	4616	2574	58	1	1	27	0.000216591	4617	1	FALSE	NA	NA	NA	NA	NA	NA
NC_045512.2	18550	A	G	4576	2662	55	1	1	34	0.000218436	4578	0.968784	FALSE	NA	NA	NA	NA	NA	NA
NC_045512.2	18550	A	C	4576	2662	55	1	0	26	0.000218436	4578	1	FALSE	NA	NA	NA	NA	NA	NA
NC_045512.2	18552	T	A	4524	2566	56	2	1	25	0.000441891	4526	1	FALSE	NA	NA	NA	NA	NA	NA
NC_045512.2	18558	A	T	4451	2602	56	1	1	26	0.000224517	4454	1	FALSE	NA	NA	NA	NA	NA	NA
NC_045512.2	18558	A	G	4451	2602	56	2	0	60	0.000449035	4454	0.249972	FALSE	NA	NA	NA	NA	NA	NA
NC_045512.2	18559	C	G	4573	2635	56	1	0	26	0.000218627	4574	1	FALSE	NA	NA	NA	NA	NA	NA
NC_045512.2	18560	T	G	4337	2403	55	1	1	34	0.000230521	4338	0.968804	FALSE	NA	NA	NA	NA	NA	NA
NC_045512.2	18562	A	G	4456	2567	55	1	1	27	0.000224366	4457	1	FALSE	NA	NA	NA	NA	NA	NA
NC_045512.2	18564	A	C	4472	2652	54	1	0	27	0.000223564	4473	1	FALSE	NA	NA	NA	NA	NA	NA
NC_045512.2	18565	A	T	4498	2655	55	1	1	27	0.000222272	4499	1	FALSE	NA	NA	NA	NA	NA	NA
NC_045512.2	18567	T	A	4339	2481	53	3	2	29	0.000690926	4342	1	FALSE	NA	NA	NA	NA	NA	NA
NC_045512.2	18568	C	A	4445	2613	57	1	1	26	0.000224921	4446	1	FALSE	NA	NA	NA	NA	NA	NA
NC_045512.2	18569	T	C	4210	2365	53	1	1	68	0.000237473	4211	0.500059	FALSE	NA	NA	NA	NA	NA	NA
NC_045512.2	18570	C	G	4395	2578	57	1	1	34	0.00022748	4396	0.968803	FALSE	NA	NA	NA	NA	NA	NA
NC_045512.2	18572	C	G	4399	2608	56	1	1	34	0.000227169	4402	0.968768	FALSE	NA	NA	NA	NA	NA	NA
NC_045512.2	18572	C	A	4399	2608	56	2	2	23	0.000454339	4402	1	FALSE	NA	NA	NA	NA	NA	NA
NC_045512.2	18573	T	G	4372	2581	55	1	1	27	0.000228624	4374	1	FALSE	NA	NA	NA	NA	NA	NA
NC_045512.2	18573	T	A	4372	2581	55	1	1	34	0.000228624	4374	0.968786	FALSE	NA	NA	NA	NA	NA	NA
NC_045512.2	18578	G	T	4379	2576	56	1	1	26	0.000228311	4380	1	FALSE	NA	NA	NA	NA	NA	NA
NC_045512.2	18579	A	G	4337	2556	56	1	1	34	0.000230521	4338	0.968804	FALSE	NA	NA	NA	NA	NA	NA
NC_045512.2	18580	G	T	4412	2586	57	1	1	27	0.000226603	4413	1	FALSE	NA	NA	NA	NA	NA	NA
NC_045512.2	18582	C	G	4391	2569	56	1	1	34	0.000227635	4393	0.968786	FALSE	NA	NA	NA	NA	NA	NA
NC_045512.2	18582	C	A	4391	2569	56	1	0	24	0.000227635	4393	1	FALSE	NA	NA	NA	NA	NA	NA
NC_045512.2	18583	G	A	4506	2651	56	2	1	64	0.000443656	4508	0.250028	FALSE	NA	NA	NA	NA	NA	NA
NC_045512.2	18584	T	G	4498	2641	56	1	1	27	0.000222074	4503	1	FALSE	NA	NA	NA	NA	NA	NA
NC_045512.2	18584	T	C	4498	2641	56	1	1	27	0.000222074	4503	1	FALSE	NA	NA	NA	NA	NA	NA
NC_045512.2	18584	T	A	4498	2641	56	3	3	28	0.000666223	4503	1	FALSE	NA	NA	NA	NA	NA	NA
NC_045512.2	18586	T	G	4384	2529	53	3	3	24	0.000683839	4387	1	FALSE	NA	NA	NA	NA	NA	NA
NC_045512.2	18589	G	T	4353	2548	56	2	1	47	0.000459242	4355	0.250029	FALSE	NA	NA	NA	NA	NA	NA
NC_045512.2	18590	T	G	4277	2453	55	1	0	27	0.000233754	4278	1	FALSE	NA	NA	NA	NA	NA	NA
NC_045512.2	18591	C	G	4328	2521	56	1	1	27	0.000231	4329	1	FALSE	NA	NA	NA	NA	NA	NA
NC_045512.2	18592	T	G	4182	2404	57	1	0	27	0.000239063	4183	1	FALSE	NA	NA	NA	NA	NA	NA
NC_045512.2	18595	T	G	4118	2355	56	1	1	26	0.000242777	4119	1	FALSE	NA	NA	NA	NA	NA	NA
NC_045512.2	18596	G	T	4149	2424	56	1	1	34	0.000240964	4150	0.968806	FALSE	NA	NA	NA	NA	NA	NA
NC_045512.2	18598	G	C	4072	2349	56	1	1	27	0.000245519	4073	1	FALSE	NA	NA	NA	NA	NA	NA
NC_045512.2	18601	C	A	4033	2418	55	1	1	20	0.000247893	4034	1	FALSE	NA	NA	NA	NA	NA	NA
NC_045512.2	18603	T	G	4020	2405	56	2	0	30	0.000497018	4024	0.890654	FALSE	NA	NA	NA	NA	NA	NA
NC_045512.2	18603	T	C	4020	2405	56	1	1	34	0.000248509	4024	0.96875	FALSE	NA	NA	NA	NA	NA	NA
NC_045512.2	18603	T	A	4020	2405	56	1	0	27	0.000248509	4024	1	FALSE	NA	NA	NA	NA	NA	NA
NC_045512.2	18607	T	C	3734	2184	53	1	1	34	0.000267666	3736	0.93755	FALSE	NA	NA	NA	NA	NA	NA
NC_045512.2	18607	T	A	3734	2184	53	1	0	27	0.000267666	3736	1	FALSE	NA	NA	NA	NA	NA	NA
NC_045512.2	18610	G	C	3854	2310	56	2	1	27	0.000518672	3856	1	FALSE	NA	NA	NA	NA	NA	NA
NC_045512.2	18612	G	T	3837	2292	55	1	1	20	0.000260485	3839	1	FALSE	NA	NA	NA	NA	NA	NA
NC_045512.2	18612	G	A	3837	2292	55	1	1	68	0.000260485	3839	0.5	FALSE	NA	NA	NA	NA	NA	NA
NC_045512.2	18613	T	G	3402	1830	48	5	5	24	0.00146714	3408	1	FALSE	NA	NA	NA	NA	NA	NA
NC_045512.2	18613	T	A	3402	1830	48	1	0	26	0.000293427	3408	1	FALSE	NA	NA	NA	NA	NA	NA
NC_045512.2	18614	T	C	3568	2102	57	1	1	34	0.000280191	3569	0.937588	FALSE	NA	NA	NA	NA	NA	NA
NC_045512.2	18616	A	G	3575	2115	56	1	1	68	0.000279642	3576	0.50007	FALSE	NA	NA	NA	NA	NA	NA
NC_045512.2	18619	T	G	3476	2056	56	1	0	27	0.000287604	3477	1	FALSE	NA	NA	NA	NA	NA	NA
NC_045512.2	18624	G	C	3526	2063	54	2	0	27	0.000566893	3528	1	FALSE	NA	NA	NA	NA	NA	NA
NC_045512.2	18626	A	C	3437	2010	54	1	0	27	0.000290867	3438	1	FALSE	NA	NA	NA	NA	NA	NA
NC_045512.2	18627	G	T	3420	1988	55	2	1	25	0.000584454	3422	1	FALSE	NA	NA	NA	NA	NA	NA
NC_045512.2	18628	T	G	3354	1957	52	2	0	27	0.00059577	3357	1	FALSE	NA	NA	NA	NA	NA	NA
NC_045512.2	18628	T	A	3354	1957	52	1	1	26	0.000297885	3357	1	FALSE	NA	NA	NA	NA	NA	NA
NC_045512.2	18631	T	C	2968	1589	50	2	1	30	0.000673401	2970	0.687689	FALSE	NA	NA	NA	NA	NA	NA
NC_045512.2	18634	G	A	3199	1940	54	1	0	68	0.0003125	3200	0.500078	FALSE	NA	NA	NA	NA	NA	NA
NC_045512.2	18635	T	G	3124	1866	53	2	2	30	0.000639795	3126	0.8127	FALSE	NA	NA	NA	NA	NA	NA
NC_045512.2	18637	A	G	3178	1953	53	1	1	24	0.000314564	3179	1	FALSE	NA	NA	NA	NA	NA	NA
NC_045512.2	18638	A	C	3154	1969	52	2	0	27	0.000633714	3156	1	FALSE	NA	NA	NA	NA	NA	NA
NC_045512.2	18641	T	G	3201	2004	53	1	0	27	0.000312305	3202	1	FALSE	NA	NA	NA	NA	NA	NA
NC_045512.2	18643	G	T	3164	1978	52	1	0	68	0.000315856	3166	0.499921	FALSE	NA	NA	NA	NA	NA	NA
NC_045512.2	18643	G	C	3164	1978	52	1	1	34	0.000315856	3166	0.93752	FALSE	NA	NA	NA	NA	NA	NA
NC_045512.2	18648	T	G	1818	1113	49	1	1	26	0.000549451	1820	0.999998	FALSE	NA	NA	NA	NA	NA	NA
NC_045512.2	18648	T	A	1818	1113	49	1	0	26	0.000549451	1820	0.999998	FALSE	NA	NA	NA	NA	NA	NA
NC_045512.2	18653	G	C	1837	1123	49	1	1	27	0.00054407	1838	0.999998	FALSE	NA	NA	NA	NA	NA	NA
NC_045512.2	18654	C	T	1952	1219	50	1	1	26	0.000512033	1953	0.999999	FALSE	NA	NA	NA	NA	NA	NA
NC_045512.2	18662	G	C	2060	1261	50	1	0	27	0.000485201	2061	1	FALSE	NA	NA	NA	NA	NA	NA
NC_045512.2	18664	C	G	2059	1269	50	1	1	34	0.000485437	2060	0.875182	FALSE	NA	NA	NA	NA	NA	NA
NC_045512.2	18670	G	A	2120	1304	50	1	1	68	0.000471476	2121	0.500118	FALSE	NA	NA	NA	NA	NA	NA
NC_045512.2	18672	T	G	2105	1292	49	2	2	30	0.000949217	2107	0.687767	FALSE	NA	NA	NA	NA	NA	NA
NC_045512.2	18673	A	G	2114	1324	50	3	2	60	0.0014171	2117	0.125	FALSE	NA	NA	NA	NA	NA	NA
NC_045512.2	18675	A	T	2125	1328	49	1	0	34	0.000470367	2126	0.875176	FALSE	NA	NA	NA	NA	NA	NA
NC_045512.2	18677	G	C	1960	1213	50	1	1	26	0.000509944	1961	0.999999	FALSE	NA	NA	NA	NA	NA	NA
NC_045512.2	18681	C	G	1913	1197	50	1	1	26	0.000522466	1914	0.999999	FALSE	NA	NA	NA	NA	NA	NA
NC_045512.2	18682	A	G	1912	1193	50	1	1	34	0.000522739	1913	0.750196	FALSE	NA	NA	NA	NA	NA	NA
NC_045512.2	18688	T	G	1694	1039	49	1	1	27	0.000589971	1695	0.999993	FALSE	NA	NA	NA	NA	NA	NA
NC_045512.2	18692	C	G	1614	1001	49	1	0	24	0.000618812	1616	0.999993	FALSE	NA	NA	NA	NA	NA	NA
NC_045512.2	18692	C	A	1614	1001	49	1	1	34	0.000618812	1616	0.750077	FALSE	NA	NA	NA	NA	NA	NA
NC_045512.2	18694	A	C	1501	937	49	1	1	34	0.000665779	1502	0.75025	FALSE	NA	NA	NA	NA	NA	NA
NC_045512.2	18696	T	A	909	490	49	1	1	27	0.0010989	910	0.999053	FALSE	NA	NA	NA	NA	NA	NA
NC_045512.2	18697	G	T	943	492	49	1	1	34	0.0010582	945	0.5	FALSE	NA	NA	NA	NA	NA	NA
NC_045512.2	18697	G	C	943	492	49	1	0	27	0.0010582	945	0.999047	FALSE	NA	NA	NA	NA	NA	NA
NC_045512.2	18698	C	G	929	481	49	1	1	27	0.00107527	930	0.999052	FALSE	NA	NA	NA	NA	NA	NA
NC_045512.2	18703	G	C	924	483	50	1	1	27	0.00108108	925	0.999052	FALSE	NA	NA	NA	NA	NA	NA
NC_045512.2	18719	G	C	934	462	52	1	0	27	0.00106952	935	0.999052	FALSE	NA	NA	NA	NA	NA	NA
NC_045512.2	18721	C	G	935	475	52	1	1	27	0.00106838	936	0.999052	FALSE	NA	NA	NA	NA	NA	NA
NC_045512.2	18724	C	G	940	472	52	1	1	27	0.0010627	941	0.999052	FALSE	NA	NA	NA	NA	NA	NA
NC_045512.2	18725	A	C	951	495	52	1	1	27	0.00105042	952	0.999051	FALSE	NA	NA	NA	NA	NA	NA
NC_045512.2	18729	T	C	958	484	52	1	1	34	0.00104167	960	0.5	FALSE	NA	NA	NA	NA	NA	NA
NC_045512.2	18729	T	A	958	484	52	1	1	20	0.00104167	960	0.999046	FALSE	NA	NA	NA	NA	NA	NA
NC_045512.2	18734	G	T	969	560	55	1	1	34	0.00103093	970	0.500258	FALSE	NA	NA	NA	NA	NA	NA
NC_045512.2	18735	A	T	970	556	56	1	1	27	0.00102987	971	0.999051	FALSE	NA	NA	NA	NA	NA	NA
NC_045512.2	18737	T	C	944	537	53	1	1	27	0.0010582	945	0.999052	FALSE	NA	NA	NA	NA	NA	NA
NC_045512.2	18738	T	C	966	556	56	1	1	68	0.00103413	967	0.500259	FALSE	NA	NA	NA	NA	NA	NA
NC_045512.2	18741	T	A	969	563	56	1	1	27	0.00103093	970	0.999051	FALSE	NA	NA	NA	NA	NA	NA
NC_045512.2	18746	T	A	1022	593	57	1	1	34	0.000977517	1023	0.750367	FALSE	NA	NA	NA	NA	NA	NA
NC_045512.2	18748	T	A	981	565	55	1	1	20	0.00101833	982	0.999051	FALSE	NA	NA	NA	NA	NA	NA
NC_045512.2	18756	G	A	942	552	57	1	1	60	0.00106045	943	0.500265	FALSE	NA	NA	NA	NA	NA	NA
NC_045512.2	18757	T	G	857	462	51	1	1	26	0.0011655	858	0.998098	FALSE	NA	NA	NA	NA	NA	NA
NC_045512.2	18770	T	A	959	576	58	1	1	34	0.00104167	960	0.500261	FALSE	NA	NA	NA	NA	NA	NA
NC_045512.2	18777	A	T	943	570	57	1	1	27	0.00105932	944	0.999052	FALSE	NA	NA	NA	NA	NA	NA
NC_045512.2	18782	G	T	951	563	58	1	0	68	0.00105042	952	0.500263	FALSE	NA	NA	NA	NA	NA	NA
NC_045512.2	18789	A	G	913	539	59	1	0	24	0.00109409	914	0.999053	FALSE	NA	NA	NA	NA	NA	NA
NC_045512.2	18799	C	A	894	534	57	1	0	26	0.00111732	895	0.998096	FALSE	NA	NA	NA	NA	NA	NA
NC_045512.2	18801	A	C	889	533	58	1	0	27	0.0011236	890	0.998096	FALSE	NA	NA	NA	NA	NA	NA
NC_045512.2	18814	C	A	799	514	53	1	0	27	0.00125	800	0.998091	FALSE	NA	NA	NA	NA	NA	NA
NC_045512.2	18825	A	C	664	435	48	1	0	34	0.00150376	665	0.500376	FALSE	NA	NA	NA	NA	NA	NA
NC_045512.2	18827	T	G	658	414	53	1	1	20	0.00151745	659	0.992353	FALSE	NA	NA	NA	NA	NA	NA
NC_045512.2	18829	C	G	657	429	52	1	0	27	0.00151976	658	0.992353	FALSE	NA	NA	NA	NA	NA	NA
NC_045512.2	18835	A	C	577	373	54	1	0	27	0.0017301	578	0.984658	FALSE	NA	NA	NA	NA	NA	NA
NC_045512.2	18860	C	A	409	281	51	1	0	27	0.00243902	410	0.96932	FALSE	NA	NA	NA	NA	NA	NA
NC_045512.2	18878	T	C	335	235	49	1	1	34	0.00297619	336	0.500745	FALSE	NA	NA	NA	NA	NA	NA
NC_045512.2	18884	T	-C	115	71	51	1	0	20	0.00869565	115	0.755421	FALSE	NA	NA	NA	NA	NA	NA
NC_045512.2	18885	C	+G	115	70	52	1	0	20	0.00862069	116	0.753247	FALSE	NA	NA	NA	NA	NA	NA
NC_045512.2	18886	C	-A	113	71	50	1	0	20	0.00884956	113	0.755516	FALSE	NA	NA	NA	NA	NA	NA
NC_045512.2	18887	A	G	105	67	51	1	0	68	0.00943396	106	0.5	FALSE	NA	NA	NA	NA	NA	NA
NC_045512.2	18888	C	T	108	66	52	1	0	68	0.00909091	110	0.5	FALSE	NA	NA	NA	NA	NA	NA
NC_045512.2	18888	C	G	108	66	52	1	1	34	0.00909091	110	0.5	FALSE	NA	NA	NA	NA	NA	NA
NC_045512.2	18923	A	T	49	21	49	1	1	26	0.02	50	0.505051	FALSE	NA	NA	NA	NA	NA	NA
NC_045512.2	18924	A	T	48	22	49	1	1	34	0.0204082	49	0.505155	FALSE	NA	NA	NA	NA	NA	NA
NC_045512.2	18935	T	C	48	18	45	1	0	34	0.0204082	49	0.505155	FALSE	NA	NA	NA	NA	NA	NA
NC_045512.2	18962	C	G	48	26	45	1	1	26	0.0204082	49	0.505155	FALSE	NA	NA	NA	NA	NA	NA
NC_045512.2	19187	T	C	42	18	57	1	0	34	0.0232558	43	0.505882	FALSE	NA	NA	NA	NA	NA	NA
NC_045512.2	19397	A	C	31	15	51	1	0	27	0.03125	32	0.507937	FALSE	NA	NA	NA	NA	NA	NA
NC_045512.2	19415	T	G	33	18	49	1	1	26	0.0294118	34	0.507463	FALSE	NA	NA	NA	NA	NA	NA
NC_045512.2	19664	T	G	38	16	41	1	1	27	0.025641	39	0.506494	FALSE	NA	NA	NA	NA	NA	NA
NC_045512.2	19694	C	G	41	19	46	1	1	34	0.0238095	42	0.506024	FALSE	NA	NA	NA	NA	NA	NA
NC_045512.2	19727	A	T	41	18	47	1	1	27	0.0238095	42	0.506024	FALSE	NA	NA	NA	NA	NA	NA
NC_045512.2	19824	G	C	594	203	52	1	1	27	0.00168067	595	0.98465	FALSE	NA	NA	NA	NA	NA	NA
NC_045512.2	19836	C	G	638	234	55	1	0	27	0.00156495	639	0.992358	FALSE	NA	NA	NA	NA	NA	NA
NC_045512.2	19838	A	G	631	238	53	1	0	68	0.00158228	632	0.500396	FALSE	NA	NA	NA	NA	NA	NA
NC_045512.2	19843	T	G	654	241	53	1	1	26	0.00152672	655	0.992354	FALSE	NA	NA	NA	NA	NA	NA
NC_045512.2	19869	T	G	657	263	57	1	1	27	0.00151976	658	0.992353	FALSE	NA	NA	NA	NA	NA	NA
NC_045512.2	19875	C	A	982	366	50	1	0	20	0.00101729	983	0.999051	FALSE	NA	NA	NA	NA	NA	NA
NC_045512.2	19876	T	-G	983	367	51	2	0	20	0.00203459	983	0.99433	FALSE	NA	NA	NA	NA	NA	NA
NC_045512.2	19879	G	C	997	380	50	1	1	27	0.001002	998	0.99905	FALSE	NA	NA	NA	NA	NA	NA
NC_045512.2	19885	A	C	1058	391	50	1	0	26	0.000944287	1059	0.999527	FALSE	NA	NA	NA	NA	NA	NA
NC_045512.2	19888	A	C	1060	394	50	1	0	34	0.000942507	1061	0.750354	FALSE	NA	NA	NA	NA	NA	NA
NC_045512.2	19894	G	C	1039	384	50	1	0	26	0.000961538	1040	0.999527	FALSE	NA	NA	NA	NA	NA	NA
NC_045512.2	19898	C	G	1082	409	50	1	0	27	0.000923361	1083	0.999526	FALSE	NA	NA	NA	NA	NA	NA
NC_045512.2	19904	A	G	1149	433	52	1	0	34	0.000869565	1150	0.750326	FALSE	NA	NA	NA	NA	NA	NA
NC_045512.2	19908	A	G	1215	449	51	1	1	34	0.000822368	1216	0.750309	FALSE	NA	NA	NA	NA	NA	NA
NC_045512.2	19909	T	A	959	327	47	1	1	26	0.00104167	960	0.999051	FALSE	NA	NA	NA	NA	NA	NA
NC_045512.2	19910	C	G	961	323	47	1	1	34	0.0010395	962	0.50026	FALSE	NA	NA	NA	NA	NA	NA
NC_045512.2	19916	T	G	995	344	45	1	1	34	0.00100402	996	0.500251	FALSE	NA	NA	NA	NA	NA	NA
NC_045512.2	19922	T	G	1016	367	46	1	1	27	0.000983284	1017	0.999527	FALSE	NA	NA	NA	NA	NA	NA
NC_045512.2	19929	T	A	1094	450	52	1	1	27	0.000913242	1095	0.999526	FALSE	NA	NA	NA	NA	NA	NA
NC_045512.2	19930	A	G	1105	459	53	1	0	68	0.000904159	1106	0.500226	FALSE	NA	NA	NA	NA	NA	NA
NC_045512.2	19933	A	G	1125	473	52	1	1	68	0.000888099	1126	0.500222	FALSE	NA	NA	NA	NA	NA	NA
NC_045512.2	19936	G	C	1142	482	52	1	0	26	0.000874891	1143	0.999764	FALSE	NA	NA	NA	NA	NA	NA
NC_045512.2	19943	C	T	1155	529	52	1	0	52	0.000865052	1156	0.500216	FALSE	NA	NA	NA	NA	NA	NA
NC_045512.2	19945	A	T	1154	532	52	1	1	68	0.000865801	1155	0.500217	FALSE	NA	NA	NA	NA	NA	NA
NC_045512.2	19951	C	T	1151	532	52	1	0	68	0.000868056	1152	0.500217	FALSE	NA	NA	NA	NA	NA	NA
NC_045512.2	19953	A	C	1143	526	52	1	0	27	0.000874126	1144	0.999764	FALSE	NA	NA	NA	NA	NA	NA
NC_045512.2	19955	C	T	0	0	0	1149	536	51	0.99913	1150	0	TRUE	NA	NA	NA	NA	NA	NA
NC_045512.2	19955	C	G	0	0	0	1	1	20	0.000869565	1150	0.0104348	FALSE	NA	NA	NA	NA	NA	NA
NC_045512.2	19956	T	C	1140	545	52	1	0	24	0.000876424	1141	0.999764	FALSE	NA	NA	NA	NA	NA	NA
NC_045512.2	19959	A	G	1144	592	50	1	1	68	0.0008726	1146	0.5	FALSE	NA	NA	NA	NA	NA	NA
NC_045512.2	19959	A	C	1144	592	50	1	1	27	0.0008726	1146	0.999763	FALSE	NA	NA	NA	NA	NA	NA
NC_045512.2	19960	A	T	1141	603	50	1	1	34	0.000875657	1142	0.750329	FALSE	NA	NA	NA	NA	NA	NA
NC_045512.2	19968	T	G	1221	622	49	1	1	34	0.000818331	1222	0.750307	FALSE	NA	NA	NA	NA	NA	NA
NC_045512.2	19972	C	G	1234	635	51	1	0	27	0.000809061	1236	0.999882	FALSE	NA	NA	NA	NA	NA	NA
NC_045512.2	19972	C	A	1234	635	51	1	0	34	0.000809061	1236	0.750101	FALSE	NA	NA	NA	NA	NA	NA
NC_045512.2	19980	T	A	1169	600	52	1	1	27	0.000854701	1170	0.999764	FALSE	NA	NA	NA	NA	NA	NA
NC_045512.2	19988	T	G	1129	562	49	1	1	26	0.000884956	1130	0.999764	FALSE	NA	NA	NA	NA	NA	NA
NC_045512.2	19999	G	T	1167	594	52	1	1	34	0.000856164	1168	0.750321	FALSE	NA	NA	NA	NA	NA	NA
NC_045512.2	20003	A	G	1098	569	53	1	0	34	0.000909918	1099	0.750341	FALSE	NA	NA	NA	NA	NA	NA
NC_045512.2	20005	G	C	1083	559	53	1	0	26	0.000922509	1084	0.999526	FALSE	NA	NA	NA	NA	NA	NA
NC_045512.2	20008	C	G	1084	553	53	1	1	27	0.000921659	1085	0.999526	FALSE	NA	NA	NA	NA	NA	NA
NC_045512.2	20010	A	C	1053	564	47	1	0	26	0.000948767	1054	0.999527	FALSE	NA	NA	NA	NA	NA	NA
NC_045512.2	20016	C	G	1064	565	52	1	1	27	0.000938967	1065	0.999527	FALSE	NA	NA	NA	NA	NA	NA
NC_045512.2	20017	T	C	1048	560	53	1	1	34	0.000953289	1049	0.750358	FALSE	NA	NA	NA	NA	NA	NA
NC_045512.2	20019	A	C	1043	550	52	1	1	27	0.000957854	1044	0.999527	FALSE	NA	NA	NA	NA	NA	NA
NC_045512.2	20022	T	C	1053	558	53	1	0	26	0.000948767	1054	0.999527	FALSE	NA	NA	NA	NA	NA	NA
NC_045512.2	20025	A	T	1037	558	52	1	1	34	0.000963391	1038	0.750361	FALSE	NA	NA	NA	NA	NA	NA
NC_045512.2	20026	A	G	1022	552	51	1	0	26	0.000977517	1023	0.999527	FALSE	NA	NA	NA	NA	NA	NA
NC_045512.2	20028	T	G	989	520	52	1	1	27	0.0010101	990	0.99905	FALSE	NA	NA	NA	NA	NA	NA
NC_045512.2	20029	G	C	999	532	52	1	1	27	0.001	1000	0.999525	FALSE	NA	NA	NA	NA	NA	NA
NC_045512.2	20031	C	A	1029	569	51	1	0	34	0.000970874	1030	0.750364	FALSE	NA	NA	NA	NA	NA	NA
NC_045512.2	20036	A	T	1056	593	51	1	0	24	0.000946074	1057	0.999527	FALSE	NA	NA	NA	NA	NA	NA
NC_045512.2	20040	T	C	1020	565	52	1	1	60	0.000979432	1021	0.500245	FALSE	NA	NA	NA	NA	NA	NA
NC_045512.2	20046	T	A	1046	561	50	1	0	27	0.00095511	1047	0.999527	FALSE	NA	NA	NA	NA	NA	NA
NC_045512.2	20051	C	G	1069	585	51	1	1	20	0.000934579	1070	0.999527	FALSE	NA	NA	NA	NA	NA	NA
NC_045512.2	20052	A	T	1056	565	51	1	1	24	0.000946074	1057	0.999527	FALSE	NA	NA	NA	NA	NA	NA
NC_045512.2	20055	A	G	0	0	0	1120	567	50	1	1120	0	TRUE	NA	NA	NA	NA	NA	NA
NC_045512.2	20056	G	T	1107	577	49	1	0	27	0.000902527	1108	0.999764	FALSE	NA	NA	NA	NA	NA	NA
NC_045512.2	20057	G	C	1093	578	50	1	1	27	0.000914077	1094	0.999526	FALSE	NA	NA	NA	NA	NA	NA
NC_045512.2	20074	C	T	1028	498	52	1	0	68	0.000971817	1029	0.500243	FALSE	NA	NA	NA	NA	NA	NA
NC_045512.2	20075	A	G	1031	498	52	1	0	34	0.000968992	1032	0.750364	FALSE	NA	NA	NA	NA	NA	NA
NC_045512.2	20084	T	G	1032	482	51	1	1	26	0.000968054	1033	0.999527	FALSE	NA	NA	NA	NA	NA	NA
NC_045512.2	20085	A	C	1019	485	51	1	0	26	0.000980392	1020	0.999527	FALSE	NA	NA	NA	NA	NA	NA
NC_045512.2	20090	C	A	986	448	51	1	1	34	0.00101317	987	0.500253	FALSE	NA	NA	NA	NA	NA	NA
NC_045512.2	20091	C	G	995	454	52	1	1	68	0.00100402	996	0.500251	FALSE	NA	NA	NA	NA	NA	NA
NC_045512.2	20093	A	C	1006	458	52	1	0	34	0.000993049	1007	0.750373	FALSE	NA	NA	NA	NA	NA	NA
NC_045512.2	20099	C	A	1010	457	52	1	0	26	0.00098912	1011	0.999527	FALSE	NA	NA	NA	NA	NA	NA
NC_045512.2	20117	C	A	1021	401	50	1	0	26	0.000978474	1022	0.999527	FALSE	NA	NA	NA	NA	NA	NA
NC_045512.2	20120	T	C	1001	395	51	1	1	68	0.000998004	1002	0.50025	FALSE	NA	NA	NA	NA	NA	NA
NC_045512.2	20123	T	G	1012	404	49	1	0	27	0.000987167	1013	0.999527	FALSE	NA	NA	NA	NA	NA	NA
NC_045512.2	20132	C	T	999	409	50	1	0	34	0.001	1000	0.750125	FALSE	NA	NA	NA	NA	NA	NA
NC_045512.2	20134	G	T	1031	415	50	1	1	20	0.000968992	1032	0.999527	FALSE	NA	NA	NA	NA	NA	NA
NC_045512.2	20149	A	C	982	418	47	1	0	26	0.00101729	983	0.999051	FALSE	NA	NA	NA	NA	NA	NA
NC_045512.2	20154	T	A	1020	434	51	1	1	26	0.000979432	1021	0.999525	FALSE	NA	NA	NA	NA	NA	NA
NC_045512.2	20158	A	T	1021	453	52	1	1	27	0.000978474	1022	0.999527	FALSE	NA	NA	NA	NA	NA	NA
NC_045512.2	20162	A	G	1006	459	51	1	0	34	0.000993049	1007	0.750373	FALSE	NA	NA	NA	NA	NA	NA
NC_045512.2	20165	T	G	947	361	43	3	3	27	0.00315789	950	0.981093	FALSE	NA	NA	NA	NA	NA	NA
NC_045512.2	20170	G	C	1026	485	52	1	1	26	0.00097371	1027	0.999527	FALSE	NA	NA	NA	NA	NA	NA
NC_045512.2	20172	T	A	990	470	52	1	0	34	0.00100908	991	0.500252	FALSE	NA	NA	NA	NA	NA	NA
NC_045512.2	20183	A	T	913	458	53	1	1	26	0.00109409	914	0.999053	FALSE	NA	NA	NA	NA	NA	NA
NC_045512.2	20185	T	A	864	408	54	1	1	20	0.00115607	865	0.998097	FALSE	NA	NA	NA	NA	NA	NA
NC_045512.2	20186	T	C	860	414	53	1	1	68	0.00116144	861	0.500291	FALSE	NA	NA	NA	NA	NA	NA
NC_045512.2	20195	C	A	834	431	52	1	0	27	0.0011976	835	0.998099	FALSE	NA	NA	NA	NA	NA	NA
NC_045512.2	20198	A	T	798	400	51	1	1	26	0.00125156	799	0.996181	FALSE	NA	NA	NA	NA	NA	NA
NC_045512.2	20200	T	G	794	408	51	1	1	26	0.00125786	795	0.996182	FALSE	NA	NA	NA	NA	NA	NA
NC_045512.2	20204	C	G	1034	521	46	1	0	34	0.00096432	1037	0.749879	FALSE	NA	NA	NA	NA	NA	NA
NC_045512.2	20204	C	A	1034	521	46	2	0	47	0.00192864	1037	0.249879	FALSE	NA	NA	NA	NA	NA	NA
NC_045512.2	20209	A	G	1038	490	47	1	0	52	0.000962464	1039	0.500241	FALSE	NA	NA	NA	NA	NA	NA
NC_045512.2	20210	G	T	1023	472	46	1	1	34	0.000976562	1024	0.750366	FALSE	NA	NA	NA	NA	NA	NA
NC_045512.2	20214	A	T	1012	498	46	1	1	26	0.000987167	1013	0.999527	FALSE	NA	NA	NA	NA	NA	NA
NC_045512.2	20216	A	C	1010	505	46	1	0	20	0.00098912	1011	0.999527	FALSE	NA	NA	NA	NA	NA	NA
NC_045512.2	20217	T	G	877	385	45	1	1	27	0.00113895	878	0.998097	FALSE	NA	NA	NA	NA	NA	NA
NC_045512.2	20225	A	T	954	481	44	1	1	27	0.00104712	955	0.999051	FALSE	NA	NA	NA	NA	NA	NA
NC_045512.2	20227	T	G	901	403	44	2	2	26	0.00221484	903	0.994288	FALSE	NA	NA	NA	NA	NA	NA
NC_045512.2	20228	T	G	985	493	46	1	1	26	0.0010142	986	0.99905	FALSE	NA	NA	NA	NA	NA	NA
NC_045512.2	20231	A	C	888	452	45	1	0	26	0.00112486	889	0.998096	FALSE	NA	NA	NA	NA	NA	NA
NC_045512.2	20236	A	C	861	458	45	1	0	26	0.00116009	862	0.998097	FALSE	NA	NA	NA	NA	NA	NA
NC_045512.2	20244	A	C	926	502	44	1	0	34	0.00107875	927	0.50027	FALSE	NA	NA	NA	NA	NA	NA
NC_045512.2	20246	T	+G	950	495	46	1	0	20	0.00105263	950	0.999056	FALSE	NA	NA	NA	NA	NA	NA
NC_045512.2	20252	T	G	929	499	45	1	1	34	0.00107527	930	0.500269	FALSE	NA	NA	NA	NA	NA	NA
NC_045512.2	20254	G	C	940	517	45	1	0	26	0.0010627	941	0.999052	FALSE	NA	NA	NA	NA	NA	NA
NC_045512.2	20256	T	C	951	537	46	1	1	34	0.00105042	952	0.500263	FALSE	NA	NA	NA	NA	NA	NA
NC_045512.2	20260	T	G	938	514	45	1	1	26	0.00106496	939	0.999052	FALSE	NA	NA	NA	NA	NA	NA
NC_045512.2	20264	A	G	977	545	45	3	2	34	0.00306122	980	0.125	FALSE	NA	NA	NA	NA	NA	NA
NC_045512.2	20265	A	C	995	566	45	1	1	34	0.00100402	996	0.500251	FALSE	NA	NA	NA	NA	NA	NA
NC_045512.2	20266	T	G	929	491	43	1	1	26	0.00107411	931	0.999047	FALSE	NA	NA	NA	NA	NA	NA
NC_045512.2	20266	T	C	929	491	43	1	0	34	0.00107411	931	0.5	FALSE	NA	NA	NA	NA	NA	NA
NC_045512.2	20269	G	T	992	557	45	1	1	34	0.00100705	993	0.500252	FALSE	NA	NA	NA	NA	NA	NA
NC_045512.2	20285	T	G	991	558	45	1	1	34	0.00100705	993	0.5	FALSE	NA	NA	NA	NA	NA	NA
NC_045512.2	20285	T	A	991	558	45	1	0	26	0.00100705	993	0.999045	FALSE	NA	NA	NA	NA	NA	NA
NC_045512.2	20286	T	A	937	516	43	1	0	26	0.0010661	938	0.999052	FALSE	NA	NA	NA	NA	NA	NA
NC_045512.2	20290	C	A	986	567	45	1	0	26	0.00101317	987	0.99905	FALSE	NA	NA	NA	NA	NA	NA
NC_045512.2	20302	G	T	1104	555	46	1	1	26	0.000904977	1105	0.999764	FALSE	NA	NA	NA	NA	NA	NA
NC_045512.2	20303	A	G	1050	560	43	1	0	60	0.000951475	1051	0.500238	FALSE	NA	NA	NA	NA	NA	NA
NC_045512.2	20306	G	T	1118	566	47	1	1	34	0.000893655	1119	0.750335	FALSE	NA	NA	NA	NA	NA	NA
NC_045512.2	20317	G	C	1064	515	48	1	1	34	0.000938967	1065	0.750352	FALSE	NA	NA	NA	NA	NA	NA
NC_045512.2	20326	G	C	1059	522	49	1	1	26	0.000943396	1060	0.999527	FALSE	NA	NA	NA	NA	NA	NA
NC_045512.2	20335	G	C	1035	506	49	1	0	26	0.000965251	1036	0.999527	FALSE	NA	NA	NA	NA	NA	NA
NC_045512.2	20343	T	A	1065	582	52	1	1	20	0.000938086	1066	0.999527	FALSE	NA	NA	NA	NA	NA	NA
NC_045512.2	20344	C	G	1049	567	51	1	1	20	0.000952381	1050	0.999527	FALSE	NA	NA	NA	NA	NA	NA
NC_045512.2	20349	T	G	1022	563	50	1	1	27	0.000977517	1023	0.999527	FALSE	NA	NA	NA	NA	NA	NA
NC_045512.2	20353	T	G	1051	554	50	1	1	27	0.00095057	1052	0.999527	FALSE	NA	NA	NA	NA	NA	NA
NC_045512.2	20356	G	T	1095	589	52	1	1	34	0.000912409	1096	0.750342	FALSE	NA	NA	NA	NA	NA	NA
NC_045512.2	20361	T	G	966	443	47	3	3	29	0.00309598	969	0.981086	FALSE	NA	NA	NA	NA	NA	NA
NC_045512.2	20386	A	G	1136	568	54	1	0	68	0.000879507	1137	0.50022	FALSE	NA	NA	NA	NA	NA	NA
NC_045512.2	20392	T	C	1097	525	52	1	1	26	0.000910747	1098	0.999526	FALSE	NA	NA	NA	NA	NA	NA
NC_045512.2	20403	A	C	1085	523	53	1	1	26	0.00092081	1086	0.999526	FALSE	NA	NA	NA	NA	NA	NA
NC_045512.2	20407	T	G	1051	489	51	1	1	20	0.00095057	1052	0.999527	FALSE	NA	NA	NA	NA	NA	NA
NC_045512.2	20408	T	C	1087	513	53	1	0	52	0.000919118	1088	0.50023	FALSE	NA	NA	NA	NA	NA	NA
NC_045512.2	20413	T	G	1064	497	52	1	1	27	0.000938967	1065	0.999527	FALSE	NA	NA	NA	NA	NA	NA
NC_045512.2	20417	A	T	1056	522	51	1	1	27	0.000946074	1057	0.999527	FALSE	NA	NA	NA	NA	NA	NA
NC_045512.2	20427	T	C	1100	564	53	1	1	68	0.000908265	1101	0.500227	FALSE	NA	NA	NA	NA	NA	NA
NC_045512.2	20429	C	G	1156	575	51	1	0	20	0.000864304	1157	0.999764	FALSE	NA	NA	NA	NA	NA	NA
NC_045512.2	20434	G	C	1223	579	51	1	0	20	0.000816993	1224	0.999882	FALSE	NA	NA	NA	NA	NA	NA
NC_045512.2	20441	C	G	1181	548	51	1	0	34	0.000846024	1182	0.750317	FALSE	NA	NA	NA	NA	NA	NA
NC_045512.2	20443	G	T	1139	520	49	1	1	27	0.000877193	1140	0.999764	FALSE	NA	NA	NA	NA	NA	NA
NC_045512.2	20449	A	C	1097	527	50	1	1	27	0.000910747	1098	0.999526	FALSE	NA	NA	NA	NA	NA	NA
NC_045512.2	20457	C	A	1066	512	49	1	0	24	0.000937207	1067	0.999527	FALSE	NA	NA	NA	NA	NA	NA
NC_045512.2	20465	A	T	965	500	47	1	1	20	0.0010352	966	0.999051	FALSE	NA	NA	NA	NA	NA	NA
NC_045512.2	20468	C	T	1055	523	48	1	0	68	0.00094697	1056	0.500237	FALSE	NA	NA	NA	NA	NA	NA
NC_045512.2	20473	A	C	909	510	44	2	0	23	0.00219539	911	0.994287	FALSE	NA	NA	NA	NA	NA	NA
NC_045512.2	20478	T	G	1008	496	46	1	1	34	0.00099108	1009	0.750372	FALSE	NA	NA	NA	NA	NA	NA
NC_045512.2	20481	A	C	994	545	46	1	0	26	0.00100503	995	0.99905	FALSE	NA	NA	NA	NA	NA	NA
NC_045512.2	20482	T	G	1050	539	49	1	0	26	0.000951475	1051	0.999527	FALSE	NA	NA	NA	NA	NA	NA
NC_045512.2	20488	T	G	980	510	48	1	1	20	0.00101937	981	0.999051	FALSE	NA	NA	NA	NA	NA	NA
NC_045512.2	20489	G	-T	1015	535	49	1	0	20	0.000985222	1015	0.99953	FALSE	NA	NA	NA	NA	NA	NA
NC_045512.2	20498	C	G	765	384	48	1	0	34	0.00130548	766	0.500327	FALSE	NA	NA	NA	NA	NA	NA
NC_045512.2	20500	G	T	1206	494	45	1	1	26	0.0008285	1207	0.999882	FALSE	NA	NA	NA	NA	NA	NA
NC_045512.2	20516	T	G	1065	388	41	2	2	30	0.00187441	1067	0.500352	FALSE	NA	NA	NA	NA	NA	NA
NC_045512.2	20520	T	A	1172	537	45	1	0	26	0.000852515	1173	0.999764	FALSE	NA	NA	NA	NA	NA	NA
NC_045512.2	20521	G	C	1173	542	45	1	0	26	0.000851789	1174	0.999764	FALSE	NA	NA	NA	NA	NA	NA
NC_045512.2	20523	T	A	1155	532	45	1	1	26	0.000865052	1156	0.999764	FALSE	NA	NA	NA	NA	NA	NA
NC_045512.2	20524	T	G	1110	474	43	2	2	30	0.00179856	1112	0.500338	FALSE	NA	NA	NA	NA	NA	NA
NC_045512.2	20529	T	G	1160	541	45	1	0	34	0.000861326	1161	0.750323	FALSE	NA	NA	NA	NA	NA	NA
NC_045512.2	20531	A	T	1173	557	45	1	1	34	0.000851064	1175	0.750107	FALSE	NA	NA	NA	NA	NA	NA
NC_045512.2	20531	A	G	1173	557	45	1	1	68	0.000851064	1175	0.5	FALSE	NA	NA	NA	NA	NA	NA
NC_045512.2	20534	T	A	1174	556	44	1	1	26	0.000851064	1175	0.999764	FALSE	NA	NA	NA	NA	NA	NA
NC_045512.2	20540	A	T	908	461	42	1	1	34	0.0010989	910	0.5	FALSE	NA	NA	NA	NA	NA	NA
NC_045512.2	20540	A	C	908	461	42	1	1	20	0.0010989	910	0.999047	FALSE	NA	NA	NA	NA	NA	NA
NC_045512.2	20546	A	T	1033	481	44	1	0	34	0.000967118	1034	0.750363	FALSE	NA	NA	NA	NA	NA	NA
NC_045512.2	20555	C	T	1117	550	46	2	1	34	0.00178731	1119	0.500335	FALSE	NA	NA	NA	NA	NA	NA
NC_045512.2	20567	A	C	1223	607	47	1	0	20	0.000816993	1224	0.999882	FALSE	NA	NA	NA	NA	NA	NA
NC_045512.2	20572	G	C	1259	620	47	1	0	20	0.000793651	1260	0.999882	FALSE	NA	NA	NA	NA	NA	NA
NC_045512.2	20576	A	C	1182	623	45	4	0	28	0.00337268	1186	0.982772	FALSE	NA	NA	NA	NA	NA	NA
NC_045512.2	20577	A	T	1247	630	47	1	0	34	0.000800641	1249	0.7501	FALSE	NA	NA	NA	NA	NA	NA
NC_045512.2	20577	A	C	1247	630	47	1	0	27	0.000800641	1249	0.999882	FALSE	NA	NA	NA	NA	NA	NA
NC_045512.2	20581	A	T	1282	643	46	1	1	26	0.000779423	1283	0.999882	FALSE	NA	NA	NA	NA	NA	NA
NC_045512.2	20583	T	A	1286	644	45	1	1	26	0.000777001	1287	0.999882	FALSE	NA	NA	NA	NA	NA	NA
NC_045512.2	20585	T	G	1268	617	44	1	1	20	0.000788022	1269	0.999882	FALSE	NA	NA	NA	NA	NA	NA
NC_045512.2	20586	T	C	1328	676	46	1	0	68	0.000752445	1329	0.500188	FALSE	NA	NA	NA	NA	NA	NA
NC_045512.2	20587	G	C	1318	669	45	1	0	26	0.00075815	1319	0.999941	FALSE	NA	NA	NA	NA	NA	NA
NC_045512.2	20592	T	C	1293	637	46	1	1	24	0.000772798	1294	0.999882	FALSE	NA	NA	NA	NA	NA	NA
NC_045512.2	20596	G	C	1257	623	45	1	0	26	0.000794913	1258	0.999882	FALSE	NA	NA	NA	NA	NA	NA
NC_045512.2	20598	A	G	1258	629	45	1	0	27	0.000794281	1259	0.999882	FALSE	NA	NA	NA	NA	NA	NA
NC_045512.2	20603	C	A	1230	620	45	1	0	27	0.000812348	1231	0.999882	FALSE	NA	NA	NA	NA	NA	NA
NC_045512.2	20608	A	G	1232	644	46	1	1	52	0.00081103	1233	0.500203	FALSE	NA	NA	NA	NA	NA	NA
NC_045512.2	20613	T	G	1164	571	44	1	1	34	0.000858369	1165	0.750322	FALSE	NA	NA	NA	NA	NA	NA
NC_045512.2	20615	G	A	1286	645	46	1	1	60	0.000777001	1287	0.500194	FALSE	NA	NA	NA	NA	NA	NA
NC_045512.2	20617	T	C	1369	664	46	1	0	26	0.000729927	1370	0.999941	FALSE	NA	NA	NA	NA	NA	NA
NC_045512.2	20620	A	G	1376	698	46	1	0	60	0.000726216	1377	0.500182	FALSE	NA	NA	NA	NA	NA	NA
NC_045512.2	20622	A	G	1300	707	45	1	0	27	0.00076864	1301	0.999941	FALSE	NA	NA	NA	NA	NA	NA
NC_045512.2	20629	C	G	1113	555	50	1	0	26	0.000897666	1114	0.999764	FALSE	NA	NA	NA	NA	NA	NA
NC_045512.2	20634	A	G	1116	622	49	1	1	46	0.000895255	1117	0.500224	FALSE	NA	NA	NA	NA	NA	NA
NC_045512.2	20636	A	G	1109	610	49	1	0	34	0.000900901	1110	0.750338	FALSE	NA	NA	NA	NA	NA	NA
NC_045512.2	20642	T	A	1026	553	47	1	0	34	0.00097371	1027	0.750365	FALSE	NA	NA	NA	NA	NA	NA
NC_045512.2	20644	T	C	1076	607	49	1	0	68	0.000928505	1077	0.500232	FALSE	NA	NA	NA	NA	NA	NA
NC_045512.2	20645	A	T	1071	604	49	1	1	34	0.000932836	1072	0.75035	FALSE	NA	NA	NA	NA	NA	NA
NC_045512.2	20652	A	C	1078	621	48	1	0	27	0.000926784	1079	0.999527	FALSE	NA	NA	NA	NA	NA	NA
NC_045512.2	20653	T	A	1101	625	49	1	0	34	0.000907441	1102	0.75034	FALSE	NA	NA	NA	NA	NA	NA
NC_045512.2	20674	C	G	1081	610	50	1	0	27	0.000924214	1082	0.999526	FALSE	NA	NA	NA	NA	NA	NA
NC_045512.2	20679	G	C	1109	605	50	2	0	26	0.00180018	1111	0.998342	FALSE	NA	NA	NA	NA	NA	NA
NC_045512.2	20685	T	A	1138	612	50	1	0	34	0.000877963	1139	0.750329	FALSE	NA	NA	NA	NA	NA	NA
NC_045512.2	20688	T	C	1147	621	51	1	0	46	0.00087108	1148	0.500218	FALSE	NA	NA	NA	NA	NA	NA
NC_045512.2	20701	T	G	1077	539	52	1	1	26	0.000927644	1078	0.999527	FALSE	NA	NA	NA	NA	NA	NA
NC_045512.2	20713	A	C	1023	595	48	1	0	26	0.000976562	1024	0.999527	FALSE	NA	NA	NA	NA	NA	NA
NC_045512.2	20714	G	T	1100	587	51	1	0	24	0.000908265	1101	0.999764	FALSE	NA	NA	NA	NA	NA	NA
NC_045512.2	20716	A	G	1077	600	51	1	1	34	0.000927644	1078	0.750348	FALSE	NA	NA	NA	NA	NA	NA
NC_045512.2	20727	A	G	1094	607	53	1	0	68	0.000913242	1095	0.500228	FALSE	NA	NA	NA	NA	NA	NA
NC_045512.2	20733	T	C	1117	639	52	1	1	68	0.000894454	1118	0.500224	FALSE	NA	NA	NA	NA	NA	NA
NC_045512.2	20743	A	C	1096	641	50	1	0	27	0.000911577	1097	0.999526	FALSE	NA	NA	NA	NA	NA	NA
NC_045512.2	20746	T	C	1112	635	51	1	0	68	0.000898473	1113	0.500225	FALSE	NA	NA	NA	NA	NA	NA
NC_045512.2	20747	A	T	1102	630	51	1	1	27	0.000906618	1103	0.999764	FALSE	NA	NA	NA	NA	NA	NA
NC_045512.2	20750	G	C	1113	638	51	1	1	20	0.000897666	1114	0.999764	FALSE	NA	NA	NA	NA	NA	NA
NC_045512.2	20758	G	A	1121	625	52	1	0	34	0.000891266	1122	0.750334	FALSE	NA	NA	NA	NA	NA	NA
NC_045512.2	20759	C	A	1113	637	52	1	1	68	0.000897666	1114	0.500225	FALSE	NA	NA	NA	NA	NA	NA
NC_045512.2	20760	A	G	1122	632	53	1	1	34	0.000890472	1123	0.750334	FALSE	NA	NA	NA	NA	NA	NA
NC_045512.2	20764	T	A	1167	650	52	1	1	27	0.000856164	1168	0.999764	FALSE	NA	NA	NA	NA	NA	NA
NC_045512.2	20766	A	G	1143	639	50	1	1	34	0.000874126	1144	0.750328	FALSE	NA	NA	NA	NA	NA	NA
NC_045512.2	20767	C	T	1146	663	49	1	0	34	0.00087184	1147	0.750327	FALSE	NA	NA	NA	NA	NA	NA
NC_045512.2	20777	T	A	1062	602	50	1	1	26	0.000940734	1063	0.999527	FALSE	NA	NA	NA	NA	NA	NA
NC_045512.2	20781	G	T	1083	604	51	1	1	34	0.000922509	1084	0.750346	FALSE	NA	NA	NA	NA	NA	NA
NC_045512.2	20784	G	T	1043	589	52	1	1	26	0.000957854	1044	0.999527	FALSE	NA	NA	NA	NA	NA	NA
NC_045512.2	20789	T	C	1035	584	53	1	1	34	0.000965251	1036	0.750362	FALSE	NA	NA	NA	NA	NA	NA
NC_045512.2	20795	A	C	979	578	49	1	0	27	0.00102041	980	0.999051	FALSE	NA	NA	NA	NA	NA	NA
NC_045512.2	20798	A	T	1004	584	50	1	0	27	0.000995025	1005	0.999528	FALSE	NA	NA	NA	NA	NA	NA
NC_045512.2	20800	A	G	1021	575	52	1	0	68	0.000978474	1022	0.500245	FALSE	NA	NA	NA	NA	NA	NA
NC_045512.2	20801	C	A	1018	595	51	1	0	27	0.000981354	1019	0.999527	FALSE	NA	NA	NA	NA	NA	NA
NC_045512.2	20802	T	G	986	556	51	1	1	34	0.00101317	987	0.500253	FALSE	NA	NA	NA	NA	NA	NA
NC_045512.2	20807	T	G	927	537	51	1	1	34	0.00107759	928	0.50027	FALSE	NA	NA	NA	NA	NA	NA
NC_045512.2	20814	A	C	878	537	48	1	0	27	0.00113766	879	0.998097	FALSE	NA	NA	NA	NA	NA	NA
NC_045512.2	20817	T	G	1100	576	48	1	1	34	0.000908265	1101	0.750341	FALSE	NA	NA	NA	NA	NA	NA
NC_045512.2	20822	A	C	1013	613	45	1	0	27	0.000986193	1014	0.999527	FALSE	NA	NA	NA	NA	NA	NA
NC_045512.2	20828	T	C	1169	616	48	1	0	24	0.000854701	1170	0.999764	FALSE	NA	NA	NA	NA	NA	NA
NC_045512.2	20829	A	T	1189	627	47	1	0	26	0.000840336	1190	0.999764	FALSE	NA	NA	NA	NA	NA	NA
NC_045512.2	20830	A	C	1124	645	45	2	0	30	0.0017762	1126	0.500333	FALSE	NA	NA	NA	NA	NA	NA
NC_045512.2	20833	T	G	1156	577	45	1	1	34	0.000864304	1157	0.750324	FALSE	NA	NA	NA	NA	NA	NA
NC_045512.2	20848	A	G	1144	556	45	1	0	26	0.000873362	1145	0.999764	FALSE	NA	NA	NA	NA	NA	NA
NC_045512.2	20852	T	G	1093	488	44	2	2	27	0.00182648	1095	0.996907	FALSE	NA	NA	NA	NA	NA	NA
NC_045512.2	20854	A	T	1110	511	45	1	0	26	0.000898473	1113	0.999762	FALSE	NA	NA	NA	NA	NA	NA
NC_045512.2	20854	A	G	1110	511	45	1	1	34	0.000898473	1113	0.749888	FALSE	NA	NA	NA	NA	NA	NA
NC_045512.2	20854	A	C	1110	511	45	1	0	27	0.000898473	1113	0.999762	FALSE	NA	NA	NA	NA	NA	NA
NC_045512.2	20857	G	T	1097	421	43	1	0	26	0.000910747	1098	0.999526	FALSE	NA	NA	NA	NA	NA	NA
NC_045512.2	20858	T	C	1113	464	44	1	1	34	0.000897666	1114	0.750337	FALSE	NA	NA	NA	NA	NA	NA
NC_045512.2	20873	C	G	1054	495	47	1	0	27	0.000947867	1055	0.999527	FALSE	NA	NA	NA	NA	NA	NA
NC_045512.2	20877	T	G	1096	515	48	1	1	34	0.000911577	1097	0.750342	FALSE	NA	NA	NA	NA	NA	NA
NC_045512.2	20891	T	A	1158	536	47	1	0	34	0.000862813	1159	0.750324	FALSE	NA	NA	NA	NA	NA	NA
NC_045512.2	20900	G	A	1289	612	49	1	0	34	0.000775194	1290	0.750291	FALSE	NA	NA	NA	NA	NA	NA
NC_045512.2	20902	A	G	1292	605	50	2	1	30	0.0015456	1294	0.50029	FALSE	NA	NA	NA	NA	NA	NA
NC_045512.2	20904	A	G	1290	605	50	1	0	68	0.000774593	1291	0.500194	FALSE	NA	NA	NA	NA	NA	NA
NC_045512.2	20909	T	A	1348	651	51	1	0	34	0.00074129	1349	0.750278	FALSE	NA	NA	NA	NA	NA	NA
NC_045512.2	20914	A	C	1344	686	51	1	0	26	0.000743494	1345	0.999941	FALSE	NA	NA	NA	NA	NA	NA
NC_045512.2	20919	G	T	1334	659	51	1	1	26	0.000749064	1335	0.999941	FALSE	NA	NA	NA	NA	NA	NA
NC_045512.2	20924	T	A	1341	698	53	1	1	27	0.000745156	1342	0.999941	FALSE	NA	NA	NA	NA	NA	NA
NC_045512.2	20928	T	G	1304	652	53	1	1	26	0.000766284	1305	0.999941	FALSE	NA	NA	NA	NA	NA	NA
NC_045512.2	20930	C	T	1333	670	53	1	0	68	0.000749625	1334	0.500187	FALSE	NA	NA	NA	NA	NA	NA
NC_045512.2	20931	G	C	1336	669	53	1	0	26	0.000747943	1337	0.999941	FALSE	NA	NA	NA	NA	NA	NA
NC_045512.2	20934	T	G	1287	620	53	1	1	20	0.000776398	1288	0.999882	FALSE	NA	NA	NA	NA	NA	NA
NC_045512.2	20935	A	T	1301	628	53	1	1	26	0.000768049	1302	0.999941	FALSE	NA	NA	NA	NA	NA	NA
NC_045512.2	20937	G	A	1281	618	53	1	1	46	0.000780031	1282	0.500195	FALSE	NA	NA	NA	NA	NA	NA
NC_045512.2	20939	T	G	1265	591	54	1	1	34	0.000789266	1267	0.750099	FALSE	NA	NA	NA	NA	NA	NA
NC_045512.2	20939	T	C	1265	591	54	1	1	27	0.000789266	1267	0.999882	FALSE	NA	NA	NA	NA	NA	NA
NC_045512.2	20941	C	T	1245	591	54	1	0	34	0.000802568	1246	0.750301	FALSE	NA	NA	NA	NA	NA	NA
NC_045512.2	20949	T	G	1256	611	54	1	0	27	0.000795545	1257	0.999882	FALSE	NA	NA	NA	NA	NA	NA
NC_045512.2	20955	T	A	1257	607	53	1	1	34	0.000794913	1258	0.750298	FALSE	NA	NA	NA	NA	NA	NA
NC_045512.2	20957	T	G	1245	565	52	2	2	26	0.00160385	1247	0.999113	FALSE	NA	NA	NA	NA	NA	NA
NC_045512.2	20973	T	G	1235	590	54	1	1	27	0.000809061	1236	0.999882	FALSE	NA	NA	NA	NA	NA	NA
NC_045512.2	20977	G	T	1220	597	53	1	1	34	0.000818331	1222	0.750102	FALSE	NA	NA	NA	NA	NA	NA
NC_045512.2	20977	G	A	1220	597	53	1	1	34	0.000818331	1222	0.750102	FALSE	NA	NA	NA	NA	NA	NA
NC_045512.2	20979	A	T	1218	600	53	1	1	27	0.000820345	1219	0.999882	FALSE	NA	NA	NA	NA	NA	NA
NC_045512.2	20980	G	T	1232	605	53	1	1	26	0.00081103	1233	0.999882	FALSE	NA	NA	NA	NA	NA	NA
NC_045512.2	20985	A	G	1215	648	52	1	0	34	0.000822368	1216	0.750309	FALSE	NA	NA	NA	NA	NA	NA
NC_045512.2	20986	A	C	1200	649	49	1	0	27	0.000832639	1201	0.999882	FALSE	NA	NA	NA	NA	NA	NA
NC_045512.2	21001	T	C	1225	674	52	1	0	68	0.000815661	1226	0.500204	FALSE	NA	NA	NA	NA	NA	NA
NC_045512.2	21007	A	T	1332	714	51	1	1	27	0.000750188	1333	0.999941	FALSE	NA	NA	NA	NA	NA	NA
NC_045512.2	21008	C	G	1349	743	51	1	1	68	0.000740741	1350	0.500185	FALSE	NA	NA	NA	NA	NA	NA
NC_045512.2	21023	A	T	1201	615	50	1	1	34	0.000831947	1202	0.750312	FALSE	NA	NA	NA	NA	NA	NA
NC_045512.2	21024	T	G	1230	609	53	1	0	34	0.000811688	1232	0.750102	FALSE	NA	NA	NA	NA	NA	NA
NC_045512.2	21024	T	A	1230	609	53	1	0	34	0.000811688	1232	0.750102	FALSE	NA	NA	NA	NA	NA	NA
NC_045512.2	21026	A	T	1209	594	53	1	1	26	0.000826446	1210	0.999882	FALSE	NA	NA	NA	NA	NA	NA
NC_045512.2	21028	T	G	1193	579	53	1	1	26	0.000837521	1194	0.999764	FALSE	NA	NA	NA	NA	NA	NA
NC_045512.2	21030	G	C	1185	575	53	2	2	26	0.00168492	1187	0.998339	FALSE	NA	NA	NA	NA	NA	NA
NC_045512.2	21046	G	T	1210	570	52	1	1	26	0.000825764	1211	0.999882	FALSE	NA	NA	NA	NA	NA	NA
NC_045512.2	21048	T	-A	1216	590	53	1	0	20	0.000822368	1216	0.999883	FALSE	NA	NA	NA	NA	NA	NA
NC_045512.2	21053	A	C	1255	610	50	1	0	26	0.000796178	1256	0.999882	FALSE	NA	NA	NA	NA	NA	NA
NC_045512.2	21057	C	G	1268	614	52	1	0	34	0.000788022	1269	0.750296	FALSE	NA	NA	NA	NA	NA	NA
NC_045512.2	21062	A	C	1128	542	52	1	0	27	0.00088574	1129	0.999764	FALSE	NA	NA	NA	NA	NA	NA
NC_045512.2	21065	C	A	1181	589	53	1	1	24	0.000846024	1182	0.999764	FALSE	NA	NA	NA	NA	NA	NA
NC_045512.2	21069	A	C	1148	581	55	1	1	34	0.000870322	1149	0.750327	FALSE	NA	NA	NA	NA	NA	NA
NC_045512.2	21070	A	T	1144	591	54	1	1	26	0.000873362	1145	0.999764	FALSE	NA	NA	NA	NA	NA	NA
NC_045512.2	21073	G	T	1111	579	54	1	1	27	0.000899281	1112	0.999764	FALSE	NA	NA	NA	NA	NA	NA
NC_045512.2	21074	T	G	1099	565	55	1	1	26	0.000909091	1100	0.999763	FALSE	NA	NA	NA	NA	NA	NA
NC_045512.2	21083	A	C	1104	624	56	1	1	34	0.000904977	1105	0.75034	FALSE	NA	NA	NA	NA	NA	NA
NC_045512.2	21084	A	G	1105	634	55	1	1	24	0.000904159	1106	0.999764	FALSE	NA	NA	NA	NA	NA	NA
NC_045512.2	21085	A	T	1094	627	55	1	1	26	0.000912409	1096	0.999524	FALSE	NA	NA	NA	NA	NA	NA
NC_045512.2	21085	A	G	1094	627	55	1	0	68	0.000912409	1096	0.5	FALSE	NA	NA	NA	NA	NA	NA
NC_045512.2	21087	T	A	1084	606	54	1	1	27	0.000921659	1085	0.999526	FALSE	NA	NA	NA	NA	NA	NA
NC_045512.2	21089	A	G	1103	637	55	1	1	34	0.000905797	1104	0.75034	FALSE	NA	NA	NA	NA	NA	NA
NC_045512.2	21091	T	A	1055	590	52	1	1	34	0.00094697	1056	0.750355	FALSE	NA	NA	NA	NA	NA	NA
NC_045512.2	21093	T	C	1070	607	54	1	1	68	0.000933707	1071	0.500234	FALSE	NA	NA	NA	NA	NA	NA
NC_045512.2	21096	A	C	1052	624	52	2	0	23	0.00189753	1054	0.99691	FALSE	NA	NA	NA	NA	NA	NA
NC_045512.2	21097	G	C	1081	628	55	2	1	27	0.00184672	1083	0.996907	FALSE	NA	NA	NA	NA	NA	NA
NC_045512.2	21102	T	G	1004	574	55	1	1	34	0.000995025	1005	0.750373	FALSE	NA	NA	NA	NA	NA	NA
NC_045512.2	21107	T	C	1017	604	55	1	1	27	0.000982318	1018	0.999527	FALSE	NA	NA	NA	NA	NA	NA
NC_045512.2	21111	T	G	1193	714	53	1	1	26	0.000837521	1194	0.999764	FALSE	NA	NA	NA	NA	NA	NA
NC_045512.2	21120	T	G	1199	708	52	1	0	60	0.000833333	1200	0.500208	FALSE	NA	NA	NA	NA	NA	NA
NC_045512.2	21121	G	T	1201	718	53	1	1	20	0.000831947	1202	0.999882	FALSE	NA	NA	NA	NA	NA	NA
NC_045512.2	21124	T	G	1109	619	49	1	1	27	0.00090009	1111	0.999763	FALSE	NA	NA	NA	NA	NA	NA
NC_045512.2	21124	T	C	1109	619	49	1	1	34	0.00090009	1111	0.750113	FALSE	NA	NA	NA	NA	NA	NA
NC_045512.2	21126	T	C	1205	726	52	1	1	68	0.000829187	1206	0.500207	FALSE	NA	NA	NA	NA	NA	NA
NC_045512.2	21132	A	G	1132	677	53	1	1	60	0.000882613	1133	0.500221	FALSE	NA	NA	NA	NA	NA	NA
NC_045512.2	21134	A	T	1123	670	53	1	1	24	0.00088968	1124	0.999764	FALSE	NA	NA	NA	NA	NA	NA
NC_045512.2	21142	G	T	1070	646	52	1	1	26	0.000933707	1071	0.999527	FALSE	NA	NA	NA	NA	NA	NA
NC_045512.2	21143	C	A	1053	653	50	1	0	26	0.000948767	1054	0.999527	FALSE	NA	NA	NA	NA	NA	NA
NC_045512.2	21149	G	T	878	527	50	2	1	34	0.00227273	880	0.250142	FALSE	NA	NA	NA	NA	NA	NA
NC_045512.2	21157	G	C	872	531	49	1	0	20	0.00114548	873	0.998097	FALSE	NA	NA	NA	NA	NA	NA
NC_045512.2	21201	T	C	693	480	43	1	1	34	0.00144092	694	0.50036	FALSE	NA	NA	NA	NA	NA	NA
NC_045512.2	21213	A	G	511	354	42	1	0	34	0.00195312	512	0.500489	FALSE	NA	NA	NA	NA	NA	NA
NC_045512.2	21216	C	T	460	324	41	16	12	35	0.0336134	476	1.3653e-05	TRUE	NA	NA	NA	NA	NA	NA
NC_045512.2	21226	T	-G	308	199	43	1	0	20	0.00324675	308	0.938913	FALSE	NA	NA	NA	NA	NA	NA
NC_045512.2	21296	G	C	73	43	50	1	0	26	0.0135135	74	0.503401	FALSE	NA	NA	NA	NA	NA	NA
NC_045512.2	21307	G	C	74	45	50	1	0	34	0.0133333	75	0.503356	FALSE	NA	NA	NA	NA	NA	NA
NC_045512.2	21316	G	T	84	49	51	1	1	26	0.0117647	85	0.502959	FALSE	NA	NA	NA	NA	NA	NA
NC_045512.2	21351	G	C	77	38	50	1	0	27	0.0128205	78	0.503226	FALSE	NA	NA	NA	NA	NA	NA
NC_045512.2	21456	A	T	82	39	43	1	1	34	0.0120482	83	0.50303	FALSE	NA	NA	NA	NA	NA	NA
NC_045512.2	21487	A	T	95	42	49	1	1	26	0.0104167	96	0.502618	FALSE	NA	NA	NA	NA	NA	NA
NC_045512.2	21496	C	G	100	44	50	1	1	27	0.00990099	101	0.753731	FALSE	NA	NA	NA	NA	NA	NA
NC_045512.2	21533	G	T	97	44	54	1	1	26	0.0102041	98	0.502564	FALSE	NA	NA	NA	NA	NA	NA
NC_045512.2	21618	C	T	0	0	0	90	49	49	1	90	2.19751e-53	TRUE	NA	NA	NA	NA	NA	NA
NC_045512.2	21632	T	-TACCCCCTG	83	49	48	76	0	20	0.915663	83	4.13198e-18	TRUE	NA	NA	NA	NA	NA	NA
NC_045512.2	21691	C	A	111	64	46	1	1	26	0.00892857	112	0.753363	FALSE	NA	NA	NA	NA	NA	NA
NC_045512.2	21730	A	C	105	49	47	1	0	26	0.00943396	106	0.753555	FALSE	NA	NA	NA	NA	NA	NA
NC_045512.2	21750	C	A	110	58	47	1	0	26	0.00900901	111	0.753394	FALSE	NA	NA	NA	NA	NA	NA
NC_045512.2	21764	A	-TACATG	101	55	45	95	0	20	0.940594	101	1.06959e-20	TRUE	NA	NA	NA	NA	NA	NA
NC_045512.2	21766	A	C	0	0	0	1	1	68	1	1	0.0108696	FALSE	NA	NA	NA	NA	NA	NA
NC_045512.2	21801	A	G	106	56	47	1	0	68	0.00934579	107	0.502347	FALSE	NA	NA	NA	NA	NA	NA
NC_045512.2	21819	T	G	92	38	45	1	1	27	0.0107527	93	0.502703	FALSE	NA	NA	NA	NA	NA	NA
NC_045512.2	21834	A	-T	98	46	53	7	0	20	0.0714286	98	0.00928536	TRUE	NA	NA	NA	NA	NA	NA
NC_045512.2	21937	T	G	113	57	48	1	0	27	0.00877193	114	0.753304	FALSE	NA	NA	NA	NA	NA	NA
NC_045512.2	21987	G	A	1	1	34	98	58	53	0.989899	99	8.70296e-57	TRUE	NA	NA	NA	NA	NA	NA
NC_045512.2	22047	G	C	91	52	51	1	1	27	0.0108696	92	0.502732	FALSE	NA	NA	NA	NA	NA	NA
NC_045512.2	22118	T	G	88	54	57	1	1	26	0.011236	89	0.502825	FALSE	NA	NA	NA	NA	NA	NA
NC_045512.2	22136	T	G	75	43	52	1	0	27	0.0131579	76	0.503311	FALSE	NA	NA	NA	NA	NA	NA
NC_045512.2	22200	T	G	11	7	49	5	4	46	0.3125	16	0.0257076	FALSE	NA	NA	NA	NA	NA	NA
NC_045512.2	22339	A	G	17	7	55	1	1	68	0.0555556	18	0.514286	FALSE	NA	NA	NA	NA	NA	NA
NC_045512.2	22524	A	G	15	4	55	1	0	34	0.0625	16	0.516129	FALSE	NA	NA	NA	NA	NA	NA
NC_045512.2	22555	T	A	13	3	50	1	1	34	0.0714286	14	0.518519	FALSE	NA	NA	NA	NA	NA	NA
NC_045512.2	22564	C	A	14	5	53	1	0	26	0.0666667	15	0.517241	FALSE	NA	NA	NA	NA	NA	NA
NC_045512.2	22578	G	A	0	0	0	13	6	46	1	13	1.92297e-07	TRUE	NA	NA	NA	NA	NA	NA
NC_045512.2	22594	C	A	14	6	49	1	0	26	0.0666667	15	0.517241	FALSE	NA	NA	NA	NA	NA	NA
NC_045512.2	22674	C	T	0	0	0	13	5	48	1	13	1.92297e-07	TRUE	NA	NA	NA	NA	NA	NA
NC_045512.2	22679	T	C	0	0	0	13	4	46	1	13	1.92297e-07	TRUE	NA	NA	NA	NA	NA	NA
NC_045512.2	22686	C	T	0	0	0	12	3	48	1	12	7.39602e-07	TRUE	NA	NA	NA	NA	NA	NA
NC_045512.2	22688	A	G	0	0	0	12	3	45	1	12	7.39602e-07	TRUE	NA	NA	NA	NA	NA	NA
NC_045512.2	22775	G	A	0	0	0	14	6	58	1	14	4.98547e-08	TRUE	NA	NA	NA	NA	NA	NA
NC_045512.2	22786	A	C	0	0	0	11	5	54	1	11	2.83514e-06	TRUE	NA	NA	NA	NA	NA	NA
NC_045512.2	22813	G	T	0	0	0	11	7	53	1	11	2.83514e-06	TRUE	NA	NA	NA	NA	NA	NA
NC_045512.2	22882	T	G	0	0	0	7	6	53	1	7	0.000582751	TRUE	NA	NA	NA	NA	NA	NA
NC_045512.2	22917	T	G	0	0	0	9	7	52	1	9	4.11353e-05	TRUE	NA	NA	NA	NA	NA	NA
NC_045512.2	22992	G	A	0	0	0	6	4	66	1	6	0.0021645	TRUE	NA	NA	NA	NA	NA	NA
NC_045512.2	22995	C	A	0	0	0	6	4	68	1	6	0.0021645	TRUE	NA	NA	NA	NA	NA	NA
NC_045512.2	23013	A	C	0	0	0	6	3	61	1	6	0.0021645	TRUE	NA	NA	NA	NA	NA	NA
NC_045512.2	23018	T	G	0	0	0	6	3	58	1	6	0.0021645	TRUE	NA	NA	NA	NA	NA	NA
NC_045512.2	23055	A	G	0	0	0	4	2	51	1	4	0.0285714	FALSE	NA	NA	NA	NA	NA	NA
NC_045512.2	23063	A	T	0	0	0	5	2	43	1	5	0.00793651	TRUE	NA	NA	NA	NA	NA	NA
NC_045512.2	23075	T	C	0	0	0	5	3	61	1	5	0.00793651	TRUE	NA	NA	NA	NA	NA	NA
NC_045512.2	23104	T	C	7	1	43	5	3	59	0.416667	12	0.0235371	FALSE	NA	NA	NA	NA	NA	NA
NC_045512.2	23403	A	G	0	0	0	13	8	51	1	13	1.92297e-07	TRUE	NA	NA	NA	NA	NA	NA
NC_045512.2	23427	T	G	169	60	55	1	0	34	0.00588235	170	0.501475	FALSE	NA	NA	NA	NA	NA	NA
NC_045512.2	23451	C	A	379	139	56	1	0	26	0.00263158	380	0.938322	FALSE	NA	NA	NA	NA	NA	NA
NC_045512.2	23474	A	T	1417	532	41	1	1	26	0.000704225	1420	0.99997	FALSE	NA	NA	NA	NA	NA	NA
NC_045512.2	23474	A	G	1417	532	41	2	1	34	0.00140845	1420	0.5	FALSE	NA	NA	NA	NA	NA	NA
NC_045512.2	23476	A	G	1398	534	41	1	0	26	0.000714796	1399	0.999941	FALSE	NA	NA	NA	NA	NA	NA
NC_045512.2	23478	G	C	1481	564	42	1	1	26	0.000674764	1482	0.999971	FALSE	NA	NA	NA	NA	NA	NA
NC_045512.2	23482	T	C	1510	562	43	1	1	26	0.000661376	1512	0.999985	FALSE	NA	NA	NA	NA	NA	NA
NC_045512.2	23482	T	A	1510	562	43	1	1	26	0.000661376	1512	0.999985	FALSE	NA	NA	NA	NA	NA	NA
NC_045512.2	23495	A	G	1459	644	42	1	0	27	0.000684463	1461	0.999971	FALSE	NA	NA	NA	NA	NA	NA
NC_045512.2	23495	A	C	1459	644	42	1	1	34	0.000684463	1461	0.750086	FALSE	NA	NA	NA	NA	NA	NA
NC_045512.2	23501	G	T	1652	671	45	1	1	34	0.000604961	1653	0.750227	FALSE	NA	NA	NA	NA	NA	NA
NC_045512.2	23503	A	C	1585	687	44	2	2	30	0.00126024	1587	0.500236	FALSE	NA	NA	NA	NA	NA	NA
NC_045512.2	23508	G	A	1969	809	46	1	0	68	0.000507614	1970	0.500127	FALSE	NA	NA	NA	NA	NA	NA
NC_045512.2	23511	T	C	2001	854	47	1	1	46	0.0004995	2002	0.500125	FALSE	NA	NA	NA	NA	NA	NA
NC_045512.2	23513	A	C	1955	867	47	1	0	34	0.000511247	1956	0.750192	FALSE	NA	NA	NA	NA	NA	NA
NC_045512.2	23518	G	C	2074	878	48	1	0	27	0.000481928	2075	1	FALSE	NA	NA	NA	NA	NA	NA
NC_045512.2	23520	C	G	2077	890	48	1	1	27	0.000481232	2078	1	FALSE	NA	NA	NA	NA	NA	NA
NC_045512.2	23522	G	C	2163	898	48	1	1	24	0.000461894	2165	1	FALSE	NA	NA	NA	NA	NA	NA
NC_045512.2	23522	G	A	2163	898	48	1	0	68	0.000461894	2165	0.5	FALSE	NA	NA	NA	NA	NA	NA
NC_045512.2	23525	C	T	0	0	0	2171	916	48	1	2171	0	TRUE	NA	NA	NA	NA	NA	NA
NC_045512.2	23541	A	T	2397	1005	48	1	1	20	0.000417014	2398	1	FALSE	NA	NA	NA	NA	NA	NA
NC_045512.2	23543	G	T	2453	1028	49	1	0	26	0.000407498	2454	1	FALSE	NA	NA	NA	NA	NA	NA
NC_045512.2	23544	A	T	2421	998	49	1	0	34	0.000412882	2422	0.875155	FALSE	NA	NA	NA	NA	NA	NA
NC_045512.2	23548	T	C	2449	1009	49	1	1	27	0.000407997	2451	1	FALSE	NA	NA	NA	NA	NA	NA
NC_045512.2	23548	T	A	2449	1009	49	1	0	52	0.000407997	2451	0.5	FALSE	NA	NA	NA	NA	NA	NA
NC_045512.2	23551	C	G	2522	1067	50	1	1	27	0.000396354	2523	1	FALSE	NA	NA	NA	NA	NA	NA
NC_045512.2	23552	A	T	2477	1077	50	1	0	34	0.000403388	2479	0.875076	FALSE	NA	NA	NA	NA	NA	NA
NC_045512.2	23552	A	G	2477	1077	50	1	0	68	0.000403388	2479	0.5	FALSE	NA	NA	NA	NA	NA	NA
NC_045512.2	23553	T	A	2512	1085	51	1	0	26	0.000397931	2513	1	FALSE	NA	NA	NA	NA	NA	NA
NC_045512.2	23554	A	T	2505	1089	50	1	0	26	0.000399042	2506	1	FALSE	NA	NA	NA	NA	NA	NA
NC_045512.2	23558	A	C	2382	1097	47	5	0	28	0.00209468	2387	0.999914	FALSE	NA	NA	NA	NA	NA	NA
NC_045512.2	23559	T	G	2446	1053	47	1	1	20	0.000408497	2448	1	FALSE	NA	NA	NA	NA	NA	NA
NC_045512.2	23559	T	C	2446	1053	47	1	0	68	0.000408497	2448	0.5	FALSE	NA	NA	NA	NA	NA	NA
NC_045512.2	23562	G	C	3588	1311	49	1	0	20	0.000278629	3589	1	FALSE	NA	NA	NA	NA	NA	NA
NC_045512.2	23563	T	C	3609	1295	49	1	1	27	0.000277008	3610	1	FALSE	NA	NA	NA	NA	NA	NA
NC_045512.2	23564	G	-C	3627	1322	49	1	0	20	0.00027571	3627	1	FALSE	NA	NA	NA	NA	NA	NA
NC_045512.2	23566	A	C	3631	1361	49	4	0	28	0.00110041	3635	1	FALSE	NA	NA	NA	NA	NA	NA
NC_045512.2	23568	G	T	5816	1793	48	3	2	34	0.000515553	5819	0.85561	FALSE	NA	NA	NA	NA	NA	NA
NC_045512.2	23569	T	C	5863	1812	48	1	0	34	0.000170532	5864	0.984403	FALSE	NA	NA	NA	NA	NA	NA
NC_045512.2	23570	A	G	5864	1847	49	1	0	68	0.000170503	5865	0.500043	FALSE	NA	NA	NA	NA	NA	NA
NC_045512.2	23570	A	-T	5864	1847	49	1	0	20	0.000170503	5865	1	FALSE	NA	NA	NA	NA	NA	NA
NC_045512.2	23575	C	G	5782	1757	50	1	0	26	0.000172921	5783	1	FALSE	NA	NA	NA	NA	NA	NA
NC_045512.2	23576	G	A	5720	1684	49	1	0	34	0.000174795	5721	0.984404	FALSE	NA	NA	NA	NA	NA	NA
NC_045512.2	23578	T	C	5825	1832	51	1	1	68	0.000171615	5827	0.5	FALSE	NA	NA	NA	NA	NA	NA
NC_045512.2	23578	T	A	5825	1832	51	1	1	24	0.000171615	5827	1	FALSE	NA	NA	NA	NA	NA	NA
NC_045512.2	23580	G	A	6099	1891	51	1	0	34	0.000163934	6100	0.992205	FALSE	NA	NA	NA	NA	NA	NA
NC_045512.2	23581	T	C	6210	1943	51	1	0	34	0.000161005	6211	0.992205	FALSE	NA	NA	NA	NA	NA	NA
NC_045512.2	23583	A	T	6327	2044	51	1	0	27	0.000158003	6329	1	FALSE	NA	NA	NA	NA	NA	NA
NC_045512.2	23583	A	G	6327	2044	51	1	1	68	0.000158003	6329	0.5	FALSE	NA	NA	NA	NA	NA	NA
NC_045512.2	23585	C	T	6282	2044	51	1	0	68	0.000159109	6285	0.49996	FALSE	NA	NA	NA	NA	NA	NA
NC_045512.2	23585	C	G	6282	2044	51	1	1	27	0.000159109	6285	1	FALSE	NA	NA	NA	NA	NA	NA
NC_045512.2	23585	C	A	6282	2044	51	1	0	26	0.000159109	6285	1	FALSE	NA	NA	NA	NA	NA	NA
NC_045512.2	23586	A	G	6332	2041	51	1	1	68	0.000157903	6333	0.500039	FALSE	NA	NA	NA	NA	NA	NA
NC_045512.2	23590	T	C	6885	2152	51	1	1	68	0.000145222	6886	0.500036	FALSE	NA	NA	NA	NA	NA	NA
NC_045512.2	23591	C	T	6862	2169	51	1	1	68	0.000145688	6864	0.5	FALSE	NA	NA	NA	NA	NA	NA
NC_045512.2	23591	C	G	6862	2169	51	1	0	34	0.000145688	6864	0.992199	FALSE	NA	NA	NA	NA	NA	NA
NC_045512.2	23592	A	G	6836	2175	51	2	2	57	0.00029244	6839	0.249982	FALSE	NA	NA	NA	NA	NA	NA
NC_045512.2	23592	A	C	6836	2175	51	1	0	26	0.00014622	6839	1	FALSE	NA	NA	NA	NA	NA	NA
NC_045512.2	23594	A	C	7985	2387	51	1	0	26	0.000125219	7986	1	FALSE	NA	NA	NA	NA	NA	NA
NC_045512.2	23596	T	G	7870	2418	51	1	1	27	0.000127049	7871	1	FALSE	NA	NA	NA	NA	NA	NA
NC_045512.2	23598	A	T	7588	2517	49	1	1	34	0.0001317	7593	0.996095	FALSE	NA	NA	NA	NA	NA	NA
NC_045512.2	23598	A	G	7588	2517	49	2	1	35	0.000263401	7593	0.980478	FALSE	NA	NA	NA	NA	NA	NA
NC_045512.2	23598	A	C	7588	2517	49	2	0	30	0.000263401	7593	0.980478	FALSE	NA	NA	NA	NA	NA	NA
NC_045512.2	23599	T	G	0	0	0	8072	2520	51	0.999628	8075	0	TRUE	NA	NA	NA	NA	NA	NA
NC_045512.2	23599	T	C	0	0	0	2	2	27	0.000247678	8075	0.00010185	TRUE	NA	NA	NA	NA	NA	NA
NC_045512.2	23599	T	A	0	0	0	1	1	34	0.000123839	8075	0.00111455	TRUE	NA	NA	NA	NA	NA	NA
NC_045512.2	23602	T	A	8010	2489	51	1	1	27	0.000124828	8011	1	FALSE	NA	NA	NA	NA	NA	NA
NC_045512.2	23603	C	T	8011	2505	51	1	0	24	0.000124813	8012	1	FALSE	NA	NA	NA	NA	NA	NA
NC_045512.2	23604	C	A	0	0	0	8019	2520	52	1	8019	0	TRUE	NA	NA	NA	NA	NA	NA
NC_045512.2	23606	C	T	8021	2573	52	2	1	68	0.000249283	8023	0.250016	FALSE	NA	NA	NA	NA	NA	NA
NC_045512.2	23608	G	T	8054	2762	53	2	2	27	0.000248139	8060	1	FALSE	NA	NA	NA	NA	NA	NA
NC_045512.2	23608	G	C	8054	2762	53	3	3	29	0.000372208	8060	1	FALSE	NA	NA	NA	NA	NA	NA
NC_045512.2	23608	G	A	8054	2762	53	1	0	60	0.000124069	8060	0.499876	FALSE	NA	NA	NA	NA	NA	NA
NC_045512.2	23609	C	T	8055	2821	54	4	1	49	0.000496339	8059	0.0624922	FALSE	NA	NA	NA	NA	NA	NA
NC_045512.2	23611	G	T	8386	2870	53	1	0	26	0.000119218	8388	1	FALSE	NA	NA	NA	NA	NA	NA
NC_045512.2	23611	G	C	8386	2870	53	1	1	26	0.000119218	8388	1	FALSE	NA	NA	NA	NA	NA	NA
NC_045512.2	23612	G	T	8404	2872	53	1	1	27	0.000118934	8408	1	FALSE	NA	NA	NA	NA	NA	NA
NC_045512.2	23612	G	A	8404	2872	53	3	1	56	0.000356803	8408	0.124978	FALSE	NA	NA	NA	NA	NA	NA
NC_045512.2	23613	C	T	8520	2947	54	2	1	40	0.000234659	8523	0.249985	FALSE	NA	NA	NA	NA	NA	NA
NC_045512.2	23613	C	G	8520	2947	54	1	1	34	0.00011733	8523	0.99805	FALSE	NA	NA	NA	NA	NA	NA
NC_045512.2	23614	A	T	8615	3004	53	1	1	68	0.000116063	8616	0.500029	FALSE	NA	NA	NA	NA	NA	NA
NC_045512.2	23615	C	T	8684	3011	53	2	1	68	0.000230203	8688	0.249957	FALSE	NA	NA	NA	NA	NA	NA
NC_045512.2	23615	C	G	8684	3011	53	1	0	34	0.000115101	8688	0.998049	FALSE	NA	NA	NA	NA	NA	NA
NC_045512.2	23615	C	A	8684	3011	53	1	0	27	0.000115101	8688	1	FALSE	NA	NA	NA	NA	NA	NA
NC_045512.2	23616	G	A	8797	3038	53	1	1	68	0.000113662	8798	0.500028	FALSE	NA	NA	NA	NA	NA	NA
NC_045512.2	23619	G	T	9703	3231	53	1	1	27	0.00010304	9705	1	FALSE	NA	NA	NA	NA	NA	NA
NC_045512.2	23619	G	C	9703	3231	53	1	1	27	0.00010304	9705	1	FALSE	NA	NA	NA	NA	NA	NA
NC_045512.2	23620	T	A	9661	3275	54	3	1	27	0.00031043	9664	1	FALSE	NA	NA	NA	NA	NA	NA
NC_045512.2	23621	G	C	9736	3269	53	1	1	27	0.000102701	9737	1	FALSE	NA	NA	NA	NA	NA	NA
NC_045512.2	23622	T	G	9829	3442	54	1	1	27	0.000101719	9831	1	FALSE	NA	NA	NA	NA	NA	NA
NC_045512.2	23622	T	A	9829	3442	54	1	0	26	0.000101719	9831	1	FALSE	NA	NA	NA	NA	NA	NA
NC_045512.2	23624	G	T	9834	3419	53	1	1	27	0.000101678	9835	1	FALSE	NA	NA	NA	NA	NA	NA
NC_045512.2	23627	A	T	9937	3540	55	2	1	47	0.000201187	9941	0.249962	FALSE	NA	NA	NA	NA	NA	NA
NC_045512.2	23627	A	G	9937	3540	55	1	1	68	0.000100594	9941	0.49995	FALSE	NA	NA	NA	NA	NA	NA
NC_045512.2	23627	A	C	9937	3540	55	1	0	34	0.000100594	9941	0.999025	FALSE	NA	NA	NA	NA	NA	NA
NC_045512.2	23628	G	C	9939	3518	55	1	1	27	0.000100604	9940	1	FALSE	NA	NA	NA	NA	NA	NA
NC_045512.2	23631	A	G	9928	3763	56	2	0	47	0.00020141	9930	0.250013	FALSE	NA	NA	NA	NA	NA	NA
NC_045512.2	23632	A	G	9920	3880	54	1	1	68	0.000100786	9922	0.5	FALSE	NA	NA	NA	NA	NA	NA
NC_045512.2	23632	A	C	9920	3880	54	1	0	26	0.000100786	9922	1	FALSE	NA	NA	NA	NA	NA	NA
NC_045512.2	23633	T	C	10300	3939	57	1	0	68	9.7078e-05	10301	0.500024	FALSE	NA	NA	NA	NA	NA	NA
NC_045512.2	23634	C	T	10273	3931	56	1	0	68	9.73047e-05	10277	0.499951	FALSE	NA	NA	NA	NA	NA	NA
NC_045512.2	23634	C	G	10273	3931	56	3	2	26	0.000291914	10277	1	FALSE	NA	NA	NA	NA	NA	NA
NC_045512.2	23636	A	C	10418	4004	55	1	0	26	9.59785e-05	10419	1	FALSE	NA	NA	NA	NA	NA	NA
NC_045512.2	23637	T	C	10549	4016	56	1	1	27	9.47867e-05	10550	1	FALSE	NA	NA	NA	NA	NA	NA
NC_045512.2	23639	A	G	10546	4265	57	1	0	27	9.48137e-05	10547	1	FALSE	NA	NA	NA	NA	NA	NA
NC_045512.2	23640	T	G	10648	4338	57	2	2	30	0.000187758	10652	0.996831	FALSE	NA	NA	NA	NA	NA	NA
NC_045512.2	23640	T	C	10648	4338	57	2	1	57	0.000187758	10652	0.249965	FALSE	NA	NA	NA	NA	NA	NA
NC_045512.2	23641	T	G	11189	4575	58	1	1	34	8.93416e-05	11193	0.999756	FALSE	NA	NA	NA	NA	NA	NA
NC_045512.2	23641	T	C	11189	4575	58	3	3	68	0.000268025	11193	0.124983	FALSE	NA	NA	NA	NA	NA	NA
NC_045512.2	23642	G	T	11724	4720	57	1	1	46	8.52878e-05	11725	0.750032	FALSE	NA	NA	NA	NA	NA	NA
NC_045512.2	23643	C	T	11727	4773	57	1	0	68	8.52588e-05	11729	0.5	FALSE	NA	NA	NA	NA	NA	NA
NC_045512.2	23643	C	G	11727	4773	57	1	1	34	8.52588e-05	11729	0.999757	FALSE	NA	NA	NA	NA	NA	NA
NC_045512.2	23645	T	G	11709	4738	55	3	3	29	0.000256126	11713	1	FALSE	NA	NA	NA	NA	NA	NA
NC_045512.2	23645	T	C	11709	4738	55	1	0	38	8.53752e-05	11713	0.999756	FALSE	NA	NA	NA	NA	NA	NA
NC_045512.2	23646	A	C	12304	5084	57	4	0	30	0.000324992	12308	0.989389	FALSE	NA	NA	NA	NA	NA	NA
NC_045512.2	23648	A	G	12526	5161	57	3	1	52	0.000239425	12530	0.124985	FALSE	NA	NA	NA	NA	NA	NA
NC_045512.2	23648	A	C	12526	5161	57	1	1	27	7.98085e-05	12530	1	FALSE	NA	NA	NA	NA	NA	NA
NC_045512.2	23648	A	+T	12526	5161	57	2	0	20	0.000159617	12530	1	FALSE	NA	NA	NA	NA	NA	NA
NC_045512.2	23650	T	C	13036	5328	58	1	0	34	7.66989e-05	13038	0.999939	FALSE	NA	NA	NA	NA	NA	NA
NC_045512.2	23650	T	A	13036	5328	58	1	0	27	7.66989e-05	13038	1	FALSE	NA	NA	NA	NA	NA	NA
NC_045512.2	23651	A	G	13642	5470	58	1	1	24	7.32923e-05	13644	1	FALSE	NA	NA	NA	NA	NA	NA
NC_045512.2	23651	A	C	13642	5470	58	1	0	26	7.32923e-05	13644	1	FALSE	NA	NA	NA	NA	NA	NA
NC_045512.2	23652	T	C	13673	5460	57	3	2	26	0.000219362	13676	1	FALSE	NA	NA	NA	NA	NA	NA
NC_045512.2	23653	G	A	13767	5521	57	2	2	64	0.000145254	13769	0.250009	FALSE	NA	NA	NA	NA	NA	NA
NC_045512.2	23654	T	G	13842	5650	58	1	0	27	7.22335e-05	13844	1	FALSE	NA	NA	NA	NA	NA	NA
NC_045512.2	23654	T	C	13842	5650	58	1	0	68	7.22335e-05	13844	0.5	FALSE	NA	NA	NA	NA	NA	NA
NC_045512.2	23655	C	G	13747	5566	58	2	1	30	0.000145465	13749	0.999513	FALSE	NA	NA	NA	NA	NA	NA
NC_045512.2	23656	A	T	13710	5557	57	2	2	23	0.000145847	13713	1	FALSE	NA	NA	NA	NA	NA	NA
NC_045512.2	23656	A	C	13710	5557	57	1	1	27	7.29235e-05	13713	1	FALSE	NA	NA	NA	NA	NA	NA
NC_045512.2	23657	C	G	13725	5654	58	2	0	27	0.000145698	13727	1	FALSE	NA	NA	NA	NA	NA	NA
NC_045512.2	23658	T	G	13568	5494	55	2	2	30	0.000147362	13572	0.999513	FALSE	NA	NA	NA	NA	NA	NA
NC_045512.2	23658	T	C	13568	5494	55	1	1	34	7.36811e-05	13572	0.999939	FALSE	NA	NA	NA	NA	NA	NA
NC_045512.2	23658	T	A	13568	5494	55	1	0	27	7.36811e-05	13572	1	FALSE	NA	NA	NA	NA	NA	NA
NC_045512.2	23659	T	G	13679	5723	58	3	1	29	0.000219234	13684	1	FALSE	NA	NA	NA	NA	NA	NA
NC_045512.2	23659	T	C	13679	5723	58	2	0	29	0.000146156	13684	1	FALSE	NA	NA	NA	NA	NA	NA
NC_045512.2	23660	G	T	13511	5554	57	2	1	23	0.000147995	13514	1	FALSE	NA	NA	NA	NA	NA	NA
NC_045512.2	23660	G	C	13511	5554	57	1	1	20	7.39973e-05	13514	1	FALSE	NA	NA	NA	NA	NA	NA
NC_045512.2	23663	G	T	13619	5543	56	2	1	36	0.000146789	13625	0.999512	FALSE	NA	NA	NA	NA	NA	NA
NC_045512.2	23663	G	C	13619	5543	56	1	0	20	7.33945e-05	13625	1	FALSE	NA	NA	NA	NA	NA	NA
NC_045512.2	23663	G	A	13619	5543	56	3	1	65	0.000220183	13625	0.124959	FALSE	NA	NA	NA	NA	NA	NA
NC_045512.2	23664	C	G	13618	5660	58	1	1	20	7.34214e-05	13620	1	FALSE	NA	NA	NA	NA	NA	NA
NC_045512.2	23664	C	A	13618	5660	58	1	0	27	7.34214e-05	13620	1	FALSE	NA	NA	NA	NA	NA	NA
NC_045512.2	23665	A	T	13709	5684	59	2	2	27	0.000145826	13715	1	FALSE	NA	NA	NA	NA	NA	NA
NC_045512.2	23665	A	G	13709	5684	59	1	0	34	7.29129e-05	13715	0.999939	FALSE	NA	NA	NA	NA	NA	NA
NC_045512.2	23665	A	C	13709	5684	59	3	1	26	0.000218739	13715	1	FALSE	NA	NA	NA	NA	NA	NA
NC_045512.2	23666	G	T	13707	5672	58	1	1	26	7.29288e-05	13712	1	FALSE	NA	NA	NA	NA	NA	NA
NC_045512.2	23666	G	A	13707	5672	58	4	2	54	0.000291715	13712	0.0624863	FALSE	NA	NA	NA	NA	NA	NA
NC_045512.2	23667	A	T	13717	5742	58	1	1	27	7.28916e-05	13719	1	FALSE	NA	NA	NA	NA	NA	NA
NC_045512.2	23667	A	G	13717	5742	58	1	1	68	7.28916e-05	13719	0.5	FALSE	NA	NA	NA	NA	NA	NA
NC_045512.2	23668	A	T	13870	5831	58	1	0	26	7.20929e-05	13871	1	FALSE	NA	NA	NA	NA	NA	NA
NC_045512.2	23669	A	G	13873	5825	58	1	0	68	7.20773e-05	13874	0.500018	FALSE	NA	NA	NA	NA	NA	NA
NC_045512.2	23671	T	C	13888	5837	58	1	0	34	7.19994e-05	13889	0.999939	FALSE	NA	NA	NA	NA	NA	NA
NC_045512.2	23672	T	C	13836	5849	57	2	1	29	0.00014453	13838	1	FALSE	NA	NA	NA	NA	NA	NA
NC_045512.2	23673	C	G	13804	5881	58	4	2	28	0.000289666	13809	1	FALSE	NA	NA	NA	NA	NA	NA
NC_045512.2	23673	C	A	13804	5881	58	1	0	68	7.24165e-05	13809	0.499946	FALSE	NA	NA	NA	NA	NA	NA
NC_045512.2	23674	A	G	13667	5920	58	5	2	41	0.000365551	13678	0.109264	FALSE	NA	NA	NA	NA	NA	NA
NC_045512.2	23674	A	C	13667	5920	58	6	0	29	0.000438661	13678	1	FALSE	NA	NA	NA	NA	NA	NA
NC_045512.2	23675	G	C	13801	5795	56	1	0	20	7.24533e-05	13802	1	FALSE	NA	NA	NA	NA	NA	NA
NC_045512.2	23677	T	C	13969	5894	59	2	1	47	0.000143154	13971	0.500027	FALSE	NA	NA	NA	NA	NA	NA
NC_045512.2	23678	G	C	14053	5890	58	2	1	26	0.000142298	14055	1	FALSE	NA	NA	NA	NA	NA	NA
NC_045512.2	23679	C	G	13967	5968	58	4	0	25	0.000286287	13972	1	FALSE	NA	NA	NA	NA	NA	NA
NC_045512.2	23679	C	A	13967	5968	58	1	1	27	7.15717e-05	13972	1	FALSE	NA	NA	NA	NA	NA	NA
NC_045512.2	23680	T	G	13903	5923	58	1	0	27	7.19062e-05	13907	1	FALSE	NA	NA	NA	NA	NA	NA
NC_045512.2	23680	T	C	13903	5923	58	3	2	68	0.000215719	13907	0.124987	FALSE	NA	NA	NA	NA	NA	NA
NC_045512.2	23682	A	C	13885	5934	58	1	0	26	7.2015e-05	13886	1	FALSE	NA	NA	NA	NA	NA	NA
NC_045512.2	23683	C	T	14271	6065	58	3	0	54	0.000210172	14274	0.125	FALSE	NA	NA	NA	NA	NA	NA
NC_045512.2	23684	T	G	14251	6006	57	1	0	27	7.01656e-05	14252	1	FALSE	NA	NA	NA	NA	NA	NA
NC_045512.2	23686	T	C	14616	6107	58	1	1	27	6.84088e-05	14618	1	FALSE	NA	NA	NA	NA	NA	NA
NC_045512.2	23686	T	A	14616	6107	58	1	1	34	6.84088e-05	14618	0.99997	FALSE	NA	NA	NA	NA	NA	NA
NC_045512.2	23687	A	C	14567	6089	58	1	0	27	6.86436e-05	14568	1	FALSE	NA	NA	NA	NA	NA	NA
NC_045512.2	23688	A	G	14412	6139	57	2	1	47	0.000138706	14419	0.499896	FALSE	NA	NA	NA	NA	NA	NA
NC_045512.2	23688	A	C	14412	6139	57	5	1	26	0.000346765	14419	1	FALSE	NA	NA	NA	NA	NA	NA
NC_045512.2	23689	T	A	14627	6137	58	1	1	27	6.8362e-05	14628	1	FALSE	NA	NA	NA	NA	NA	NA
NC_045512.2	23690	A	T	14365	6143	56	4	0	23	0.000278338	14371	1	FALSE	NA	NA	NA	NA	NA	NA
NC_045512.2	23690	A	G	14365	6143	56	2	0	51	0.000139169	14371	0.249939	FALSE	NA	NA	NA	NA	NA	NA
NC_045512.2	23692	C	G	14969	6211	57	2	0	26	0.000133538	14977	1	FALSE	NA	NA	NA	NA	NA	NA
NC_045512.2	23692	C	A	14969	6211	57	6	0	25	0.000400614	14977	1	FALSE	NA	NA	NA	NA	NA	NA
NC_045512.2	23693	T	C	14842	6052	55	2	2	47	0.000134735	14844	0.500025	FALSE	NA	NA	NA	NA	NA	NA
NC_045512.2	23694	C	G	14925	6097	57	1	0	27	6.69972e-05	14926	1	FALSE	NA	NA	NA	NA	NA	NA
NC_045512.2	23695	T	C	14680	5897	55	1	1	34	6.81013e-05	14684	0.99997	FALSE	NA	NA	NA	NA	NA	NA
NC_045512.2	23695	T	A	14680	5897	55	3	0	25	0.000204304	14684	1	FALSE	NA	NA	NA	NA	NA	NA
NC_045512.2	23696	A	G	14749	5986	57	1	0	26	6.7792e-05	14751	1	FALSE	NA	NA	NA	NA	NA	NA
NC_045512.2	23696	A	C	14749	5986	57	1	0	26	6.7792e-05	14751	1	FALSE	NA	NA	NA	NA	NA	NA
NC_045512.2	23697	T	G	14716	5933	56	1	1	26	6.7944e-05	14718	1	FALSE	NA	NA	NA	NA	NA	NA
NC_045512.2	23697	T	C	14716	5933	56	1	1	34	6.7944e-05	14718	0.99997	FALSE	NA	NA	NA	NA	NA	NA
NC_045512.2	23698	T	C	14700	5988	57	1	1	38	6.8018e-05	14702	0.99997	FALSE	NA	NA	NA	NA	NA	NA
NC_045512.2	23698	T	A	14700	5988	57	1	1	27	6.8018e-05	14702	1	FALSE	NA	NA	NA	NA	NA	NA
NC_045512.2	23699	G	T	14815	6007	56	2	1	47	0.000134971	14818	0.5	FALSE	NA	NA	NA	NA	NA	NA
NC_045512.2	23699	G	A	14815	6007	56	1	1	60	6.74855e-05	14818	0.499983	FALSE	NA	NA	NA	NA	NA	NA
NC_045512.2	23700	C	T	14752	6040	56	1	1	60	6.77782e-05	14754	0.5	FALSE	NA	NA	NA	NA	NA	NA
NC_045512.2	23700	C	A	14752	6040	56	1	0	26	6.77782e-05	14754	1	FALSE	NA	NA	NA	NA	NA	NA
NC_045512.2	23701	C	G	14158	5684	57	1	0	27	7.06265e-05	14159	1	FALSE	NA	NA	NA	NA	NA	NA
NC_045512.2	23702	A	G	14182	5703	57	4	2	68	0.000281928	14188	0.062478	FALSE	NA	NA	NA	NA	NA	NA
NC_045512.2	23702	A	C	14182	5703	57	2	0	27	0.000140964	14188	1	FALSE	NA	NA	NA	NA	NA	NA
NC_045512.2	23703	T	A	13854	5554	56	1	1	24	7.21761e-05	13855	1	FALSE	NA	NA	NA	NA	NA	NA
NC_045512.2	23704	A	T	13882	5900	57	1	0	26	7.20098e-05	13887	1	FALSE	NA	NA	NA	NA	NA	NA
NC_045512.2	23704	A	G	13882	5900	57	3	0	65	0.000216029	13887	0.124973	FALSE	NA	NA	NA	NA	NA	NA
NC_045512.2	23704	A	C	13882	5900	57	1	1	34	7.20098e-05	13887	0.999939	FALSE	NA	NA	NA	NA	NA	NA
NC_045512.2	23704	A	+G	13882	5900	57	1	0	20	7.20098e-05	13887	1	FALSE	NA	NA	NA	NA	NA	NA
NC_045512.2	23704	A	+C	13882	5900	57	1	0	20	7.20098e-05	13887	1	FALSE	NA	NA	NA	NA	NA	NA
NC_045512.2	23705	C	T	13925	5954	57	1	0	68	7.17772e-05	13932	0.49991	FALSE	NA	NA	NA	NA	NA	NA
NC_045512.2	23705	C	G	13925	5954	57	1	0	27	7.17772e-05	13932	1	FALSE	NA	NA	NA	NA	NA	NA
NC_045512.2	23705	C	A	13925	5954	57	5	0	26	0.000358886	13932	1	FALSE	NA	NA	NA	NA	NA	NA
NC_045512.2	23706	C	T	13979	6149	58	1	1	68	7.15103e-05	13984	0.499946	FALSE	NA	NA	NA	NA	NA	NA
NC_045512.2	23706	C	G	13979	6149	58	3	0	24	0.000214531	13984	1	FALSE	NA	NA	NA	NA	NA	NA
NC_045512.2	23706	C	A	13979	6149	58	1	0	20	7.15103e-05	13984	1	FALSE	NA	NA	NA	NA	NA	NA
NC_045512.2	23706	C	+A	13979	6149	58	1	0	20	7.15103e-05	13984	1	FALSE	NA	NA	NA	NA	NA	NA
NC_045512.2	23708	A	G	13587	6166	56	6	1	61	0.000441274	13597	0.015606	FALSE	NA	NA	NA	NA	NA	NA
NC_045512.2	23708	A	C	13587	6166	56	4	0	26	0.000294183	13597	1	FALSE	NA	NA	NA	NA	NA	NA
NC_045512.2	23709	C	-A	13832	6094	58	1	0	20	7.22961e-05	13832	1	FALSE	NA	NA	NA	NA	NA	NA
NC_045512.2	23709	C	+A	13832	6094	58	1	0	20	7.22961e-05	13832	1	FALSE	NA	NA	NA	NA	NA	NA
NC_045512.2	23710	A	T	13835	6097	59	1	1	27	7.22752e-05	13836	1	FALSE	NA	NA	NA	NA	NA	NA
NC_045512.2	23711	A	T	13757	6130	58	1	1	27	7.26639e-05	13762	1	FALSE	NA	NA	NA	NA	NA	NA
NC_045512.2	23711	A	G	13757	6130	58	1	0	27	7.26639e-05	13762	1	FALSE	NA	NA	NA	NA	NA	NA
NC_045512.2	23711	A	C	13757	6130	58	3	0	26	0.000217992	13762	1	FALSE	NA	NA	NA	NA	NA	NA
NC_045512.2	23712	A	C	13336	6182	55	9	1	24	0.00067441	13345	1	FALSE	NA	NA	NA	NA	NA	NA
NC_045512.2	23713	T	G	13739	6391	56	5	3	24	0.000363716	13747	1	FALSE	NA	NA	NA	NA	NA	NA
NC_045512.2	23713	T	C	13739	6391	56	1	0	24	7.27431e-05	13747	1	FALSE	NA	NA	NA	NA	NA	NA
NC_045512.2	23713	T	A	13739	6391	56	2	0	27	0.000145486	13747	1	FALSE	NA	NA	NA	NA	NA	NA
NC_045512.2	23714	T	G	13430	5964	51	6	6	25	0.000446495	13438	1	FALSE	NA	NA	NA	NA	NA	NA
NC_045512.2	23714	T	C	13430	5964	51	1	0	26	7.44158e-05	13438	1	FALSE	NA	NA	NA	NA	NA	NA
NC_045512.2	23714	T	A	13430	5964	51	1	0	20	7.44158e-05	13438	1	FALSE	NA	NA	NA	NA	NA	NA
NC_045512.2	23715	T	C	13752	6337	58	2	1	47	0.000145412	13754	0.500027	FALSE	NA	NA	NA	NA	NA	NA
NC_045512.2	23716	T	A	13747	6375	57	2	1	25	0.000145465	13749	1	FALSE	NA	NA	NA	NA	NA	NA
NC_045512.2	23717	A	G	13695	6507	57	2	1	68	0.000145996	13699	0.249973	FALSE	NA	NA	NA	NA	NA	NA
NC_045512.2	23717	A	C	13695	6507	57	2	0	30	0.000145996	13699	0.999513	FALSE	NA	NA	NA	NA	NA	NA
NC_045512.2	23718	C	G	14027	7088	54	1	0	34	7.12555e-05	14034	0.99997	FALSE	NA	NA	NA	NA	NA	NA
NC_045512.2	23718	C	A	14027	7088	54	6	0	29	0.000427533	14034	1	FALSE	NA	NA	NA	NA	NA	NA
NC_045512.2	23719	T	G	13998	6998	54	2	0	27	0.000142796	14006	1	FALSE	NA	NA	NA	NA	NA	NA
NC_045512.2	23719	T	C	13998	6998	54	1	0	34	7.1398e-05	14006	0.999969	FALSE	NA	NA	NA	NA	NA	NA
NC_045512.2	23719	T	A	13998	6998	54	5	2	27	0.00035699	14006	1	FALSE	NA	NA	NA	NA	NA	NA
NC_045512.2	23720	A	G	14017	7066	54	1	1	34	7.13318e-05	14019	0.99997	FALSE	NA	NA	NA	NA	NA	NA
NC_045512.2	23720	A	C	14017	7066	54	1	0	26	7.13318e-05	14019	1	FALSE	NA	NA	NA	NA	NA	NA
NC_045512.2	23721	T	G	13563	6580	52	9	8	27	0.000663081	13573	1	FALSE	NA	NA	NA	NA	NA	NA
NC_045512.2	23721	T	C	13563	6580	52	1	1	34	7.36757e-05	13573	0.999939	FALSE	NA	NA	NA	NA	NA	NA
NC_045512.2	23722	T	G	13921	7014	54	1	1	27	7.18184e-05	13924	1	FALSE	NA	NA	NA	NA	NA	NA
NC_045512.2	23722	T	C	13921	7014	54	1	1	27	7.18184e-05	13924	1	FALSE	NA	NA	NA	NA	NA	NA
NC_045512.2	23722	T	A	13921	7014	54	1	0	27	7.18184e-05	13924	1	FALSE	NA	NA	NA	NA	NA	NA
NC_045512.2	23723	A	T	13940	7124	54	2	1	34	0.000143441	13943	0.999513	FALSE	NA	NA	NA	NA	NA	NA
NC_045512.2	23723	A	G	13940	7124	54	1	1	68	7.17206e-05	13943	0.499982	FALSE	NA	NA	NA	NA	NA	NA
NC_045512.2	23724	G	T	14195	7114	54	1	1	26	7.04275e-05	14199	1	FALSE	NA	NA	NA	NA	NA	NA
NC_045512.2	23724	G	C	14195	7114	54	3	3	27	0.000211282	14199	1	FALSE	NA	NA	NA	NA	NA	NA
NC_045512.2	23725	T	G	14174	7110	55	1	1	26	7.05268e-05	14179	1	FALSE	NA	NA	NA	NA	NA	NA
NC_045512.2	23725	T	C	14174	7110	55	1	1	26	7.05268e-05	14179	1	FALSE	NA	NA	NA	NA	NA	NA
NC_045512.2	23725	T	A	14174	7110	55	3	1	26	0.000211581	14179	1	FALSE	NA	NA	NA	NA	NA	NA
NC_045512.2	23726	G	T	14238	7178	55	5	5	26	0.00035105	14243	1	FALSE	NA	NA	NA	NA	NA	NA
NC_045512.2	23729	A	T	13684	6998	54	2	0	26	0.000146103	13689	1	FALSE	NA	NA	NA	NA	NA	NA
NC_045512.2	23729	A	G	13684	6998	54	3	2	56	0.000219154	13689	0.124973	FALSE	NA	NA	NA	NA	NA	NA
NC_045512.2	23731	C	T	13691	7067	54	1	0	68	7.303e-05	13693	0.5	FALSE	NA	NA	NA	NA	NA	NA
NC_045512.2	23731	C	A	13691	7067	54	1	0	27	7.303e-05	13693	1	FALSE	NA	NA	NA	NA	NA	NA
NC_045512.2	23732	A	G	13555	6995	54	1	0	68	7.37626e-05	13557	0.5	FALSE	NA	NA	NA	NA	NA	NA
NC_045512.2	23732	A	C	13555	6995	54	1	0	20	7.37626e-05	13557	1	FALSE	NA	NA	NA	NA	NA	NA
NC_045512.2	23733	C	G	13563	6987	54	2	0	30	0.000147417	13567	0.999513	FALSE	NA	NA	NA	NA	NA	NA
NC_045512.2	23733	C	A	13563	6987	54	2	0	26	0.000147417	13567	1	FALSE	NA	NA	NA	NA	NA	NA
NC_045512.2	23734	A	G	13467	6883	55	1	0	34	7.4239e-05	13470	0.999939	FALSE	NA	NA	NA	NA	NA	NA
NC_045512.2	23734	A	C	13467	6883	55	2	0	26	0.000148478	13470	1	FALSE	NA	NA	NA	NA	NA	NA
NC_045512.2	23735	G	T	13333	6884	53	2	2	30	0.000149936	13339	0.999512	FALSE	NA	NA	NA	NA	NA	NA
NC_045512.2	23735	G	C	13333	6884	53	4	0	26	0.000299873	13339	1	FALSE	NA	NA	NA	NA	NA	NA
NC_045512.2	23736	A	T	13529	7017	55	2	1	43	0.000147776	13534	0.499945	FALSE	NA	NA	NA	NA	NA	NA
NC_045512.2	23736	A	G	13529	7017	55	2	2	46	0.000147776	13534	0.499945	FALSE	NA	NA	NA	NA	NA	NA
NC_045512.2	23736	A	C	13529	7017	55	1	0	34	7.3888e-05	13534	0.999939	FALSE	NA	NA	NA	NA	NA	NA
NC_045512.2	23738	A	G	13706	7268	54	1	0	60	7.29501e-05	13708	0.5	FALSE	NA	NA	NA	NA	NA	NA
NC_045512.2	23738	A	C	13706	7268	54	1	0	20	7.29501e-05	13708	1	FALSE	NA	NA	NA	NA	NA	NA
NC_045512.2	23739	T	C	13771	7175	53	1	0	46	7.26058e-05	13773	0.750009	FALSE	NA	NA	NA	NA	NA	NA
NC_045512.2	23739	T	A	13771	7175	53	1	0	34	7.26058e-05	13773	0.999939	FALSE	NA	NA	NA	NA	NA	NA
NC_045512.2	23740	T	C	13865	7342	54	2	1	27	0.000144207	13869	1	FALSE	NA	NA	NA	NA	NA	NA
NC_045512.2	23740	T	A	13865	7342	54	2	1	31	0.000144207	13869	0.999513	FALSE	NA	NA	NA	NA	NA	NA
NC_045512.2	23741	C	G	13880	7397	53	1	0	27	7.20202e-05	13885	1	FALSE	NA	NA	NA	NA	NA	NA
NC_045512.2	23741	C	A	13880	7397	53	4	0	26	0.000288081	13885	1	FALSE	NA	NA	NA	NA	NA	NA
NC_045512.2	23742	T	G	13841	7269	54	1	0	26	7.22282e-05	13845	1	FALSE	NA	NA	NA	NA	NA	NA
NC_045512.2	23742	T	C	13841	7269	54	1	1	68	7.22282e-05	13845	0.499964	FALSE	NA	NA	NA	NA	NA	NA
NC_045512.2	23742	T	A	13841	7269	54	2	1	23	0.000144456	13845	1	FALSE	NA	NA	NA	NA	NA	NA
NC_045512.2	23743	A	C	13876	7462	54	3	0	29	0.000216154	13879	1	FALSE	NA	NA	NA	NA	NA	NA
NC_045512.2	23744	C	G	13808	7735	53	1	0	34	7.24008e-05	13812	0.999939	FALSE	NA	NA	NA	NA	NA	NA
NC_045512.2	23744	C	A	13808	7735	53	3	1	30	0.000217202	13812	0.997915	FALSE	NA	NA	NA	NA	NA	NA
NC_045512.2	23745	C	G	13781	7673	53	1	0	27	7.25479e-05	13784	1	FALSE	NA	NA	NA	NA	NA	NA
NC_045512.2	23745	C	A	13781	7673	53	2	0	27	0.000145096	13784	1	FALSE	NA	NA	NA	NA	NA	NA
NC_045512.2	23746	A	C	13466	7424	53	1	0	27	7.42556e-05	13467	1	FALSE	NA	NA	NA	NA	NA	NA
NC_045512.2	23747	G	T	13520	7484	52	1	1	27	7.39317e-05	13526	1	FALSE	NA	NA	NA	NA	NA	NA
NC_045512.2	23747	G	C	13520	7484	52	4	1	25	0.000295727	13526	1	FALSE	NA	NA	NA	NA	NA	NA
NC_045512.2	23747	G	A	13520	7484	52	1	1	34	7.39317e-05	13526	0.999939	FALSE	NA	NA	NA	NA	NA	NA
NC_045512.2	23748	T	A	13407	7355	53	2	0	27	0.000149154	13409	1	FALSE	NA	NA	NA	NA	NA	NA
NC_045512.2	23749	G	T	14428	7683	53	1	1	26	6.93001e-05	14430	1	FALSE	NA	NA	NA	NA	NA	NA
NC_045512.2	23749	G	C	14428	7683	53	1	0	27	6.93001e-05	14430	1	FALSE	NA	NA	NA	NA	NA	NA
NC_045512.2	23750	T	C	14316	7585	53	1	1	46	6.9847e-05	14317	0.750026	FALSE	NA	NA	NA	NA	NA	NA
NC_045512.2	23751	C	T	14360	7695	53	1	1	46	6.96282e-05	14362	0.750009	FALSE	NA	NA	NA	NA	NA	NA
NC_045512.2	23751	C	A	14360	7695	53	1	0	27	6.96282e-05	14362	1	FALSE	NA	NA	NA	NA	NA	NA
NC_045512.2	23752	T	A	14135	7452	52	2	1	51	0.000141473	14137	0.250009	FALSE	NA	NA	NA	NA	NA	NA
NC_045512.2	23753	A	G	14228	7786	52	1	0	27	7.02691e-05	14231	1	FALSE	NA	NA	NA	NA	NA	NA
NC_045512.2	23753	A	C	14228	7786	52	2	0	20	0.000140538	14231	1	FALSE	NA	NA	NA	NA	NA	NA
NC_045512.2	23754	T	G	14306	7669	53	1	1	27	6.9891e-05	14308	1	FALSE	NA	NA	NA	NA	NA	NA
NC_045512.2	23754	T	C	14306	7669	53	1	0	68	6.9891e-05	14308	0.5	FALSE	NA	NA	NA	NA	NA	NA
NC_045512.2	23755	G	C	14464	7776	53	3	2	30	0.000207368	14467	0.998829	FALSE	NA	NA	NA	NA	NA	NA
NC_045512.2	23756	A	G	14473	7779	53	2	1	47	0.000138169	14475	0.500026	FALSE	NA	NA	NA	NA	NA	NA
NC_045512.2	23757	C	A	14361	7737	53	1	0	34	6.96282e-05	14362	0.99997	FALSE	NA	NA	NA	NA	NA	NA
NC_045512.2	23758	C	T	13360	7003	53	1	1	34	7.48447e-05	13361	0.999939	FALSE	NA	NA	NA	NA	NA	NA
NC_045512.2	23759	A	C	13272	6941	53	3	1	29	0.000225989	13275	1	FALSE	NA	NA	NA	NA	NA	NA
NC_045512.2	23760	A	G	13125	6989	52	3	0	29	0.00022845	13132	1	FALSE	NA	NA	NA	NA	NA	NA
NC_045512.2	23760	A	C	13125	6989	52	4	2	30	0.000304599	13132	0.993645	FALSE	NA	NA	NA	NA	NA	NA
NC_045512.2	23761	G	T	13292	7006	52	1	0	20	7.52049e-05	13297	1	FALSE	NA	NA	NA	NA	NA	NA
NC_045512.2	23761	G	C	13292	7006	52	4	0	26	0.00030082	13297	1	FALSE	NA	NA	NA	NA	NA	NA
NC_045512.2	23762	A	T	13224	7123	51	1	0	34	7.55915e-05	13229	0.999939	FALSE	NA	NA	NA	NA	NA	NA
NC_045512.2	23762	A	G	13224	7123	51	1	0	27	7.55915e-05	13229	1	FALSE	NA	NA	NA	NA	NA	NA
NC_045512.2	23762	A	C	13224	7123	51	3	3	29	0.000226775	13229	1	FALSE	NA	NA	NA	NA	NA	NA
NC_045512.2	23763	C	A	13769	7189	53	1	0	27	7.26216e-05	13770	1	FALSE	NA	NA	NA	NA	NA	NA
NC_045512.2	23764	A	T	13613	7100	53	1	1	27	7.34376e-05	13617	1	FALSE	NA	NA	NA	NA	NA	NA
NC_045512.2	23764	A	G	13613	7100	53	1	1	27	7.34376e-05	13617	1	FALSE	NA	NA	NA	NA	NA	NA
NC_045512.2	23764	A	C	13613	7100	53	2	2	27	0.000146875	13617	1	FALSE	NA	NA	NA	NA	NA	NA
NC_045512.2	23765	T	C	13818	7067	52	1	1	60	7.23589e-05	13820	0.5	FALSE	NA	NA	NA	NA	NA	NA
NC_045512.2	23765	T	A	13818	7067	52	1	0	26	7.23589e-05	13820	1	FALSE	NA	NA	NA	NA	NA	NA
NC_045512.2	23766	C	T	13752	7176	51	1	0	68	7.26903e-05	13757	0.499945	FALSE	NA	NA	NA	NA	NA	NA
NC_045512.2	23766	C	G	13752	7176	51	2	1	27	0.000145381	13757	1	FALSE	NA	NA	NA	NA	NA	NA
NC_045512.2	23766	C	A	13752	7176	51	2	0	27	0.000145381	13757	1	FALSE	NA	NA	NA	NA	NA	NA
NC_045512.2	23767	A	T	13782	7195	52	1	1	27	7.25426e-05	13785	1	FALSE	NA	NA	NA	NA	NA	NA
NC_045512.2	23767	A	C	13782	7195	52	2	1	30	0.000145085	13785	0.999513	FALSE	NA	NA	NA	NA	NA	NA
NC_045512.2	23768	G	T	13781	7184	51	2	2	30	0.000145096	13784	0.999513	FALSE	NA	NA	NA	NA	NA	NA
NC_045512.2	23768	G	C	13781	7184	51	1	0	34	7.25479e-05	13784	0.999939	FALSE	NA	NA	NA	NA	NA	NA
NC_045512.2	23769	T	G	13498	6994	50	5	3	25	0.000370233	13505	1	FALSE	NA	NA	NA	NA	NA	NA
NC_045512.2	23769	T	A	13498	6994	50	2	0	26	0.000148093	13505	1	FALSE	NA	NA	NA	NA	NA	NA
NC_045512.2	23770	A	G	14191	7417	51	2	0	23	0.000140915	14193	1	FALSE	NA	NA	NA	NA	NA	NA
NC_045512.2	23771	G	T	14118	7312	50	1	1	20	7.08165e-05	14121	1	FALSE	NA	NA	NA	NA	NA	NA
NC_045512.2	23771	G	C	14118	7312	50	1	0	27	7.08165e-05	14121	1	FALSE	NA	NA	NA	NA	NA	NA
NC_045512.2	23771	G	A	14118	7312	50	1	1	68	7.08165e-05	14121	0.499982	FALSE	NA	NA	NA	NA	NA	NA
NC_045512.2	23772	A	T	13834	7096	51	2	1	23	0.00014454	13837	1	FALSE	NA	NA	NA	NA	NA	NA
NC_045512.2	23772	A	G	13834	7096	51	1	0	24	7.227e-05	13837	1	FALSE	NA	NA	NA	NA	NA	NA
NC_045512.2	23773	T	A	13937	7194	52	1	1	27	7.17463e-05	13938	1	FALSE	NA	NA	NA	NA	NA	NA
NC_045512.2	23774	T	G	13459	6852	51	1	1	34	7.42832e-05	13462	0.999939	FALSE	NA	NA	NA	NA	NA	NA
NC_045512.2	23774	T	C	13459	6852	51	1	1	27	7.42832e-05	13462	1	FALSE	NA	NA	NA	NA	NA	NA
NC_045512.2	23774	T	A	13459	6852	51	1	0	26	7.42832e-05	13462	1	FALSE	NA	NA	NA	NA	NA	NA
NC_045512.2	23776	T	G	13762	6849	51	2	2	23	0.000145296	13765	1	FALSE	NA	NA	NA	NA	NA	NA
NC_045512.2	23776	T	C	13762	6849	51	1	1	68	7.2648e-05	13765	0.499982	FALSE	NA	NA	NA	NA	NA	NA
NC_045512.2	23777	A	G	13616	6875	51	4	1	37	0.000293664	13621	0.99365	FALSE	NA	NA	NA	NA	NA	NA
NC_045512.2	23777	A	C	13616	6875	51	1	0	34	7.3416e-05	13621	0.999939	FALSE	NA	NA	NA	NA	NA	NA
NC_045512.2	23778	C	T	13633	6844	51	1	1	68	7.33245e-05	13638	0.499945	FALSE	NA	NA	NA	NA	NA	NA
NC_045512.2	23778	C	G	13633	6844	51	2	1	30	0.000146649	13638	0.999513	FALSE	NA	NA	NA	NA	NA	NA
NC_045512.2	23778	C	A	13633	6844	51	2	0	27	0.000146649	13638	1	FALSE	NA	NA	NA	NA	NA	NA
NC_045512.2	23778	C	-A	13633	6844	51	1	0	20	7.33245e-05	13638	1	FALSE	NA	NA	NA	NA	NA	NA
NC_045512.2	23779	A	T	13013	6385	51	3	3	27	0.00023045	13018	1	FALSE	NA	NA	NA	NA	NA	NA
NC_045512.2	23779	A	C	13013	6385	51	2	0	27	0.000153633	13018	1	FALSE	NA	NA	NA	NA	NA	NA
NC_045512.2	23780	A	C	13612	6420	50	1	1	34	7.34592e-05	13613	0.999939	FALSE	NA	NA	NA	NA	NA	NA
NC_045512.2	23781	T	C	13288	6200	50	1	1	68	7.52445e-05	13290	0.5	FALSE	NA	NA	NA	NA	NA	NA
NC_045512.2	23781	T	A	13288	6200	50	1	0	27	7.52445e-05	13290	1	FALSE	NA	NA	NA	NA	NA	NA
NC_045512.2	23782	G	T	13751	6360	50	2	1	34	0.000145391	13756	0.999513	FALSE	NA	NA	NA	NA	NA	NA
NC_045512.2	23782	G	C	13751	6360	50	1	1	68	7.26956e-05	13756	0.499945	FALSE	NA	NA	NA	NA	NA	NA
NC_045512.2	23782	G	A	13751	6360	50	2	1	34	0.000145391	13756	0.999513	FALSE	NA	NA	NA	NA	NA	NA
NC_045512.2	23783	T	A	13752	6375	50	1	1	27	7.27114e-05	13753	1	FALSE	NA	NA	NA	NA	NA	NA
NC_045512.2	23784	A	T	13399	6265	50	1	1	27	7.45935e-05	13406	1	FALSE	NA	NA	NA	NA	NA	NA
NC_045512.2	23784	A	G	13399	6265	50	1	0	46	7.45935e-05	13406	0.749916	FALSE	NA	NA	NA	NA	NA	NA
NC_045512.2	23784	A	C	13399	6265	50	5	1	26	0.000372967	13406	1	FALSE	NA	NA	NA	NA	NA	NA
NC_045512.2	23785	C	T	13629	6248	50	1	1	68	7.33514e-05	13633	0.499963	FALSE	NA	NA	NA	NA	NA	NA
NC_045512.2	23785	C	A	13629	6248	50	3	1	33	0.000220054	13633	0.997915	FALSE	NA	NA	NA	NA	NA	NA
NC_045512.2	23786	A	T	13592	6248	50	2	2	26	0.000147059	13600	1	FALSE	NA	NA	NA	NA	NA	NA
NC_045512.2	23786	A	C	13592	6248	50	6	0	26	0.000441176	13600	1	FALSE	NA	NA	NA	NA	NA	NA
NC_045512.2	23787	T	G	13138	5833	47	2	1	27	0.000152195	13141	1	FALSE	NA	NA	NA	NA	NA	NA
NC_045512.2	23787	T	A	13138	5833	47	1	0	20	7.60977e-05	13141	1	FALSE	NA	NA	NA	NA	NA	NA
NC_045512.2	23788	T	G	13648	6345	51	1	1	26	7.32601e-05	13650	1	FALSE	NA	NA	NA	NA	NA	NA
NC_045512.2	23788	T	C	13648	6345	51	1	0	68	7.32601e-05	13650	0.5	FALSE	NA	NA	NA	NA	NA	NA
NC_045512.2	23789	T	G	12873	5700	51	1	1	27	7.76759e-05	12874	1	FALSE	NA	NA	NA	NA	NA	NA
NC_045512.2	23790	G	T	12787	5671	51	1	0	27	7.81739e-05	12792	1	FALSE	NA	NA	NA	NA	NA	NA
NC_045512.2	23790	G	C	12787	5671	51	4	4	28	0.000312695	12792	1	FALSE	NA	NA	NA	NA	NA	NA
NC_045512.2	23791	T	G	12197	5217	51	1	1	27	8.19739e-05	12199	1	FALSE	NA	NA	NA	NA	NA	NA
NC_045512.2	23791	T	A	12197	5217	51	1	0	26	8.19739e-05	12199	1	FALSE	NA	NA	NA	NA	NA	NA
NC_045512.2	23792	G	T	12164	5281	51	1	0	26	8.21895e-05	12167	1	FALSE	NA	NA	NA	NA	NA	NA
NC_045512.2	23792	G	C	12164	5281	51	1	0	26	8.21895e-05	12167	1	FALSE	NA	NA	NA	NA	NA	NA
NC_045512.2	23792	G	A	12164	5281	51	1	1	68	8.21895e-05	12167	0.499979	FALSE	NA	NA	NA	NA	NA	NA
NC_045512.2	23793	G	C	12145	5411	50	1	0	26	8.23316e-05	12146	1	FALSE	NA	NA	NA	NA	NA	NA
NC_045512.2	23794	T	C	11779	5123	50	2	2	68	0.00016975	11782	0.249989	FALSE	NA	NA	NA	NA	NA	NA
NC_045512.2	23794	T	A	11779	5123	50	1	1	27	8.48752e-05	11782	1	FALSE	NA	NA	NA	NA	NA	NA
NC_045512.2	23795	G	T	11761	5104	50	1	1	27	8.50051e-05	11764	1	FALSE	NA	NA	NA	NA	NA	NA
NC_045512.2	23795	G	C	11761	5104	50	2	0	26	0.00017001	11764	1	FALSE	NA	NA	NA	NA	NA	NA
NC_045512.2	23796	A	T	11744	5171	50	1	0	34	8.51426e-05	11745	0.999757	FALSE	NA	NA	NA	NA	NA	NA
NC_045512.2	23798	T	C	11690	5266	50	1	1	68	8.55286e-05	11692	0.5	FALSE	NA	NA	NA	NA	NA	NA
NC_045512.2	23798	T	A	11690	5266	50	1	0	26	8.55286e-05	11692	1	FALSE	NA	NA	NA	NA	NA	NA
NC_045512.2	23800	A	T	11387	5372	49	1	1	26	8.77809e-05	11392	1	FALSE	NA	NA	NA	NA	NA	NA
NC_045512.2	23800	A	G	11387	5372	49	2	0	34	0.000175562	11392	0.998294	FALSE	NA	NA	NA	NA	NA	NA
NC_045512.2	23800	A	C	11387	5372	49	2	1	30	0.000175562	11392	0.998294	FALSE	NA	NA	NA	NA	NA	NA
NC_045512.2	23801	A	C	11134	5426	48	6	0	29	0.0005386	11140	1	FALSE	NA	NA	NA	NA	NA	NA
NC_045512.2	23802	C	G	11128	5498	47	1	1	26	8.98553e-05	11129	1	FALSE	NA	NA	NA	NA	NA	NA
NC_045512.2	23803	T	G	11213	5118	48	3	3	29	0.000267427	11218	1	FALSE	NA	NA	NA	NA	NA	NA
NC_045512.2	23803	T	C	11213	5118	48	1	0	34	8.91424e-05	11218	0.999756	FALSE	NA	NA	NA	NA	NA	NA
NC_045512.2	23803	T	A	11213	5118	48	1	0	27	8.91424e-05	11218	1	FALSE	NA	NA	NA	NA	NA	NA
NC_045512.2	23804	G	C	11356	5307	49	1	0	34	8.80514e-05	11357	0.999757	FALSE	NA	NA	NA	NA	NA	NA
NC_045512.2	23805	A	C	11114	5219	48	1	0	27	8.99685e-05	11115	1	FALSE	NA	NA	NA	NA	NA	NA
NC_045512.2	23806	A	T	11254	5243	49	1	0	24	8.88494e-05	11255	1	FALSE	NA	NA	NA	NA	NA	NA
NC_045512.2	23808	G	T	11037	5060	49	1	1	34	9.05879e-05	11039	0.999757	FALSE	NA	NA	NA	NA	NA	NA
NC_045512.2	23808	G	C	11037	5060	49	1	1	26	9.05879e-05	11039	1	FALSE	NA	NA	NA	NA	NA	NA
NC_045512.2	23809	C	T	11000	5156	49	4	2	59	0.000363405	11007	0.0624603	FALSE	NA	NA	NA	NA	NA	NA
NC_045512.2	23809	C	G	11000	5156	49	1	1	68	9.08513e-05	11007	0.499886	FALSE	NA	NA	NA	NA	NA	NA
NC_045512.2	23809	C	A	11000	5156	49	2	1	26	0.000181703	11007	1	FALSE	NA	NA	NA	NA	NA	NA
NC_045512.2	23810	A	G	10959	5051	50	1	1	26	9.12409e-05	10960	1	FALSE	NA	NA	NA	NA	NA	NA
NC_045512.2	23811	G	T	10856	4925	49	1	1	26	9.2098e-05	10858	1	FALSE	NA	NA	NA	NA	NA	NA
NC_045512.2	23811	G	A	10856	4925	49	1	1	68	9.2098e-05	10858	0.5	FALSE	NA	NA	NA	NA	NA	NA
NC_045512.2	23812	C	T	10812	4999	49	1	1	34	9.24642e-05	10815	0.999513	FALSE	NA	NA	NA	NA	NA	NA
NC_045512.2	23812	C	G	10812	4999	49	2	2	30	0.000184928	10815	0.996833	FALSE	NA	NA	NA	NA	NA	NA
NC_045512.2	23813	A	T	10711	4916	49	2	0	30	0.000186654	10715	0.996831	FALSE	NA	NA	NA	NA	NA	NA
NC_045512.2	23813	A	G	10711	4916	49	1	0	34	9.33271e-05	10715	0.999512	FALSE	NA	NA	NA	NA	NA	NA
NC_045512.2	23813	A	C	10711	4916	49	1	0	26	9.33271e-05	10715	1	FALSE	NA	NA	NA	NA	NA	NA
NC_045512.2	23814	A	T	10696	4928	49	1	0	26	9.34842e-05	10697	1	FALSE	NA	NA	NA	NA	NA	NA
NC_045512.2	23815	T	C	10742	4914	49	2	1	30	0.000186133	10745	0.996833	FALSE	NA	NA	NA	NA	NA	NA
NC_045512.2	23815	T	A	10742	4914	49	1	0	24	9.30665e-05	10745	1	FALSE	NA	NA	NA	NA	NA	NA
NC_045512.2	23816	C	G	11872	5328	48	1	0	20	8.42247e-05	11873	1	FALSE	NA	NA	NA	NA	NA	NA
NC_045512.2	23817	T	C	12070	5458	49	2	1	30	0.000165673	12072	0.999087	FALSE	NA	NA	NA	NA	NA	NA
NC_045512.2	23818	T	G	11521	5039	48	1	1	27	8.67905e-05	11522	1	FALSE	NA	NA	NA	NA	NA	NA
NC_045512.2	23819	T	G	11774	5276	49	1	0	26	8.49185e-05	11776	1	FALSE	NA	NA	NA	NA	NA	NA
NC_045512.2	23819	T	A	11774	5276	49	1	0	20	8.49185e-05	11776	1	FALSE	NA	NA	NA	NA	NA	NA
NC_045512.2	23820	T	A	10813	4808	47	2	1	30	0.000184928	10815	0.996834	FALSE	NA	NA	NA	NA	NA	NA
NC_045512.2	23821	G	T	10797	4797	47	1	0	26	9.26097e-05	10798	1	FALSE	NA	NA	NA	NA	NA	NA
NC_045512.2	23822	T	G	10737	4726	47	2	2	26	0.000186202	10741	1	FALSE	NA	NA	NA	NA	NA	NA
NC_045512.2	23822	T	C	10737	4726	47	2	0	30	0.000186202	10741	0.996831	FALSE	NA	NA	NA	NA	NA	NA
NC_045512.2	23823	T	G	10721	4707	47	1	1	34	9.32401e-05	10725	0.999512	FALSE	NA	NA	NA	NA	NA	NA
NC_045512.2	23823	T	C	10721	4707	47	3	1	45	0.00027972	10725	0.312483	FALSE	NA	NA	NA	NA	NA	NA
NC_045512.2	23824	G	T	10847	4823	47	1	1	27	9.21659e-05	10850	1	FALSE	NA	NA	NA	NA	NA	NA
NC_045512.2	23824	G	C	10847	4823	47	2	0	26	0.000184332	10850	1	FALSE	NA	NA	NA	NA	NA	NA
NC_045512.2	23825	C	T	10936	4936	47	1	1	60	9.13993e-05	10941	0.499931	FALSE	NA	NA	NA	NA	NA	NA
NC_045512.2	23825	C	G	10936	4936	47	1	0	20	9.13993e-05	10941	1	FALSE	NA	NA	NA	NA	NA	NA
NC_045512.2	23825	C	A	10936	4936	47	3	0	28	0.000274198	10941	1	FALSE	NA	NA	NA	NA	NA	NA
NC_045512.2	23826	A	G	11014	4904	47	1	1	34	9.07853e-05	11015	0.999757	FALSE	NA	NA	NA	NA	NA	NA
NC_045512.2	23827	A	G	11138	4994	47	1	0	34	8.97747e-05	11139	0.999757	FALSE	NA	NA	NA	NA	NA	NA
NC_045512.2	23828	T	G	11152	4939	47	1	0	34	8.9662e-05	11153	0.999757	FALSE	NA	NA	NA	NA	NA	NA
NC_045512.2	23829	A	C	10888	5022	46	1	1	27	9.18358e-05	10889	1	FALSE	NA	NA	NA	NA	NA	NA
NC_045512.2	23830	T	G	11217	4969	47	1	1	27	8.91345e-05	11219	1	FALSE	NA	NA	NA	NA	NA	NA
NC_045512.2	23830	T	C	11217	4969	47	1	1	27	8.91345e-05	11219	1	FALSE	NA	NA	NA	NA	NA	NA
NC_045512.2	23831	G	T	11191	4962	47	1	0	34	8.93416e-05	11193	0.999757	FALSE	NA	NA	NA	NA	NA	NA
NC_045512.2	23831	G	C	11191	4962	47	1	0	27	8.93416e-05	11193	1	FALSE	NA	NA	NA	NA	NA	NA
NC_045512.2	23833	C	G	11213	5302	48	3	1	27	0.000267475	11216	1	FALSE	NA	NA	NA	NA	NA	NA
NC_045512.2	23835	G	-T	11326	5293	48	2	0	20	0.000176585	11326	1	FALSE	NA	NA	NA	NA	NA	NA
NC_045512.2	23836	T	G	10861	4871	45	1	1	34	9.20387e-05	10865	0.999512	FALSE	NA	NA	NA	NA	NA	NA
NC_045512.2	23836	T	C	10861	4871	45	1	0	68	9.20387e-05	10865	0.499885	FALSE	NA	NA	NA	NA	NA	NA
NC_045512.2	23836	T	A	10861	4871	45	2	0	26	0.000184077	10865	1	FALSE	NA	NA	NA	NA	NA	NA
NC_045512.2	23837	T	C	11513	5599	49	1	1	68	8.68432e-05	11515	0.5	FALSE	NA	NA	NA	NA	NA	NA
NC_045512.2	23837	T	A	11513	5599	49	1	0	27	8.68432e-05	11515	1	FALSE	NA	NA	NA	NA	NA	NA
NC_045512.2	23839	T	A	11626	5595	49	1	1	34	8.60067e-05	11627	0.999757	FALSE	NA	NA	NA	NA	NA	NA
NC_045512.2	23840	T	A	11642	5638	49	1	1	24	8.58885e-05	11643	1	FALSE	NA	NA	NA	NA	NA	NA
NC_045512.2	23841	G	T	11581	5563	48	1	1	27	8.63334e-05	11583	1	FALSE	NA	NA	NA	NA	NA	NA
NC_045512.2	23841	G	C	11581	5563	48	1	0	34	8.63334e-05	11583	0.999757	FALSE	NA	NA	NA	NA	NA	NA
NC_045512.2	23842	T	G	11571	5574	48	3	3	24	0.000259202	11574	1	FALSE	NA	NA	NA	NA	NA	NA
NC_045512.2	23843	A	C	11591	5731	48	2	0	26	0.000172518	11593	1	FALSE	NA	NA	NA	NA	NA	NA
NC_045512.2	23844	C	T	11518	5787	48	2	1	34	0.000173596	11521	0.998295	FALSE	NA	NA	NA	NA	NA	NA
NC_045512.2	23844	C	A	11518	5787	48	1	0	27	8.6798e-05	11521	1	FALSE	NA	NA	NA	NA	NA	NA
NC_045512.2	23845	A	+T	11584	5767	48	1	0	20	8.6326e-05	11584	1	FALSE	NA	NA	NA	NA	NA	NA
NC_045512.2	23845	A	+G	11584	5767	48	1	0	20	8.6326e-05	11584	1	FALSE	NA	NA	NA	NA	NA	NA
NC_045512.2	23846	C	G	12743	6151	48	1	0	26	7.8456e-05	12746	1	FALSE	NA	NA	NA	NA	NA	NA
NC_045512.2	23846	C	A	12743	6151	48	2	2	26	0.000156912	12746	1	FALSE	NA	NA	NA	NA	NA	NA
NC_045512.2	23847	A	T	12759	6185	48	1	1	20	7.83576e-05	12762	1	FALSE	NA	NA	NA	NA	NA	NA
NC_045512.2	23847	A	G	12759	6185	48	2	2	34	0.000156715	12762	0.999087	FALSE	NA	NA	NA	NA	NA	NA
NC_045512.2	23848	A	C	13632	6446	49	1	0	27	7.33514e-05	13633	1	FALSE	NA	NA	NA	NA	NA	NA
NC_045512.2	23848	A	+T	13632	6446	49	1	0	20	7.33514e-05	13633	1	FALSE	NA	NA	NA	NA	NA	NA
NC_045512.2	23849	T	C	13469	6328	48	1	1	68	7.4239e-05	13470	0.500019	FALSE	NA	NA	NA	NA	NA	NA
NC_045512.2	23850	T	C	13563	6486	48	1	1	34	7.37246e-05	13564	0.999939	FALSE	NA	NA	NA	NA	NA	NA
NC_045512.2	23851	A	T	13559	6472	48	1	1	26	7.37463e-05	13560	1	FALSE	NA	NA	NA	NA	NA	NA
NC_045512.2	23852	A	C	13010	6481	47	3	0	26	0.000230539	13013	1	FALSE	NA	NA	NA	NA	NA	NA
NC_045512.2	23853	A	G	13423	6422	48	1	0	34	7.44934e-05	13424	0.999939	FALSE	NA	NA	NA	NA	NA	NA
NC_045512.2	23853	A	-C	13423	6422	48	1	0	20	7.44934e-05	13424	1	FALSE	NA	NA	NA	NA	NA	NA
NC_045512.2	23854	C	A	6	1	26	13104	6568	47	0.999542	13110	0	TRUE	NA	NA	NA	NA	NA	NA
NC_045512.2	23855	C	G	12350	5607	49	2	0	30	0.000161904	12353	0.999087	FALSE	NA	NA	NA	NA	NA	NA
NC_045512.2	23855	C	A	12350	5607	49	1	0	20	8.0952e-05	12353	1	FALSE	NA	NA	NA	NA	NA	NA
NC_045512.2	23856	G	T	12379	5611	49	2	1	30	0.000161525	12382	0.999087	FALSE	NA	NA	NA	NA	NA	NA
NC_045512.2	23856	G	C	12379	5611	49	1	1	34	8.07624e-05	12382	0.999878	FALSE	NA	NA	NA	NA	NA	NA
NC_045512.2	23857	T	G	11922	5204	49	1	0	34	8.38715e-05	11923	0.999757	FALSE	NA	NA	NA	NA	NA	NA
NC_045512.2	23858	G	T	11875	5054	48	4	4	30	0.000336672	11881	0.982443	FALSE	NA	NA	NA	NA	NA	NA
NC_045512.2	23858	G	C	11875	5054	48	1	0	26	8.4168e-05	11881	1	FALSE	NA	NA	NA	NA	NA	NA
NC_045512.2	23858	G	A	11875	5054	48	1	0	68	8.4168e-05	11881	0.499916	FALSE	NA	NA	NA	NA	NA	NA
NC_045512.2	23861	T	G	11873	5156	48	1	1	26	8.42034e-05	11876	1	FALSE	NA	NA	NA	NA	NA	NA
NC_045512.2	23861	T	C	11873	5156	48	2	2	51	0.000168407	11876	0.249989	FALSE	NA	NA	NA	NA	NA	NA
NC_045512.2	23862	T	G	12079	5291	50	3	1	24	0.000248303	12082	1	FALSE	NA	NA	NA	NA	NA	NA
NC_045512.2	23863	A	G	12258	5371	50	1	0	68	8.15727e-05	12259	0.50002	FALSE	NA	NA	NA	NA	NA	NA
NC_045512.2	23864	A	G	11483	5414	47	1	1	34	8.69868e-05	11496	0.999755	FALSE	NA	NA	NA	NA	NA	NA
NC_045512.2	23864	A	C	11483	5414	47	12	0	28	0.00104384	11496	1	FALSE	NA	NA	NA	NA	NA	NA
NC_045512.2	23865	C	A	12218	5503	49	3	0	24	0.000245479	12221	1	FALSE	NA	NA	NA	NA	NA	NA
NC_045512.2	23866	T	G	12241	5389	50	2	2	30	0.000163359	12243	0.999087	FALSE	NA	NA	NA	NA	NA	NA
NC_045512.2	23867	G	T	12308	5273	49	2	2	23	0.00016247	12310	1	FALSE	NA	NA	NA	NA	NA	NA
NC_045512.2	23868	G	T	12467	5400	49	2	1	47	0.000160385	12470	0.5	FALSE	NA	NA	NA	NA	NA	NA
NC_045512.2	23868	G	A	12467	5400	49	1	1	68	8.01925e-05	12470	0.49998	FALSE	NA	NA	NA	NA	NA	NA
NC_045512.2	23869	A	G	12623	5536	50	1	1	68	7.92079e-05	12625	0.5	FALSE	NA	NA	NA	NA	NA	NA
NC_045512.2	23869	A	C	12623	5536	50	1	0	26	7.92079e-05	12625	1	FALSE	NA	NA	NA	NA	NA	NA
NC_045512.2	23870	A	C	12506	5577	49	1	0	27	7.99552e-05	12507	1	FALSE	NA	NA	NA	NA	NA	NA
NC_045512.2	23871	T	A	12611	5504	49	1	0	20	7.92896e-05	12612	1	FALSE	NA	NA	NA	NA	NA	NA
NC_045512.2	23872	A	G	12220	5424	49	1	1	34	8.18264e-05	12221	0.999878	FALSE	NA	NA	NA	NA	NA	NA
NC_045512.2	23873	G	T	12337	5275	49	2	1	30	0.000162061	12341	0.999086	FALSE	NA	NA	NA	NA	NA	NA
NC_045512.2	23873	G	C	12337	5275	49	1	1	27	8.10307e-05	12341	1	FALSE	NA	NA	NA	NA	NA	NA
NC_045512.2	23873	G	A	12337	5275	49	1	0	68	8.10307e-05	12341	0.499959	FALSE	NA	NA	NA	NA	NA	NA
NC_045512.2	23874	C	G	12598	5555	48	1	0	34	7.93399e-05	12604	0.999878	FALSE	NA	NA	NA	NA	NA	NA
NC_045512.2	23874	C	A	12598	5555	48	5	0	29	0.000396699	12604	1	FALSE	NA	NA	NA	NA	NA	NA
NC_045512.2	23875	T	A	12600	5278	48	3	3	27	0.000238039	12603	1	FALSE	NA	NA	NA	NA	NA	NA
NC_045512.2	23876	G	T	12624	5327	49	1	1	26	7.91891e-05	12628	1	FALSE	NA	NA	NA	NA	NA	NA
NC_045512.2	23876	G	C	12624	5327	49	1	0	27	7.91891e-05	12628	1	FALSE	NA	NA	NA	NA	NA	NA
NC_045512.2	23876	G	A	12624	5327	49	2	2	34	0.000158378	12628	0.999086	FALSE	NA	NA	NA	NA	NA	NA
NC_045512.2	23877	T	G	12337	5167	49	1	1	26	8.10307e-05	12341	1	FALSE	NA	NA	NA	NA	NA	NA
NC_045512.2	23877	T	C	12337	5167	49	1	1	34	8.10307e-05	12341	0.999878	FALSE	NA	NA	NA	NA	NA	NA
NC_045512.2	23877	T	A	12337	5167	49	2	0	26	0.000162061	12341	1	FALSE	NA	NA	NA	NA	NA	NA
NC_045512.2	23880	A	G	12439	5382	49	1	1	34	8.03859e-05	12440	0.999878	FALSE	NA	NA	NA	NA	NA	NA
NC_045512.2	23881	A	G	12497	5421	49	2	0	30	0.000159987	12501	0.999086	FALSE	NA	NA	NA	NA	NA	NA
NC_045512.2	23881	A	C	12497	5421	49	2	0	26	0.000159987	12501	1	FALSE	NA	NA	NA	NA	NA	NA
NC_045512.2	23882	C	G	12412	5413	49	1	0	34	8.05542e-05	12414	0.999878	FALSE	NA	NA	NA	NA	NA	NA
NC_045512.2	23882	C	A	12412	5413	49	1	0	34	8.05542e-05	12414	0.999878	FALSE	NA	NA	NA	NA	NA	NA
NC_045512.2	23883	A	G	11936	4926	49	1	1	27	8.37731e-05	11937	1	FALSE	NA	NA	NA	NA	NA	NA
NC_045512.2	23886	A	G	11826	5137	48	1	0	34	8.45523e-05	11827	0.999757	FALSE	NA	NA	NA	NA	NA	NA
NC_045512.2	23887	C	G	12332	5204	49	2	0	30	0.000162153	12334	0.999087	FALSE	NA	NA	NA	NA	NA	NA
NC_045512.2	23887	C	-A	12332	5204	49	1	0	20	8.10767e-05	12334	1	FALSE	NA	NA	NA	NA	NA	NA
NC_045512.2	23888	A	G	12165	5028	49	2	1	30	0.000164379	12167	0.999087	FALSE	NA	NA	NA	NA	NA	NA
NC_045512.2	23889	A	T	12206	5035	50	1	1	60	8.19068e-05	12209	0.49998	FALSE	NA	NA	NA	NA	NA	NA
NC_045512.2	23889	A	C	12206	5035	50	2	0	26	0.000163814	12209	1	FALSE	NA	NA	NA	NA	NA	NA
NC_045512.2	23890	A	T	11143	5074	47	1	1	27	8.9662e-05	11153	1	FALSE	NA	NA	NA	NA	NA	NA
NC_045512.2	23890	A	G	11143	5074	47	3	0	54	0.000268986	11153	0.124882	FALSE	NA	NA	NA	NA	NA	NA
NC_045512.2	23890	A	C	11143	5074	47	6	2	29	0.000537972	11153	1	FALSE	NA	NA	NA	NA	NA	NA
NC_045512.2	23891	A	G	12069	5024	49	2	0	25	0.000165673	12072	1	FALSE	NA	NA	NA	NA	NA	NA
NC_045512.2	23891	A	C	12069	5024	49	1	0	27	8.28363e-05	12072	1	FALSE	NA	NA	NA	NA	NA	NA
NC_045512.2	23892	A	C	10827	5191	45	5	0	26	0.000461595	10832	1	FALSE	NA	NA	NA	NA	NA	NA
NC_045512.2	23893	C	A	11938	5020	49	2	0	26	0.000167504	11940	1	FALSE	NA	NA	NA	NA	NA	NA
NC_045512.2	23894	A	C	11581	4807	49	2	0	30	0.000172667	11583	0.998296	FALSE	NA	NA	NA	NA	NA	NA
NC_045512.2	23896	C	G	11613	4773	49	1	0	27	8.60807e-05	11617	1	FALSE	NA	NA	NA	NA	NA	NA
NC_045512.2	23896	C	A	11613	4773	49	3	1	27	0.000258242	11617	1	FALSE	NA	NA	NA	NA	NA	NA
NC_045512.2	23897	C	T	11768	4851	49	1	0	34	8.4969e-05	11769	0.999757	FALSE	NA	NA	NA	NA	NA	NA
NC_045512.2	23898	A	C	11241	4850	48	7	0	27	0.000622333	11248	1	FALSE	NA	NA	NA	NA	NA	NA
NC_045512.2	23899	A	T	11414	4974	49	1	0	26	8.75657e-05	11420	1	FALSE	NA	NA	NA	NA	NA	NA
NC_045512.2	23899	A	C	11414	4974	49	5	0	26	0.000437828	11420	1	FALSE	NA	NA	NA	NA	NA	NA
NC_045512.2	23900	G	T	11517	4946	48	1	1	27	8.68206e-05	11518	1	FALSE	NA	NA	NA	NA	NA	NA
NC_045512.2	23901	A	T	11438	5084	47	3	3	27	0.000262169	11443	1	FALSE	NA	NA	NA	NA	NA	NA
NC_045512.2	23901	A	G	11438	5084	47	2	1	51	0.000174779	11443	0.249945	FALSE	NA	NA	NA	NA	NA	NA
NC_045512.2	23902	A	G	11506	5132	49	1	1	26	8.69036e-05	11507	1	FALSE	NA	NA	NA	NA	NA	NA
NC_045512.2	23902	A	+G	11506	5132	49	1	0	20	8.69036e-05	11507	1	FALSE	NA	NA	NA	NA	NA	NA
NC_045512.2	23903	G	T	11942	5111	48	1	1	20	8.3717e-05	11945	1	FALSE	NA	NA	NA	NA	NA	NA
NC_045512.2	23903	G	C	11942	5111	48	1	0	26	8.3717e-05	11945	1	FALSE	NA	NA	NA	NA	NA	NA
NC_045512.2	23903	G	A	11942	5111	48	1	0	34	8.3717e-05	11945	0.999756	FALSE	NA	NA	NA	NA	NA	NA
NC_045512.2	23903	G	-TT	11942	5111	48	1	0	20	8.3717e-05	11945	1	FALSE	NA	NA	NA	NA	NA	NA
NC_045512.2	23904	T	G	11325	4614	46	1	1	26	8.82846e-05	11327	1	FALSE	NA	NA	NA	NA	NA	NA
NC_045512.2	23904	T	C	11325	4614	46	1	1	27	8.82846e-05	11327	1	FALSE	NA	NA	NA	NA	NA	NA
NC_045512.2	23905	T	C	11758	5085	49	2	1	46	0.000170054	11761	0.499968	FALSE	NA	NA	NA	NA	NA	NA
NC_045512.2	23905	T	A	11758	5085	49	1	1	26	8.50268e-05	11761	1	FALSE	NA	NA	NA	NA	NA	NA
NC_045512.2	23908	T	C	11802	5159	49	2	1	68	0.000169434	11804	0.250011	FALSE	NA	NA	NA	NA	NA	NA
NC_045512.2	23909	G	T	11657	4945	48	7	7	26	0.000600034	11666	1	FALSE	NA	NA	NA	NA	NA	NA
NC_045512.2	23909	G	C	11657	4945	48	1	1	27	8.57192e-05	11666	1	FALSE	NA	NA	NA	NA	NA	NA
NC_045512.2	23909	G	A	11657	4945	48	1	0	34	8.57192e-05	11666	0.999756	FALSE	NA	NA	NA	NA	NA	NA
NC_045512.2	23910	C	T	11636	5274	49	1	0	68	8.5918e-05	11639	0.499979	FALSE	NA	NA	NA	NA	NA	NA
NC_045512.2	23910	C	A	11636	5274	49	2	0	30	0.000171836	11639	0.998295	FALSE	NA	NA	NA	NA	NA	NA
NC_045512.2	23911	A	G	11652	5295	48	1	1	68	8.57854e-05	11657	0.499936	FALSE	NA	NA	NA	NA	NA	NA
NC_045512.2	23911	A	C	11652	5295	48	4	0	28	0.000343141	11657	1	FALSE	NA	NA	NA	NA	NA	NA
NC_045512.2	23912	C	T	11744	5257	49	2	1	51	0.000170271	11746	0.250011	FALSE	NA	NA	NA	NA	NA	NA
NC_045512.2	23913	A	T	11438	5001	49	1	1	34	8.74126e-05	11440	0.999757	FALSE	NA	NA	NA	NA	NA	NA
NC_045512.2	23913	A	C	11438	5001	49	1	0	34	8.74126e-05	11440	0.999757	FALSE	NA	NA	NA	NA	NA	NA
NC_045512.2	23914	A	T	11753	5186	49	1	0	34	8.50702e-05	11755	0.999757	FALSE	NA	NA	NA	NA	NA	NA
NC_045512.2	23914	A	C	11753	5186	49	1	1	27	8.50702e-05	11755	1	FALSE	NA	NA	NA	NA	NA	NA
NC_045512.2	23915	G	C	11675	5112	48	1	1	27	8.56458e-05	11676	1	FALSE	NA	NA	NA	NA	NA	NA
NC_045512.2	23916	T	C	11692	5297	48	1	0	26	8.54993e-05	11696	1	FALSE	NA	NA	NA	NA	NA	NA
NC_045512.2	23916	T	A	11692	5297	48	3	0	28	0.000256498	11696	1	FALSE	NA	NA	NA	NA	NA	NA
NC_045512.2	23917	C	T	11718	5306	48	1	1	26	8.53242e-05	11720	1	FALSE	NA	NA	NA	NA	NA	NA
NC_045512.2	23917	C	G	11718	5306	48	1	0	27	8.53242e-05	11720	1	FALSE	NA	NA	NA	NA	NA	NA
NC_045512.2	23917	C	-AA	11718	5306	48	1	0	20	8.53242e-05	11720	1	FALSE	NA	NA	NA	NA	NA	NA
NC_045512.2	23918	A	G	11647	5287	49	2	1	34	0.000171689	11649	0.998295	FALSE	NA	NA	NA	NA	NA	NA
NC_045512.2	23919	A	G	11437	5291	48	1	1	60	8.73744e-05	11445	0.499847	FALSE	NA	NA	NA	NA	NA	NA
NC_045512.2	23919	A	C	11437	5291	48	7	0	30	0.000611621	11445	0.881113	FALSE	NA	NA	NA	NA	NA	NA
NC_045512.2	23920	A	C	11103	5403	46	5	0	31	0.000450126	11108	0.961661	FALSE	NA	NA	NA	NA	NA	NA
NC_045512.2	23921	C	T	11538	5430	48	1	0	46	8.66476e-05	11541	0.749989	FALSE	NA	NA	NA	NA	NA	NA
NC_045512.2	23921	C	A	11538	5430	48	2	1	23	0.000173295	11541	1	FALSE	NA	NA	NA	NA	NA	NA
NC_045512.2	23922	A	T	11594	5411	48	2	0	34	0.000172473	11596	0.998296	FALSE	NA	NA	NA	NA	NA	NA
NC_045512.2	23923	A	T	11208	5148	48	2	1	26	0.000178412	11210	1	FALSE	NA	NA	NA	NA	NA	NA
NC_045512.2	23924	A	T	10731	5168	47	2	2	23	0.000186237	10739	1	FALSE	NA	NA	NA	NA	NA	NA
NC_045512.2	23924	A	G	10731	5168	47	1	1	60	9.31185e-05	10739	0.49986	FALSE	NA	NA	NA	NA	NA	NA
NC_045512.2	23924	A	C	10731	5168	47	5	0	25	0.000465593	10739	1	FALSE	NA	NA	NA	NA	NA	NA
NC_045512.2	23925	T	G	10635	4624	46	8	8	25	0.000751597	10644	1	FALSE	NA	NA	NA	NA	NA	NA
NC_045512.2	23925	T	A	10635	4624	46	1	0	34	9.39496e-05	10644	0.999511	FALSE	NA	NA	NA	NA	NA	NA
NC_045512.2	23926	T	A	11251	5364	48	1	1	34	8.88731e-05	11252	0.999757	FALSE	NA	NA	NA	NA	NA	NA
NC_045512.2	23927	T	G	11340	5466	49	2	1	27	0.000176336	11342	1	FALSE	NA	NA	NA	NA	NA	NA
NC_045512.2	23928	A	T	11420	5554	49	1	1	27	8.75427e-05	11423	1	FALSE	NA	NA	NA	NA	NA	NA
NC_045512.2	23928	A	G	11420	5554	49	1	1	34	8.75427e-05	11423	0.999756	FALSE	NA	NA	NA	NA	NA	NA
NC_045512.2	23928	A	C	11420	5554	49	1	0	26	8.75427e-05	11423	1	FALSE	NA	NA	NA	NA	NA	NA
NC_045512.2	23929	C	T	11209	5634	49	1	1	68	8.91742e-05	11214	0.499933	FALSE	NA	NA	NA	NA	NA	NA
NC_045512.2	23929	C	G	11209	5634	49	1	1	68	8.91742e-05	11214	0.499933	FALSE	NA	NA	NA	NA	NA	NA
NC_045512.2	23929	C	A	11209	5634	49	3	0	29	0.000267523	11214	1	FALSE	NA	NA	NA	NA	NA	NA
NC_045512.2	23931	A	C	11560	5778	49	2	0	26	0.00017298	11562	1	FALSE	NA	NA	NA	NA	NA	NA
NC_045512.2	23933	A	G	11500	5997	48	1	0	60	8.6949e-05	11501	0.500022	FALSE	NA	NA	NA	NA	NA	NA
NC_045512.2	23934	C	T	11304	6043	48	2	0	57	0.000176882	11307	0.249989	FALSE	NA	NA	NA	NA	NA	NA
NC_045512.2	23934	C	A	11304	6043	48	1	0	26	8.84408e-05	11307	1	FALSE	NA	NA	NA	NA	NA	NA
NC_045512.2	23935	A	G	11350	5862	48	2	1	46	0.000176165	11353	0.5	FALSE	NA	NA	NA	NA	NA	NA
NC_045512.2	23935	A	C	11350	5862	48	1	1	27	8.80824e-05	11353	1	FALSE	NA	NA	NA	NA	NA	NA
NC_045512.2	23936	C	A	11300	5894	47	1	1	27	8.84877e-05	11301	1	FALSE	NA	NA	NA	NA	NA	NA
NC_045512.2	23937	C	T	11324	6020	48	1	0	68	8.82846e-05	11327	0.499978	FALSE	NA	NA	NA	NA	NA	NA
NC_045512.2	23937	C	G	11324	6020	48	1	1	26	8.82846e-05	11327	1	FALSE	NA	NA	NA	NA	NA	NA
NC_045512.2	23937	C	A	11324	6020	48	1	0	34	8.82846e-05	11327	0.999756	FALSE	NA	NA	NA	NA	NA	NA
NC_045512.2	23938	A	T	11195	5973	47	1	1	26	8.92857e-05	11200	1	FALSE	NA	NA	NA	NA	NA	NA
NC_045512.2	23938	A	G	11195	5973	47	1	0	34	8.92857e-05	11200	0.999756	FALSE	NA	NA	NA	NA	NA	NA
NC_045512.2	23938	A	C	11195	5973	47	3	0	24	0.000267857	11200	1	FALSE	NA	NA	NA	NA	NA	NA
NC_045512.2	23939	C	G	11240	5848	48	1	0	27	8.89363e-05	11244	1	FALSE	NA	NA	NA	NA	NA	NA
NC_045512.2	23939	C	A	11240	5848	48	3	2	31	0.000266809	11244	0.993544	FALSE	NA	NA	NA	NA	NA	NA
NC_045512.2	23940	C	T	11272	5903	48	1	0	68	8.86839e-05	11276	0.499956	FALSE	NA	NA	NA	NA	NA	NA
NC_045512.2	23940	C	G	11272	5903	48	3	0	24	0.000266052	11276	1	FALSE	NA	NA	NA	NA	NA	NA
NC_045512.2	23941	A	T	11188	5874	48	3	2	28	0.000267977	11195	1	FALSE	NA	NA	NA	NA	NA	NA
NC_045512.2	23941	A	G	11188	5874	48	1	0	68	8.93256e-05	11195	0.499888	FALSE	NA	NA	NA	NA	NA	NA
NC_045512.2	23941	A	C	11188	5874	48	3	1	29	0.000267977	11195	1	FALSE	NA	NA	NA	NA	NA	NA
NC_045512.2	23942	A	T	10828	5966	45	1	1	34	9.22339e-05	10842	0.99951	FALSE	NA	NA	NA	NA	NA	NA
NC_045512.2	23942	A	C	10828	5966	45	13	1	27	0.00119904	10842	1	FALSE	NA	NA	NA	NA	NA	NA
NC_045512.2	23943	T	G	10931	5336	45	8	8	27	0.000731261	10940	1	FALSE	NA	NA	NA	NA	NA	NA
NC_045512.2	23943	T	A	10931	5336	45	1	0	20	9.14077e-05	10940	1	FALSE	NA	NA	NA	NA	NA	NA
NC_045512.2	23944	T	G	11428	5840	47	4	4	28	0.000349864	11433	1	FALSE	NA	NA	NA	NA	NA	NA
NC_045512.2	23944	T	C	11428	5840	47	1	1	46	8.74661e-05	11433	0.749945	FALSE	NA	NA	NA	NA	NA	NA
NC_045512.2	23945	A	T	11430	6005	49	2	1	26	0.000174932	11433	1	FALSE	NA	NA	NA	NA	NA	NA
NC_045512.2	23945	A	G	11430	6005	49	1	1	68	8.74661e-05	11433	0.499978	FALSE	NA	NA	NA	NA	NA	NA
NC_045512.2	23946	A	T	11127	5999	48	1	1	34	8.98392e-05	11131	0.999756	FALSE	NA	NA	NA	NA	NA	NA
NC_045512.2	23946	A	C	11127	5999	48	3	0	29	0.000269518	11131	1	FALSE	NA	NA	NA	NA	NA	NA
NC_045512.2	23946	A	+CAAT	11127	5999	48	1	0	20	8.98392e-05	11131	1	FALSE	NA	NA	NA	NA	NA	NA
NC_045512.2	23947	A	G	11267	6053	48	1	0	52	8.87233e-05	11271	0.499956	FALSE	NA	NA	NA	NA	NA	NA
NC_045512.2	23947	A	C	11267	6053	48	3	0	26	0.00026617	11271	1	FALSE	NA	NA	NA	NA	NA	NA
NC_045512.2	23948	G	T	0	0	0	11260	5829	48	0.999822	11262	0	TRUE	NA	NA	NA	NA	NA	NA
NC_045512.2	23948	G	A	0	0	0	2	1	23	0.000177588	11262	0.000101558	TRUE	NA	NA	NA	NA	NA	NA
NC_045512.2	23949	A	T	11045	5998	47	4	0	26	0.000362024	11049	1	FALSE	NA	NA	NA	NA	NA	NA
NC_045512.2	23950	T	G	11143	5670	48	5	5	29	0.000448511	11148	1	FALSE	NA	NA	NA	NA	NA	NA
NC_045512.2	23951	T	G	10951	5534	49	3	3	29	0.000273848	10955	1	FALSE	NA	NA	NA	NA	NA	NA
NC_045512.2	23951	T	A	10951	5534	49	1	0	26	9.12825e-05	10955	1	FALSE	NA	NA	NA	NA	NA	NA
NC_045512.2	23951	T	+G	10951	5534	49	1	0	20	9.12742e-05	10956	1	FALSE	NA	NA	NA	NA	NA	NA
NC_045512.2	23952	T	G	10363	4899	46	8	8	29	0.000771307	10372	1	FALSE	NA	NA	NA	NA	NA	NA
NC_045512.2	23952	T	C	10363	4899	46	1	1	27	9.64134e-05	10372	1	FALSE	NA	NA	NA	NA	NA	NA
NC_045512.2	23954	G	T	11010	5689	49	1	1	26	9.08183e-05	11011	1	FALSE	NA	NA	NA	NA	NA	NA
NC_045512.2	23955	G	T	11081	5889	49	1	0	27	9.02283e-05	11083	1	FALSE	NA	NA	NA	NA	NA	NA
NC_045512.2	23955	G	A	11081	5889	49	1	0	34	9.02283e-05	11083	0.999757	FALSE	NA	NA	NA	NA	NA	NA
NC_045512.2	23956	T	G	11161	5906	50	3	2	28	0.000268697	11165	1	FALSE	NA	NA	NA	NA	NA	NA
NC_045512.2	23956	T	C	11161	5906	50	1	0	20	8.95656e-05	11165	1	FALSE	NA	NA	NA	NA	NA	NA
NC_045512.2	23957	G	T	11131	5816	49	3	3	29	0.000269445	11134	1	FALSE	NA	NA	NA	NA	NA	NA
NC_045512.2	23958	G	T	11254	5962	50	2	1	44	0.000177683	11256	0.500033	FALSE	NA	NA	NA	NA	NA	NA
NC_045512.2	23959	T	G	11152	5915	49	2	0	26	0.000179244	11158	1	FALSE	NA	NA	NA	NA	NA	NA
NC_045512.2	23959	T	C	11152	5915	49	4	2	51	0.000358487	11158	0.062472	FALSE	NA	NA	NA	NA	NA	NA
NC_045512.2	23960	T	A	11287	6057	50	2	0	26	0.000177164	11289	1	FALSE	NA	NA	NA	NA	NA	NA
NC_045512.2	23962	T	C	11287	6079	50	1	1	34	8.85897e-05	11288	0.999757	FALSE	NA	NA	NA	NA	NA	NA
NC_045512.2	23963	A	T	11106	5991	49	2	0	26	0.00018005	11108	1	FALSE	NA	NA	NA	NA	NA	NA
NC_045512.2	23964	A	G	11361	6342	50	1	0	34	8.80127e-05	11362	0.999757	FALSE	NA	NA	NA	NA	NA	NA
NC_045512.2	23966	T	C	11108	6099	50	3	1	31	0.000269978	11112	0.993544	FALSE	NA	NA	NA	NA	NA	NA
NC_045512.2	23966	T	A	11108	6099	50	1	0	27	8.99928e-05	11112	1	FALSE	NA	NA	NA	NA	NA	NA
NC_045512.2	23967	T	C	11207	6241	51	1	1	68	8.9222e-05	11208	0.500022	FALSE	NA	NA	NA	NA	NA	NA
NC_045512.2	23968	T	C	11082	6109	50	1	1	68	9.02283e-05	11083	0.500023	FALSE	NA	NA	NA	NA	NA	NA
NC_045512.2	23971	A	T	11055	6266	49	2	1	30	0.000180799	11062	0.998292	FALSE	NA	NA	NA	NA	NA	NA
NC_045512.2	23971	A	G	11055	6266	49	1	0	27	9.03996e-05	11062	1	FALSE	NA	NA	NA	NA	NA	NA
NC_045512.2	23971	A	C	11055	6266	49	4	0	25	0.000361598	11062	1	FALSE	NA	NA	NA	NA	NA	NA
NC_045512.2	23972	C	T	11056	6244	50	1	0	68	9.04159e-05	11060	0.499955	FALSE	NA	NA	NA	NA	NA	NA
NC_045512.2	23972	C	G	11056	6244	50	1	1	34	9.04159e-05	11060	0.999756	FALSE	NA	NA	NA	NA	NA	NA
NC_045512.2	23972	C	A	11056	6244	50	2	0	26	0.000180832	11060	1	FALSE	NA	NA	NA	NA	NA	NA
NC_045512.2	23973	A	T	11151	6268	50	1	0	27	8.967e-05	11152	1	FALSE	NA	NA	NA	NA	NA	NA
NC_045512.2	23974	A	T	12019	6449	50	2	1	27	0.000166362	12022	1	FALSE	NA	NA	NA	NA	NA	NA
NC_045512.2	23974	A	C	12019	6449	50	1	0	27	8.31808e-05	12022	1	FALSE	NA	NA	NA	NA	NA	NA
NC_045512.2	23975	A	C	11707	6587	47	5	0	29	0.000426913	11712	1	FALSE	NA	NA	NA	NA	NA	NA
NC_045512.2	23976	T	G	11895	6299	49	1	0	26	8.40407e-05	11899	1	FALSE	NA	NA	NA	NA	NA	NA
NC_045512.2	23976	T	C	11895	6299	49	1	1	34	8.40407e-05	11899	0.999756	FALSE	NA	NA	NA	NA	NA	NA
NC_045512.2	23976	T	A	11895	6299	49	2	2	26	0.000168081	11899	1	FALSE	NA	NA	NA	NA	NA	NA
NC_045512.2	23977	A	T	12073	6657	49	2	0	26	0.000165631	12075	1	FALSE	NA	NA	NA	NA	NA	NA
NC_045512.2	23978	T	C	12251	6625	50	1	0	60	8.16127e-05	12253	0.5	FALSE	NA	NA	NA	NA	NA	NA
NC_045512.2	23978	T	A	12251	6625	50	1	1	34	8.16127e-05	12253	0.999878	FALSE	NA	NA	NA	NA	NA	NA
NC_045512.2	23979	T	G	12294	6651	50	1	0	27	8.13273e-05	12296	1	FALSE	NA	NA	NA	NA	NA	NA
NC_045512.2	23979	T	A	12294	6651	50	1	1	34	8.13273e-05	12296	0.999878	FALSE	NA	NA	NA	NA	NA	NA
NC_045512.2	23980	A	T	12297	6707	49	2	0	30	0.000162575	12302	0.999086	FALSE	NA	NA	NA	NA	NA	NA
NC_045512.2	23980	A	G	12297	6707	49	3	1	45	0.000243863	12302	0.312454	FALSE	NA	NA	NA	NA	NA	NA
NC_045512.2	23981	C	G	12207	6660	49	3	0	26	0.0002456	12215	1	FALSE	NA	NA	NA	NA	NA	NA
NC_045512.2	23981	C	A	12207	6660	49	5	1	25	0.000409333	12215	1	FALSE	NA	NA	NA	NA	NA	NA
NC_045512.2	23982	C	T	12128	6705	49	1	0	34	8.24063e-05	12135	0.999878	FALSE	NA	NA	NA	NA	NA	NA
NC_045512.2	23982	C	G	12128	6705	49	2	1	26	0.000164813	12135	1	FALSE	NA	NA	NA	NA	NA	NA
NC_045512.2	23982	C	A	12128	6705	49	4	1	28	0.000329625	12135	1	FALSE	NA	NA	NA	NA	NA	NA
NC_045512.2	23983	A	C	11240	5890	50	1	0	34	8.89601e-05	11241	0.999757	FALSE	NA	NA	NA	NA	NA	NA
NC_045512.2	23984	G	T	11012	5760	49	1	0	34	9.07606e-05	11018	0.999756	FALSE	NA	NA	NA	NA	NA	NA
NC_045512.2	23984	G	C	11012	5760	49	3	0	29	0.000272282	11018	1	FALSE	NA	NA	NA	NA	NA	NA
NC_045512.2	23984	G	A	11012	5760	49	2	1	40	0.000181521	11018	0.499898	FALSE	NA	NA	NA	NA	NA	NA
NC_045512.2	23985	A	T	11099	5896	49	4	0	30	0.000360263	11103	0.982459	FALSE	NA	NA	NA	NA	NA	NA
NC_045512.2	23987	C	G	10929	5867	49	3	0	29	0.000274374	10934	1	FALSE	NA	NA	NA	NA	NA	NA
NC_045512.2	23987	C	A	10929	5867	49	2	0	26	0.000182916	10934	1	FALSE	NA	NA	NA	NA	NA	NA
NC_045512.2	23988	C	G	11670	5945	49	3	1	26	0.000256937	11676	1	FALSE	NA	NA	NA	NA	NA	NA
NC_045512.2	23988	C	A	11670	5945	49	3	0	24	0.000256937	11676	1	FALSE	NA	NA	NA	NA	NA	NA
NC_045512.2	23988	C	+TTGTTTTGG	11670	5945	49	1	0	20	8.56458e-05	11676	1	FALSE	NA	NA	NA	NA	NA	NA
NC_045512.2	23989	A	G	11540	5963	48	2	0	30	0.00017322	11546	0.998293	FALSE	NA	NA	NA	NA	NA	NA
NC_045512.2	23989	A	C	11540	5963	48	4	1	31	0.00034644	11546	0.982444	FALSE	NA	NA	NA	NA	NA	NA
NC_045512.2	23990	T	A	11833	6209	49	3	0	24	0.000253464	11836	1	FALSE	NA	NA	NA	NA	NA	NA
NC_045512.2	23990	T	-CAAAACCAA	11833	6209	49	1	0	20	8.4488e-05	11836	1	FALSE	NA	NA	NA	NA	NA	NA
NC_045512.2	23990	T	+A	11833	6209	49	1	0	20	8.4488e-05	11836	1	FALSE	NA	NA	NA	NA	NA	NA
NC_045512.2	23991	C	G	11669	6213	49	1	0	34	8.56604e-05	11674	0.999756	FALSE	NA	NA	NA	NA	NA	NA
NC_045512.2	23991	C	A	11669	6213	49	4	0	26	0.000342642	11674	1	FALSE	NA	NA	NA	NA	NA	NA
NC_045512.2	23992	A	T	11858	6230	50	1	0	27	8.4317e-05	11860	1	FALSE	NA	NA	NA	NA	NA	NA
NC_045512.2	23992	A	C	11858	6230	50	1	0	27	8.4317e-05	11860	1	FALSE	NA	NA	NA	NA	NA	NA
NC_045512.2	23993	A	C	11439	6238	47	5	0	32	0.00043691	11444	0.961645	FALSE	NA	NA	NA	NA	NA	NA
NC_045512.2	23994	A	G	11729	6112	49	1	0	38	8.52297e-05	11733	0.999756	FALSE	NA	NA	NA	NA	NA	NA
NC_045512.2	23994	A	C	11729	6112	49	3	1	31	0.000255689	11733	0.99354	FALSE	NA	NA	NA	NA	NA	NA
NC_045512.2	23995	A	C	11519	6200	48	2	0	26	0.000173596	11521	1	FALSE	NA	NA	NA	NA	NA	NA
NC_045512.2	23995	A	-C	11519	6200	48	1	0	20	8.67905e-05	11522	1	FALSE	NA	NA	NA	NA	NA	NA
NC_045512.2	23996	C	T	11634	6523	47	2	2	47	0.000171866	11637	0.499936	FALSE	NA	NA	NA	NA	NA	NA
NC_045512.2	23996	C	A	11634	6523	47	1	0	26	8.59328e-05	11637	1	FALSE	NA	NA	NA	NA	NA	NA
NC_045512.2	23997	C	A	10879	5825	48	2	0	34	0.000183807	10881	0.996833	FALSE	NA	NA	NA	NA	NA	NA
NC_045512.2	23998	A	G	10773	5635	48	1	1	34	9.28074e-05	10775	0.999513	FALSE	NA	NA	NA	NA	NA	NA
NC_045512.2	23998	A	C	10773	5635	48	1	1	26	9.28074e-05	10775	1	FALSE	NA	NA	NA	NA	NA	NA
NC_045512.2	23999	A	G	10668	5744	47	1	1	60	9.37295e-05	10669	0.5	FALSE	NA	NA	NA	NA	NA	NA
NC_045512.2	24000	G	T	10794	5849	46	1	0	34	9.2584e-05	10801	0.999512	FALSE	NA	NA	NA	NA	NA	NA
NC_045512.2	24000	G	C	10794	5849	46	5	2	26	0.00046292	10801	1	FALSE	NA	NA	NA	NA	NA	NA
NC_045512.2	24000	G	A	10794	5849	46	1	0	34	9.2584e-05	10801	0.999512	FALSE	NA	NA	NA	NA	NA	NA
NC_045512.2	24001	C	G	10997	5989	48	2	2	23	0.000181802	11001	1	FALSE	NA	NA	NA	NA	NA	NA
NC_045512.2	24001	C	A	10997	5989	48	2	0	26	0.000181802	11001	1	FALSE	NA	NA	NA	NA	NA	NA
NC_045512.2	24002	A	T	10824	5818	47	1	1	27	9.23361e-05	10830	1	FALSE	NA	NA	NA	NA	NA	NA
NC_045512.2	24002	A	C	10824	5818	47	5	2	28	0.000461681	10830	1	FALSE	NA	NA	NA	NA	NA	NA
NC_045512.2	24004	G	T	10803	5898	47	1	0	38	9.24727e-05	10814	0.999511	FALSE	NA	NA	NA	NA	NA	NA
NC_045512.2	24004	G	C	10803	5898	47	10	1	25	0.000924727	10814	1	FALSE	NA	NA	NA	NA	NA	NA
NC_045512.2	24005	A	T	10569	5799	45	3	0	22	0.000283742	10573	1	FALSE	NA	NA	NA	NA	NA	NA
NC_045512.2	24005	A	C	10569	5799	45	1	1	26	9.45805e-05	10573	1	FALSE	NA	NA	NA	NA	NA	NA
NC_045512.2	24006	G	C	10814	5657	47	3	1	26	0.000277341	10817	1	FALSE	NA	NA	NA	NA	NA	NA
NC_045512.2	24007	G	C	10899	5726	47	2	2	23	0.000183469	10901	1	FALSE	NA	NA	NA	NA	NA	NA
NC_045512.2	24008	T	G	10924	5809	48	1	0	26	9.15248e-05	10926	1	FALSE	NA	NA	NA	NA	NA	NA
NC_045512.2	24008	T	C	10924	5809	48	1	0	68	9.15248e-05	10926	0.5	FALSE	NA	NA	NA	NA	NA	NA
NC_045512.2	24009	C	T	10847	5740	48	1	0	68	9.21659e-05	10850	0.499977	FALSE	NA	NA	NA	NA	NA	NA
NC_045512.2	24009	C	G	10847	5740	48	1	1	26	9.21659e-05	10850	1	FALSE	NA	NA	NA	NA	NA	NA
NC_045512.2	24009	C	A	10847	5740	48	1	0	34	9.21659e-05	10850	0.999513	FALSE	NA	NA	NA	NA	NA	NA
NC_045512.2	24010	A	T	10888	5820	48	1	0	26	9.18189e-05	10891	1	FALSE	NA	NA	NA	NA	NA	NA
NC_045512.2	24010	A	C	10888	5820	48	2	2	26	0.000183638	10891	1	FALSE	NA	NA	NA	NA	NA	NA
NC_045512.2	24010	A	-T	10888	5820	48	1	0	20	9.18189e-05	10891	1	FALSE	NA	NA	NA	NA	NA	NA
NC_045512.2	24011	T	G	10531	5399	47	2	2	34	0.000189879	10533	0.996833	FALSE	NA	NA	NA	NA	NA	NA
NC_045512.2	24012	T	G	10863	5772	48	2	2	34	0.00018406	10866	0.996833	FALSE	NA	NA	NA	NA	NA	NA
NC_045512.2	24012	T	A	10863	5772	48	1	0	27	9.20302e-05	10866	1	FALSE	NA	NA	NA	NA	NA	NA
NC_045512.2	24013	T	A	10709	5574	48	1	0	27	9.33707e-05	10710	1	FALSE	NA	NA	NA	NA	NA	NA
NC_045512.2	24015	T	G	10171	5043	46	4	3	26	0.000393082	10176	1	FALSE	NA	NA	NA	NA	NA	NA
NC_045512.2	24015	T	C	10171	5043	46	1	1	27	9.82704e-05	10176	1	FALSE	NA	NA	NA	NA	NA	NA
NC_045512.2	24017	G	A	10565	5593	47	1	1	68	9.46432e-05	10566	0.500024	FALSE	NA	NA	NA	NA	NA	NA
NC_045512.2	24019	A	T	10643	5796	48	2	0	30	0.000187846	10647	0.996831	FALSE	NA	NA	NA	NA	NA	NA
NC_045512.2	24019	A	G	10643	5796	48	1	0	34	9.39232e-05	10647	0.999512	FALSE	NA	NA	NA	NA	NA	NA
NC_045512.2	24019	A	C	10643	5796	48	1	0	27	9.39232e-05	10647	1	FALSE	NA	NA	NA	NA	NA	NA
NC_045512.2	24020	G	T	10692	5738	47	1	1	34	9.34929e-05	10696	0.999512	FALSE	NA	NA	NA	NA	NA	NA
NC_045512.2	24020	G	C	10692	5738	47	3	1	26	0.000280479	10696	1	FALSE	NA	NA	NA	NA	NA	NA
NC_045512.2	24021	A	T	10691	5906	47	1	0	26	9.35191e-05	10693	1	FALSE	NA	NA	NA	NA	NA	NA
NC_045512.2	24021	A	G	10691	5906	47	1	1	34	9.35191e-05	10693	0.999513	FALSE	NA	NA	NA	NA	NA	NA
NC_045512.2	24022	T	G	10663	5675	47	1	0	27	9.37119e-05	10671	1	FALSE	NA	NA	NA	NA	NA	NA
NC_045512.2	24022	T	C	10663	5675	47	1	1	38	9.37119e-05	10671	0.999511	FALSE	NA	NA	NA	NA	NA	NA
NC_045512.2	24022	T	A	10663	5675	47	6	3	27	0.000562272	10671	1	FALSE	NA	NA	NA	NA	NA	NA
NC_045512.2	24023	C	G	10733	6009	47	2	0	23	0.000186254	10738	1	FALSE	NA	NA	NA	NA	NA	NA
NC_045512.2	24023	C	A	10733	6009	47	3	1	27	0.000279382	10738	1	FALSE	NA	NA	NA	NA	NA	NA
NC_045512.2	24025	A	G	10776	5921	47	2	1	51	0.000185512	10781	0.249942	FALSE	NA	NA	NA	NA	NA	NA
NC_045512.2	24025	A	C	10776	5921	47	3	0	29	0.000278267	10781	1	FALSE	NA	NA	NA	NA	NA	NA
NC_045512.2	24026	C	G	10960	6034	47	1	1	20	9.12076e-05	10964	1	FALSE	NA	NA	NA	NA	NA	NA
NC_045512.2	24026	C	A	10960	6034	47	3	1	29	0.000273623	10964	1	FALSE	NA	NA	NA	NA	NA	NA
NC_045512.2	24027	T	G	10730	5727	46	1	1	26	9.31706e-05	10733	1	FALSE	NA	NA	NA	NA	NA	NA
NC_045512.2	24027	T	C	10730	5727	46	2	2	51	0.000186341	10733	0.249988	FALSE	NA	NA	NA	NA	NA	NA
NC_045512.2	24029	T	G	10789	5791	47	1	0	26	9.26784e-05	10790	1	FALSE	NA	NA	NA	NA	NA	NA
NC_045512.2	24030	T	A	10608	5678	47	1	0	27	9.42596e-05	10609	1	FALSE	NA	NA	NA	NA	NA	NA
NC_045512.2	24030	T	-CA	10608	5678	47	1	0	20	9.42596e-05	10609	1	FALSE	NA	NA	NA	NA	NA	NA
NC_045512.2	24031	C	T	10620	5859	47	1	0	34	9.41531e-05	10621	0.999513	FALSE	NA	NA	NA	NA	NA	NA
NC_045512.2	24032	A	C	10495	5866	47	3	0	31	0.000285769	10498	0.988794	FALSE	NA	NA	NA	NA	NA	NA
NC_045512.2	24033	A	C	10432	5943	46	5	0	29	0.000479065	10437	1	FALSE	NA	NA	NA	NA	NA	NA
NC_045512.2	24034	C	G	10546	6025	47	1	1	20	9.48047e-05	10548	1	FALSE	NA	NA	NA	NA	NA	NA
NC_045512.2	24034	C	A	10546	6025	47	1	0	26	9.48047e-05	10548	1	FALSE	NA	NA	NA	NA	NA	NA
NC_045512.2	24035	A	T	10442	5838	48	1	0	26	9.57488e-05	10444	1	FALSE	NA	NA	NA	NA	NA	NA
NC_045512.2	24035	A	C	10442	5838	48	1	1	34	9.57488e-05	10444	0.999513	FALSE	NA	NA	NA	NA	NA	NA
NC_045512.2	24036	A	T	10674	6021	48	1	1	27	9.3668e-05	10676	1	FALSE	NA	NA	NA	NA	NA	NA
NC_045512.2	24036	A	C	10674	6021	48	1	0	20	9.3668e-05	10676	1	FALSE	NA	NA	NA	NA	NA	NA
NC_045512.2	24037	A	C	10516	6200	46	4	0	28	0.000380228	10520	1	FALSE	NA	NA	NA	NA	NA	NA
NC_045512.2	24038	G	T	10790	6178	47	1	1	27	9.26441e-05	10794	1	FALSE	NA	NA	NA	NA	NA	NA
NC_045512.2	24038	G	C	10790	6178	47	3	0	31	0.000277932	10794	0.988789	FALSE	NA	NA	NA	NA	NA	NA
NC_045512.2	24039	T	C	10847	6199	48	1	0	34	9.21659e-05	10850	0.999513	FALSE	NA	NA	NA	NA	NA	NA
NC_045512.2	24039	T	A	10847	6199	48	2	2	34	0.000184332	10850	0.996833	FALSE	NA	NA	NA	NA	NA	NA
NC_045512.2	24041	A	T	10872	6346	48	2	2	30	0.000183925	10874	0.996834	FALSE	NA	NA	NA	NA	NA	NA
NC_045512.2	24042	C	T	11313	6595	49	1	0	46	8.83704e-05	11316	0.749989	FALSE	NA	NA	NA	NA	NA	NA
NC_045512.2	24042	C	A	11313	6595	49	2	1	42	0.000176741	11316	0.5	FALSE	NA	NA	NA	NA	NA	NA
NC_045512.2	24043	A	C	11211	6559	48	2	0	30	0.000178364	11213	0.998296	FALSE	NA	NA	NA	NA	NA	NA
NC_045512.2	24044	C	G	11322	6669	48	1	0	34	8.83158e-05	11323	0.999757	FALSE	NA	NA	NA	NA	NA	NA
NC_045512.2	24045	T	G	10940	6235	48	4	4	30	0.000365497	10944	0.971364	FALSE	NA	NA	NA	NA	NA	NA
NC_045512.2	24046	T	C	11220	6455	49	2	2	34	0.000178205	11223	0.998295	FALSE	NA	NA	NA	NA	NA	NA
NC_045512.2	24046	T	A	11220	6455	49	1	1	24	8.91027e-05	11223	1	FALSE	NA	NA	NA	NA	NA	NA
NC_045512.2	24047	G	T	10927	6170	48	9	9	26	0.00082297	10936	1	FALSE	NA	NA	NA	NA	NA	NA
NC_045512.2	24048	C	G	11108	6417	48	2	2	26	0.000180002	11111	1	FALSE	NA	NA	NA	NA	NA	NA
NC_045512.2	24048	C	A	11108	6417	48	1	0	27	9.00009e-05	11111	1	FALSE	NA	NA	NA	NA	NA	NA
NC_045512.2	24049	A	T	11106	6503	48	2	2	30	0.000179969	11113	0.998292	FALSE	NA	NA	NA	NA	NA	NA
NC_045512.2	24049	A	G	11106	6503	48	1	1	60	8.99847e-05	11113	0.499887	FALSE	NA	NA	NA	NA	NA	NA
NC_045512.2	24049	A	C	11106	6503	48	4	1	39	0.000359939	11113	0.982437	FALSE	NA	NA	NA	NA	NA	NA
NC_045512.2	24051	A	G	11186	6430	49	1	1	46	8.93895e-05	11187	0.750034	FALSE	NA	NA	NA	NA	NA	NA
NC_045512.2	24052	T	G	11173	6405	49	1	0	26	8.94694e-05	11177	1	FALSE	NA	NA	NA	NA	NA	NA
NC_045512.2	24052	T	C	11173	6405	49	1	1	34	8.94694e-05	11177	0.999756	FALSE	NA	NA	NA	NA	NA	NA
NC_045512.2	24052	T	A	11173	6405	49	2	2	30	0.000178939	11177	0.998294	FALSE	NA	NA	NA	NA	NA	NA
NC_045512.2	24053	G	T	11002	6300	49	2	2	23	0.000181703	11007	1	FALSE	NA	NA	NA	NA	NA	NA
NC_045512.2	24053	G	C	11002	6300	49	1	0	34	9.08513e-05	11007	0.999756	FALSE	NA	NA	NA	NA	NA	NA
NC_045512.2	24053	G	A	11002	6300	49	2	0	43	0.000181703	11007	0.499932	FALSE	NA	NA	NA	NA	NA	NA
NC_045512.2	24054	C	T	10958	6482	48	1	0	68	9.12326e-05	10961	0.499977	FALSE	NA	NA	NA	NA	NA	NA
NC_045512.2	24054	C	G	10958	6482	48	2	0	26	0.000182465	10961	1	FALSE	NA	NA	NA	NA	NA	NA
NC_045512.2	24055	T	C	10805	6238	49	1	1	34	9.25241e-05	10808	0.999513	FALSE	NA	NA	NA	NA	NA	NA
NC_045512.2	24055	T	A	10805	6238	49	2	1	26	0.000185048	10808	1	FALSE	NA	NA	NA	NA	NA	NA
NC_045512.2	24056	G	A	10890	6227	49	2	0	64	0.000183621	10892	0.250011	FALSE	NA	NA	NA	NA	NA	NA
NC_045512.2	24057	G	T	10874	6233	49	2	2	26	0.000183891	10876	1	FALSE	NA	NA	NA	NA	NA	NA
NC_045512.2	24058	C	G	10889	6347	49	2	2	27	0.000183638	10891	1	FALSE	NA	NA	NA	NA	NA	NA
NC_045512.2	24059	T	G	10831	6278	49	3	3	26	0.000276906	10834	1	FALSE	NA	NA	NA	NA	NA	NA
NC_045512.2	24061	C	G	10814	6249	49	3	3	31	0.000277341	10817	0.988794	FALSE	NA	NA	NA	NA	NA	NA
NC_045512.2	24062	A	T	10859	6335	49	1	0	27	9.20726e-05	10861	1	FALSE	NA	NA	NA	NA	NA	NA
NC_045512.2	24062	A	C	10859	6335	49	1	0	26	9.20726e-05	10861	1	FALSE	NA	NA	NA	NA	NA	NA
NC_045512.2	24063	T	G	10993	6422	50	1	1	26	9.09504e-05	10995	1	FALSE	NA	NA	NA	NA	NA	NA
NC_045512.2	24063	T	A	10993	6422	50	1	0	27	9.09504e-05	10995	1	FALSE	NA	NA	NA	NA	NA	NA
NC_045512.2	24064	C	A	10826	6429	49	3	0	27	0.000277034	10829	1	FALSE	NA	NA	NA	NA	NA	NA
NC_045512.2	24065	A	C	10841	6376	49	1	1	26	9.22339e-05	10842	1	FALSE	NA	NA	NA	NA	NA	NA
NC_045512.2	24066	A	G	10357	6367	46	5	0	28	0.000482393	10365	1	FALSE	NA	NA	NA	NA	NA	NA
NC_045512.2	24066	A	C	10357	6367	46	3	1	26	0.000289436	10365	1	FALSE	NA	NA	NA	NA	NA	NA
NC_045512.2	24066	A	+C	10357	6367	46	1	0	20	9.64785e-05	10365	1	FALSE	NA	NA	NA	NA	NA	NA
NC_045512.2	24067	A	T	10716	6476	47	1	1	26	9.32401e-05	10725	1	FALSE	NA	NA	NA	NA	NA	NA
NC_045512.2	24067	A	C	10716	6476	47	8	0	26	0.000745921	10725	1	FALSE	NA	NA	NA	NA	NA	NA
NC_045512.2	24068	C	G	11464	6602	49	1	0	34	8.72144e-05	11466	0.999757	FALSE	NA	NA	NA	NA	NA	NA
NC_045512.2	24068	C	A	11464	6602	49	1	0	27	8.72144e-05	11466	1	FALSE	NA	NA	NA	NA	NA	NA
NC_045512.2	24069	A	T	11351	6544	49	1	1	27	8.80824e-05	11353	1	FALSE	NA	NA	NA	NA	NA	NA
NC_045512.2	24069	A	C	11351	6544	49	1	0	27	8.80824e-05	11353	1	FALSE	NA	NA	NA	NA	NA	NA
NC_045512.2	24070	A	T	11410	6464	49	1	1	34	8.76271e-05	11412	0.999757	FALSE	NA	NA	NA	NA	NA	NA
NC_045512.2	24070	A	G	11410	6464	49	1	1	24	8.76271e-05	11412	1	FALSE	NA	NA	NA	NA	NA	NA
NC_045512.2	24071	T	G	11433	6442	49	1	1	27	8.74508e-05	11435	1	FALSE	NA	NA	NA	NA	NA	NA
NC_045512.2	24071	T	A	11433	6442	49	1	0	27	8.74508e-05	11435	1	FALSE	NA	NA	NA	NA	NA	NA
NC_045512.2	24072	A	T	11252	6384	47	3	2	26	0.000266548	11255	1	FALSE	NA	NA	NA	NA	NA	NA
NC_045512.2	24073	T	A	11459	6462	49	3	1	28	0.000261734	11462	1	FALSE	NA	NA	NA	NA	NA	NA
NC_045512.2	24074	G	T	11593	6624	49	2	2	26	0.000172473	11596	1	FALSE	NA	NA	NA	NA	NA	NA
NC_045512.2	24074	G	C	11593	6624	49	1	0	34	8.62366e-05	11596	0.999756	FALSE	NA	NA	NA	NA	NA	NA
NC_045512.2	24075	G	T	12054	6798	50	1	0	34	8.29325e-05	12058	0.999878	FALSE	NA	NA	NA	NA	NA	NA
NC_045512.2	24075	G	C	12054	6798	50	2	1	27	0.000165865	12058	1	FALSE	NA	NA	NA	NA	NA	NA
NC_045512.2	24075	G	A	12054	6798	50	1	1	68	8.29325e-05	12058	0.499959	FALSE	NA	NA	NA	NA	NA	NA
NC_045512.2	24076	T	G	11618	6404	49	1	1	34	8.60585e-05	11620	0.999757	FALSE	NA	NA	NA	NA	NA	NA
NC_045512.2	24076	T	A	11618	6404	49	1	1	26	8.60585e-05	11620	1	FALSE	NA	NA	NA	NA	NA	NA
NC_045512.2	24077	G	T	11499	6305	50	1	1	26	8.6949e-05	11501	1	FALSE	NA	NA	NA	NA	NA	NA
NC_045512.2	24077	G	C	11499	6305	50	1	1	27	8.6949e-05	11501	1	FALSE	NA	NA	NA	NA	NA	NA
NC_045512.2	24078	A	T	11498	6375	50	1	1	20	8.6949e-05	11501	1	FALSE	NA	NA	NA	NA	NA	NA
NC_045512.2	24078	A	C	11498	6375	50	2	0	26	0.000173898	11501	1	FALSE	NA	NA	NA	NA	NA	NA
NC_045512.2	24080	T	C	11318	6219	50	2	1	47	0.000176678	11320	0.500033	FALSE	NA	NA	NA	NA	NA	NA
NC_045512.2	24081	G	C	11200	6136	50	1	1	27	8.92777e-05	11201	1	FALSE	NA	NA	NA	NA	NA	NA
NC_045512.2	24082	C	G	11160	6201	49	2	2	25	0.000179179	11162	1	FALSE	NA	NA	NA	NA	NA	NA
NC_045512.2	24084	T	G	10039	5115	47	5	5	26	0.000497661	10047	1	FALSE	NA	NA	NA	NA	NA	NA
NC_045512.2	24084	T	C	10039	5115	47	2	1	40	0.000199064	10047	0.499813	FALSE	NA	NA	NA	NA	NA	NA
NC_045512.2	24084	T	A	10039	5115	47	1	1	60	9.95322e-05	10047	0.499851	FALSE	NA	NA	NA	NA	NA	NA
NC_045512.2	24085	T	C	10801	5915	50	1	1	68	9.25754e-05	10802	0.500023	FALSE	NA	NA	NA	NA	NA	NA
NC_045512.2	24086	G	T	10717	5815	50	3	3	25	0.000279851	10720	1	FALSE	NA	NA	NA	NA	NA	NA
NC_045512.2	24087	G	T	10768	5923	50	1	0	20	9.28591e-05	10769	1	FALSE	NA	NA	NA	NA	NA	NA
NC_045512.2	24089	G	C	10775	5912	50	1	1	34	9.27816e-05	10778	0.999513	FALSE	NA	NA	NA	NA	NA	NA
NC_045512.2	24089	G	A	10775	5912	50	2	2	30	0.000185563	10778	0.996833	FALSE	NA	NA	NA	NA	NA	NA
NC_045512.2	24090	A	T	10444	5758	50	1	0	27	9.57396e-05	10445	1	FALSE	NA	NA	NA	NA	NA	NA
NC_045512.2	24091	T	C	10223	5502	49	1	1	34	9.77804e-05	10227	0.999513	FALSE	NA	NA	NA	NA	NA	NA
NC_045512.2	24091	T	A	10223	5502	49	3	3	29	0.000293341	10227	1	FALSE	NA	NA	NA	NA	NA	NA
NC_045512.2	24092	A	T	10245	5850	48	4	0	26	0.000390206	10251	1	FALSE	NA	NA	NA	NA	NA	NA
NC_045512.2	24092	A	C	10245	5850	48	2	2	30	0.000195103	10251	0.996829	FALSE	NA	NA	NA	NA	NA	NA
NC_045512.2	24093	T	G	10371	5763	50	2	2	30	0.00019279	10374	0.996833	FALSE	NA	NA	NA	NA	NA	NA
NC_045512.2	24093	T	C	10371	5763	50	1	0	68	9.63948e-05	10374	0.499976	FALSE	NA	NA	NA	NA	NA	NA
NC_045512.2	24094	T	G	10291	5721	50	2	2	26	0.000194288	10294	1	FALSE	NA	NA	NA	NA	NA	NA
NC_045512.2	24094	T	C	10291	5721	50	1	0	68	9.7144e-05	10294	0.499976	FALSE	NA	NA	NA	NA	NA	NA
NC_045512.2	24095	G	T	10053	5515	50	1	1	27	9.94629e-05	10054	1	FALSE	NA	NA	NA	NA	NA	NA
NC_045512.2	24096	C	T	9974	5576	50	1	0	68	0.000100241	9976	0.5	FALSE	NA	NA	NA	NA	NA	NA
NC_045512.2	24096	C	A	9974	5576	50	1	0	20	0.000100241	9976	1	FALSE	NA	NA	NA	NA	NA	NA
NC_045512.2	24097	T	C	10069	5605	50	2	0	34	0.00019859	10071	0.996835	FALSE	NA	NA	NA	NA	NA	NA
NC_045512.2	24098	G	T	9904	5474	50	1	1	27	0.000100959	9905	1	FALSE	NA	NA	NA	NA	NA	NA
NC_045512.2	24099	C	G	9911	5601	50	1	1	26	0.000100878	9913	1	FALSE	NA	NA	NA	NA	NA	NA
NC_045512.2	24099	C	A	9911	5601	50	1	0	26	0.000100878	9913	1	FALSE	NA	NA	NA	NA	NA	NA
NC_045512.2	24100	T	C	9970	5598	50	1	1	34	0.000100291	9971	0.999026	FALSE	NA	NA	NA	NA	NA	NA
NC_045512.2	24102	G	C	9939	5609	50	1	0	68	0.000100604	9940	0.500025	FALSE	NA	NA	NA	NA	NA	NA
NC_045512.2	24103	A	T	9597	5720	47	1	0	34	0.000104178	9599	0.999026	FALSE	NA	NA	NA	NA	NA	NA
NC_045512.2	24103	A	G	9597	5720	47	1	0	24	0.000104178	9599	1	FALSE	NA	NA	NA	NA	NA	NA
NC_045512.2	24104	G	-ACC	11990	6308	48	1	0	20	8.34028e-05	11990	1	FALSE	NA	NA	NA	NA	NA	NA
NC_045512.2	24105	A	T	11308	6214	46	2	1	30	0.000176835	11310	0.998295	FALSE	NA	NA	NA	NA	NA	NA
NC_045512.2	24106	C	G	12044	6157	48	1	0	27	8.3022e-05	12045	1	FALSE	NA	NA	NA	NA	NA	NA
NC_045512.2	24107	C	T	11818	6124	48	2	2	46	0.000169205	11820	0.5	FALSE	NA	NA	NA	NA	NA	NA
NC_045512.2	24109	C	T	11821	5970	48	1	1	34	8.45594e-05	11826	0.999756	FALSE	NA	NA	NA	NA	NA	NA
NC_045512.2	24109	C	G	11821	5970	48	4	4	28	0.000338238	11826	1	FALSE	NA	NA	NA	NA	NA	NA
NC_045512.2	24110	A	T	11901	6123	48	1	0	60	8.40054e-05	11904	0.499979	FALSE	NA	NA	NA	NA	NA	NA
NC_045512.2	24110	A	C	11901	6123	48	2	0	23	0.000168011	11904	1	FALSE	NA	NA	NA	NA	NA	NA
NC_045512.2	24111	T	G	11440	5587	47	4	4	28	0.000349498	11445	1	FALSE	NA	NA	NA	NA	NA	NA
NC_045512.2	24111	T	A	11440	5587	47	1	1	34	8.73744e-05	11445	0.999756	FALSE	NA	NA	NA	NA	NA	NA
NC_045512.2	24112	T	C	11885	6058	48	2	1	33	0.000168237	11888	0.998295	FALSE	NA	NA	NA	NA	NA	NA
NC_045512.2	24112	T	A	11885	6058	48	1	1	26	8.41184e-05	11888	1	FALSE	NA	NA	NA	NA	NA	NA
NC_045512.2	24113	T	A	11575	5823	49	2	1	26	0.000172756	11577	1	FALSE	NA	NA	NA	NA	NA	NA
NC_045512.2	24114	G	T	11554	5794	49	1	1	20	8.65426e-05	11555	1	FALSE	NA	NA	NA	NA	NA	NA
NC_045512.2	24115	T	G	11028	5290	48	2	1	30	0.000181307	11031	0.998295	FALSE	NA	NA	NA	NA	NA	NA
NC_045512.2	24115	T	C	11028	5290	48	1	0	26	9.06536e-05	11031	1	FALSE	NA	NA	NA	NA	NA	NA
NC_045512.2	24116	G	T	11137	5343	48	1	1	27	8.97585e-05	11141	1	FALSE	NA	NA	NA	NA	NA	NA
NC_045512.2	24116	G	C	11137	5343	48	1	1	27	8.97585e-05	11141	1	FALSE	NA	NA	NA	NA	NA	NA
NC_045512.2	24116	G	A	11137	5343	48	2	1	51	0.000179517	11141	0.249966	FALSE	NA	NA	NA	NA	NA	NA
NC_045512.2	24117	C	T	11206	5520	49	5	4	40	0.000445951	11212	0.109344	FALSE	NA	NA	NA	NA	NA	NA
NC_045512.2	24117	C	G	11206	5520	49	1	1	27	8.91902e-05	11212	1	FALSE	NA	NA	NA	NA	NA	NA
NC_045512.2	24118	A	C	11009	5458	48	4	0	28	0.000363207	11013	1	FALSE	NA	NA	NA	NA	NA	NA
NC_045512.2	24119	C	T	11161	5426	49	1	1	68	8.95576e-05	11166	0.499933	FALSE	NA	NA	NA	NA	NA	NA
NC_045512.2	24119	C	A	11161	5426	49	4	0	23	0.00035823	11166	1	FALSE	NA	NA	NA	NA	NA	NA
NC_045512.2	24121	A	T	11168	5476	49	3	1	29	0.00026848	11174	1	FALSE	NA	NA	NA	NA	NA	NA
NC_045512.2	24121	A	G	11168	5476	49	1	0	34	8.94935e-05	11174	0.999756	FALSE	NA	NA	NA	NA	NA	NA
NC_045512.2	24121	A	C	11168	5476	49	2	2	34	0.000178987	11174	0.998293	FALSE	NA	NA	NA	NA	NA	NA
NC_045512.2	24122	A	G	10566	5444	47	1	1	27	9.45984e-05	10571	1	FALSE	NA	NA	NA	NA	NA	NA
NC_045512.2	24122	A	C	10566	5444	47	4	1	28	0.000378394	10571	1	FALSE	NA	NA	NA	NA	NA	NA
NC_045512.2	24124	G	T	11246	5480	48	1	1	27	8.89126e-05	11247	1	FALSE	NA	NA	NA	NA	NA	NA
NC_045512.2	24125	T	G	11067	5509	47	2	2	26	0.000180668	11070	1	FALSE	NA	NA	NA	NA	NA	NA
NC_045512.2	24125	T	C	11067	5509	47	1	1	27	9.03342e-05	11070	1	FALSE	NA	NA	NA	NA	NA	NA
NC_045512.2	24126	T	G	10929	5426	47	6	6	26	0.000548597	10937	1	FALSE	NA	NA	NA	NA	NA	NA
NC_045512.2	24126	T	C	10929	5426	47	1	1	46	9.14328e-05	10937	0.749874	FALSE	NA	NA	NA	NA	NA	NA
NC_045512.2	24126	T	A	10929	5426	47	1	1	34	9.14328e-05	10937	0.999511	FALSE	NA	NA	NA	NA	NA	NA
NC_045512.2	24127	T	C	11036	5663	47	1	1	27	9.05961e-05	11038	1	FALSE	NA	NA	NA	NA	NA	NA
NC_045512.2	24127	T	A	11036	5663	47	1	1	26	9.05961e-05	11038	1	FALSE	NA	NA	NA	NA	NA	NA
NC_045512.2	24128	A	G	11152	5802	48	1	0	34	8.9662e-05	11153	0.999757	FALSE	NA	NA	NA	NA	NA	NA
NC_045512.2	24129	A	T	10847	5859	47	1	1	27	9.21574e-05	10851	1	FALSE	NA	NA	NA	NA	NA	NA
NC_045512.2	24129	A	G	10847	5859	47	2	1	47	0.000184315	10851	0.499965	FALSE	NA	NA	NA	NA	NA	NA
NC_045512.2	24129	A	C	10847	5859	47	1	0	34	9.21574e-05	10851	0.999512	FALSE	NA	NA	NA	NA	NA	NA
NC_045512.2	24130	C	G	11105	5923	48	1	0	27	9.00333e-05	11107	1	FALSE	NA	NA	NA	NA	NA	NA
NC_045512.2	24130	C	A	11105	5923	48	1	0	20	9.00333e-05	11107	1	FALSE	NA	NA	NA	NA	NA	NA
NC_045512.2	24132	G	C	11658	5917	48	3	1	32	0.000257224	11663	0.99354	FALSE	NA	NA	NA	NA	NA	NA
NC_045512.2	24132	G	A	11658	5917	48	2	1	68	0.000171482	11663	0.249946	FALSE	NA	NA	NA	NA	NA	NA
NC_045512.2	24133	C	G	11491	5763	48	3	3	27	0.000260983	11495	1	FALSE	NA	NA	NA	NA	NA	NA
NC_045512.2	24133	C	A	11491	5763	48	1	1	34	8.69943e-05	11495	0.999756	FALSE	NA	NA	NA	NA	NA	NA
NC_045512.2	24134	C	A	11606	5906	48	1	0	26	8.61549e-05	11607	1	FALSE	NA	NA	NA	NA	NA	NA
NC_045512.2	24135	T	G	11378	5686	47	2	2	30	0.000175731	11381	0.998295	FALSE	NA	NA	NA	NA	NA	NA
NC_045512.2	24135	T	A	11378	5686	47	1	1	20	8.78657e-05	11381	1	FALSE	NA	NA	NA	NA	NA	NA
NC_045512.2	24136	T	C	11528	5933	48	1	1	27	8.67303e-05	11530	1	FALSE	NA	NA	NA	NA	NA	NA
NC_045512.2	24136	T	A	11528	5933	48	1	0	26	8.67303e-05	11530	1	FALSE	NA	NA	NA	NA	NA	NA
NC_045512.2	24137	A	T	11591	6039	49	2	1	27	0.000172518	11593	1	FALSE	NA	NA	NA	NA	NA	NA
NC_045512.2	24138	C	A	11619	6322	47	1	0	34	8.60585e-05	11620	0.999757	FALSE	NA	NA	NA	NA	NA	NA
NC_045512.2	24139	T	C	11547	6213	47	1	0	68	8.65951e-05	11548	0.500022	FALSE	NA	NA	NA	NA	NA	NA
NC_045512.2	24140	G	-T	11652	6250	47	2	0	20	0.000171644	11652	1	FALSE	NA	NA	NA	NA	NA	NA
NC_045512.2	24141	T	G	10991	5694	47	4	4	28	0.000363769	10996	1	FALSE	NA	NA	NA	NA	NA	NA
NC_045512.2	24141	T	C	10991	5694	47	1	1	24	9.09422e-05	10996	1	FALSE	NA	NA	NA	NA	NA	NA
NC_045512.2	24142	T	G	10640	5285	46	1	1	34	9.39673e-05	10642	0.999513	FALSE	NA	NA	NA	NA	NA	NA
NC_045512.2	24142	T	C	10640	5285	46	1	1	34	9.39673e-05	10642	0.999513	FALSE	NA	NA	NA	NA	NA	NA
NC_045512.2	24143	T	C	10335	5432	49	1	1	27	9.67492e-05	10336	1	FALSE	NA	NA	NA	NA	NA	NA
NC_045512.2	24144	T	C	10330	5531	49	3	3	31	0.000290332	10333	0.988795	FALSE	NA	NA	NA	NA	NA	NA
NC_045512.2	24145	G	T	10266	5468	48	1	0	26	9.73615e-05	10271	1	FALSE	NA	NA	NA	NA	NA	NA
NC_045512.2	24145	G	C	10266	5468	48	1	1	68	9.73615e-05	10271	0.499927	FALSE	NA	NA	NA	NA	NA	NA
NC_045512.2	24145	G	A	10266	5468	48	3	1	68	0.000292085	10271	0.124963	FALSE	NA	NA	NA	NA	NA	NA
NC_045512.2	24146	C	T	10258	5524	48	1	1	68	9.74659e-05	10260	0.5	FALSE	NA	NA	NA	NA	NA	NA
NC_045512.2	24146	C	A	10258	5524	48	1	0	34	9.74659e-05	10260	0.999513	FALSE	NA	NA	NA	NA	NA	NA
NC_045512.2	24147	C	T	10363	5583	48	1	0	46	9.64878e-05	10364	0.750036	FALSE	NA	NA	NA	NA	NA	NA
NC_045512.2	24148	A	C	10322	5552	48	1	0	20	9.68711e-05	10323	1	FALSE	NA	NA	NA	NA	NA	NA
NC_045512.2	24149	C	T	10580	5669	48	1	0	68	9.44912e-05	10583	0.499976	FALSE	NA	NA	NA	NA	NA	NA
NC_045512.2	24149	C	G	10580	5669	48	1	1	27	9.44912e-05	10583	1	FALSE	NA	NA	NA	NA	NA	NA
NC_045512.2	24149	C	A	10580	5669	48	1	0	60	9.44912e-05	10583	0.499976	FALSE	NA	NA	NA	NA	NA	NA
NC_045512.2	24150	C	T	10634	5845	49	4	3	40	0.000376011	10638	0.1875	FALSE	NA	NA	NA	NA	NA	NA
NC_045512.2	24151	T	G	9886	5059	46	2	2	23	0.000202184	9892	1	FALSE	NA	NA	NA	NA	NA	NA
NC_045512.2	24151	T	C	9886	5059	46	3	2	54	0.000303275	9892	0.124943	FALSE	NA	NA	NA	NA	NA	NA
NC_045512.2	24151	T	A	9886	5059	46	1	0	26	0.000101092	9892	1	FALSE	NA	NA	NA	NA	NA	NA
NC_045512.2	24152	T	C	10641	5860	49	1	1	68	9.39673e-05	10642	0.500023	FALSE	NA	NA	NA	NA	NA	NA
NC_045512.2	24153	T	G	10640	5855	49	2	2	30	0.000187864	10646	0.996828	FALSE	NA	NA	NA	NA	NA	NA
NC_045512.2	24153	T	A	10640	5855	49	4	4	32	0.000375728	10646	0.971342	FALSE	NA	NA	NA	NA	NA	NA
NC_045512.2	24154	G	T	10667	5833	49	1	1	26	9.37383e-05	10668	1	FALSE	NA	NA	NA	NA	NA	NA
NC_045512.2	24155	C	T	10721	6011	49	2	2	34	0.000186463	10726	0.99683	FALSE	NA	NA	NA	NA	NA	NA
NC_045512.2	24155	C	G	10721	6011	49	1	0	27	9.32314e-05	10726	1	FALSE	NA	NA	NA	NA	NA	NA
NC_045512.2	24155	C	A	10721	6011	49	2	1	26	0.000186463	10726	1	FALSE	NA	NA	NA	NA	NA	NA
NC_045512.2	24156	T	A	10794	6032	49	2	2	27	0.000185254	10796	1	FALSE	NA	NA	NA	NA	NA	NA
NC_045512.2	24157	C	T	10715	6024	49	1	1	68	9.33097e-05	10717	0.5	FALSE	NA	NA	NA	NA	NA	NA
NC_045512.2	24157	C	G	10715	6024	49	1	0	27	9.33097e-05	10717	1	FALSE	NA	NA	NA	NA	NA	NA
NC_045512.2	24158	A	T	10590	6082	48	1	1	26	9.43841e-05	10595	1	FALSE	NA	NA	NA	NA	NA	NA
NC_045512.2	24158	A	G	10590	6082	48	1	0	68	9.43841e-05	10595	0.499929	FALSE	NA	NA	NA	NA	NA	NA
NC_045512.2	24158	A	C	10590	6082	48	3	0	29	0.000283152	10595	1	FALSE	NA	NA	NA	NA	NA	NA
NC_045512.2	24159	C	G	10945	6078	49	2	2	23	0.000182665	10949	1	FALSE	NA	NA	NA	NA	NA	NA
NC_045512.2	24159	C	A	10945	6078	49	2	1	26	0.000182665	10949	1	FALSE	NA	NA	NA	NA	NA	NA
NC_045512.2	24160	A	T	10957	6145	49	1	1	27	9.12492e-05	10959	1	FALSE	NA	NA	NA	NA	NA	NA
NC_045512.2	24160	A	C	10957	6145	49	1	1	26	9.12492e-05	10959	1	FALSE	NA	NA	NA	NA	NA	NA
NC_045512.2	24161	G	T	11280	6133	49	1	1	26	8.86446e-05	11281	1	FALSE	NA	NA	NA	NA	NA	NA
NC_045512.2	24162	A	T	11419	6343	49	2	2	26	0.000175116	11421	1	FALSE	NA	NA	NA	NA	NA	NA
NC_045512.2	24163	T	G	11246	6150	49	3	3	22	0.000266643	11251	1	FALSE	NA	NA	NA	NA	NA	NA
NC_045512.2	24163	T	C	11246	6150	49	2	2	25	0.000177762	11251	1	FALSE	NA	NA	NA	NA	NA	NA
NC_045512.2	24164	G	A	11375	6312	49	1	0	60	8.79044e-05	11376	0.500022	FALSE	NA	NA	NA	NA	NA	NA
NC_045512.2	24165	A	T	11501	6423	50	1	1	27	8.69414e-05	11502	1	FALSE	NA	NA	NA	NA	NA	NA
NC_045512.2	24166	A	G	11411	6437	49	1	0	60	8.76271e-05	11412	0.500022	FALSE	NA	NA	NA	NA	NA	NA
NC_045512.2	24167	A	G	11463	6432	50	4	1	39	0.000348797	11468	0.982451	FALSE	NA	NA	NA	NA	NA	NA
NC_045512.2	24167	A	C	11463	6432	50	1	0	26	8.71992e-05	11468	1	FALSE	NA	NA	NA	NA	NA	NA
NC_045512.2	24168	T	A	11567	6464	50	2	2	30	0.000172876	11569	0.998296	FALSE	NA	NA	NA	NA	NA	NA
NC_045512.2	24169	G	A	11509	6455	49	1	0	26	8.6881e-05	11510	1	FALSE	NA	NA	NA	NA	NA	NA
NC_045512.2	24171	T	G	11429	6368	49	2	2	27	0.000174963	11431	1	FALSE	NA	NA	NA	NA	NA	NA
NC_045512.2	24172	T	G	11422	6378	49	5	4	26	0.000437484	11429	1	FALSE	NA	NA	NA	NA	NA	NA
NC_045512.2	24172	T	C	11422	6378	49	1	0	68	8.74967e-05	11429	0.499891	FALSE	NA	NA	NA	NA	NA	NA
NC_045512.2	24172	T	A	11422	6378	49	1	0	24	8.74967e-05	11429	1	FALSE	NA	NA	NA	NA	NA	NA
NC_045512.2	24173	G	T	11881	6420	49	2	1	30	0.000168294	11884	0.998295	FALSE	NA	NA	NA	NA	NA	NA
NC_045512.2	24173	G	C	11881	6420	49	1	0	60	8.41468e-05	11884	0.499979	FALSE	NA	NA	NA	NA	NA	NA
NC_045512.2	24174	C	A	12114	6761	49	1	0	27	8.25423e-05	12115	1	FALSE	NA	NA	NA	NA	NA	NA
NC_045512.2	24177	A	C	12030	6848	48	1	0	20	8.31186e-05	12031	1	FALSE	NA	NA	NA	NA	NA	NA
NC_045512.2	24178	A	T	13024	7009	49	1	0	34	7.67695e-05	13026	0.999939	FALSE	NA	NA	NA	NA	NA	NA
NC_045512.2	24178	A	G	13024	7009	49	1	0	34	7.67695e-05	13026	0.999939	FALSE	NA	NA	NA	NA	NA	NA
NC_045512.2	24179	T	G	12945	6868	49	4	3	30	0.00030888	12950	0.989384	FALSE	NA	NA	NA	NA	NA	NA
NC_045512.2	24179	T	A	12945	6868	49	1	0	46	7.72201e-05	12950	0.749952	FALSE	NA	NA	NA	NA	NA	NA
NC_045512.2	24180	A	T	12851	7023	48	1	0	26	7.78089e-05	12852	1	FALSE	NA	NA	NA	NA	NA	NA
NC_045512.2	24181	C	A	13065	7046	49	1	1	68	7.65345e-05	13066	0.500019	FALSE	NA	NA	NA	NA	NA	NA
NC_045512.2	24182	A	T	12538	6605	49	2	1	26	0.00015949	12540	1	FALSE	NA	NA	NA	NA	NA	NA
NC_045512.2	24183	C	G	13317	6748	49	1	1	20	7.50751e-05	13320	1	FALSE	NA	NA	NA	NA	NA	NA
NC_045512.2	24183	C	A	13317	6748	49	2	1	47	0.00015015	13320	0.5	FALSE	NA	NA	NA	NA	NA	NA
NC_045512.2	24184	T	A	13171	6605	48	3	3	26	0.000227721	13174	1	FALSE	NA	NA	NA	NA	NA	NA
NC_045512.2	24185	T	A	13216	6657	49	1	1	34	7.56601e-05	13217	0.999939	FALSE	NA	NA	NA	NA	NA	NA
NC_045512.2	24186	C	G	13153	6682	48	2	1	27	0.000151976	13160	1	FALSE	NA	NA	NA	NA	NA	NA
NC_045512.2	24186	C	A	13153	6682	48	5	0	26	0.000379939	13160	1	FALSE	NA	NA	NA	NA	NA	NA
NC_045512.2	24187	T	G	12429	6002	48	2	2	26	0.000160862	12433	1	FALSE	NA	NA	NA	NA	NA	NA
NC_045512.2	24187	T	C	12429	6002	48	2	1	47	0.000160862	12433	0.49997	FALSE	NA	NA	NA	NA	NA	NA
NC_045512.2	24188	G	C	12494	6111	48	1	0	34	8.0032e-05	12495	0.999878	FALSE	NA	NA	NA	NA	NA	NA
NC_045512.2	24188	G	-CA	12494	6111	48	1	0	20	8.0032e-05	12495	1	FALSE	NA	NA	NA	NA	NA	NA
NC_045512.2	24190	A	C	12274	6159	48	2	0	23	0.00016292	12276	1	FALSE	NA	NA	NA	NA	NA	NA
NC_045512.2	24191	C	G	12831	6304	48	1	1	20	7.79241e-05	12833	1	FALSE	NA	NA	NA	NA	NA	NA
NC_045512.2	24191	C	A	12831	6304	48	1	1	68	7.79241e-05	12833	0.5	FALSE	NA	NA	NA	NA	NA	NA
NC_045512.2	24191	C	+A	12831	6304	48	1	0	20	7.79241e-05	12833	1	FALSE	NA	NA	NA	NA	NA	NA
NC_045512.2	24192	T	G	12089	5708	48	1	1	26	8.26925e-05	12093	1	FALSE	NA	NA	NA	NA	NA	NA
NC_045512.2	24192	T	A	12089	5708	48	3	2	29	0.000248077	12093	1	FALSE	NA	NA	NA	NA	NA	NA
NC_045512.2	24193	G	T	12435	5765	48	1	1	27	8.04117e-05	12436	1	FALSE	NA	NA	NA	NA	NA	NA
NC_045512.2	24194	T	G	11966	5285	47	1	1	27	8.35561e-05	11968	1	FALSE	NA	NA	NA	NA	NA	NA
NC_045512.2	24194	T	C	11966	5285	47	1	1	34	8.35561e-05	11968	0.999757	FALSE	NA	NA	NA	NA	NA	NA
NC_045512.2	24194	T	+TG	11966	5285	47	1	0	20	8.35561e-05	11968	1	FALSE	NA	NA	NA	NA	NA	NA
NC_045512.2	24195	T	C	12313	5695	49	1	0	68	8.12084e-05	12314	0.50002	FALSE	NA	NA	NA	NA	NA	NA
NC_045512.2	24196	A	T	12217	5746	48	1	0	26	8.18398e-05	12219	1	FALSE	NA	NA	NA	NA	NA	NA
NC_045512.2	24196	A	G	12217	5746	48	1	0	27	8.18398e-05	12219	1	FALSE	NA	NA	NA	NA	NA	NA
NC_045512.2	24198	C	T	12326	6035	49	4	1	57	0.000324333	12333	0.0624645	FALSE	NA	NA	NA	NA	NA	NA
NC_045512.2	24198	C	A	12326	6035	49	3	1	31	0.00024325	12333	0.996311	FALSE	NA	NA	NA	NA	NA	NA
NC_045512.2	24199	G	A	12434	6140	50	1	1	68	8.04182e-05	12435	0.50002	FALSE	NA	NA	NA	NA	NA	NA
NC_045512.2	24200	G	T	12220	5826	49	1	1	27	8.18264e-05	12221	1	FALSE	NA	NA	NA	NA	NA	NA
NC_045512.2	24201	G	T	12352	5902	50	1	1	27	8.09258e-05	12357	1	FALSE	NA	NA	NA	NA	NA	NA
NC_045512.2	24201	G	C	12352	5902	50	1	1	34	8.09258e-05	12357	0.999878	FALSE	NA	NA	NA	NA	NA	NA
NC_045512.2	24201	G	A	12352	5902	50	3	3	45	0.000242777	12357	0.312454	FALSE	NA	NA	NA	NA	NA	NA
NC_045512.2	24202	T	G	12118	5802	50	1	1	34	8.25083e-05	12120	0.999878	FALSE	NA	NA	NA	NA	NA	NA
NC_045512.2	24202	T	C	12118	5802	50	1	1	34	8.25083e-05	12120	0.999878	FALSE	NA	NA	NA	NA	NA	NA
NC_045512.2	24203	A	G	12105	5825	50	1	0	34	8.259e-05	12108	0.999878	FALSE	NA	NA	NA	NA	NA	NA
NC_045512.2	24203	A	C	12105	5825	50	2	1	30	0.00016518	12108	0.999087	FALSE	NA	NA	NA	NA	NA	NA
NC_045512.2	24204	C	T	12017	5852	49	1	1	38	8.31878e-05	12021	0.999878	FALSE	NA	NA	NA	NA	NA	NA
NC_045512.2	24204	C	G	12017	5852	49	3	0	26	0.000249563	12021	1	FALSE	NA	NA	NA	NA	NA	NA
NC_045512.2	24205	A	G	12138	5785	50	1	0	26	8.23791e-05	12139	1	FALSE	NA	NA	NA	NA	NA	NA
NC_045512.2	24206	A	T	11984	5841	49	1	0	26	8.34237e-05	11987	1	FALSE	NA	NA	NA	NA	NA	NA
NC_045512.2	24206	A	C	11984	5841	49	2	1	30	0.000166847	11987	0.998295	FALSE	NA	NA	NA	NA	NA	NA
NC_045512.2	24207	T	G	12180	5871	50	2	1	26	0.000164136	12185	1	FALSE	NA	NA	NA	NA	NA	NA
NC_045512.2	24207	T	C	12180	5871	50	2	2	25	0.000164136	12185	1	FALSE	NA	NA	NA	NA	NA	NA
NC_045512.2	24207	T	A	12180	5871	50	1	1	27	8.20681e-05	12185	1	FALSE	NA	NA	NA	NA	NA	NA
NC_045512.2	24208	C	G	12139	5885	50	1	0	34	8.23588e-05	12142	0.999878	FALSE	NA	NA	NA	NA	NA	NA
NC_045512.2	24208	C	A	12139	5885	50	2	0	26	0.000164718	12142	1	FALSE	NA	NA	NA	NA	NA	NA
NC_045512.2	24209	A	T	11896	5691	50	2	2	23	0.000168095	11898	1	FALSE	NA	NA	NA	NA	NA	NA
NC_045512.2	24210	C	A	12138	5697	50	2	0	25	0.000164745	12140	1	FALSE	NA	NA	NA	NA	NA	NA
NC_045512.2	24211	T	G	12126	5668	49	3	3	29	0.0002473	12131	1	FALSE	NA	NA	NA	NA	NA	NA
NC_045512.2	24211	T	C	12126	5668	49	1	0	68	8.24334e-05	12131	0.499938	FALSE	NA	NA	NA	NA	NA	NA
NC_045512.2	24211	T	A	12126	5668	49	1	0	20	8.24334e-05	12131	1	FALSE	NA	NA	NA	NA	NA	NA
NC_045512.2	24213	C	A	12004	5707	50	1	0	34	8.32986e-05	12005	0.999878	FALSE	NA	NA	NA	NA	NA	NA
NC_045512.2	24214	T	G	12027	5587	50	2	1	30	0.00016621	12033	0.999086	FALSE	NA	NA	NA	NA	NA	NA
NC_045512.2	24214	T	C	12027	5587	50	2	1	51	0.00016621	12033	0.249927	FALSE	NA	NA	NA	NA	NA	NA
NC_045512.2	24214	T	A	12027	5587	50	2	2	29	0.00016621	12033	1	FALSE	NA	NA	NA	NA	NA	NA
NC_045512.2	24215	G	C	12129	5599	50	1	0	26	8.24402e-05	12130	1	FALSE	NA	NA	NA	NA	NA	NA
NC_045512.2	24216	G	T	12148	5628	50	1	1	60	8.23113e-05	12149	0.500021	FALSE	NA	NA	NA	NA	NA	NA
NC_045512.2	24217	T	G	11538	5014	47	10	9	26	0.000865951	11548	1	FALSE	NA	NA	NA	NA	NA	NA
NC_045512.2	24218	T	G	11949	5521	49	4	4	28	0.000334616	11954	1	FALSE	NA	NA	NA	NA	NA	NA
NC_045512.2	24218	T	A	11949	5521	49	1	0	34	8.3654e-05	11954	0.999756	FALSE	NA	NA	NA	NA	NA	NA
NC_045512.2	24219	G	C	11541	5324	50	1	1	26	8.66401e-05	11542	1	FALSE	NA	NA	NA	NA	NA	NA
NC_045512.2	24220	G	T	11689	5439	50	1	1	26	8.55359e-05	11691	1	FALSE	NA	NA	NA	NA	NA	NA
NC_045512.2	24220	G	A	11689	5439	50	1	1	34	8.55359e-05	11691	0.999757	FALSE	NA	NA	NA	NA	NA	NA
NC_045512.2	24222	C	G	11829	5642	50	1	1	26	8.45309e-05	11830	1	FALSE	NA	NA	NA	NA	NA	NA
NC_045512.2	24223	C	G	11777	5644	50	1	1	20	8.48969e-05	11779	1	FALSE	NA	NA	NA	NA	NA	NA
NC_045512.2	24223	C	A	11777	5644	50	1	0	34	8.48969e-05	11779	0.999757	FALSE	NA	NA	NA	NA	NA	NA
NC_045512.2	24224	T	G	11538	5424	50	1	0	34	8.66401e-05	11542	0.999756	FALSE	NA	NA	NA	NA	NA	NA
NC_045512.2	24224	T	A	11538	5424	50	3	0	31	0.00025992	11542	0.993543	FALSE	NA	NA	NA	NA	NA	NA
NC_045512.2	24225	T	G	11153	5082	47	8	6	27	0.000716782	11161	1	FALSE	NA	NA	NA	NA	NA	NA
NC_045512.2	24227	G	T	11629	5588	50	2	2	27	0.000171954	11631	1	FALSE	NA	NA	NA	NA	NA	NA
NC_045512.2	24228	G	A	11795	5677	50	1	0	60	8.47745e-05	11796	0.500021	FALSE	NA	NA	NA	NA	NA	NA
NC_045512.2	24229	T	A	11531	5439	49	1	0	26	8.67152e-05	11532	1	FALSE	NA	NA	NA	NA	NA	NA
NC_045512.2	24230	G	A	11645	5528	50	1	0	68	8.58664e-05	11646	0.500021	FALSE	NA	NA	NA	NA	NA	NA
NC_045512.2	24231	C	G	11285	5517	50	2	1	30	0.000177195	11287	0.998296	FALSE	NA	NA	NA	NA	NA	NA
NC_045512.2	24232	A	G	11182	5499	50	1	1	68	8.94134e-05	11184	0.5	FALSE	NA	NA	NA	NA	NA	NA
NC_045512.2	24232	A	C	11182	5499	50	1	1	34	8.94134e-05	11184	0.999757	FALSE	NA	NA	NA	NA	NA	NA
NC_045512.2	24233	G	A	11376	5396	50	1	0	34	8.78966e-05	11377	0.999757	FALSE	NA	NA	NA	NA	NA	NA
NC_045512.2	24234	G	C	11520	5563	51	1	0	34	8.6798e-05	11521	0.999757	FALSE	NA	NA	NA	NA	NA	NA
NC_045512.2	24235	T	G	11539	5617	51	1	1	27	8.66476e-05	11541	1	FALSE	NA	NA	NA	NA	NA	NA
NC_045512.2	24235	T	A	11539	5617	51	1	1	27	8.66476e-05	11541	1	FALSE	NA	NA	NA	NA	NA	NA
NC_045512.2	24236	G	T	11387	5471	50	2	1	25	0.000175593	11390	1	FALSE	NA	NA	NA	NA	NA	NA
NC_045512.2	24236	G	A	11387	5471	50	1	1	34	8.77963e-05	11390	0.999756	FALSE	NA	NA	NA	NA	NA	NA
NC_045512.2	24237	C	A	11346	5636	51	1	0	27	8.8129e-05	11347	1	FALSE	NA	NA	NA	NA	NA	NA
NC_045512.2	24238	T	G	11325	5512	51	2	2	30	0.000176554	11328	0.998295	FALSE	NA	NA	NA	NA	NA	NA
NC_045512.2	24238	T	C	11325	5512	51	1	0	24	8.82768e-05	11328	1	FALSE	NA	NA	NA	NA	NA	NA
NC_045512.2	24239	G	T	11811	5567	50	1	1	34	8.46453e-05	11814	0.999756	FALSE	NA	NA	NA	NA	NA	NA
NC_045512.2	24239	G	C	11811	5567	50	1	1	27	8.46453e-05	11814	1	FALSE	NA	NA	NA	NA	NA	NA
NC_045512.2	24239	G	A	11811	5567	50	1	0	68	8.46453e-05	11814	0.499979	FALSE	NA	NA	NA	NA	NA	NA
NC_045512.2	24240	C	G	11772	5682	51	1	1	34	8.49329e-05	11774	0.999757	FALSE	NA	NA	NA	NA	NA	NA
NC_045512.2	24240	C	A	11772	5682	51	1	0	27	8.49329e-05	11774	1	FALSE	NA	NA	NA	NA	NA	NA
NC_045512.2	24241	A	G	11862	5740	51	2	2	57	0.000168549	11866	0.249968	FALSE	NA	NA	NA	NA	NA	NA
NC_045512.2	24241	A	C	11862	5740	51	2	0	26	0.000168549	11866	1	FALSE	NA	NA	NA	NA	NA	NA
NC_045512.2	24242	T	A	11919	5751	51	1	1	27	8.38926e-05	11920	1	FALSE	NA	NA	NA	NA	NA	NA
NC_045512.2	24243	T	G	11695	5577	51	1	1	34	8.5492e-05	11697	0.999757	FALSE	NA	NA	NA	NA	NA	NA
NC_045512.2	24243	T	C	11695	5577	51	1	0	46	8.5492e-05	11697	0.750011	FALSE	NA	NA	NA	NA	NA	NA
NC_045512.2	24244	A	T	11711	5686	50	1	0	34	8.53825e-05	11712	0.999757	FALSE	NA	NA	NA	NA	NA	NA
NC_045512.2	24245	C	T	11907	5759	51	2	1	30	0.000167898	11912	0.998293	FALSE	NA	NA	NA	NA	NA	NA
NC_045512.2	24245	C	A	11907	5759	51	3	2	25	0.000251847	11912	1	FALSE	NA	NA	NA	NA	NA	NA
NC_045512.2	24246	A	G	11960	5759	52	1	0	38	8.3605e-05	11961	0.999757	FALSE	NA	NA	NA	NA	NA	NA
NC_045512.2	24247	A	T	11875	5773	51	1	1	27	8.41893e-05	11878	1	FALSE	NA	NA	NA	NA	NA	NA
NC_045512.2	24247	A	G	11875	5773	51	1	0	34	8.41893e-05	11878	0.999756	FALSE	NA	NA	NA	NA	NA	NA
NC_045512.2	24247	A	C	11875	5773	51	1	0	27	8.41893e-05	11878	1	FALSE	NA	NA	NA	NA	NA	NA
NC_045512.2	24248	A	C	10327	5478	47	1	0	34	9.68242e-05	10328	0.999513	FALSE	NA	NA	NA	NA	NA	NA
NC_045512.2	24249	T	C	11416	5538	51	1	0	34	8.75887e-05	11417	0.999757	FALSE	NA	NA	NA	NA	NA	NA
NC_045512.2	24250	A	G	11392	5517	51	1	1	68	8.77732e-05	11393	0.500022	FALSE	NA	NA	NA	NA	NA	NA
NC_045512.2	24251	C	A	11434	5507	50	1	0	26	8.74508e-05	11435	1	FALSE	NA	NA	NA	NA	NA	NA
NC_045512.2	24252	C	G	11360	5457	50	2	2	26	0.00017601	11363	1	FALSE	NA	NA	NA	NA	NA	NA
NC_045512.2	24252	C	A	11360	5457	50	1	1	60	8.80049e-05	11363	0.499978	FALSE	NA	NA	NA	NA	NA	NA
NC_045512.2	24254	T	G	10691	4692	48	6	6	26	0.000560905	10697	1	FALSE	NA	NA	NA	NA	NA	NA
NC_045512.2	24255	T	G	11254	5369	51	1	0	34	8.88415e-05	11256	0.999757	FALSE	NA	NA	NA	NA	NA	NA
NC_045512.2	24255	T	A	11254	5369	51	1	0	26	8.88415e-05	11256	1	FALSE	NA	NA	NA	NA	NA	NA
NC_045512.2	24256	T	C	11295	5390	51	1	1	34	8.85191e-05	11297	0.999757	FALSE	NA	NA	NA	NA	NA	NA
NC_045512.2	24256	T	A	11295	5390	51	1	1	34	8.85191e-05	11297	0.999757	FALSE	NA	NA	NA	NA	NA	NA
NC_045512.2	24257	G	T	11206	5429	50	2	2	27	0.000178444	11208	1	FALSE	NA	NA	NA	NA	NA	NA
NC_045512.2	24258	C	T	11163	5478	50	2	0	68	0.000179131	11165	0.250011	FALSE	NA	NA	NA	NA	NA	NA
NC_045512.2	24259	T	G	11121	5398	51	1	0	68	8.99038e-05	11123	0.5	FALSE	NA	NA	NA	NA	NA	NA
NC_045512.2	24259	T	C	11121	5398	51	1	1	68	8.99038e-05	11123	0.5	FALSE	NA	NA	NA	NA	NA	NA
NC_045512.2	24260	A	T	11094	5403	50	1	1	26	9.01226e-05	11096	1	FALSE	NA	NA	NA	NA	NA	NA
NC_045512.2	24260	A	C	11094	5403	50	1	0	27	9.01226e-05	11096	1	FALSE	NA	NA	NA	NA	NA	NA
NC_045512.2	24261	T	G	11101	5368	51	1	1	20	9.00657e-05	11103	1	FALSE	NA	NA	NA	NA	NA	NA
NC_045512.2	24261	T	A	11101	5368	51	1	1	34	9.00657e-05	11103	0.999757	FALSE	NA	NA	NA	NA	NA	NA
NC_045512.2	24262	G	T	11172	5372	50	2	2	26	0.000178987	11174	1	FALSE	NA	NA	NA	NA	NA	NA
NC_045512.2	24263	C	T	11184	5561	50	1	0	34	8.93975e-05	11186	0.999757	FALSE	NA	NA	NA	NA	NA	NA
NC_045512.2	24263	C	G	11184	5561	50	1	1	26	8.93975e-05	11186	1	FALSE	NA	NA	NA	NA	NA	NA
NC_045512.2	24264	A	T	11110	5501	51	2	1	25	0.000179969	11113	1	FALSE	NA	NA	NA	NA	NA	NA
NC_045512.2	24264	A	G	11110	5501	51	1	1	24	8.99847e-05	11113	1	FALSE	NA	NA	NA	NA	NA	NA
NC_045512.2	24265	A	T	11119	5547	50	1	1	24	8.99038e-05	11123	1	FALSE	NA	NA	NA	NA	NA	NA
NC_045512.2	24265	A	G	11119	5547	50	1	0	27	8.99038e-05	11123	1	FALSE	NA	NA	NA	NA	NA	NA
NC_045512.2	24265	A	C	11119	5547	50	2	0	26	0.000179808	11123	1	FALSE	NA	NA	NA	NA	NA	NA
NC_045512.2	24266	A	C	10132	5586	47	12	0	26	0.00118297	10144	1	FALSE	NA	NA	NA	NA	NA	NA
NC_045512.2	24267	T	C	11246	5613	51	2	1	51	0.000177809	11248	0.250011	FALSE	NA	NA	NA	NA	NA	NA
NC_045512.2	24268	G	T	11356	5550	51	1	0	27	8.80514e-05	11357	1	FALSE	NA	NA	NA	NA	NA	NA
NC_045512.2	24269	G	C	11957	5589	50	1	0	26	8.3626e-05	11958	1	FALSE	NA	NA	NA	NA	NA	NA
NC_045512.2	24270	C	T	11925	5615	50	1	0	34	8.38434e-05	11927	0.999757	FALSE	NA	NA	NA	NA	NA	NA
NC_045512.2	24270	C	G	11925	5615	50	1	1	27	8.38434e-05	11927	1	FALSE	NA	NA	NA	NA	NA	NA
NC_045512.2	24271	T	G	11803	5635	50	1	0	26	8.47027e-05	11806	1	FALSE	NA	NA	NA	NA	NA	NA
NC_045512.2	24271	T	C	11803	5635	50	2	1	68	0.000169405	11806	0.249989	FALSE	NA	NA	NA	NA	NA	NA
NC_045512.2	24272	T	C	11804	5620	50	2	2	34	0.000169391	11807	0.998295	FALSE	NA	NA	NA	NA	NA	NA
NC_045512.2	24272	T	A	11804	5620	50	1	0	27	8.46955e-05	11807	1	FALSE	NA	NA	NA	NA	NA	NA
NC_045512.2	24273	A	C	11755	5698	50	2	0	30	0.000170111	11757	0.998296	FALSE	NA	NA	NA	NA	NA	NA
NC_045512.2	24274	T	A	11884	5697	51	2	0	30	0.000168265	11886	0.998296	FALSE	NA	NA	NA	NA	NA	NA
NC_045512.2	24275	A	T	11792	5783	50	2	0	26	0.000169563	11795	1	FALSE	NA	NA	NA	NA	NA	NA
NC_045512.2	24275	A	C	11792	5783	50	1	0	27	8.47817e-05	11795	1	FALSE	NA	NA	NA	NA	NA	NA
NC_045512.2	24276	G	C	12200	5751	50	1	0	20	8.19605e-05	12201	1	FALSE	NA	NA	NA	NA	NA	NA
NC_045512.2	24277	G	T	12456	5801	50	1	0	68	8.02697e-05	12458	0.5	FALSE	NA	NA	NA	NA	NA	NA
NC_045512.2	24277	G	C	12456	5801	50	1	0	26	8.02697e-05	12458	1	FALSE	NA	NA	NA	NA	NA	NA
NC_045512.2	24278	T	G	11442	5038	49	6	5	25	0.000524063	11449	1	FALSE	NA	NA	NA	NA	NA	NA
NC_045512.2	24278	T	C	11442	5038	49	1	1	34	8.73439e-05	11449	0.999756	FALSE	NA	NA	NA	NA	NA	NA
NC_045512.2	24279	T	G	11492	5116	49	8	8	27	0.000695652	11500	1	FALSE	NA	NA	NA	NA	NA	NA
NC_045512.2	24281	A	T	11797	5617	52	1	1	26	8.47458e-05	11800	1	FALSE	NA	NA	NA	NA	NA	NA
NC_045512.2	24281	A	G	11797	5617	52	2	0	46	0.000169492	11800	0.5	FALSE	NA	NA	NA	NA	NA	NA
NC_045512.2	24282	A	G	11570	5623	51	2	2	51	0.000172741	11578	0.249881	FALSE	NA	NA	NA	NA	NA	NA
NC_045512.2	24282	A	C	11570	5623	51	6	0	27	0.000518224	11578	1	FALSE	NA	NA	NA	NA	NA	NA
NC_045512.2	24283	T	A	11932	5819	52	2	1	34	0.000167588	11934	0.998296	FALSE	NA	NA	NA	NA	NA	NA
NC_045512.2	24284	G	C	11837	5782	51	1	1	26	8.44737e-05	11838	1	FALSE	NA	NA	NA	NA	NA	NA
NC_045512.2	24285	G	C	12583	5848	51	1	0	27	7.9447e-05	12587	1	FALSE	NA	NA	NA	NA	NA	NA
NC_045512.2	24285	G	A	12583	5848	51	3	1	56	0.000238341	12587	0.124985	FALSE	NA	NA	NA	NA	NA	NA
NC_045512.2	24286	T	G	11987	5474	51	1	0	24	8.34098e-05	11989	1	FALSE	NA	NA	NA	NA	NA	NA
NC_045512.2	24286	T	A	11987	5474	51	1	1	27	8.34098e-05	11989	1	FALSE	NA	NA	NA	NA	NA	NA
NC_045512.2	24287	A	G	12184	5651	51	1	0	34	8.20681e-05	12185	0.999878	FALSE	NA	NA	NA	NA	NA	NA
NC_045512.2	24288	T	G	11830	5164	48	7	7	25	0.000591316	11838	1	FALSE	NA	NA	NA	NA	NA	NA
NC_045512.2	24288	T	C	11830	5164	48	1	0	34	8.44737e-05	11838	0.999756	FALSE	NA	NA	NA	NA	NA	NA
NC_045512.2	24289	T	G	12163	5598	51	2	2	30	0.000164379	12167	0.999087	FALSE	NA	NA	NA	NA	NA	NA
NC_045512.2	24289	T	A	12163	5598	51	2	0	23	0.000164379	12167	1	FALSE	NA	NA	NA	NA	NA	NA
NC_045512.2	24290	G	T	12189	5605	51	3	3	27	0.000246043	12193	1	FALSE	NA	NA	NA	NA	NA	NA
NC_045512.2	24290	G	C	12189	5605	51	1	0	27	8.20143e-05	12193	1	FALSE	NA	NA	NA	NA	NA	NA
NC_045512.2	24291	G	T	12801	5784	51	2	0	26	0.000156213	12803	1	FALSE	NA	NA	NA	NA	NA	NA
NC_045512.2	24292	A	G	12989	5859	51	1	1	34	7.69823e-05	12990	0.999878	FALSE	NA	NA	NA	NA	NA	NA
NC_045512.2	24294	T	A	12153	5561	52	2	1	26	0.000164541	12155	1	FALSE	NA	NA	NA	NA	NA	NA
NC_045512.2	24295	T	G	12121	5507	52	4	4	27	0.00032987	12126	1	FALSE	NA	NA	NA	NA	NA	NA
NC_045512.2	24295	T	C	12121	5507	52	1	0	68	8.24674e-05	12126	0.499938	FALSE	NA	NA	NA	NA	NA	NA
NC_045512.2	24296	A	T	12214	5687	52	1	0	34	8.18599e-05	12216	0.999878	FALSE	NA	NA	NA	NA	NA	NA
NC_045512.2	24296	A	G	12214	5687	52	1	1	34	8.18599e-05	12216	0.999878	FALSE	NA	NA	NA	NA	NA	NA
NC_045512.2	24297	C	T	12414	5776	53	3	2	68	0.000241585	12418	0.124985	FALSE	NA	NA	NA	NA	NA	NA
NC_045512.2	24297	C	G	12414	5776	53	1	0	26	8.05283e-05	12418	1	FALSE	NA	NA	NA	NA	NA	NA
NC_045512.2	24298	A	T	12436	5762	53	2	0	26	0.000160798	12438	1	FALSE	NA	NA	NA	NA	NA	NA
NC_045512.2	24299	C	G	12470	5819	52	1	1	27	8.0186e-05	12471	1	FALSE	NA	NA	NA	NA	NA	NA
NC_045512.2	24300	A	T	11835	5305	53	1	1	27	8.44809e-05	11837	1	FALSE	NA	NA	NA	NA	NA	NA
NC_045512.2	24300	A	C	11835	5305	53	1	1	27	8.44809e-05	11837	1	FALSE	NA	NA	NA	NA	NA	NA
NC_045512.2	24301	G	T	12082	5322	53	1	1	27	8.27609e-05	12083	1	FALSE	NA	NA	NA	NA	NA	NA
NC_045512.2	24302	A	T	12051	5262	52	4	4	28	0.000331813	12055	1	FALSE	NA	NA	NA	NA	NA	NA
NC_045512.2	24303	A	G	12073	5308	53	4	2	41	0.000331153	12079	0.187448	FALSE	NA	NA	NA	NA	NA	NA
NC_045512.2	24303	A	C	12073	5308	53	2	1	30	0.000165577	12079	0.999086	FALSE	NA	NA	NA	NA	NA	NA
NC_045512.2	24303	A	+C	12073	5308	53	1	0	20	8.27883e-05	12079	1	FALSE	NA	NA	NA	NA	NA	NA
NC_045512.2	24304	T	C	11968	5337	51	1	0	68	8.35492e-05	11969	0.500021	FALSE	NA	NA	NA	NA	NA	NA
NC_045512.2	24305	G	T	12037	5268	53	1	1	34	8.30634e-05	12039	0.999878	FALSE	NA	NA	NA	NA	NA	NA
NC_045512.2	24305	G	C	12037	5268	53	1	1	34	8.30634e-05	12039	0.999878	FALSE	NA	NA	NA	NA	NA	NA
NC_045512.2	24306	T	G	11819	5089	51	2	2	26	0.000169162	11823	1	FALSE	NA	NA	NA	NA	NA	NA
NC_045512.2	24306	T	C	11819	5089	51	1	0	68	8.45809e-05	11823	0.499958	FALSE	NA	NA	NA	NA	NA	NA
NC_045512.2	24306	T	A	11819	5089	51	1	0	34	8.45809e-05	11823	0.999756	FALSE	NA	NA	NA	NA	NA	NA
NC_045512.2	24307	T	C	11752	5034	49	1	0	27	8.50629e-05	11756	1	FALSE	NA	NA	NA	NA	NA	NA
NC_045512.2	24307	T	A	11752	5034	49	3	0	29	0.000255189	11756	1	FALSE	NA	NA	NA	NA	NA	NA
NC_045512.2	24308	C	G	12079	5432	53	1	0	26	8.27678e-05	12082	1	FALSE	NA	NA	NA	NA	NA	NA
NC_045512.2	24308	C	A	12079	5432	53	2	0	26	0.000165536	12082	1	FALSE	NA	NA	NA	NA	NA	NA
NC_045512.2	24309	T	C	12017	5267	53	1	0	68	8.32085e-05	12018	0.500021	FALSE	NA	NA	NA	NA	NA	NA
NC_045512.2	24310	C	G	11988	5383	53	1	0	27	8.33959e-05	11991	1	FALSE	NA	NA	NA	NA	NA	NA
NC_045512.2	24310	C	A	11988	5383	53	2	0	30	0.000166792	11991	0.998295	FALSE	NA	NA	NA	NA	NA	NA
NC_045512.2	24312	A	G	11711	5212	53	1	1	68	8.53825e-05	11712	0.500021	FALSE	NA	NA	NA	NA	NA	NA
NC_045512.2	24314	G	C	11588	5170	53	1	0	34	8.62887e-05	11589	0.999757	FALSE	NA	NA	NA	NA	NA	NA
NC_045512.2	24315	A	G	11563	5150	53	1	1	68	8.64753e-05	11564	0.500022	FALSE	NA	NA	NA	NA	NA	NA
NC_045512.2	24316	G	C	11546	5104	53	1	0	24	8.66026e-05	11547	1	FALSE	NA	NA	NA	NA	NA	NA
NC_045512.2	24317	A	T	11102	5147	51	3	2	28	0.000270124	11106	1	FALSE	NA	NA	NA	NA	NA	NA
NC_045512.2	24317	A	G	11102	5147	51	1	1	20	9.00414e-05	11106	1	FALSE	NA	NA	NA	NA	NA	NA
NC_045512.2	24318	A	T	11317	5231	52	1	1	34	8.83002e-05	11325	0.999756	FALSE	NA	NA	NA	NA	NA	NA
NC_045512.2	24318	A	C	11317	5231	52	7	0	29	0.000618102	11325	1	FALSE	NA	NA	NA	NA	NA	NA
NC_045512.2	24319	C	A	11404	5126	53	2	0	22	0.000175346	11406	1	FALSE	NA	NA	NA	NA	NA	NA
NC_045512.2	24320	C	T	11439	5247	54	1	1	68	8.73973e-05	11442	0.499978	FALSE	NA	NA	NA	NA	NA	NA
NC_045512.2	24320	C	A	11439	5247	54	2	0	40	0.000174795	11442	0.5	FALSE	NA	NA	NA	NA	NA	NA
NC_045512.2	24320	C	-A	11439	5247	54	5	0	20	0.000436987	11442	1	FALSE	NA	NA	NA	NA	NA	NA
NC_045512.2	24321	A	G	11450	5143	52	3	1	28	0.00026194	11453	1	FALSE	NA	NA	NA	NA	NA	NA
NC_045512.2	24322	A	T	11384	5238	53	1	0	34	8.78349e-05	11385	0.999757	FALSE	NA	NA	NA	NA	NA	NA
NC_045512.2	24323	A	G	11553	5256	54	2	1	30	0.000173085	11555	0.998296	FALSE	NA	NA	NA	NA	NA	NA
NC_045512.2	24324	A	G	11447	5298	53	1	1	68	8.73515e-05	11448	0.500022	FALSE	NA	NA	NA	NA	NA	NA
NC_045512.2	24325	A	G	10770	5321	50	1	0	27	9.27816e-05	10778	1	FALSE	NA	NA	NA	NA	NA	NA
NC_045512.2	24325	A	C	10770	5321	50	7	1	26	0.000649471	10778	1	FALSE	NA	NA	NA	NA	NA	NA
NC_045512.2	24326	T	G	11234	5086	52	3	3	24	0.000266928	11239	1	FALSE	NA	NA	NA	NA	NA	NA
NC_045512.2	24326	T	C	11234	5086	52	1	0	68	8.89759e-05	11239	0.499933	FALSE	NA	NA	NA	NA	NA	NA
NC_045512.2	24326	T	A	11234	5086	52	1	0	20	8.89759e-05	11239	1	FALSE	NA	NA	NA	NA	NA	NA
NC_045512.2	24327	T	A	11289	5319	52	2	0	30	0.000177132	11291	0.998296	FALSE	NA	NA	NA	NA	NA	NA
NC_045512.2	24328	G	C	11338	5422	53	1	0	26	8.81912e-05	11339	1	FALSE	NA	NA	NA	NA	NA	NA
NC_045512.2	24329	A	T	11301	5467	52	1	1	34	8.84721e-05	11303	0.999757	FALSE	NA	NA	NA	NA	NA	NA
NC_045512.2	24329	A	C	11301	5467	52	1	1	27	8.84721e-05	11303	1	FALSE	NA	NA	NA	NA	NA	NA
NC_045512.2	24330	T	G	11226	5312	52	1	1	26	8.9071e-05	11227	1	FALSE	NA	NA	NA	NA	NA	NA
NC_045512.2	24331	T	A	11232	5417	52	1	0	34	8.90234e-05	11233	0.999757	FALSE	NA	NA	NA	NA	NA	NA
NC_045512.2	24332	G	C	11270	5421	52	2	2	23	0.000177431	11272	1	FALSE	NA	NA	NA	NA	NA	NA
NC_045512.2	24333	C	T	11185	5701	51	2	0	47	0.000178747	11189	0.499966	FALSE	NA	NA	NA	NA	NA	NA
NC_045512.2	24333	C	A	11185	5701	51	2	0	30	0.000178747	11189	0.998294	FALSE	NA	NA	NA	NA	NA	NA
NC_045512.2	24334	C	G	11234	5739	51	1	1	26	8.90076e-05	11235	1	FALSE	NA	NA	NA	NA	NA	NA
NC_045512.2	24335	A	T	11291	5724	51	1	0	34	8.85504e-05	11293	0.999756	FALSE	NA	NA	NA	NA	NA	NA
NC_045512.2	24335	A	G	11291	5724	51	1	0	68	8.85504e-05	11293	0.499978	FALSE	NA	NA	NA	NA	NA	NA
NC_045512.2	24336	A	C	10398	5882	46	15	1	27	0.00144051	10413	1	FALSE	NA	NA	NA	NA	NA	NA
NC_045512.2	24337	C	T	11284	5779	51	2	1	51	0.000177195	11287	0.249967	FALSE	NA	NA	NA	NA	NA	NA
NC_045512.2	24337	C	A	11284	5779	51	1	1	34	8.85975e-05	11287	0.999756	FALSE	NA	NA	NA	NA	NA	NA
NC_045512.2	24338	C	A	11581	5942	51	1	0	34	8.63409e-05	11582	0.999757	FALSE	NA	NA	NA	NA	NA	NA
NC_045512.2	24339	A	C	11551	5875	51	1	0	34	8.65651e-05	11552	0.999757	FALSE	NA	NA	NA	NA	NA	NA
NC_045512.2	24340	A	T	12264	6109	50	1	1	20	8.15129e-05	12268	1	FALSE	NA	NA	NA	NA	NA	NA
NC_045512.2	24340	A	G	12264	6109	50	1	0	34	8.15129e-05	12268	0.999878	FALSE	NA	NA	NA	NA	NA	NA
NC_045512.2	24340	A	C	12264	6109	50	2	0	26	0.000163026	12268	1	FALSE	NA	NA	NA	NA	NA	NA
NC_045512.2	24341	T	G	12149	5840	50	2	1	26	0.000164582	12152	1	FALSE	NA	NA	NA	NA	NA	NA
NC_045512.2	24341	T	C	12149	5840	50	1	1	68	8.2291e-05	12152	0.499979	FALSE	NA	NA	NA	NA	NA	NA
NC_045512.2	24342	T	C	12016	5779	48	2	2	30	0.000166417	12018	0.999087	FALSE	NA	NA	NA	NA	NA	NA
NC_045512.2	24343	T	A	12370	6164	49	1	0	26	8.08342e-05	12371	1	FALSE	NA	NA	NA	NA	NA	NA
NC_045512.2	24345	A	C	12187	6304	49	4	1	28	0.000328111	12191	1	FALSE	NA	NA	NA	NA	NA	NA
NC_045512.2	24346	T	C	12565	6450	51	1	1	68	7.95798e-05	12566	0.50002	FALSE	NA	NA	NA	NA	NA	NA
NC_045512.2	24347	A	T	12038	6120	51	3	2	26	0.000249149	12041	1	FALSE	NA	NA	NA	NA	NA	NA
NC_045512.2	24348	G	A	12169	6107	50	1	1	60	8.21693e-05	12170	0.500021	FALSE	NA	NA	NA	NA	NA	NA
NC_045512.2	24349	T	A	11247	5334	51	2	2	23	0.000177794	11249	1	FALSE	NA	NA	NA	NA	NA	NA
NC_045512.2	24350	G	T	11255	5327	51	2	2	30	0.000177588	11262	0.998292	FALSE	NA	NA	NA	NA	NA	NA
NC_045512.2	24350	G	C	11255	5327	51	5	3	29	0.000443971	11262	1	FALSE	NA	NA	NA	NA	NA	NA
NC_045512.2	24351	C	T	11191	5559	50	4	1	66	0.000357207	11198	0.0624609	FALSE	NA	NA	NA	NA	NA	NA
NC_045512.2	24351	C	G	11191	5559	50	3	0	26	0.000267905	11198	1	FALSE	NA	NA	NA	NA	NA	NA
NC_045512.2	24352	T	G	11066	5225	50	1	0	27	9.03424e-05	11069	1	FALSE	NA	NA	NA	NA	NA	NA
NC_045512.2	24352	T	C	11066	5225	50	2	2	51	0.000180685	11069	0.249989	FALSE	NA	NA	NA	NA	NA	NA
NC_045512.2	24353	A	T	11218	5578	51	3	1	29	0.000267356	11221	1	FALSE	NA	NA	NA	NA	NA	NA
NC_045512.2	24354	T	G	10734	4957	48	9	9	27	0.000837677	10744	1	FALSE	NA	NA	NA	NA	NA	NA
NC_045512.2	24354	T	C	10734	4957	48	1	1	60	9.30752e-05	10744	0.499814	FALSE	NA	NA	NA	NA	NA	NA
NC_045512.2	24356	G	C	11260	5530	51	1	0	34	8.88021e-05	11261	0.999757	FALSE	NA	NA	NA	NA	NA	NA
NC_045512.2	24357	G	T	10957	5261	50	2	2	30	0.000182465	10961	0.996831	FALSE	NA	NA	NA	NA	NA	NA
NC_045512.2	24357	G	A	10957	5261	50	2	1	34	0.000182465	10961	0.996831	FALSE	NA	NA	NA	NA	NA	NA
NC_045512.2	24359	A	C	11010	5397	50	1	0	34	9.08183e-05	11011	0.999757	FALSE	NA	NA	NA	NA	NA	NA
NC_045512.2	24360	A	T	11058	5625	51	2	1	30	0.000180783	11063	0.998294	FALSE	NA	NA	NA	NA	NA	NA
NC_045512.2	24360	A	C	11058	5625	51	3	0	33	0.000271174	11063	0.993541	FALSE	NA	NA	NA	NA	NA	NA
NC_045512.2	24361	A	T	10580	5682	48	1	1	34	9.45001e-05	10582	0.999513	FALSE	NA	NA	NA	NA	NA	NA
NC_045512.2	24361	A	G	10580	5682	48	1	0	27	9.45001e-05	10582	1	FALSE	NA	NA	NA	NA	NA	NA
NC_045512.2	24362	A	G	11585	5803	51	1	0	34	8.63036e-05	11587	0.999757	FALSE	NA	NA	NA	NA	NA	NA
NC_045512.2	24362	A	C	11585	5803	51	1	0	27	8.63036e-05	11587	1	FALSE	NA	NA	NA	NA	NA	NA
NC_045512.2	24363	T	G	11479	5683	51	1	1	26	8.7108e-05	11480	1	FALSE	NA	NA	NA	NA	NA	NA
NC_045512.2	24364	T	A	11493	5812	50	1	0	34	8.70019e-05	11494	0.999757	FALSE	NA	NA	NA	NA	NA	NA
NC_045512.2	24366	A	T	11299	5776	50	1	1	27	8.84721e-05	11303	1	FALSE	NA	NA	NA	NA	NA	NA
NC_045512.2	24366	A	G	11299	5776	50	2	2	64	0.000176944	11303	0.249967	FALSE	NA	NA	NA	NA	NA	NA
NC_045512.2	24366	A	C	11299	5776	50	1	0	27	8.84721e-05	11303	1	FALSE	NA	NA	NA	NA	NA	NA
NC_045512.2	24367	A	T	11329	5848	50	1	1	34	8.82457e-05	11332	0.999756	FALSE	NA	NA	NA	NA	NA	NA
NC_045512.2	24367	A	G	11329	5848	50	1	1	68	8.82457e-05	11332	0.499978	FALSE	NA	NA	NA	NA	NA	NA
NC_045512.2	24367	A	C	11329	5848	50	1	0	34	8.82457e-05	11332	0.999756	FALSE	NA	NA	NA	NA	NA	NA
NC_045512.2	24368	G	T	11449	5808	50	1	0	34	8.73362e-05	11450	0.999757	FALSE	NA	NA	NA	NA	NA	NA
NC_045512.2	24369	A	T	11372	5833	50	4	1	25	0.000351587	11377	1	FALSE	NA	NA	NA	NA	NA	NA
NC_045512.2	24369	A	G	11372	5833	50	1	0	46	8.78966e-05	11377	0.749945	FALSE	NA	NA	NA	NA	NA	NA
NC_045512.2	24370	C	G	11496	5966	50	2	0	26	0.000173943	11498	1	FALSE	NA	NA	NA	NA	NA	NA
NC_045512.2	24372	C	T	11125	5597	51	1	0	34	8.98715e-05	11127	0.999757	FALSE	NA	NA	NA	NA	NA	NA
NC_045512.2	24372	C	G	11125	5597	51	1	0	27	8.98715e-05	11127	1	FALSE	NA	NA	NA	NA	NA	NA
NC_045512.2	24373	A	G	10892	5598	49	2	0	57	0.000183503	10899	0.249897	FALSE	NA	NA	NA	NA	NA	NA
NC_045512.2	24373	A	C	10892	5598	49	5	0	28	0.000458758	10899	1	FALSE	NA	NA	NA	NA	NA	NA
NC_045512.2	24375	T	C	11315	5606	51	1	1	68	8.83704e-05	11316	0.500022	FALSE	NA	NA	NA	NA	NA	NA
NC_045512.2	24376	T	G	11405	5597	50	1	1	26	8.76501e-05	11409	1	FALSE	NA	NA	NA	NA	NA	NA
NC_045512.2	24376	T	C	11405	5597	50	1	1	68	8.76501e-05	11409	0.499956	FALSE	NA	NA	NA	NA	NA	NA
NC_045512.2	24376	T	A	11405	5597	50	2	0	25	0.0001753	11409	1	FALSE	NA	NA	NA	NA	NA	NA
NC_045512.2	24377	T	G	11260	5446	49	2	0	27	0.000177541	11265	1	FALSE	NA	NA	NA	NA	NA	NA
NC_045512.2	24377	T	C	11260	5446	49	1	0	34	8.87705e-05	11265	0.999756	FALSE	NA	NA	NA	NA	NA	NA
NC_045512.2	24377	T	A	11260	5446	49	2	0	27	0.000177541	11265	1	FALSE	NA	NA	NA	NA	NA	NA
NC_045512.2	24378	C	G	11529	5709	50	2	1	47	0.000173445	11531	0.500033	FALSE	NA	NA	NA	NA	NA	NA
NC_045512.2	24379	T	G	11500	5643	51	1	1	26	8.69338e-05	11503	1	FALSE	NA	NA	NA	NA	NA	NA
NC_045512.2	24379	T	C	11500	5643	51	1	0	34	8.69338e-05	11503	0.999756	FALSE	NA	NA	NA	NA	NA	NA
NC_045512.2	24379	T	A	11500	5643	51	1	1	26	8.69338e-05	11503	1	FALSE	NA	NA	NA	NA	NA	NA
NC_045512.2	24380	T	A	11572	5808	51	1	0	26	8.6408e-05	11573	1	FALSE	NA	NA	NA	NA	NA	NA
NC_045512.2	24381	C	A	11435	5780	50	1	0	27	8.74432e-05	11436	1	FALSE	NA	NA	NA	NA	NA	NA
NC_045512.2	24382	C	G	11359	5773	50	1	0	26	8.80282e-05	11360	1	FALSE	NA	NA	NA	NA	NA	NA
NC_045512.2	24383	A	T	11108	5640	50	1	1	34	8.99928e-05	11112	0.999756	FALSE	NA	NA	NA	NA	NA	NA
NC_045512.2	24383	A	G	11108	5640	50	1	0	24	8.99928e-05	11112	1	FALSE	NA	NA	NA	NA	NA	NA
NC_045512.2	24383	A	C	11108	5640	50	2	0	26	0.000179986	11112	1	FALSE	NA	NA	NA	NA	NA	NA
NC_045512.2	24384	C	G	11398	5674	50	2	0	27	0.000175423	11401	1	FALSE	NA	NA	NA	NA	NA	NA
NC_045512.2	24384	C	A	11398	5674	50	1	0	34	8.77116e-05	11401	0.999756	FALSE	NA	NA	NA	NA	NA	NA
NC_045512.2	24385	A	T	11046	5470	50	2	1	30	0.000181012	11049	0.998295	FALSE	NA	NA	NA	NA	NA	NA
NC_045512.2	24385	A	G	11046	5470	50	1	1	60	9.05059e-05	11049	0.499977	FALSE	NA	NA	NA	NA	NA	NA
NC_045512.2	24385	A	-G	11046	5470	50	2	0	20	0.000181012	11049	1	FALSE	NA	NA	NA	NA	NA	NA
NC_045512.2	24386	G	C	11176	5439	50	3	0	29	0.000268336	11180	1	FALSE	NA	NA	NA	NA	NA	NA
NC_045512.2	24386	G	A	11176	5439	50	1	1	34	8.94454e-05	11180	0.999756	FALSE	NA	NA	NA	NA	NA	NA
NC_045512.2	24388	A	C	11218	5542	49	1	0	34	8.91345e-05	11219	0.999757	FALSE	NA	NA	NA	NA	NA	NA
NC_045512.2	24389	A	G	11224	5636	49	1	0	26	8.90789e-05	11226	1	FALSE	NA	NA	NA	NA	NA	NA
NC_045512.2	24389	A	C	11224	5636	49	1	0	27	8.90789e-05	11226	1	FALSE	NA	NA	NA	NA	NA	NA
NC_045512.2	24390	G	T	11217	5640	50	2	1	30	0.000178221	11222	0.998294	FALSE	NA	NA	NA	NA	NA	NA
NC_045512.2	24390	G	C	11217	5640	50	2	1	26	0.000178221	11222	1	FALSE	NA	NA	NA	NA	NA	NA
NC_045512.2	24390	G	A	11217	5640	50	1	1	34	8.91107e-05	11222	0.999756	FALSE	NA	NA	NA	NA	NA	NA
NC_045512.2	24392	G	A	11141	5567	49	1	0	68	8.97505e-05	11142	0.500022	FALSE	NA	NA	NA	NA	NA	NA
NC_045512.2	24393	C	T	10950	5548	49	1	0	68	9.12992e-05	10953	0.499977	FALSE	NA	NA	NA	NA	NA	NA
NC_045512.2	24393	C	G	10950	5548	49	2	0	25	0.000182598	10953	1	FALSE	NA	NA	NA	NA	NA	NA
NC_045512.2	24394	A	T	10886	5531	49	1	1	26	9.18189e-05	10891	1	FALSE	NA	NA	NA	NA	NA	NA
NC_045512.2	24394	A	G	10886	5531	49	1	0	68	9.18189e-05	10891	0.499931	FALSE	NA	NA	NA	NA	NA	NA
NC_045512.2	24394	A	C	10886	5531	49	3	1	29	0.000275457	10891	1	FALSE	NA	NA	NA	NA	NA	NA
NC_045512.2	24395	C	G	10950	5553	50	1	0	34	9.13075e-05	10952	0.999513	FALSE	NA	NA	NA	NA	NA	NA
NC_045512.2	24395	C	A	10950	5553	50	1	0	26	9.13075e-05	10952	1	FALSE	NA	NA	NA	NA	NA	NA
NC_045512.2	24396	T	G	10445	5098	49	4	3	39	0.000382775	10450	0.971354	FALSE	NA	NA	NA	NA	NA	NA
NC_045512.2	24396	T	C	10445	5098	49	1	1	24	9.56938e-05	10450	1	FALSE	NA	NA	NA	NA	NA	NA
NC_045512.2	24397	T	G	10562	5288	49	1	1	20	9.46522e-05	10565	1	FALSE	NA	NA	NA	NA	NA	NA
NC_045512.2	24397	T	C	10562	5288	49	2	2	30	0.000189304	10565	0.996833	FALSE	NA	NA	NA	NA	NA	NA
NC_045512.2	24398	G	T	10534	5206	49	1	1	26	9.49217e-05	10535	1	FALSE	NA	NA	NA	NA	NA	NA
NC_045512.2	24399	G	T	10464	5253	50	1	1	26	9.55475e-05	10466	1	FALSE	NA	NA	NA	NA	NA	NA
NC_045512.2	24399	G	C	10464	5253	50	1	0	26	9.55475e-05	10466	1	FALSE	NA	NA	NA	NA	NA	NA
NC_045512.2	24400	A	T	10678	5411	50	1	1	26	9.36417e-05	10679	1	FALSE	NA	NA	NA	NA	NA	NA
NC_045512.2	24401	A	C	10540	5440	49	2	0	26	0.000189717	10542	1	FALSE	NA	NA	NA	NA	NA	NA
NC_045512.2	24402	A	T	10541	5415	50	1	0	34	9.48407e-05	10544	0.999513	FALSE	NA	NA	NA	NA	NA	NA
NC_045512.2	24402	A	G	10541	5415	50	1	0	38	9.48407e-05	10544	0.999513	FALSE	NA	NA	NA	NA	NA	NA
NC_045512.2	24402	A	C	10541	5415	50	1	0	26	9.48407e-05	10544	1	FALSE	NA	NA	NA	NA	NA	NA
NC_045512.2	24403	A	C	10192	5437	48	4	0	30	0.000392311	10196	0.971367	FALSE	NA	NA	NA	NA	NA	NA
NC_045512.2	24404	C	A	10491	5452	49	2	1	26	0.000190603	10493	1	FALSE	NA	NA	NA	NA	NA	NA
NC_045512.2	24405	T	G	10312	5183	49	2	2	34	0.000193892	10315	0.996833	FALSE	NA	NA	NA	NA	NA	NA
NC_045512.2	24405	T	A	10312	5183	49	1	1	34	9.69462e-05	10315	0.999513	FALSE	NA	NA	NA	NA	NA	NA
NC_045512.2	24406	T	C	10507	5493	50	2	1	47	0.000190313	10509	0.500036	FALSE	NA	NA	NA	NA	NA	NA
NC_045512.2	24407	C	T	10445	5507	50	1	0	68	9.57121e-05	10448	0.499976	FALSE	NA	NA	NA	NA	NA	NA
NC_045512.2	24407	C	A	10445	5507	50	2	0	30	0.000191424	10448	0.996833	FALSE	NA	NA	NA	NA	NA	NA
NC_045512.2	24408	A	G	10419	5450	50	1	1	60	9.59509e-05	10422	0.499976	FALSE	NA	NA	NA	NA	NA	NA
NC_045512.2	24408	A	C	10419	5450	50	2	0	30	0.000191902	10422	0.996833	FALSE	NA	NA	NA	NA	NA	NA
NC_045512.2	24409	A	C	10142	5547	48	14	0	28	0.0013785	10156	1	FALSE	NA	NA	NA	NA	NA	NA
NC_045512.2	24410	G	C	10459	5506	50	1	0	27	9.56023e-05	10460	1	FALSE	NA	NA	NA	NA	NA	NA
NC_045512.2	24411	A	T	10237	5594	48	3	1	29	0.00029294	10241	1	FALSE	NA	NA	NA	NA	NA	NA
NC_045512.2	24411	A	C	10237	5594	48	1	1	26	9.76467e-05	10241	1	FALSE	NA	NA	NA	NA	NA	NA
NC_045512.2	24412	T	A	10290	5401	50	1	0	26	9.71723e-05	10291	1	FALSE	NA	NA	NA	NA	NA	NA
NC_045512.2	24414	T	G	9827	5118	50	1	0	34	0.000101719	9831	0.999025	FALSE	NA	NA	NA	NA	NA	NA
NC_045512.2	24414	T	C	9827	5118	50	2	2	46	0.000203438	9831	0.249962	FALSE	NA	NA	NA	NA	NA	NA
NC_045512.2	24414	T	A	9827	5118	50	1	0	27	0.000101719	9831	1	FALSE	NA	NA	NA	NA	NA	NA
NC_045512.2	24415	G	C	9701	4975	50	1	1	34	0.000103072	9702	0.999026	FALSE	NA	NA	NA	NA	NA	NA
NC_045512.2	24416	G	T	9762	5141	49	2	2	25	0.000204813	9765	1	FALSE	NA	NA	NA	NA	NA	NA
NC_045512.2	24416	G	A	9762	5141	49	1	0	38	0.000102407	9765	0.999025	FALSE	NA	NA	NA	NA	NA	NA
NC_045512.2	24417	T	C	9726	5038	49	2	0	34	0.000205571	9729	0.994152	FALSE	NA	NA	NA	NA	NA	NA
NC_045512.2	24417	T	A	9726	5038	49	1	0	34	0.000102785	9729	0.999025	FALSE	NA	NA	NA	NA	NA	NA
NC_045512.2	24418	C	G	9756	5195	50	1	0	60	0.000102491	9757	0.500026	FALSE	NA	NA	NA	NA	NA	NA
NC_045512.2	24420	A	C	10862	6141	45	6	0	31	0.000552079	10868	0.895061	FALSE	NA	NA	NA	NA	NA	NA
NC_045512.2	24421	C	A	12022	6102	47	2	0	27	0.000166334	12024	1	FALSE	NA	NA	NA	NA	NA	NA
NC_045512.2	24422	C	T	11904	6094	47	1	0	68	8.39913e-05	11906	0.5	FALSE	NA	NA	NA	NA	NA	NA
NC_045512.2	24422	C	G	11904	6094	47	1	1	20	8.39913e-05	11906	1	FALSE	NA	NA	NA	NA	NA	NA
NC_045512.2	24424	A	T	7	4	30	11641	5752	46	0.999227	11650	0	TRUE	NA	NA	NA	NA	NA	NA
NC_045512.2	24424	A	C	7	4	30	2	0	34	0.000171674	11650	4.11437e-05	TRUE	NA	NA	NA	NA	NA	NA
NC_045512.2	24424	A	+T	7	4	30	2	0	20	0.000171674	11650	0.00349116	TRUE	NA	NA	NA	NA	NA	NA
NC_045512.2	24425	A	T	11831	5895	47	1	0	34	8.45166e-05	11832	0.999757	FALSE	NA	NA	NA	NA	NA	NA
NC_045512.2	24427	T	G	11878	5854	47	1	1	34	8.41751e-05	11880	0.999757	FALSE	NA	NA	NA	NA	NA	NA
NC_045512.2	24427	T	C	11878	5854	47	1	1	26	8.41751e-05	11880	1	FALSE	NA	NA	NA	NA	NA	NA
NC_045512.2	24428	G	T	11813	5883	46	1	1	26	8.4631e-05	11816	1	FALSE	NA	NA	NA	NA	NA	NA
NC_045512.2	24428	G	C	11813	5883	46	1	0	27	8.4631e-05	11816	1	FALSE	NA	NA	NA	NA	NA	NA
NC_045512.2	24428	G	A	11813	5883	46	1	0	27	8.4631e-05	11816	1	FALSE	NA	NA	NA	NA	NA	NA
NC_045512.2	24429	C	A	11471	5783	46	5	0	28	0.000435692	11476	1	FALSE	NA	NA	NA	NA	NA	NA
NC_045512.2	24430	A	C	11063	5437	46	1	0	34	9.03832e-05	11064	0.999757	FALSE	NA	NA	NA	NA	NA	NA
NC_045512.2	24431	C	T	11153	5415	47	1	1	68	8.96379e-05	11156	0.499978	FALSE	NA	NA	NA	NA	NA	NA
NC_045512.2	24431	C	G	11153	5415	47	2	0	26	0.000179276	11156	1	FALSE	NA	NA	NA	NA	NA	NA
NC_045512.2	24432	A	T	11121	5300	47	1	1	34	8.99038e-05	11123	0.999757	FALSE	NA	NA	NA	NA	NA	NA
NC_045512.2	24432	A	C	11121	5300	47	1	0	34	8.99038e-05	11123	0.999757	FALSE	NA	NA	NA	NA	NA	NA
NC_045512.2	24433	A	T	11159	5384	47	2	0	34	0.000179131	11165	0.998293	FALSE	NA	NA	NA	NA	NA	NA
NC_045512.2	24433	A	C	11159	5384	47	4	0	30	0.000358262	11165	0.982444	FALSE	NA	NA	NA	NA	NA	NA
NC_045512.2	24434	G	T	11944	5407	46	1	0	34	8.3689e-05	11949	0.999756	FALSE	NA	NA	NA	NA	NA	NA
NC_045512.2	24434	G	C	11944	5407	46	4	0	28	0.000334756	11949	1	FALSE	NA	NA	NA	NA	NA	NA
NC_045512.2	24435	C	G	12195	5896	45	1	1	26	8.19807e-05	12198	1	FALSE	NA	NA	NA	NA	NA	NA
NC_045512.2	24435	C	A	12195	5896	45	2	0	27	0.000163961	12198	1	FALSE	NA	NA	NA	NA	NA	NA
NC_045512.2	24436	T	G	12046	5636	46	2	2	23	0.000165989	12049	1	FALSE	NA	NA	NA	NA	NA	NA
NC_045512.2	24436	T	C	12046	5636	46	1	1	34	8.29944e-05	12049	0.999878	FALSE	NA	NA	NA	NA	NA	NA
NC_045512.2	24437	T	A	12093	5830	46	3	1	34	0.000248016	12096	0.996318	FALSE	NA	NA	NA	NA	NA	NA
NC_045512.2	24439	A	T	12308	6051	47	1	0	34	8.12282e-05	12311	0.999878	FALSE	NA	NA	NA	NA	NA	NA
NC_045512.2	24439	A	G	12308	6051	47	2	1	34	0.000162456	12311	0.999087	FALSE	NA	NA	NA	NA	NA	NA
NC_045512.2	24440	A	C	11959	6114	46	5	1	36	0.00041792	11964	0.961656	FALSE	NA	NA	NA	NA	NA	NA
NC_045512.2	24441	A	T	9320	4215	46	1	1	26	0.000107262	9323	1	FALSE	NA	NA	NA	NA	NA	NA
NC_045512.2	24441	A	C	9320	4215	46	2	1	30	0.000214523	9323	0.994152	FALSE	NA	NA	NA	NA	NA	NA
NC_045512.2	24442	C	G	9672	4247	47	1	0	26	0.000103348	9676	1	FALSE	NA	NA	NA	NA	NA	NA
NC_045512.2	24442	C	A	9672	4247	47	3	0	26	0.000310045	9676	1	FALSE	NA	NA	NA	NA	NA	NA
NC_045512.2	24444	C	G	9777	4263	47	2	0	26	0.00020452	9779	1	FALSE	NA	NA	NA	NA	NA	NA
NC_045512.2	24445	G	C	9680	4189	46	2	0	23	0.000206569	9682	1	FALSE	NA	NA	NA	NA	NA	NA
NC_045512.2	24446	C	G	9771	4272	46	3	3	31	0.000306937	9774	0.98075	FALSE	NA	NA	NA	NA	NA	NA
NC_045512.2	24447	T	C	9773	4234	47	1	1	34	0.000102291	9776	0.999025	FALSE	NA	NA	NA	NA	NA	NA
NC_045512.2	24447	T	A	9773	4234	47	2	1	26	0.000204583	9776	1	FALSE	NA	NA	NA	NA	NA	NA
NC_045512.2	24448	T	G	9942	4361	46	1	0	27	0.000100563	9944	1	FALSE	NA	NA	NA	NA	NA	NA
NC_045512.2	24448	T	A	9942	4361	46	1	0	26	0.000100563	9944	1	FALSE	NA	NA	NA	NA	NA	NA
NC_045512.2	24449	G	T	9936	4258	46	3	3	29	0.000301841	9939	1	FALSE	NA	NA	NA	NA	NA	NA
NC_045512.2	24450	T	G	10066	4325	47	3	3	28	0.000297944	10069	1	FALSE	NA	NA	NA	NA	NA	NA
NC_045512.2	24453	A	C	10083	4717	46	2	1	47	0.000198314	10085	0.500037	FALSE	NA	NA	NA	NA	NA	NA
NC_045512.2	24454	A	G	10134	4739	47	3	0	26	0.000295887	10139	1	FALSE	NA	NA	NA	NA	NA	NA
NC_045512.2	24454	A	C	10134	4739	47	2	2	27	0.000197258	10139	1	FALSE	NA	NA	NA	NA	NA	NA
NC_045512.2	24456	A	T	10412	4838	47	1	0	34	9.60246e-05	10414	0.999513	FALSE	NA	NA	NA	NA	NA	NA
NC_045512.2	24456	A	C	10412	4838	47	1	1	34	9.60246e-05	10414	0.999513	FALSE	NA	NA	NA	NA	NA	NA
NC_045512.2	24457	A	C	10652	4932	47	2	0	34	0.000187723	10654	0.996834	FALSE	NA	NA	NA	NA	NA	NA
NC_045512.2	24458	C	A	10639	4975	47	2	0	30	0.000187952	10641	0.996834	FALSE	NA	NA	NA	NA	NA	NA
NC_045512.2	24459	T	G	10340	4509	46	11	11	30	0.0010627	10351	0.500089	FALSE	NA	NA	NA	NA	NA	NA
NC_045512.2	24460	T	A	10590	4870	47	1	1	26	9.44198e-05	10591	1	FALSE	NA	NA	NA	NA	NA	NA
NC_045512.2	24461	A	C	10691	5040	47	1	1	27	9.35279e-05	10692	1	FALSE	NA	NA	NA	NA	NA	NA
NC_045512.2	24462	G	T	10732	4892	47	1	1	34	9.31619e-05	10734	0.999513	FALSE	NA	NA	NA	NA	NA	NA
NC_045512.2	24462	G	C	10732	4892	47	1	1	26	9.31619e-05	10734	1	FALSE	NA	NA	NA	NA	NA	NA
NC_045512.2	24463	C	T	10760	5135	47	2	1	51	0.000185805	10764	0.249965	FALSE	NA	NA	NA	NA	NA	NA
NC_045512.2	24463	C	G	10760	5135	47	1	1	34	9.29023e-05	10764	0.999512	FALSE	NA	NA	NA	NA	NA	NA
NC_045512.2	24463	C	A	10760	5135	47	1	0	26	9.29023e-05	10764	1	FALSE	NA	NA	NA	NA	NA	NA
NC_045512.2	24464	T	C	11016	5125	48	1	0	68	9.07606e-05	11018	0.5	FALSE	NA	NA	NA	NA	NA	NA
NC_045512.2	24464	T	A	11016	5125	48	1	1	60	9.07606e-05	11018	0.5	FALSE	NA	NA	NA	NA	NA	NA
NC_045512.2	24465	C	A	10736	4984	47	1	1	34	9.31359e-05	10737	0.999513	FALSE	NA	NA	NA	NA	NA	NA
NC_045512.2	24466	C	G	10908	5212	48	1	0	27	9.16506e-05	10911	1	FALSE	NA	NA	NA	NA	NA	NA
NC_045512.2	24466	C	A	10908	5212	48	2	0	26	0.000183301	10911	1	FALSE	NA	NA	NA	NA	NA	NA
NC_045512.2	24468	A	T	10294	5226	45	1	1	20	9.70403e-05	10305	1	FALSE	NA	NA	NA	NA	NA	NA
NC_045512.2	24468	A	G	10294	5226	45	1	0	27	9.70403e-05	10305	1	FALSE	NA	NA	NA	NA	NA	NA
NC_045512.2	24468	A	C	10294	5226	45	9	0	28	0.000873362	10305	1	FALSE	NA	NA	NA	NA	NA	NA
NC_045512.2	24469	T	G	2	2	30	2	0	26	0.000185787	10765	0.000601173	TRUE	NA	NA	NA	NA	NA	NA
NC_045512.2	24469	T	C	2	2	30	2	0	30	0.000185787	10765	6.82272e-06	TRUE	NA	NA	NA	NA	NA	NA
NC_045512.2	24469	T	A	2	2	30	10759	5225	47	0.999443	10765	0	TRUE	NA	NA	NA	NA	NA	NA
NC_045512.2	24470	T	G	10746	5082	47	3	3	26	0.000279096	10749	1	FALSE	NA	NA	NA	NA	NA	NA
NC_045512.2	24471	T	G	10548	4831	46	9	9	25	0.000852434	10558	1	FALSE	NA	NA	NA	NA	NA	NA
NC_045512.2	24471	T	C	10548	4831	46	1	1	27	9.47149e-05	10558	1	FALSE	NA	NA	NA	NA	NA	NA
NC_045512.2	24472	T	G	10990	5307	48	1	0	26	9.0967e-05	10993	1	FALSE	NA	NA	NA	NA	NA	NA
NC_045512.2	24472	T	C	10990	5307	48	1	0	68	9.0967e-05	10993	0.499977	FALSE	NA	NA	NA	NA	NA	NA
NC_045512.2	24472	T	A	10990	5307	48	1	0	26	9.0967e-05	10993	1	FALSE	NA	NA	NA	NA	NA	NA
NC_045512.2	24473	G	T	10793	5122	47	1	1	26	9.26183e-05	10797	1	FALSE	NA	NA	NA	NA	NA	NA
NC_045512.2	24473	G	C	10793	5122	47	3	3	28	0.000277855	10797	1	FALSE	NA	NA	NA	NA	NA	NA
NC_045512.2	24474	G	C	10909	5255	47	1	1	27	9.1659e-05	10910	1	FALSE	NA	NA	NA	NA	NA	NA
NC_045512.2	24475	T	G	10762	5032	47	2	1	26	0.00018577	10766	1	FALSE	NA	NA	NA	NA	NA	NA
NC_045512.2	24475	T	C	10762	5032	47	1	1	34	9.2885e-05	10766	0.999512	FALSE	NA	NA	NA	NA	NA	NA
NC_045512.2	24475	T	A	10762	5032	47	1	1	34	9.2885e-05	10766	0.999512	FALSE	NA	NA	NA	NA	NA	NA
NC_045512.2	24476	G	T	10981	5242	48	1	1	26	9.10249e-05	10986	1	FALSE	NA	NA	NA	NA	NA	NA
NC_045512.2	24476	G	C	10981	5242	48	3	1	27	0.000273075	10986	1	FALSE	NA	NA	NA	NA	NA	NA
NC_045512.2	24476	G	A	10981	5242	48	1	1	68	9.10249e-05	10986	0.499909	FALSE	NA	NA	NA	NA	NA	NA
NC_045512.2	24477	C	T	10966	5436	48	1	1	34	9.11743e-05	10968	0.999513	FALSE	NA	NA	NA	NA	NA	NA
NC_045512.2	24477	C	G	10966	5436	48	1	0	34	9.11743e-05	10968	0.999513	FALSE	NA	NA	NA	NA	NA	NA
NC_045512.2	24478	A	G	11174	5433	48	1	0	27	8.94614e-05	11178	1	FALSE	NA	NA	NA	NA	NA	NA
NC_045512.2	24478	A	C	11174	5433	48	3	1	29	0.000268384	11178	1	FALSE	NA	NA	NA	NA	NA	NA
NC_045512.2	24479	A	G	11325	5528	48	1	1	60	8.82379e-05	11333	0.499868	FALSE	NA	NA	NA	NA	NA	NA
NC_045512.2	24479	A	C	11325	5528	48	7	1	28	0.000617665	11333	1	FALSE	NA	NA	NA	NA	NA	NA
NC_045512.2	24480	T	G	11429	5490	49	2	1	26	0.000174948	11432	1	FALSE	NA	NA	NA	NA	NA	NA
NC_045512.2	24480	T	C	11429	5490	49	1	1	26	8.74738e-05	11432	1	FALSE	NA	NA	NA	NA	NA	NA
NC_045512.2	24481	T	G	11288	5322	48	3	3	26	0.000265675	11292	1	FALSE	NA	NA	NA	NA	NA	NA
NC_045512.2	24481	T	C	11288	5322	48	1	0	34	8.85583e-05	11292	0.999756	FALSE	NA	NA	NA	NA	NA	NA
NC_045512.2	24483	C	A	11346	5585	49	1	0	34	8.8129e-05	11347	0.999757	FALSE	NA	NA	NA	NA	NA	NA
NC_045512.2	24484	A	T	11163	5501	48	2	2	34	0.000179099	11167	0.998294	FALSE	NA	NA	NA	NA	NA	NA
NC_045512.2	24484	A	C	11163	5501	48	2	0	26	0.000179099	11167	1	FALSE	NA	NA	NA	NA	NA	NA
NC_045512.2	24485	A	G	10940	5663	47	1	0	26	9.13325e-05	10949	1	FALSE	NA	NA	NA	NA	NA	NA
NC_045512.2	24485	A	C	10940	5663	47	8	0	29	0.00073066	10949	1	FALSE	NA	NA	NA	NA	NA	NA
NC_045512.2	24487	T	G	11163	5467	49	1	1	26	8.95576e-05	11166	1	FALSE	NA	NA	NA	NA	NA	NA
NC_045512.2	24487	T	A	11163	5467	49	2	0	30	0.000179115	11166	0.998295	FALSE	NA	NA	NA	NA	NA	NA
NC_045512.2	24488	G	T	11565	5520	49	2	1	30	0.000172906	11567	0.998296	FALSE	NA	NA	NA	NA	NA	NA
NC_045512.2	24489	T	G	11333	5376	48	3	3	26	0.000264644	11336	1	FALSE	NA	NA	NA	NA	NA	NA
NC_045512.2	24490	T	G	11050	5125	47	6	6	26	0.000542643	11057	1	FALSE	NA	NA	NA	NA	NA	NA
NC_045512.2	24490	T	A	11050	5125	47	1	0	34	9.04404e-05	11057	0.999756	FALSE	NA	NA	NA	NA	NA	NA
NC_045512.2	24491	T	G	11413	5778	48	1	1	26	8.76117e-05	11414	1	FALSE	NA	NA	NA	NA	NA	NA
NC_045512.2	24492	T	G	11401	5745	48	3	3	28	0.000263043	11405	1	FALSE	NA	NA	NA	NA	NA	NA
NC_045512.2	24492	T	C	11401	5745	48	1	0	68	8.76808e-05	11405	0.499956	FALSE	NA	NA	NA	NA	NA	NA
NC_045512.2	24493	A	G	11485	5835	48	1	0	34	8.70549e-05	11487	0.999757	FALSE	NA	NA	NA	NA	NA	NA
NC_045512.2	24493	A	C	11485	5835	48	1	1	27	8.70549e-05	11487	1	FALSE	NA	NA	NA	NA	NA	NA
NC_045512.2	24494	A	T	11266	5869	47	1	1	26	8.8739e-05	11269	1	FALSE	NA	NA	NA	NA	NA	NA
NC_045512.2	24494	A	G	11266	5869	47	1	1	68	8.8739e-05	11269	0.499978	FALSE	NA	NA	NA	NA	NA	NA
NC_045512.2	24494	A	C	11266	5869	47	1	0	26	8.8739e-05	11269	1	FALSE	NA	NA	NA	NA	NA	NA
NC_045512.2	24495	A	T	11518	5943	47	3	3	26	0.000260394	11521	1	FALSE	NA	NA	NA	NA	NA	NA
NC_045512.2	24496	T	C	11818	5947	48	2	1	40	0.000169205	11820	0.500032	FALSE	NA	NA	NA	NA	NA	NA
NC_045512.2	24497	G	T	11275	5568	48	1	1	26	8.86761e-05	11277	1	FALSE	NA	NA	NA	NA	NA	NA
NC_045512.2	24497	G	C	11275	5568	48	1	1	27	8.86761e-05	11277	1	FALSE	NA	NA	NA	NA	NA	NA
NC_045512.2	24499	T	C	11261	5498	47	1	1	34	8.87942e-05	11262	0.999757	FALSE	NA	NA	NA	NA	NA	NA
NC_045512.2	24500	A	T	11013	5687	46	3	0	26	0.000272331	11016	1	FALSE	NA	NA	NA	NA	NA	NA
NC_045512.2	24502	C	G	11684	5677	47	1	0	34	8.55798e-05	11685	0.999757	FALSE	NA	NA	NA	NA	NA	NA
NC_045512.2	24503	C	A	11584	5756	47	2	0	26	0.000172622	11586	1	FALSE	NA	NA	NA	NA	NA	NA
NC_045512.2	24504	T	G	11534	5389	48	2	2	26	0.00017337	11536	1	FALSE	NA	NA	NA	NA	NA	NA
NC_045512.2	24505	T	G	11099	5053	46	5	5	27	0.000450248	11105	1	FALSE	NA	NA	NA	NA	NA	NA
NC_045512.2	24505	T	A	11099	5053	46	1	0	20	9.00495e-05	11105	1	FALSE	NA	NA	NA	NA	NA	NA
NC_045512.2	24506	T	C	11730	5719	49	1	0	38	8.52442e-05	11731	0.999757	FALSE	NA	NA	NA	NA	NA	NA
NC_045512.2	24507	C	T	11660	5778	49	1	1	60	8.57486e-05	11662	0.5	FALSE	NA	NA	NA	NA	NA	NA
NC_045512.2	24507	C	A	11660	5778	49	1	0	26	8.57486e-05	11662	1	FALSE	NA	NA	NA	NA	NA	NA
NC_045512.2	24508	A	T	11293	5688	47	1	1	20	8.85112e-05	11298	1	FALSE	NA	NA	NA	NA	NA	NA
NC_045512.2	24508	A	G	11293	5688	47	1	0	60	8.85112e-05	11298	0.499934	FALSE	NA	NA	NA	NA	NA	NA
NC_045512.2	24508	A	C	11293	5688	47	3	1	22	0.000265534	11298	1	FALSE	NA	NA	NA	NA	NA	NA
NC_045512.2	24509	C	T	11841	5803	48	1	0	34	8.44309e-05	11844	0.999756	FALSE	NA	NA	NA	NA	NA	NA
NC_045512.2	24509	C	G	11841	5803	48	1	0	26	8.44309e-05	11844	1	FALSE	NA	NA	NA	NA	NA	NA
NC_045512.2	24509	C	A	11841	5803	48	1	0	26	8.44309e-05	11844	1	FALSE	NA	NA	NA	NA	NA	NA
NC_045512.2	24510	G	A	11829	5804	49	1	0	34	8.45309e-05	11830	0.999757	FALSE	NA	NA	NA	NA	NA	NA
NC_045512.2	24511	T	A	11333	5382	48	5	5	26	0.000440995	11338	1	FALSE	NA	NA	NA	NA	NA	NA
NC_045512.2	24513	T	G	10522	4655	46	15	15	28	0.00142356	10537	1	FALSE	NA	NA	NA	NA	NA	NA
NC_045512.2	24514	T	C	11539	5814	49	2	1	34	0.00017328	11542	0.998295	FALSE	NA	NA	NA	NA	NA	NA
NC_045512.2	24514	T	A	11539	5814	49	1	0	26	8.66401e-05	11542	1	FALSE	NA	NA	NA	NA	NA	NA
NC_045512.2	24516	A	C	11741	5972	49	1	0	26	8.51644e-05	11742	1	FALSE	NA	NA	NA	NA	NA	NA
NC_045512.2	24517	C	T	11627	5967	49	1	1	60	8.59919e-05	11629	0.5	FALSE	NA	NA	NA	NA	NA	NA
NC_045512.2	24517	C	A	11627	5967	49	1	0	34	8.59919e-05	11629	0.999757	FALSE	NA	NA	NA	NA	NA	NA
NC_045512.2	24518	A	T	11454	5958	49	4	1	23	0.000349071	11459	1	FALSE	NA	NA	NA	NA	NA	NA
NC_045512.2	24518	A	G	11454	5958	49	1	0	34	8.72676e-05	11459	0.999756	FALSE	NA	NA	NA	NA	NA	NA
NC_045512.2	24519	A	C	11532	5921	49	2	1	27	0.0001734	11534	1	FALSE	NA	NA	NA	NA	NA	NA
NC_045512.2	24520	A	T	11462	6000	48	1	1	34	8.71612e-05	11473	0.999755	FALSE	NA	NA	NA	NA	NA	NA
NC_045512.2	24520	A	C	11462	6000	48	10	0	30	0.000871612	11473	0.668261	FALSE	NA	NA	NA	NA	NA	NA
NC_045512.2	24521	G	C	12058	6057	49	1	0	27	8.29256e-05	12059	1	FALSE	NA	NA	NA	NA	NA	NA
NC_045512.2	24522	T	G	11469	5475	47	5	5	27	0.00043573	11475	1	FALSE	NA	NA	NA	NA	NA	NA
NC_045512.2	24522	T	C	11469	5475	47	1	1	20	8.7146e-05	11475	1	FALSE	NA	NA	NA	NA	NA	NA
NC_045512.2	24523	T	G	11928	6015	50	1	1	26	8.38223e-05	11930	1	FALSE	NA	NA	NA	NA	NA	NA
NC_045512.2	24523	T	C	11928	6015	50	1	0	60	8.38223e-05	11930	0.5	FALSE	NA	NA	NA	NA	NA	NA
NC_045512.2	24524	G	C	11912	6057	50	1	0	27	8.39419e-05	11913	1	FALSE	NA	NA	NA	NA	NA	NA
NC_045512.2	24525	A	G	11987	6093	49	2	1	51	0.00016682	11989	0.25001	FALSE	NA	NA	NA	NA	NA	NA
NC_045512.2	24526	G	T	11953	6006	49	1	0	34	8.3633e-05	11957	0.999756	FALSE	NA	NA	NA	NA	NA	NA
NC_045512.2	24526	G	C	11953	6006	49	3	1	29	0.000250899	11957	1	FALSE	NA	NA	NA	NA	NA	NA
NC_045512.2	24527	G	T	11831	6087	49	1	1	26	8.45094e-05	11833	1	FALSE	NA	NA	NA	NA	NA	NA
NC_045512.2	24527	G	C	11831	6087	49	1	0	20	8.45094e-05	11833	1	FALSE	NA	NA	NA	NA	NA	NA
NC_045512.2	24529	T	C	11720	6080	50	1	1	46	8.53097e-05	11722	0.750011	FALSE	NA	NA	NA	NA	NA	NA
NC_045512.2	24529	T	A	11720	6080	50	1	1	26	8.53097e-05	11722	1	FALSE	NA	NA	NA	NA	NA	NA
NC_045512.2	24530	G	T	11482	5886	50	1	1	27	8.70853e-05	11483	1	FALSE	NA	NA	NA	NA	NA	NA
NC_045512.2	24531	A	T	11509	5932	50	1	1	34	8.68734e-05	11511	0.999757	FALSE	NA	NA	NA	NA	NA	NA
NC_045512.2	24531	A	G	11509	5932	50	1	1	34	8.68734e-05	11511	0.999757	FALSE	NA	NA	NA	NA	NA	NA
NC_045512.2	24532	A	G	11424	6005	50	1	1	68	8.75197e-05	11426	0.5	FALSE	NA	NA	NA	NA	NA	NA
NC_045512.2	24532	A	C	11424	6005	50	1	0	27	8.75197e-05	11426	1	FALSE	NA	NA	NA	NA	NA	NA
NC_045512.2	24533	G	T	11755	5996	50	1	1	34	8.50485e-05	11758	0.999756	FALSE	NA	NA	NA	NA	NA	NA
NC_045512.2	24533	G	C	11755	5996	50	2	2	27	0.000170097	11758	1	FALSE	NA	NA	NA	NA	NA	NA
NC_045512.2	24534	T	A	11512	5805	50	1	0	26	8.68583e-05	11513	1	FALSE	NA	NA	NA	NA	NA	NA
NC_045512.2	24535	G	A	11445	5762	49	1	1	34	8.73668e-05	11446	0.999757	FALSE	NA	NA	NA	NA	NA	NA
NC_045512.2	24536	C	T	11427	5979	49	1	0	68	8.74967e-05	11429	0.5	FALSE	NA	NA	NA	NA	NA	NA
NC_045512.2	24536	C	A	11427	5979	49	1	0	27	8.74967e-05	11429	1	FALSE	NA	NA	NA	NA	NA	NA
NC_045512.2	24537	A	G	11547	5974	50	2	2	64	0.000173175	11549	0.250011	FALSE	NA	NA	NA	NA	NA	NA
NC_045512.2	24538	A	T	11528	6041	50	2	1	26	0.000173461	11530	1	FALSE	NA	NA	NA	NA	NA	NA
NC_045512.2	24539	A	T	10402	6099	45	1	1	27	9.60061e-05	10416	1	FALSE	NA	NA	NA	NA	NA	NA
NC_045512.2	24539	A	G	10402	6099	45	2	0	51	0.000192012	10416	0.249724	FALSE	NA	NA	NA	NA	NA	NA
NC_045512.2	24539	A	C	10402	6099	45	11	0	28	0.00105607	10416	1	FALSE	NA	NA	NA	NA	NA	NA
NC_045512.2	24540	T	G	11750	5760	48	3	3	24	0.000255254	11753	1	FALSE	NA	NA	NA	NA	NA	NA
NC_045512.2	24541	T	C	12024	6142	50	1	0	34	8.31532e-05	12026	0.999878	FALSE	NA	NA	NA	NA	NA	NA
NC_045512.2	24541	T	A	12024	6142	50	1	0	26	8.31532e-05	12026	1	FALSE	NA	NA	NA	NA	NA	NA
NC_045512.2	24542	G	C	11835	5986	50	1	0	34	8.4488e-05	11836	0.999757	FALSE	NA	NA	NA	NA	NA	NA
NC_045512.2	24544	T	G	11779	5892	49	1	1	26	8.46883e-05	11808	1	FALSE	NA	NA	NA	NA	NA	NA
NC_045512.2	24544	T	C	11779	5892	49	27	10	46	0.00228659	11808	1.06433e-07	TRUE	NA	NA	NA	NA	NA	NA
NC_045512.2	24544	T	A	11779	5892	49	1	0	27	8.46883e-05	11808	1	FALSE	NA	NA	NA	NA	NA	NA
NC_045512.2	24545	A	T	11810	5984	49	1	0	26	8.46525e-05	11813	1	FALSE	NA	NA	NA	NA	NA	NA
NC_045512.2	24545	A	G	11810	5984	49	1	1	68	8.46525e-05	11813	0.499979	FALSE	NA	NA	NA	NA	NA	NA
NC_045512.2	24545	A	C	11810	5984	49	1	1	68	8.46525e-05	11813	0.499979	FALSE	NA	NA	NA	NA	NA	NA
NC_045512.2	24546	G	T	11885	5930	50	1	1	68	8.41043e-05	11890	0.499937	FALSE	NA	NA	NA	NA	NA	NA
NC_045512.2	24546	G	C	11885	5930	50	2	2	29	0.000168209	11890	1	FALSE	NA	NA	NA	NA	NA	NA
NC_045512.2	24546	G	A	11885	5930	50	2	1	30	0.000168209	11890	0.998293	FALSE	NA	NA	NA	NA	NA	NA
NC_045512.2	24547	G	T	12264	6017	49	1	1	27	8.15195e-05	12267	1	FALSE	NA	NA	NA	NA	NA	NA
NC_045512.2	24547	G	C	12264	6017	49	1	1	27	8.15195e-05	12267	1	FALSE	NA	NA	NA	NA	NA	NA
NC_045512.2	24547	G	A	12264	6017	49	1	1	34	8.15195e-05	12267	0.999878	FALSE	NA	NA	NA	NA	NA	NA
NC_045512.2	24548	T	G	12076	5658	47	5	5	25	0.000413839	12082	1	FALSE	NA	NA	NA	NA	NA	NA
NC_045512.2	24548	T	C	12076	5658	47	1	1	27	8.27678e-05	12082	1	FALSE	NA	NA	NA	NA	NA	NA
NC_045512.2	24549	T	A	11858	5611	50	1	1	26	8.43241e-05	11859	1	FALSE	NA	NA	NA	NA	NA	NA
NC_045512.2	24550	G	C	11908	5628	50	2	1	25	0.000167926	11910	1	FALSE	NA	NA	NA	NA	NA	NA
NC_045512.2	24552	T	C	12201	5701	50	1	0	68	8.19471e-05	12203	0.5	FALSE	NA	NA	NA	NA	NA	NA
NC_045512.2	24552	T	A	12201	5701	50	1	0	27	8.19471e-05	12203	1	FALSE	NA	NA	NA	NA	NA	NA
NC_045512.2	24553	C	A	12091	5770	50	1	0	26	8.26993e-05	12092	1	FALSE	NA	NA	NA	NA	NA	NA
NC_045512.2	24554	A	T	11962	5723	50	1	0	34	8.35841e-05	11964	0.999757	FALSE	NA	NA	NA	NA	NA	NA
NC_045512.2	24554	A	C	11962	5723	50	1	0	34	8.35841e-05	11964	0.999757	FALSE	NA	NA	NA	NA	NA	NA
NC_045512.2	24555	C	G	11965	5734	49	1	0	27	8.35701e-05	11966	1	FALSE	NA	NA	NA	NA	NA	NA
NC_045512.2	24556	A	G	11464	5325	50	2	2	68	0.000174429	11466	0.250011	FALSE	NA	NA	NA	NA	NA	NA
NC_045512.2	24556	A	-G	11464	5325	50	1	0	20	8.72144e-05	11466	1	FALSE	NA	NA	NA	NA	NA	NA
NC_045512.2	24557	G	C	11446	5292	49	1	1	27	8.73591e-05	11447	1	FALSE	NA	NA	NA	NA	NA	NA
NC_045512.2	24558	G	C	11318	5430	49	1	0	27	8.83314e-05	11321	1	FALSE	NA	NA	NA	NA	NA	NA
NC_045512.2	24558	G	A	11318	5430	49	2	1	51	0.000176663	11321	0.249989	FALSE	NA	NA	NA	NA	NA	NA
NC_045512.2	24559	C	G	11355	5500	50	1	0	27	8.80592e-05	11356	1	FALSE	NA	NA	NA	NA	NA	NA
NC_045512.2	24560	A	T	11165	5360	51	1	0	34	8.95496e-05	11167	0.999757	FALSE	NA	NA	NA	NA	NA	NA
NC_045512.2	24560	A	C	11165	5360	51	1	0	26	8.95496e-05	11167	1	FALSE	NA	NA	NA	NA	NA	NA
NC_045512.2	24561	G	T	11214	5297	51	3	1	40	0.000267427	11218	0.312483	FALSE	NA	NA	NA	NA	NA	NA
NC_045512.2	24561	G	A	11214	5297	51	1	0	68	8.91424e-05	11218	0.499955	FALSE	NA	NA	NA	NA	NA	NA
NC_045512.2	24562	A	T	11500	5423	50	1	1	27	8.6949e-05	11501	1	FALSE	NA	NA	NA	NA	NA	NA
NC_045512.2	24563	C	G	11768	5582	50	2	0	26	0.000169924	11770	1	FALSE	NA	NA	NA	NA	NA	NA
NC_045512.2	24564	T	G	11424	5221	49	3	3	26	0.000262536	11427	1	FALSE	NA	NA	NA	NA	NA	NA
NC_045512.2	24565	T	C	11647	5679	51	3	3	68	0.000257489	11651	0.124984	FALSE	NA	NA	NA	NA	NA	NA
NC_045512.2	24565	T	A	11647	5679	51	1	0	68	8.58295e-05	11651	0.499957	FALSE	NA	NA	NA	NA	NA	NA
NC_045512.2	24566	C	G	11612	5746	51	1	0	27	8.60956e-05	11615	1	FALSE	NA	NA	NA	NA	NA	NA
NC_045512.2	24566	C	A	11612	5746	51	2	0	23	0.000172191	11615	1	FALSE	NA	NA	NA	NA	NA	NA
NC_045512.2	24568	A	G	11386	5720	49	1	1	34	8.78194e-05	11387	0.999757	FALSE	NA	NA	NA	NA	NA	NA
NC_045512.2	24569	A	T	11072	5791	48	1	0	34	9.02201e-05	11084	0.999755	FALSE	NA	NA	NA	NA	NA	NA
NC_045512.2	24569	A	C	11072	5791	48	11	1	27	0.000992422	11084	1	FALSE	NA	NA	NA	NA	NA	NA
NC_045512.2	24570	G	T	11706	5812	50	3	3	24	0.000256191	11710	1	FALSE	NA	NA	NA	NA	NA	NA
NC_045512.2	24570	G	C	11706	5812	50	1	1	27	8.53971e-05	11710	1	FALSE	NA	NA	NA	NA	NA	NA
NC_045512.2	24571	T	G	10296	4581	46	15	15	29	0.00145447	10313	1	FALSE	NA	NA	NA	NA	NA	NA
NC_045512.2	24571	T	C	10296	4581	46	2	2	27	0.00019393	10313	1	FALSE	NA	NA	NA	NA	NA	NA
NC_045512.2	24572	T	G	11243	5761	50	1	0	34	8.89205e-05	11246	0.999756	FALSE	NA	NA	NA	NA	NA	NA
NC_045512.2	24572	T	C	11243	5761	50	1	1	27	8.89205e-05	11246	1	FALSE	NA	NA	NA	NA	NA	NA
NC_045512.2	24572	T	A	11243	5761	50	1	0	34	8.89205e-05	11246	0.999756	FALSE	NA	NA	NA	NA	NA	NA
NC_045512.2	24573	T	C	11224	5750	50	1	1	26	8.90789e-05	11226	1	FALSE	NA	NA	NA	NA	NA	NA
NC_045512.2	24573	T	A	11224	5750	50	1	0	27	8.90789e-05	11226	1	FALSE	NA	NA	NA	NA	NA	NA
NC_045512.2	24574	G	T	11093	5630	50	4	4	25	0.000360458	11097	1	FALSE	NA	NA	NA	NA	NA	NA
NC_045512.2	24574	G	+T	11093	5630	50	1	0	20	9.01144e-05	11097	1	FALSE	NA	NA	NA	NA	NA	NA
NC_045512.2	24575	C	T	11058	5784	49	3	1	56	0.000271199	11062	0.124983	FALSE	NA	NA	NA	NA	NA	NA
NC_045512.2	24575	C	A	11058	5784	49	1	0	34	9.03996e-05	11062	0.999756	FALSE	NA	NA	NA	NA	NA	NA
NC_045512.2	24576	A	T	11174	5782	49	1	1	26	8.94855e-05	11175	1	FALSE	NA	NA	NA	NA	NA	NA
NC_045512.2	24577	G	T	11847	5911	50	2	0	30	0.000168791	11849	0.998296	FALSE	NA	NA	NA	NA	NA	NA
NC_045512.2	24579	C	G	12101	6057	49	1	1	27	8.2631e-05	12102	1	FALSE	NA	NA	NA	NA	NA	NA
NC_045512.2	24579	C	+A	12101	6057	49	1	0	20	8.2631e-05	12102	1	FALSE	NA	NA	NA	NA	NA	NA
NC_045512.2	24580	A	T	12179	6098	49	1	0	26	8.21018e-05	12180	1	FALSE	NA	NA	NA	NA	NA	NA
NC_045512.2	24581	T	A	12283	6130	49	1	0	34	8.14067e-05	12284	0.999878	FALSE	NA	NA	NA	NA	NA	NA
NC_045512.2	24582	A	G	12360	6167	50	2	0	51	0.000161786	12362	0.25001	FALSE	NA	NA	NA	NA	NA	NA
NC_045512.2	24583	T	G	12400	6181	50	1	1	34	8.06322e-05	12402	0.999878	FALSE	NA	NA	NA	NA	NA	NA
NC_045512.2	24583	T	C	12400	6181	50	1	1	60	8.06322e-05	12402	0.5	FALSE	NA	NA	NA	NA	NA	NA
NC_045512.2	24585	T	C	12036	6248	48	1	0	68	8.30496e-05	12041	0.499938	FALSE	NA	NA	NA	NA	NA	NA
NC_045512.2	24585	T	A	12036	6248	48	4	4	26	0.000332198	12041	1	FALSE	NA	NA	NA	NA	NA	NA
NC_045512.2	24586	G	C	11867	6212	49	2	2	30	0.000168506	11869	0.998296	FALSE	NA	NA	NA	NA	NA	NA
NC_045512.2	24587	A	T	11886	6225	49	1	1	27	8.41255e-05	11887	1	FALSE	NA	NA	NA	NA	NA	NA
NC_045512.2	24588	C	G	11721	6259	48	1	0	26	8.53097e-05	11722	1	FALSE	NA	NA	NA	NA	NA	NA
NC_045512.2	24589	T	C	11494	6034	49	1	0	68	8.69943e-05	11495	0.500022	FALSE	NA	NA	NA	NA	NA	NA
NC_045512.2	24590	C	A	11468	6035	50	1	0	24	8.71916e-05	11469	1	FALSE	NA	NA	NA	NA	NA	NA
NC_045512.2	24590	C	-A	11468	6035	50	1	0	20	8.71916e-05	11469	1	FALSE	NA	NA	NA	NA	NA	NA
NC_045512.2	24591	A	T	11334	6039	50	1	1	26	8.82068e-05	11337	1	FALSE	NA	NA	NA	NA	NA	NA
NC_045512.2	24591	A	G	11334	6039	50	2	1	34	0.000176414	11337	0.998294	FALSE	NA	NA	NA	NA	NA	NA
NC_045512.2	24592	A	T	11353	6070	49	1	1	68	8.80592e-05	11356	0.499978	FALSE	NA	NA	NA	NA	NA	NA
NC_045512.2	24592	A	G	11353	6070	49	1	0	46	8.80592e-05	11356	0.749989	FALSE	NA	NA	NA	NA	NA	NA
NC_045512.2	24592	A	C	11353	6070	49	1	0	26	8.80592e-05	11356	1	FALSE	NA	NA	NA	NA	NA	NA
NC_045512.2	24593	C	G	11656	6155	50	1	1	26	8.57854e-05	11657	1	FALSE	NA	NA	NA	NA	NA	NA
NC_045512.2	24594	A	T	11603	6016	49	1	1	20	8.61623e-05	11606	1	FALSE	NA	NA	NA	NA	NA	NA
NC_045512.2	24594	A	G	11603	6016	49	2	1	30	0.000172325	11606	0.998295	FALSE	NA	NA	NA	NA	NA	NA
NC_045512.2	24595	A	G	11884	6269	50	2	0	47	0.000168251	11887	0.5	FALSE	NA	NA	NA	NA	NA	NA
NC_045512.2	24595	A	C	11884	6269	50	1	0	20	8.41255e-05	11887	1	FALSE	NA	NA	NA	NA	NA	NA
NC_045512.2	24596	T	G	11392	5885	49	4	4	26	0.000350939	11398	1	FALSE	NA	NA	NA	NA	NA	NA
NC_045512.2	24596	T	C	11392	5885	49	1	1	60	8.77347e-05	11398	0.499912	FALSE	NA	NA	NA	NA	NA	NA
NC_045512.2	24596	T	A	11392	5885	49	1	1	26	8.77347e-05	11398	1	FALSE	NA	NA	NA	NA	NA	NA
NC_045512.2	24597	T	A	11861	6432	51	1	0	24	8.43028e-05	11862	1	FALSE	NA	NA	NA	NA	NA	NA
NC_045512.2	24598	A	T	12266	6540	51	1	1	26	8.15129e-05	12268	1	FALSE	NA	NA	NA	NA	NA	NA
NC_045512.2	24598	A	G	12266	6540	51	1	1	38	8.15129e-05	12268	0.999878	FALSE	NA	NA	NA	NA	NA	NA
NC_045512.2	24599	A	C	11681	6600	47	2	0	30	0.000171189	11683	0.998296	FALSE	NA	NA	NA	NA	NA	NA
NC_045512.2	24600	T	G	11810	6176	49	5	5	28	0.000423191	11815	1	FALSE	NA	NA	NA	NA	NA	NA
NC_045512.2	24601	T	G	12239	6838	51	1	0	27	8.16927e-05	12241	1	FALSE	NA	NA	NA	NA	NA	NA
NC_045512.2	24601	T	A	12239	6838	51	1	1	26	8.16927e-05	12241	1	FALSE	NA	NA	NA	NA	NA	NA
NC_045512.2	24601	T	-A	12239	6838	51	1	0	20	8.16927e-05	12241	1	FALSE	NA	NA	NA	NA	NA	NA
NC_045512.2	24602	A	T	12063	6666	52	1	1	26	8.28912e-05	12064	1	FALSE	NA	NA	NA	NA	NA	NA
NC_045512.2	24603	G	T	12087	6660	51	2	2	30	0.000165412	12091	0.999087	FALSE	NA	NA	NA	NA	NA	NA
NC_045512.2	24603	G	C	12087	6660	51	1	0	26	8.27061e-05	12091	1	FALSE	NA	NA	NA	NA	NA	NA
NC_045512.2	24603	G	A	12087	6660	51	1	1	34	8.27061e-05	12091	0.999878	FALSE	NA	NA	NA	NA	NA	NA
NC_045512.2	24604	A	T	11930	6615	50	2	1	25	0.000167616	11932	1	FALSE	NA	NA	NA	NA	NA	NA
NC_045512.2	24605	G	T	11941	6531	51	1	1	27	8.3724e-05	11944	1	FALSE	NA	NA	NA	NA	NA	NA
NC_045512.2	24605	G	C	11941	6531	51	2	0	26	0.000167448	11944	1	FALSE	NA	NA	NA	NA	NA	NA
NC_045512.2	24606	C	A	12007	6813	51	5	2	36	0.00041625	12012	0.975528	FALSE	NA	NA	NA	NA	NA	NA
NC_045512.2	24607	T	G	11633	6374	51	1	1	27	8.59476e-05	11635	1	FALSE	NA	NA	NA	NA	NA	NA
NC_045512.2	24607	T	C	11633	6374	51	1	1	34	8.59476e-05	11635	0.999757	FALSE	NA	NA	NA	NA	NA	NA
NC_045512.2	24608	G	T	11932	6402	51	2	2	26	0.00016756	11936	1	FALSE	NA	NA	NA	NA	NA	NA
NC_045512.2	24608	G	A	11932	6402	51	2	1	51	0.00016756	11936	0.249969	FALSE	NA	NA	NA	NA	NA	NA
NC_045512.2	24609	C	G	12001	6588	51	5	4	38	0.000416354	12009	0.975499	FALSE	NA	NA	NA	NA	NA	NA
NC_045512.2	24609	C	A	12001	6588	51	3	0	31	0.000249813	12009	0.996309	FALSE	NA	NA	NA	NA	NA	NA
NC_045512.2	24610	A	G	12130	6640	51	1	0	34	8.24334e-05	12131	0.999878	FALSE	NA	NA	NA	NA	NA	NA
NC_045512.2	24612	A	T	12018	6579	51	1	1	27	8.31947e-05	12020	1	FALSE	NA	NA	NA	NA	NA	NA
NC_045512.2	24612	A	G	12018	6579	51	1	0	34	8.31947e-05	12020	0.999878	FALSE	NA	NA	NA	NA	NA	NA
NC_045512.2	24614	A	C	12474	6770	51	1	0	24	8.01603e-05	12475	1	FALSE	NA	NA	NA	NA	NA	NA
NC_045512.2	24617	A	T	12302	6607	52	1	0	26	8.1281e-05	12303	1	FALSE	NA	NA	NA	NA	NA	NA
NC_045512.2	24619	A	T	12369	6866	53	1	0	26	8.08342e-05	12371	1	FALSE	NA	NA	NA	NA	NA	NA
NC_045512.2	24619	A	C	12369	6866	53	1	1	27	8.08342e-05	12371	1	FALSE	NA	NA	NA	NA	NA	NA
NC_045512.2	24620	G	C	12302	6778	52	1	1	20	8.12744e-05	12304	1	FALSE	NA	NA	NA	NA	NA	NA
NC_045512.2	24620	G	A	12302	6778	52	1	0	68	8.12744e-05	12304	0.5	FALSE	NA	NA	NA	NA	NA	NA
NC_045512.2	24621	C	G	12290	6854	52	1	1	20	8.13471e-05	12293	1	FALSE	NA	NA	NA	NA	NA	NA
NC_045512.2	24621	C	A	12290	6854	52	2	1	30	0.000162694	12293	0.999087	FALSE	NA	NA	NA	NA	NA	NA
NC_045512.2	24622	T	A	11899	6455	52	1	1	27	8.40336e-05	11900	1	FALSE	NA	NA	NA	NA	NA	NA
NC_045512.2	24623	T	G	12094	6676	53	1	1	34	8.26651e-05	12097	0.999878	FALSE	NA	NA	NA	NA	NA	NA
NC_045512.2	24623	T	C	12094	6676	53	1	1	34	8.26651e-05	12097	0.999878	FALSE	NA	NA	NA	NA	NA	NA
NC_045512.2	24623	T	A	12094	6676	53	1	0	34	8.26651e-05	12097	0.999878	FALSE	NA	NA	NA	NA	NA	NA
NC_045512.2	24624	C	G	12458	6772	53	1	0	26	8.02633e-05	12459	1	FALSE	NA	NA	NA	NA	NA	NA
NC_045512.2	24626	G	T	12452	6662	52	4	4	30	0.00032113	12456	0.989389	FALSE	NA	NA	NA	NA	NA	NA
NC_045512.2	24628	T	C	12504	6787	53	1	0	60	7.99552e-05	12507	0.49998	FALSE	NA	NA	NA	NA	NA	NA
NC_045512.2	24628	T	A	12504	6787	53	2	2	27	0.00015991	12507	1	FALSE	NA	NA	NA	NA	NA	NA
NC_045512.2	24629	A	T	12469	6711	52	1	1	26	8.01925e-05	12470	1	FALSE	NA	NA	NA	NA	NA	NA
NC_045512.2	24630	A	G	12393	6895	51	2	1	26	0.000161303	12399	1	FALSE	NA	NA	NA	NA	NA	NA
NC_045512.2	24630	A	C	12393	6895	51	4	0	26	0.000322607	12399	1	FALSE	NA	NA	NA	NA	NA	NA
NC_045512.2	24631	T	A	12359	6570	50	2	2	23	0.000161799	12361	1	FALSE	NA	NA	NA	NA	NA	NA
NC_045512.2	24632	C	G	12667	6903	53	3	2	29	0.00023678	12670	1	FALSE	NA	NA	NA	NA	NA	NA
NC_045512.2	24633	T	C	12216	6474	53	2	2	29	0.000163693	12218	1	FALSE	NA	NA	NA	NA	NA	NA
NC_045512.2	24634	T	C	12207	6591	53	2	1	36	0.0001638	12210	0.999087	FALSE	NA	NA	NA	NA	NA	NA
NC_045512.2	24634	T	A	12207	6591	53	1	0	26	8.19001e-05	12210	1	FALSE	NA	NA	NA	NA	NA	NA
NC_045512.2	24635	G	T	12154	6543	53	4	4	24	0.000329001	12158	1	FALSE	NA	NA	NA	NA	NA	NA
NC_045512.2	24636	C	T	12134	6747	52	1	1	60	8.23995e-05	12136	0.5	FALSE	NA	NA	NA	NA	NA	NA
NC_045512.2	24636	C	A	12134	6747	52	1	0	20	8.23995e-05	12136	1	FALSE	NA	NA	NA	NA	NA	NA
NC_045512.2	24637	T	G	12194	6662	53	2	1	20	0.000163988	12196	1	FALSE	NA	NA	NA	NA	NA	NA
NC_045512.2	24638	G	T	12110	6597	52	2	2	30	0.000165112	12113	0.999087	FALSE	NA	NA	NA	NA	NA	NA
NC_045512.2	24638	G	C	12110	6597	52	1	0	34	8.25559e-05	12113	0.999878	FALSE	NA	NA	NA	NA	NA	NA
NC_045512.2	24639	C	T	12044	6643	53	1	1	68	8.30151e-05	12046	0.5	FALSE	NA	NA	NA	NA	NA	NA
NC_045512.2	24639	C	A	12044	6643	53	1	0	27	8.30151e-05	12046	1	FALSE	NA	NA	NA	NA	NA	NA
NC_045512.2	24640	T	G	12068	6605	53	1	1	26	8.28432e-05	12071	1	FALSE	NA	NA	NA	NA	NA	NA
NC_045512.2	24640	T	C	12068	6605	53	1	1	27	8.28432e-05	12071	1	FALSE	NA	NA	NA	NA	NA	NA
NC_045512.2	24640	T	A	12068	6605	53	1	1	27	8.28432e-05	12071	1	FALSE	NA	NA	NA	NA	NA	NA
NC_045512.2	24641	A	T	12257	6622	52	2	2	33	0.000163132	12260	0.999087	FALSE	NA	NA	NA	NA	NA	NA
NC_045512.2	24641	A	C	12257	6622	52	1	1	34	8.15661e-05	12260	0.999878	FALSE	NA	NA	NA	NA	NA	NA
NC_045512.2	24642	C	T	12324	6778	53	2	0	68	0.000162232	12328	0.24997	FALSE	NA	NA	NA	NA	NA	NA
NC_045512.2	24642	C	A	12324	6778	53	2	1	26	0.000162232	12328	1	FALSE	NA	NA	NA	NA	NA	NA
NC_045512.2	24643	T	G	12335	6806	54	2	2	23	0.000162114	12337	1	FALSE	NA	NA	NA	NA	NA	NA
NC_045512.2	24644	A	T	12381	6874	54	2	1	30	0.000161512	12383	0.999087	FALSE	NA	NA	NA	NA	NA	NA
NC_045512.2	24645	A	G	12312	6942	53	1	1	34	8.12018e-05	12315	0.999878	FALSE	NA	NA	NA	NA	NA	NA
NC_045512.2	24645	A	C	12312	6942	53	2	0	26	0.000162404	12315	1	FALSE	NA	NA	NA	NA	NA	NA
NC_045512.2	24646	A	G	12316	6937	53	1	0	24	8.1182e-05	12318	1	FALSE	NA	NA	NA	NA	NA	NA
NC_045512.2	24646	A	C	12316	6937	53	1	1	27	8.1182e-05	12318	1	FALSE	NA	NA	NA	NA	NA	NA
NC_045512.2	24647	A	G	12810	7135	53	2	0	68	0.000156104	12812	0.25001	FALSE	NA	NA	NA	NA	NA	NA
NC_045512.2	24648	T	A	12859	7172	53	3	2	29	0.000233245	12862	1	FALSE	NA	NA	NA	NA	NA	NA
NC_045512.2	24649	G	C	12970	7210	53	1	1	27	7.70951e-05	12971	1	FALSE	NA	NA	NA	NA	NA	NA
NC_045512.2	24652	A	G	12851	7171	54	3	3	56	0.00023339	12854	0.125	FALSE	NA	NA	NA	NA	NA	NA
NC_045512.2	24653	G	T	12882	7223	53	2	1	34	0.000155231	12884	0.999087	FALSE	NA	NA	NA	NA	NA	NA
NC_045512.2	24654	A	C	13113	7379	53	1	1	27	7.62544e-05	13114	1	FALSE	NA	NA	NA	NA	NA	NA
NC_045512.2	24655	G	T	13508	7448	53	2	1	30	0.000148038	13510	0.999513	FALSE	NA	NA	NA	NA	NA	NA
NC_045512.2	24656	T	C	12982	7087	52	1	1	27	7.70179e-05	12984	1	FALSE	NA	NA	NA	NA	NA	NA
NC_045512.2	24656	T	A	12982	7087	52	1	1	27	7.70179e-05	12984	1	FALSE	NA	NA	NA	NA	NA	NA
NC_045512.2	24657	G	A	13234	7130	53	3	2	45	0.000226637	13237	0.312514	FALSE	NA	NA	NA	NA	NA	NA
NC_045512.2	24658	T	G	13045	7013	53	1	1	27	7.66401e-05	13048	1	FALSE	NA	NA	NA	NA	NA	NA
NC_045512.2	24658	T	C	13045	7013	53	1	1	27	7.66401e-05	13048	1	FALSE	NA	NA	NA	NA	NA	NA
NC_045512.2	24658	T	A	13045	7013	53	1	1	24	7.66401e-05	13048	1	FALSE	NA	NA	NA	NA	NA	NA
NC_045512.2	24659	G	T	13157	6949	53	1	1	27	7.59878e-05	13160	1	FALSE	NA	NA	NA	NA	NA	NA
NC_045512.2	24659	G	C	13157	6949	53	2	2	27	0.000151976	13160	1	FALSE	NA	NA	NA	NA	NA	NA
NC_045512.2	24660	T	C	13380	7158	53	1	0	68	7.47328e-05	13381	0.500019	FALSE	NA	NA	NA	NA	NA	NA
NC_045512.2	24661	A	G	13232	7257	51	1	0	24	7.55401e-05	13238	1	FALSE	NA	NA	NA	NA	NA	NA
NC_045512.2	24661	A	C	13232	7257	51	5	0	25	0.000377701	13238	1	FALSE	NA	NA	NA	NA	NA	NA
NC_045512.2	24663	T	G	13024	6861	53	3	3	26	0.000230291	13027	1	FALSE	NA	NA	NA	NA	NA	NA
NC_045512.2	24664	T	G	12153	6149	51	4	4	28	0.000329029	12157	1	FALSE	NA	NA	NA	NA	NA	NA
NC_045512.2	24665	G	T	12509	6486	53	1	1	27	7.99361e-05	12510	1	FALSE	NA	NA	NA	NA	NA	NA
NC_045512.2	24666	G	C	12362	6469	53	2	0	30	0.00016176	12364	0.999087	FALSE	NA	NA	NA	NA	NA	NA
NC_045512.2	24667	A	T	12418	6481	53	2	1	51	0.000161031	12420	0.25001	FALSE	NA	NA	NA	NA	NA	NA
NC_045512.2	24669	A	G	11916	6112	53	1	0	27	8.39137e-05	11917	1	FALSE	NA	NA	NA	NA	NA	NA
NC_045512.2	24669	A	+G	11916	6112	53	1	0	20	8.39137e-05	11917	1	FALSE	NA	NA	NA	NA	NA	NA
NC_045512.2	24671	T	C	12314	6307	53	2	1	46	0.000162377	12317	0.5	FALSE	NA	NA	NA	NA	NA	NA
NC_045512.2	24671	T	A	12314	6307	53	1	0	34	8.11886e-05	12317	0.999878	FALSE	NA	NA	NA	NA	NA	NA
NC_045512.2	24672	C	A	12260	6365	53	1	0	27	8.15594e-05	12261	1	FALSE	NA	NA	NA	NA	NA	NA
NC_045512.2	24672	C	-A	12260	6365	53	2	0	20	0.000163119	12261	1	FALSE	NA	NA	NA	NA	NA	NA
NC_045512.2	24673	A	T	12280	6404	53	4	1	27	0.000325547	12287	1	FALSE	NA	NA	NA	NA	NA	NA
NC_045512.2	24673	A	G	12280	6404	53	3	1	45	0.00024416	12287	0.312332	FALSE	NA	NA	NA	NA	NA	NA
NC_045512.2	24674	A	T	11986	6401	51	2	1	44	0.000166792	11991	0.499937	FALSE	NA	NA	NA	NA	NA	NA
NC_045512.2	24674	A	G	11986	6401	51	2	1	51	0.000166792	11991	0.249948	FALSE	NA	NA	NA	NA	NA	NA
NC_045512.2	24674	A	C	11986	6401	51	1	1	27	8.33959e-05	11991	1	FALSE	NA	NA	NA	NA	NA	NA
NC_045512.2	24675	A	G	12230	6370	53	3	2	35	0.000245178	12236	0.996312	FALSE	NA	NA	NA	NA	NA	NA
NC_045512.2	24675	A	C	12230	6370	53	3	1	26	0.000245178	12236	1	FALSE	NA	NA	NA	NA	NA	NA
NC_045512.2	24676	A	T	12075	6216	52	3	3	29	0.000248324	12081	1	FALSE	NA	NA	NA	NA	NA	NA
NC_045512.2	24676	A	G	12075	6216	52	2	1	30	0.000165549	12081	0.999086	FALSE	NA	NA	NA	NA	NA	NA
NC_045512.2	24676	A	C	12075	6216	52	1	1	26	8.27746e-05	12081	1	FALSE	NA	NA	NA	NA	NA	NA
NC_045512.2	24677	A	G	12013	6413	51	1	1	60	8.31947e-05	12020	0.499896	FALSE	NA	NA	NA	NA	NA	NA
NC_045512.2	24677	A	C	12013	6413	51	6	0	29	0.000499168	12020	1	FALSE	NA	NA	NA	NA	NA	NA
NC_045512.2	24679	A	T	11491	6014	51	2	1	27	0.000174004	11494	1	FALSE	NA	NA	NA	NA	NA	NA
NC_045512.2	24679	A	G	11491	6014	51	1	1	68	8.70019e-05	11494	0.499978	FALSE	NA	NA	NA	NA	NA	NA
NC_045512.2	24680	G	T	11844	6039	53	2	2	27	0.000168833	11846	1	FALSE	NA	NA	NA	NA	NA	NA
NC_045512.2	24681	T	G	10535	4647	46	27	27	26	0.00255585	10564	1	FALSE	NA	NA	NA	NA	NA	NA
NC_045512.2	24681	T	C	10535	4647	46	2	2	25	0.000189322	10564	1	FALSE	NA	NA	NA	NA	NA	NA
NC_045512.2	24682	T	G	11717	6052	52	1	0	20	8.53024e-05	11723	1	FALSE	NA	NA	NA	NA	NA	NA
NC_045512.2	24682	T	C	11717	6052	52	5	4	44	0.000426512	11723	0.109345	FALSE	NA	NA	NA	NA	NA	NA
NC_045512.2	24683	G	T	11830	6151	53	1	1	27	8.45237e-05	11831	1	FALSE	NA	NA	NA	NA	NA	NA
NC_045512.2	24684	A	G	11788	6227	53	1	0	68	8.48248e-05	11789	0.500021	FALSE	NA	NA	NA	NA	NA	NA
NC_045512.2	24684	A	+G	11788	6227	53	1	0	20	8.48248e-05	11789	1	FALSE	NA	NA	NA	NA	NA	NA
NC_045512.2	24685	T	G	11362	5823	50	7	6	22	0.000615493	11373	1	FALSE	NA	NA	NA	NA	NA	NA
NC_045512.2	24685	T	C	11362	5823	50	2	2	51	0.000175855	11373	0.249813	FALSE	NA	NA	NA	NA	NA	NA
NC_045512.2	24685	T	A	11362	5823	50	2	0	34	0.000175855	11373	0.998289	FALSE	NA	NA	NA	NA	NA	NA
NC_045512.2	24687	T	G	11426	5850	51	1	1	34	8.7512e-05	11427	0.999757	FALSE	NA	NA	NA	NA	NA	NA
NC_045512.2	24688	T	C	11756	6195	54	1	1	34	8.50557e-05	11757	0.999757	FALSE	NA	NA	NA	NA	NA	NA
NC_045512.2	24690	G	T	11648	6231	53	1	0	27	8.58369e-05	11650	1	FALSE	NA	NA	NA	NA	NA	NA
NC_045512.2	24690	G	C	11648	6231	53	1	0	26	8.58369e-05	11650	1	FALSE	NA	NA	NA	NA	NA	NA
NC_045512.2	24691	T	A	11684	6334	52	1	0	20	8.55798e-05	11685	1	FALSE	NA	NA	NA	NA	NA	NA
NC_045512.2	24692	G	T	11675	6271	53	1	1	26	8.56384e-05	11677	1	FALSE	NA	NA	NA	NA	NA	NA
NC_045512.2	24692	G	C	11675	6271	53	1	1	34	8.56384e-05	11677	0.999757	FALSE	NA	NA	NA	NA	NA	NA
NC_045512.2	24694	A	T	11733	6361	53	1	1	34	8.52079e-05	11736	0.999756	FALSE	NA	NA	NA	NA	NA	NA
NC_045512.2	24694	A	G	11733	6361	53	2	1	51	0.000170416	11736	0.249989	FALSE	NA	NA	NA	NA	NA	NA
NC_045512.2	24695	A	T	11636	6301	52	1	0	24	8.59328e-05	11637	1	FALSE	NA	NA	NA	NA	NA	NA
NC_045512.2	24696	A	G	11557	6364	52	1	0	20	8.64977e-05	11561	1	FALSE	NA	NA	NA	NA	NA	NA
NC_045512.2	24696	A	C	11557	6364	52	3	1	26	0.000259493	11561	1	FALSE	NA	NA	NA	NA	NA	NA
NC_045512.2	24697	G	T	11667	6355	53	2	0	34	0.000171394	11669	0.998296	FALSE	NA	NA	NA	NA	NA	NA
NC_045512.2	24698	G	C	11639	6556	51	1	1	34	8.59033e-05	11641	0.999757	FALSE	NA	NA	NA	NA	NA	NA
NC_045512.2	24698	G	A	11639	6556	51	1	1	60	8.59033e-05	11641	0.5	FALSE	NA	NA	NA	NA	NA	NA
NC_045512.2	24699	G	A	11567	6468	51	2	2	34	0.000172876	11569	0.998296	FALSE	NA	NA	NA	NA	NA	NA
NC_045512.2	24702	A	G	11479	6607	51	1	1	24	8.71004e-05	11481	1	FALSE	NA	NA	NA	NA	NA	NA
NC_045512.2	24702	A	C	11479	6607	51	1	1	27	8.71004e-05	11481	1	FALSE	NA	NA	NA	NA	NA	NA
NC_045512.2	24703	T	A	11601	6622	52	1	0	68	8.6192e-05	11602	0.500022	FALSE	NA	NA	NA	NA	NA	NA
NC_045512.2	24704	C	G	11499	6594	51	1	0	27	8.69565e-05	11500	1	FALSE	NA	NA	NA	NA	NA	NA
NC_045512.2	24705	A	T	11424	6660	50	3	0	24	0.000262536	11427	1	FALSE	NA	NA	NA	NA	NA	NA
NC_045512.2	24707	C	G	10995	6250	51	1	0	34	9.09422e-05	10996	0.999513	FALSE	NA	NA	NA	NA	NA	NA
NC_045512.2	24708	T	G	10913	6164	52	2	0	25	0.000183234	10915	1	FALSE	NA	NA	NA	NA	NA	NA
NC_045512.2	24709	T	C	10765	6099	51	2	1	34	0.000185753	10767	0.996834	FALSE	NA	NA	NA	NA	NA	NA
NC_045512.2	24710	A	C	10701	6017	50	4	1	25	0.000373657	10705	1	FALSE	NA	NA	NA	NA	NA	NA
NC_045512.2	24711	T	C	10615	5919	51	1	0	60	9.41974e-05	10616	0.500024	FALSE	NA	NA	NA	NA	NA	NA
NC_045512.2	24713	T	C	10431	5973	51	1	1	34	9.58589e-05	10432	0.999513	FALSE	NA	NA	NA	NA	NA	NA
NC_045512.2	24714	C	G	10296	5964	51	1	1	26	9.71062e-05	10298	1	FALSE	NA	NA	NA	NA	NA	NA
NC_045512.2	24714	C	A	10296	5964	51	1	1	26	9.71062e-05	10298	1	FALSE	NA	NA	NA	NA	NA	NA
NC_045512.2	24715	C	T	9801	5887	49	1	1	34	0.000101989	9805	0.999025	FALSE	NA	NA	NA	NA	NA	NA
NC_045512.2	24715	C	G	9801	5887	49	2	0	26	0.000203978	9805	1	FALSE	NA	NA	NA	NA	NA	NA
NC_045512.2	24715	C	A	9801	5887	49	1	1	46	0.000101989	9805	0.499949	FALSE	NA	NA	NA	NA	NA	NA
NC_045512.2	24715	C	-T	9801	5887	49	1	0	20	0.000101989	9805	1	FALSE	NA	NA	NA	NA	NA	NA
NC_045512.2	24716	T	G	9662	5494	51	1	1	26	0.000103477	9664	1	FALSE	NA	NA	NA	NA	NA	NA
NC_045512.2	24716	T	A	9662	5494	51	1	0	27	0.000103477	9664	1	FALSE	NA	NA	NA	NA	NA	NA
NC_045512.2	24717	T	C	9721	5588	51	1	0	24	0.000102849	9723	1	FALSE	NA	NA	NA	NA	NA	NA
NC_045512.2	24717	T	A	9721	5588	51	1	0	27	0.000102849	9723	1	FALSE	NA	NA	NA	NA	NA	NA
NC_045512.2	24718	C	G	9693	5599	51	2	1	34	0.000206271	9696	0.994152	FALSE	NA	NA	NA	NA	NA	NA
NC_045512.2	24718	C	A	9693	5599	51	1	0	26	0.000103135	9696	1	FALSE	NA	NA	NA	NA	NA	NA
NC_045512.2	24719	C	T	9620	5557	51	1	1	34	0.000103928	9622	0.999026	FALSE	NA	NA	NA	NA	NA	NA
NC_045512.2	24719	C	A	9620	5557	51	1	0	34	0.000103928	9622	0.999026	FALSE	NA	NA	NA	NA	NA	NA
NC_045512.2	24720	C	A	9647	5635	51	1	1	34	0.000103648	9648	0.999026	FALSE	NA	NA	NA	NA	NA	NA
NC_045512.2	24721	T	C	9358	5329	51	2	1	47	0.000213652	9361	0.249987	FALSE	NA	NA	NA	NA	NA	NA
NC_045512.2	24721	T	A	9358	5329	51	1	0	26	0.000106826	9361	1	FALSE	NA	NA	NA	NA	NA	NA
NC_045512.2	24722	C	T	9340	5353	51	1	1	46	0.000107032	9343	0.499973	FALSE	NA	NA	NA	NA	NA	NA
NC_045512.2	24722	C	G	9340	5353	51	2	1	27	0.000214064	9343	1	FALSE	NA	NA	NA	NA	NA	NA
NC_045512.2	24723	A	G	9239	5330	52	1	1	34	0.000108225	9240	0.999026	FALSE	NA	NA	NA	NA	NA	NA
NC_045512.2	24724	G	C	9296	5308	51	1	0	26	0.000107562	9297	1	FALSE	NA	NA	NA	NA	NA	NA
NC_045512.2	24725	T	G	12137	6207	47	1	1	26	8.23791e-05	12139	1	FALSE	NA	NA	NA	NA	NA	NA
NC_045512.2	24725	T	A	12137	6207	47	1	0	34	8.23791e-05	12139	0.999878	FALSE	NA	NA	NA	NA	NA	NA
NC_045512.2	24727	A	G	12043	6173	48	1	1	68	8.30289e-05	12044	0.500021	FALSE	NA	NA	NA	NA	NA	NA
NC_045512.2	24728	G	T	11993	6155	47	1	1	26	8.33681e-05	11995	1	FALSE	NA	NA	NA	NA	NA	NA
NC_045512.2	24728	G	C	11993	6155	47	1	1	34	8.33681e-05	11995	0.999757	FALSE	NA	NA	NA	NA	NA	NA
NC_045512.2	24729	C	T	12082	6521	46	1	0	68	8.27404e-05	12086	0.499959	FALSE	NA	NA	NA	NA	NA	NA
NC_045512.2	24729	C	A	12082	6521	46	3	0	24	0.000248221	12086	1	FALSE	NA	NA	NA	NA	NA	NA
NC_045512.2	24731	C	T	12496	6580	46	1	1	34	8.00128e-05	12498	0.999878	FALSE	NA	NA	NA	NA	NA	NA
NC_045512.2	24731	C	A	12496	6580	46	1	0	34	8.00128e-05	12498	0.999878	FALSE	NA	NA	NA	NA	NA	NA
NC_045512.2	24732	C	T	12318	6475	46	1	0	68	8.11491e-05	12323	0.499939	FALSE	NA	NA	NA	NA	NA	NA
NC_045512.2	24732	C	G	12318	6475	46	1	0	27	8.11491e-05	12323	1	FALSE	NA	NA	NA	NA	NA	NA
NC_045512.2	24732	C	A	12318	6475	46	3	1	29	0.000243447	12323	1	FALSE	NA	NA	NA	NA	NA	NA
NC_045512.2	24733	T	G	12334	6371	46	1	1	34	8.1057e-05	12337	0.999878	FALSE	NA	NA	NA	NA	NA	NA
NC_045512.2	24733	T	C	12334	6371	46	1	1	27	8.1057e-05	12337	1	FALSE	NA	NA	NA	NA	NA	NA
NC_045512.2	24733	T	A	12334	6371	46	1	0	27	8.1057e-05	12337	1	FALSE	NA	NA	NA	NA	NA	NA
NC_045512.2	24734	C	T	12203	6223	46	1	0	68	8.19269e-05	12206	0.49998	FALSE	NA	NA	NA	NA	NA	NA
NC_045512.2	24734	C	G	12203	6223	46	2	2	23	0.000163854	12206	1	FALSE	NA	NA	NA	NA	NA	NA
NC_045512.2	24735	A	T	12253	6258	46	2	2	26	0.000163159	12258	1	FALSE	NA	NA	NA	NA	NA	NA
NC_045512.2	24735	A	G	12253	6258	46	2	1	34	0.000163159	12258	0.999086	FALSE	NA	NA	NA	NA	NA	NA
NC_045512.2	24735	A	C	12253	6258	46	1	1	34	8.15794e-05	12258	0.999878	FALSE	NA	NA	NA	NA	NA	NA
NC_045512.2	24736	T	C	12330	6327	46	1	1	68	8.10964e-05	12331	0.50002	FALSE	NA	NA	NA	NA	NA	NA
NC_045512.2	24736	T	+G	12330	6327	46	1	0	20	8.10964e-05	12331	1	FALSE	NA	NA	NA	NA	NA	NA
NC_045512.2	24738	G	T	12900	6351	46	2	2	25	0.000155003	12903	1	FALSE	NA	NA	NA	NA	NA	NA
NC_045512.2	24738	G	A	12900	6351	46	1	0	34	7.75014e-05	12903	0.999878	FALSE	NA	NA	NA	NA	NA	NA
NC_045512.2	24739	T	G	12751	6228	46	1	0	27	7.84129e-05	12753	1	FALSE	NA	NA	NA	NA	NA	NA
NC_045512.2	24739	T	A	12751	6228	46	1	0	20	7.84129e-05	12753	1	FALSE	NA	NA	NA	NA	NA	NA
NC_045512.2	24740	G	T	12465	5908	46	3	3	26	0.000240558	12471	1	FALSE	NA	NA	NA	NA	NA	NA
NC_045512.2	24740	G	C	12465	5908	46	2	2	26	0.000160372	12471	1	FALSE	NA	NA	NA	NA	NA	NA
NC_045512.2	24740	G	A	12465	5908	46	1	1	34	8.0186e-05	12471	0.999878	FALSE	NA	NA	NA	NA	NA	NA
NC_045512.2	24741	T	G	12384	5914	46	1	0	26	8.07428e-05	12385	1	FALSE	NA	NA	NA	NA	NA	NA
NC_045512.2	24742	A	C	12238	5871	45	1	0	27	8.1706e-05	12239	1	FALSE	NA	NA	NA	NA	NA	NA
NC_045512.2	24744	T	C	12391	5813	44	1	1	26	8.06972e-05	12392	1	FALSE	NA	NA	NA	NA	NA	NA
NC_045512.2	24745	C	-T	12710	5864	45	1	0	20	7.86782e-05	12710	1	FALSE	NA	NA	NA	NA	NA	NA
NC_045512.2	24746	T	G	12641	5803	46	1	1	26	7.90701e-05	12647	1	FALSE	NA	NA	NA	NA	NA	NA
NC_045512.2	24746	T	C	12641	5803	46	2	1	30	0.00015814	12647	0.999085	FALSE	NA	NA	NA	NA	NA	NA
NC_045512.2	24746	T	A	12641	5803	46	3	1	23	0.00023721	12647	1	FALSE	NA	NA	NA	NA	NA	NA
NC_045512.2	24747	T	G	11752	5032	44	1	0	34	8.50847e-05	11753	0.999757	FALSE	NA	NA	NA	NA	NA	NA
NC_045512.2	24748	C	A	11881	5276	45	1	1	34	8.41609e-05	11882	0.999757	FALSE	NA	NA	NA	NA	NA	NA
NC_045512.2	24750	T	G	11704	5121	45	2	2	27	0.000170823	11708	1	FALSE	NA	NA	NA	NA	NA	NA
NC_045512.2	24750	T	C	11704	5121	45	2	2	29	0.000170823	11708	1	FALSE	NA	NA	NA	NA	NA	NA
NC_045512.2	24751	G	C	11867	5227	45	3	0	42	0.000252738	11870	0.312516	FALSE	NA	NA	NA	NA	NA	NA
NC_045512.2	24752	C	A	11337	4837	45	2	0	30	0.000176382	11339	0.998296	FALSE	NA	NA	NA	NA	NA	NA
NC_045512.2	24753	A	T	11344	4886	45	1	1	34	8.8129e-05	11347	0.999756	FALSE	NA	NA	NA	NA	NA	NA
NC_045512.2	24753	A	G	11344	4886	45	2	0	64	0.000176258	11347	0.249989	FALSE	NA	NA	NA	NA	NA	NA
NC_045512.2	24754	T	C	11372	4853	46	2	1	47	0.00017584	11374	0.500033	FALSE	NA	NA	NA	NA	NA	NA
NC_045512.2	24756	T	C	11386	4824	46	1	1	24	8.78194e-05	11387	1	FALSE	NA	NA	NA	NA	NA	NA
NC_045512.2	24758	A	G	11851	4956	46	1	0	68	8.43739e-05	11852	0.500021	FALSE	NA	NA	NA	NA	NA	NA
NC_045512.2	24760	T	C	11970	5096	46	1	0	60	8.35282e-05	11972	0.5	FALSE	NA	NA	NA	NA	NA	NA
NC_045512.2	24760	T	A	11970	5096	46	1	1	26	8.35282e-05	11972	1	FALSE	NA	NA	NA	NA	NA	NA
NC_045512.2	24762	A	G	11801	5074	46	1	1	24	8.47242e-05	11803	1	FALSE	NA	NA	NA	NA	NA	NA
NC_045512.2	24762	A	C	11801	5074	46	1	0	34	8.47242e-05	11803	0.999757	FALSE	NA	NA	NA	NA	NA	NA
NC_045512.2	24763	T	G	9634	3469	45	1	0	34	0.000103788	9635	0.999026	FALSE	NA	NA	NA	NA	NA	NA
NC_045512.2	24764	G	C	9650	3595	45	1	0	26	0.000103616	9651	1	FALSE	NA	NA	NA	NA	NA	NA
NC_045512.2	24765	T	C	9665	3628	45	2	1	64	0.000206825	9670	0.249935	FALSE	NA	NA	NA	NA	NA	NA
NC_045512.2	24765	T	A	9665	3628	45	3	1	40	0.000310238	9670	0.124961	FALSE	NA	NA	NA	NA	NA	NA
NC_045512.2	24766	C	T	9726	3709	45	1	0	34	0.000102807	9727	0.999026	FALSE	NA	NA	NA	NA	NA	NA
NC_045512.2	24767	C	A	9610	3706	45	1	0	20	0.000104047	9611	1	FALSE	NA	NA	NA	NA	NA	NA
NC_045512.2	24768	C	T	9698	3749	45	1	1	60	0.000103093	9700	0.5	FALSE	NA	NA	NA	NA	NA	NA
NC_045512.2	24768	C	G	9698	3749	45	1	1	20	0.000103093	9700	1	FALSE	NA	NA	NA	NA	NA	NA
NC_045512.2	24769	T	G	9694	3622	45	1	1	26	0.000103135	9696	1	FALSE	NA	NA	NA	NA	NA	NA
NC_045512.2	24769	T	C	9694	3622	45	1	0	34	0.000103135	9696	0.999026	FALSE	NA	NA	NA	NA	NA	NA
NC_045512.2	24770	G	T	9718	3713	45	1	0	26	0.000102881	9720	1	FALSE	NA	NA	NA	NA	NA	NA
NC_045512.2	24770	G	A	9718	3713	45	1	0	34	0.000102881	9720	0.999026	FALSE	NA	NA	NA	NA	NA	NA
NC_045512.2	24772	A	C	9596	3871	46	2	0	26	0.000208377	9598	1	FALSE	NA	NA	NA	NA	NA	NA
NC_045512.2	24774	A	T	2	1	34	1	1	68	0.000101585	9844	0.000304692	TRUE	NA	NA	NA	NA	NA	NA
NC_045512.2	24774	A	G	2	1	34	9841	3957	46	0.999695	9844	0	TRUE	NA	NA	NA	NA	NA	NA
NC_045512.2	24775	A	T	9911	4096	47	1	1	26	0.000100888	9912	1	FALSE	NA	NA	NA	NA	NA	NA
NC_045512.2	24776	G	T	10154	4041	46	2	2	26	0.000196928	10156	1	FALSE	NA	NA	NA	NA	NA	NA
NC_045512.2	24776	G	-A	10154	4041	46	1	0	20	9.8464e-05	10156	1	FALSE	NA	NA	NA	NA	NA	NA
NC_045512.2	24777	A	T	9575	4315	45	4	1	26	0.00041758	9579	1	FALSE	NA	NA	NA	NA	NA	NA
NC_045512.2	24779	A	G	10159	4338	47	2	0	47	0.000196812	10162	0.5	FALSE	NA	NA	NA	NA	NA	NA
NC_045512.2	24779	A	C	10159	4338	47	1	0	34	9.84058e-05	10162	0.999513	FALSE	NA	NA	NA	NA	NA	NA
NC_045512.2	24780	A	T	10215	4377	47	1	0	34	9.78474e-05	10220	0.999512	FALSE	NA	NA	NA	NA	NA	NA
NC_045512.2	24780	A	G	10215	4377	47	3	2	56	0.000293542	10220	0.124963	FALSE	NA	NA	NA	NA	NA	NA
NC_045512.2	24780	A	C	10215	4377	47	1	0	34	9.78474e-05	10220	0.999512	FALSE	NA	NA	NA	NA	NA	NA
NC_045512.2	24781	G	T	10247	4310	47	1	1	34	9.75515e-05	10251	0.999513	FALSE	NA	NA	NA	NA	NA	NA
NC_045512.2	24781	G	C	10247	4310	47	2	0	30	0.000195103	10251	0.996832	FALSE	NA	NA	NA	NA	NA	NA
NC_045512.2	24781	G	A	10247	4310	47	1	0	60	9.75515e-05	10251	0.499951	FALSE	NA	NA	NA	NA	NA	NA
NC_045512.2	24782	A	T	10213	4380	47	1	1	34	9.79048e-05	10214	0.999513	FALSE	NA	NA	NA	NA	NA	NA
NC_045512.2	24783	A	T	10256	4384	47	1	1	34	9.74469e-05	10262	0.999512	FALSE	NA	NA	NA	NA	NA	NA
NC_045512.2	24783	A	G	10256	4384	47	2	0	30	0.000194894	10262	0.996829	FALSE	NA	NA	NA	NA	NA	NA
NC_045512.2	24783	A	C	10256	4384	47	3	2	27	0.000292341	10262	1	FALSE	NA	NA	NA	NA	NA	NA
NC_045512.2	24784	C	G	10839	4489	47	1	1	34	9.22424e-05	10841	0.999513	FALSE	NA	NA	NA	NA	NA	NA
NC_045512.2	24784	C	A	10839	4489	47	1	1	27	9.22424e-05	10841	1	FALSE	NA	NA	NA	NA	NA	NA
NC_045512.2	24785	T	G	10786	4413	47	3	3	29	0.000278035	10790	1	FALSE	NA	NA	NA	NA	NA	NA
NC_045512.2	24785	T	C	10786	4413	47	1	1	60	9.26784e-05	10790	0.499954	FALSE	NA	NA	NA	NA	NA	NA
NC_045512.2	24786	T	C	10889	4590	48	2	1	30	0.000183638	10891	0.996834	FALSE	NA	NA	NA	NA	NA	NA
NC_045512.2	24787	C	G	10943	4642	48	2	1	27	0.000182732	10945	1	FALSE	NA	NA	NA	NA	NA	NA
NC_045512.2	24788	A	C	10933	4635	48	1	0	26	9.14578e-05	10934	1	FALSE	NA	NA	NA	NA	NA	NA
NC_045512.2	24789	C	A	11199	4726	48	2	0	26	0.000178555	11201	1	FALSE	NA	NA	NA	NA	NA	NA
NC_045512.2	24791	A	T	11111	4739	48	2	2	30	0.000179953	11114	0.998295	FALSE	NA	NA	NA	NA	NA	NA
NC_045512.2	24791	A	C	11111	4739	48	1	0	26	8.99766e-05	11114	1	FALSE	NA	NA	NA	NA	NA	NA
NC_045512.2	24792	C	T	11091	4852	48	1	0	68	9.01469e-05	11093	0.5	FALSE	NA	NA	NA	NA	NA	NA
NC_045512.2	24792	C	G	11091	4852	48	1	1	27	9.01469e-05	11093	1	FALSE	NA	NA	NA	NA	NA	NA
NC_045512.2	24793	T	A	11129	4757	47	1	0	34	8.98473e-05	11130	0.999757	FALSE	NA	NA	NA	NA	NA	NA
NC_045512.2	24794	G	T	11209	4822	47	1	1	20	8.91822e-05	11213	1	FALSE	NA	NA	NA	NA	NA	NA
NC_045512.2	24794	G	C	11209	4822	47	1	0	68	8.91822e-05	11213	0.499955	FALSE	NA	NA	NA	NA	NA	NA
NC_045512.2	24794	G	A	11209	4822	47	2	1	68	0.000178364	11213	0.249967	FALSE	NA	NA	NA	NA	NA	NA
NC_045512.2	24795	C	T	11314	4988	48	2	1	34	0.00017671	11318	0.998294	FALSE	NA	NA	NA	NA	NA	NA
NC_045512.2	24795	C	G	11314	4988	48	1	1	20	8.83548e-05	11318	1	FALSE	NA	NA	NA	NA	NA	NA
NC_045512.2	24795	C	A	11314	4988	48	1	0	27	8.83548e-05	11318	1	FALSE	NA	NA	NA	NA	NA	NA
NC_045512.2	24796	T	C	11209	4764	47	1	0	34	8.91345e-05	11219	0.999756	FALSE	NA	NA	NA	NA	NA	NA
NC_045512.2	24796	T	A	11209	4764	47	9	9	26	0.000802211	11219	1	FALSE	NA	NA	NA	NA	NA	NA
NC_045512.2	24797	C	G	11285	5059	48	2	2	26	0.000177195	11287	1	FALSE	NA	NA	NA	NA	NA	NA
NC_045512.2	24798	C	G	11045	4981	48	1	0	34	9.05305e-05	11046	0.999757	FALSE	NA	NA	NA	NA	NA	NA
NC_045512.2	24799	T	G	10895	4746	47	6	5	25	0.000550307	10903	1	FALSE	NA	NA	NA	NA	NA	NA
NC_045512.2	24799	T	A	10895	4746	47	2	0	34	0.000183436	10903	0.996825	FALSE	NA	NA	NA	NA	NA	NA
NC_045512.2	24800	G	T	11185	4993	48	1	1	60	8.93815e-05	11188	0.499978	FALSE	NA	NA	NA	NA	NA	NA
NC_045512.2	24800	G	C	11185	4993	48	1	0	34	8.93815e-05	11188	0.999756	FALSE	NA	NA	NA	NA	NA	NA
NC_045512.2	24800	G	A	11185	4993	48	1	0	34	8.93815e-05	11188	0.999756	FALSE	NA	NA	NA	NA	NA	NA
NC_045512.2	24801	C	G	11179	5043	48	1	1	26	8.94454e-05	11180	1	FALSE	NA	NA	NA	NA	NA	NA
NC_045512.2	24802	C	A	11166	5028	48	2	1	26	0.000179083	11168	1	FALSE	NA	NA	NA	NA	NA	NA
NC_045512.2	24803	A	T	10832	4953	47	1	1	20	9.22935e-05	10835	1	FALSE	NA	NA	NA	NA	NA	NA
NC_045512.2	24803	A	C	10832	4953	47	2	0	26	0.000184587	10835	1	FALSE	NA	NA	NA	NA	NA	NA
NC_045512.2	24804	T	G	10168	4372	45	6	5	24	0.000589623	10176	1	FALSE	NA	NA	NA	NA	NA	NA
NC_045512.2	24804	T	C	10168	4372	45	2	1	47	0.000196541	10176	0.499816	FALSE	NA	NA	NA	NA	NA	NA
NC_045512.2	24805	T	G	10869	4906	48	1	1	27	9.19879e-05	10871	1	FALSE	NA	NA	NA	NA	NA	NA
NC_045512.2	24805	T	A	10869	4906	48	1	0	34	9.19879e-05	10871	0.999513	FALSE	NA	NA	NA	NA	NA	NA
NC_045512.2	24806	T	A	10935	5020	48	2	0	30	0.000182866	10937	0.996834	FALSE	NA	NA	NA	NA	NA	NA
NC_045512.2	24806	T	-GTCA	10935	5020	48	1	0	20	9.14328e-05	10937	1	FALSE	NA	NA	NA	NA	NA	NA
NC_045512.2	24807	G	-TCA	10946	5022	48	10	0	20	0.000913492	10947	1	FALSE	NA	NA	NA	NA	NA	NA
NC_045512.2	24808	T	G	10877	4987	48	1	1	26	9.18442e-05	10888	1	FALSE	NA	NA	NA	NA	NA	NA
NC_045512.2	24808	T	C	10877	4987	48	3	2	32	0.000275533	10888	0.988688	FALSE	NA	NA	NA	NA	NA	NA
NC_045512.2	24808	T	A	10877	4987	48	7	6	29	0.00064291	10888	1	FALSE	NA	NA	NA	NA	NA	NA
NC_045512.2	24808	T	+A	10877	4987	48	1	0	20	9.17263e-05	10902	1	FALSE	NA	NA	NA	NA	NA	NA
NC_045512.2	24809	C	G	10840	5021	48	1	1	26	9.22424e-05	10841	1	FALSE	NA	NA	NA	NA	NA	NA
NC_045512.2	24809	C	-ATG	10840	5021	48	5899	0	20	0.543436	10855	0	TRUE	NA	NA	NA	NA	NA	NA
NC_045512.2	24809	C	-A	10840	5021	48	1	0	20	9.21234e-05	10855	1	FALSE	NA	NA	NA	NA	NA	NA
NC_045512.2	24810	A	-TGAT	4922	2275	48	3	0	20	0.0002766	10846	1	FALSE	NA	NA	NA	NA	NA	NA
NC_045512.2	24810	A	+G	4922	2275	48	1	0	20	9.21999e-05	10846	1	FALSE	NA	NA	NA	NA	NA	NA
NC_045512.2	24811	T	C	4926	2272	48	1	1	27	0.000202963	4927	1	FALSE	NA	NA	NA	NA	NA	NA
NC_045512.2	24812	G	T	4852	2227	48	1	1	27	0.000205212	4873	1	FALSE	NA	NA	NA	NA	NA	NA
NC_045512.2	24812	G	C	4852	2227	48	20	19	34	0.00410425	4873	6.57892e-05	TRUE	NA	NA	NA	NA	NA	NA
NC_045512.2	24813	A	T	10874	5127	48	2	0	30	0.00018384	10879	0.996825	FALSE	NA	NA	NA	NA	NA	NA
NC_045512.2	24813	A	G	10874	5127	48	3	2	45	0.000275761	10879	0.312345	FALSE	NA	NA	NA	NA	NA	NA
NC_045512.2	24813	A	-TGG	10874	5127	48	1	0	20	9.18949e-05	10882	1	FALSE	NA	NA	NA	NA	NA	NA
NC_045512.2	24814	T	G	10804	5035	48	1	1	26	9.25412e-05	10806	1	FALSE	NA	NA	NA	NA	NA	NA
NC_045512.2	24814	T	C	10804	5035	48	1	0	34	9.25412e-05	10806	0.999512	FALSE	NA	NA	NA	NA	NA	NA
NC_045512.2	24815	G	T	10824	5076	48	3	1	42	0.000277085	10827	0.312448	FALSE	NA	NA	NA	NA	NA	NA
NC_045512.2	24816	G	+C	10897	5052	47	2	0	20	0.00018352	10898	1	FALSE	NA	NA	NA	NA	NA	NA
NC_045512.2	24818	A	T	11242	5309	49	1	1	27	8.89363e-05	11244	1	FALSE	NA	NA	NA	NA	NA	NA
NC_045512.2	24818	A	G	11242	5309	49	1	0	26	8.89363e-05	11244	1	FALSE	NA	NA	NA	NA	NA	NA
NC_045512.2	24819	A	G	11099	5298	48	1	0	46	9.00901e-05	11100	0.750034	FALSE	NA	NA	NA	NA	NA	NA
NC_045512.2	24820	A	T	10843	5385	47	1	1	26	9.21914e-05	10847	1	FALSE	NA	NA	NA	NA	NA	NA
NC_045512.2	24820	A	C	10843	5385	47	3	2	31	0.000276574	10847	0.988789	FALSE	NA	NA	NA	NA	NA	NA
NC_045512.2	24821	G	T	11299	5329	48	1	1	20	8.84643e-05	11304	1	FALSE	NA	NA	NA	NA	NA	NA
NC_045512.2	24821	G	C	11299	5329	48	3	3	26	0.000265393	11304	1	FALSE	NA	NA	NA	NA	NA	NA
NC_045512.2	24821	G	A	11299	5329	48	1	0	34	8.84643e-05	11304	0.999756	FALSE	NA	NA	NA	NA	NA	NA
NC_045512.2	24823	A	T	11340	5492	48	1	0	27	8.81756e-05	11341	1	FALSE	NA	NA	NA	NA	NA	NA
NC_045512.2	24824	C	A	11527	5560	48	3	2	28	0.000260191	11530	1	FALSE	NA	NA	NA	NA	NA	NA
NC_045512.2	24825	A	T	11304	5426	48	1	1	26	8.84564e-05	11305	1	FALSE	NA	NA	NA	NA	NA	NA
NC_045512.2	24826	C	T	11538	5442	48	1	0	60	8.66476e-05	11541	0.499978	FALSE	NA	NA	NA	NA	NA	NA
NC_045512.2	24826	C	G	11538	5442	48	1	1	27	8.66476e-05	11541	1	FALSE	NA	NA	NA	NA	NA	NA
NC_045512.2	24826	C	A	11538	5442	48	1	0	20	8.66476e-05	11541	1	FALSE	NA	NA	NA	NA	NA	NA
NC_045512.2	24827	T	G	11346	5310	48	2	2	36	0.000176227	11349	0.998295	FALSE	NA	NA	NA	NA	NA	NA
NC_045512.2	24827	T	C	11346	5310	48	1	0	38	8.81135e-05	11349	0.999756	FALSE	NA	NA	NA	NA	NA	NA
NC_045512.2	24828	T	G	11360	5332	48	3	3	28	0.000263992	11364	1	FALSE	NA	NA	NA	NA	NA	NA
NC_045512.2	24828	T	C	11360	5332	48	1	0	68	8.79972e-05	11364	0.499956	FALSE	NA	NA	NA	NA	NA	NA
NC_045512.2	24829	T	G	11476	5588	49	1	1	27	8.71232e-05	11478	1	FALSE	NA	NA	NA	NA	NA	NA
NC_045512.2	24829	T	C	11476	5588	49	1	1	27	8.71232e-05	11478	1	FALSE	NA	NA	NA	NA	NA	NA
NC_045512.2	24830	C	A	11410	5620	50	1	1	34	8.76347e-05	11411	0.999757	FALSE	NA	NA	NA	NA	NA	NA
NC_045512.2	24831	C	G	11286	5741	50	1	1	27	8.85975e-05	11287	1	FALSE	NA	NA	NA	NA	NA	NA
NC_045512.2	24832	T	G	11467	5724	50	2	2	30	0.000174368	11470	0.998295	FALSE	NA	NA	NA	NA	NA	NA
NC_045512.2	24832	T	A	11467	5724	50	1	1	27	8.7184e-05	11470	1	FALSE	NA	NA	NA	NA	NA	NA
NC_045512.2	24833	C	G	11282	5529	50	3	3	26	0.000265816	11286	1	FALSE	NA	NA	NA	NA	NA	NA
NC_045512.2	24833	C	A	11282	5529	50	1	0	27	8.86054e-05	11286	1	FALSE	NA	NA	NA	NA	NA	NA
NC_045512.2	24834	G	C	11355	5612	51	1	1	26	8.80592e-05	11356	1	FALSE	NA	NA	NA	NA	NA	NA
NC_045512.2	24835	T	G	10879	5231	49	4	4	26	0.000367478	10885	1	FALSE	NA	NA	NA	NA	NA	NA
NC_045512.2	24835	T	C	10879	5231	49	1	0	38	9.18695e-05	10885	0.999512	FALSE	NA	NA	NA	NA	NA	NA
NC_045512.2	24835	T	A	10879	5231	49	1	0	27	9.18695e-05	10885	1	FALSE	NA	NA	NA	NA	NA	NA
NC_045512.2	24836	G	T	11135	5399	50	3	3	29	0.000269276	11141	1	FALSE	NA	NA	NA	NA	NA	NA
NC_045512.2	24836	G	C	11135	5399	50	1	0	27	8.97585e-05	11141	1	FALSE	NA	NA	NA	NA	NA	NA
NC_045512.2	24836	G	A	11135	5399	50	2	1	32	0.000179517	11141	0.998293	FALSE	NA	NA	NA	NA	NA	NA
NC_045512.2	24836	G	-A	11135	5399	50	1	0	20	8.97585e-05	11141	1	FALSE	NA	NA	NA	NA	NA	NA
NC_045512.2	24837	A	T	11164	5493	51	1	1	26	8.95255e-05	11170	1	FALSE	NA	NA	NA	NA	NA	NA
NC_045512.2	24837	A	G	11164	5493	51	2	1	51	0.000179051	11170	0.249899	FALSE	NA	NA	NA	NA	NA	NA
NC_045512.2	24837	A	C	11164	5493	51	3	1	56	0.000268577	11170	0.124933	FALSE	NA	NA	NA	NA	NA	NA
NC_045512.2	24838	A	C	10719	5520	49	5	0	28	0.000466244	10724	1	FALSE	NA	NA	NA	NA	NA	NA
NC_045512.2	24839	G	T	11201	5471	51	2	2	27	0.000178508	11204	1	FALSE	NA	NA	NA	NA	NA	NA
NC_045512.2	24839	G	C	11201	5471	51	1	1	26	8.92538e-05	11204	1	FALSE	NA	NA	NA	NA	NA	NA
NC_045512.2	24840	G	T	11248	5553	51	2	1	51	0.000177778	11250	0.250011	FALSE	NA	NA	NA	NA	NA	NA
NC_045512.2	24841	T	G	11194	5529	52	1	1	27	8.93256e-05	11195	1	FALSE	NA	NA	NA	NA	NA	NA
NC_045512.2	24842	G	T	11208	5456	51	2	2	27	0.000178396	11211	1	FALSE	NA	NA	NA	NA	NA	NA
NC_045512.2	24842	G	A	11208	5456	51	1	0	26	8.91981e-05	11211	1	FALSE	NA	NA	NA	NA	NA	NA
NC_045512.2	24843	T	C	11028	5372	50	1	1	68	9.06618e-05	11030	0.5	FALSE	NA	NA	NA	NA	NA	NA
NC_045512.2	24843	T	A	11028	5372	50	1	1	26	9.06618e-05	11030	1	FALSE	NA	NA	NA	NA	NA	NA
NC_045512.2	24844	C	G	11103	5365	51	1	1	27	9.00576e-05	11104	1	FALSE	NA	NA	NA	NA	NA	NA
NC_045512.2	24845	T	C	11023	5315	51	1	0	24	9.06947e-05	11026	1	FALSE	NA	NA	NA	NA	NA	NA
NC_045512.2	24845	T	A	11023	5315	51	2	1	27	0.000181389	11026	1	FALSE	NA	NA	NA	NA	NA	NA
NC_045512.2	24846	T	A	11130	5550	52	1	0	27	8.98392e-05	11131	1	FALSE	NA	NA	NA	NA	NA	NA
NC_045512.2	24847	T	C	11153	5541	52	2	2	47	0.000179292	11155	0.500034	FALSE	NA	NA	NA	NA	NA	NA
NC_045512.2	24848	G	T	10932	5266	51	4	4	28	0.000365764	10936	1	FALSE	NA	NA	NA	NA	NA	NA
NC_045512.2	24849	T	G	10929	5403	52	1	0	27	9.14913e-05	10930	1	FALSE	NA	NA	NA	NA	NA	NA
NC_045512.2	24850	T	G	10848	5462	52	2	1	26	0.000184332	10850	1	FALSE	NA	NA	NA	NA	NA	NA
NC_045512.2	24851	T	C	10842	5500	53	1	1	68	9.22169e-05	10844	0.5	FALSE	NA	NA	NA	NA	NA	NA
NC_045512.2	24851	T	A	10842	5500	53	1	0	27	9.22169e-05	10844	1	FALSE	NA	NA	NA	NA	NA	NA
NC_045512.2	24853	A	T	10778	5594	52	1	1	27	9.27472e-05	10782	1	FALSE	NA	NA	NA	NA	NA	NA
NC_045512.2	24853	A	G	10778	5594	52	3	2	56	0.000278242	10782	0.124983	FALSE	NA	NA	NA	NA	NA	NA
NC_045512.2	24854	A	G	10308	5623	49	2	0	27	0.00019393	10313	1	FALSE	NA	NA	NA	NA	NA	NA
NC_045512.2	24854	A	C	10308	5623	49	3	0	26	0.000290895	10313	1	FALSE	NA	NA	NA	NA	NA	NA
NC_045512.2	24855	A	T	10316	5529	50	2	2	34	0.000193742	10323	0.996827	FALSE	NA	NA	NA	NA	NA	NA
NC_045512.2	24855	A	C	10316	5529	50	5	0	30	0.000484355	10323	0.94081	FALSE	NA	NA	NA	NA	NA	NA
NC_045512.2	24856	T	G	10804	5587	52	2	1	27	0.000185048	10808	1	FALSE	NA	NA	NA	NA	NA	NA
NC_045512.2	24856	T	C	10804	5587	52	2	0	68	0.000185048	10808	0.249965	FALSE	NA	NA	NA	NA	NA	NA
NC_045512.2	24858	G	C	10917	5622	51	1	1	68	9.15919e-05	10918	0.500023	FALSE	NA	NA	NA	NA	NA	NA
NC_045512.2	24859	C	G	10907	5734	52	1	0	68	9.16674e-05	10909	0.5	FALSE	NA	NA	NA	NA	NA	NA
NC_045512.2	24859	C	A	10907	5734	52	1	0	34	9.16674e-05	10909	0.999513	FALSE	NA	NA	NA	NA	NA	NA
NC_045512.2	24860	A	T	10996	5844	51	1	1	34	9.09091e-05	11000	0.999756	FALSE	NA	NA	NA	NA	NA	NA
NC_045512.2	24860	A	G	10996	5844	51	1	0	68	9.09091e-05	11000	0.499955	FALSE	NA	NA	NA	NA	NA	NA
NC_045512.2	24860	A	C	10996	5844	51	2	0	26	0.000181818	11000	1	FALSE	NA	NA	NA	NA	NA	NA
NC_045512.2	24861	C	T	10970	5871	51	3	3	68	0.000273373	10974	0.124983	FALSE	NA	NA	NA	NA	NA	NA
NC_045512.2	24861	C	G	10970	5871	51	1	0	26	9.11245e-05	10974	1	FALSE	NA	NA	NA	NA	NA	NA
NC_045512.2	24862	A	G	11099	5892	52	1	0	27	9.00901e-05	11100	1	FALSE	NA	NA	NA	NA	NA	NA
NC_045512.2	24863	C	T	11302	5960	52	1	1	27	8.84643e-05	11304	1	FALSE	NA	NA	NA	NA	NA	NA
NC_045512.2	24863	C	A	11302	5960	52	1	0	26	8.84643e-05	11304	1	FALSE	NA	NA	NA	NA	NA	NA
NC_045512.2	24865	C	G	11234	5927	51	2	2	20	0.000177999	11236	1	FALSE	NA	NA	NA	NA	NA	NA
NC_045512.2	24866	T	G	10794	5572	51	10	10	28	0.000925412	10806	1	FALSE	NA	NA	NA	NA	NA	NA
NC_045512.2	24866	T	C	10794	5572	51	2	0	68	0.000185082	10806	0.24978	FALSE	NA	NA	NA	NA	NA	NA
NC_045512.2	24867	G	C	11272	5747	51	2	0	30	0.000177399	11274	0.998296	FALSE	NA	NA	NA	NA	NA	NA
NC_045512.2	24869	T	G	10369	4867	48	6	6	31	0.000578313	10375	0.895067	FALSE	NA	NA	NA	NA	NA	NA
NC_045512.2	24870	T	C	11503	5852	52	1	0	34	8.69263e-05	11504	0.999757	FALSE	NA	NA	NA	NA	NA	NA
NC_045512.2	24872	G	T	11068	5574	52	2	2	30	0.000180668	11070	0.998296	FALSE	NA	NA	NA	NA	NA	NA
NC_045512.2	24873	T	C	10993	5523	51	1	1	60	9.09091e-05	11000	0.499886	FALSE	NA	NA	NA	NA	NA	NA
NC_045512.2	24873	T	A	10993	5523	51	6	6	28	0.000545455	11000	1	FALSE	NA	NA	NA	NA	NA	NA
NC_045512.2	24874	A	C	11041	5703	52	2	0	30	0.00018111	11043	0.998296	FALSE	NA	NA	NA	NA	NA	NA
NC_045512.2	24876	C	T	10635	5489	52	1	1	34	9.3985e-05	10640	0.999512	FALSE	NA	NA	NA	NA	NA	NA
NC_045512.2	24876	C	G	10635	5489	52	1	0	46	9.3985e-05	10640	0.749941	FALSE	NA	NA	NA	NA	NA	NA
NC_045512.2	24876	C	A	10635	5489	52	3	0	27	0.000281955	10640	1	FALSE	NA	NA	NA	NA	NA	NA
NC_045512.2	24877	A	T	10481	5484	52	1	0	27	9.53834e-05	10484	1	FALSE	NA	NA	NA	NA	NA	NA
NC_045512.2	24877	A	C	10481	5484	52	2	1	51	0.000190767	10484	0.249988	FALSE	NA	NA	NA	NA	NA	NA
NC_045512.2	24878	C	G	10470	5451	52	2	1	27	0.000190985	10472	1	FALSE	NA	NA	NA	NA	NA	NA
NC_045512.2	24879	A	G	10196	5248	52	1	0	27	9.80681e-05	10197	1	FALSE	NA	NA	NA	NA	NA	NA
NC_045512.2	24880	A	T	10223	5224	52	1	1	34	9.77995e-05	10225	0.999513	FALSE	NA	NA	NA	NA	NA	NA
NC_045512.2	24880	A	C	10223	5224	52	1	0	26	9.77995e-05	10225	1	FALSE	NA	NA	NA	NA	NA	NA
NC_045512.2	24881	A	T	9695	5344	48	2	1	27	0.000206143	9702	1	FALSE	NA	NA	NA	NA	NA	NA
NC_045512.2	24881	A	G	9695	5344	48	2	2	46	0.000206143	9702	0.249884	FALSE	NA	NA	NA	NA	NA	NA
NC_045512.2	24881	A	C	9695	5344	48	3	1	31	0.000309215	9702	0.980717	FALSE	NA	NA	NA	NA	NA	NA
NC_045512.2	24882	G	T	9886	5019	50	4	2	29	0.000404449	9890	1	FALSE	NA	NA	NA	NA	NA	NA
NC_045512.2	24883	G	T	9964	5108	50	2	2	27	0.000200642	9968	1	FALSE	NA	NA	NA	NA	NA	NA
NC_045512.2	24883	G	C	9964	5108	50	1	0	27	0.000100321	9968	1	FALSE	NA	NA	NA	NA	NA	NA
NC_045512.2	24883	G	A	9964	5108	50	1	0	68	0.000100321	9968	0.49995	FALSE	NA	NA	NA	NA	NA	NA
NC_045512.2	24884	A	T	10103	5211	51	2	1	27	0.000197922	10105	1	FALSE	NA	NA	NA	NA	NA	NA
NC_045512.2	24885	A	T	10129	5365	51	1	1	24	9.87069e-05	10131	1	FALSE	NA	NA	NA	NA	NA	NA
NC_045512.2	24885	A	C	10129	5365	51	1	1	34	9.87069e-05	10131	0.999513	FALSE	NA	NA	NA	NA	NA	NA
NC_045512.2	24886	T	G	9920	5171	50	2	1	27	0.000201572	9922	1	FALSE	NA	NA	NA	NA	NA	NA
NC_045512.2	24887	T	G	10097	5373	51	1	1	20	9.89903e-05	10102	1	FALSE	NA	NA	NA	NA	NA	NA
NC_045512.2	24887	T	C	10097	5373	51	2	2	26	0.000197981	10102	1	FALSE	NA	NA	NA	NA	NA	NA
NC_045512.2	24887	T	A	10097	5373	51	2	2	26	0.000197981	10102	1	FALSE	NA	NA	NA	NA	NA	NA
NC_045512.2	24888	T	C	9741	5002	49	1	1	27	0.000102648	9742	1	FALSE	NA	NA	NA	NA	NA	NA
NC_045512.2	24889	T	C	10091	5489	51	1	1	34	9.90884e-05	10092	0.999513	FALSE	NA	NA	NA	NA	NA	NA
NC_045512.2	24890	T	C	10067	5470	50	2	0	60	0.00019861	10070	0.249988	FALSE	NA	NA	NA	NA	NA	NA
NC_045512.2	24890	T	A	10067	5470	50	1	1	26	9.93049e-05	10070	1	FALSE	NA	NA	NA	NA	NA	NA
NC_045512.2	24891	A	T	10066	5588	50	1	1	27	9.93345e-05	10067	1	FALSE	NA	NA	NA	NA	NA	NA
NC_045512.2	24892	T	G	9862	5460	50	1	1	27	0.000101379	9864	1	FALSE	NA	NA	NA	NA	NA	NA
NC_045512.2	24892	T	C	9862	5460	50	1	1	68	0.000101379	9864	0.5	FALSE	NA	NA	NA	NA	NA	NA
NC_045512.2	24893	G	C	9879	5583	49	1	1	27	0.000101204	9881	1	FALSE	NA	NA	NA	NA	NA	NA
NC_045512.2	24893	G	A	9879	5583	49	1	0	68	0.000101204	9881	0.5	FALSE	NA	NA	NA	NA	NA	NA
NC_045512.2	24895	A	T	9722	5762	47	1	1	34	0.000102743	9733	0.999021	FALSE	NA	NA	NA	NA	NA	NA
NC_045512.2	24895	A	G	9722	5762	47	1	1	34	0.000102743	9733	0.999021	FALSE	NA	NA	NA	NA	NA	NA
NC_045512.2	24895	A	C	9722	5762	47	9	2	28	0.000924689	9733	1	FALSE	NA	NA	NA	NA	NA	NA
NC_045512.2	24897	C	+A	10149	5945	49	1	0	20	9.85319e-05	10149	1	FALSE	NA	NA	NA	NA	NA	NA
NC_045512.2	24898	A	T	10200	5954	49	1	1	27	9.80104e-05	10203	1	FALSE	NA	NA	NA	NA	NA	NA
NC_045512.2	24898	A	C	10200	5954	49	2	0	23	0.000196021	10203	1	FALSE	NA	NA	NA	NA	NA	NA
NC_045512.2	24899	C	A	10172	5927	49	2	1	30	0.00019658	10174	0.996835	FALSE	NA	NA	NA	NA	NA	NA
NC_045512.2	24900	A	G	10251	5987	49	2	2	40	0.000195065	10253	0.500037	FALSE	NA	NA	NA	NA	NA	NA
NC_045512.2	24901	A	T	10373	5971	49	1	1	26	9.63855e-05	10375	1	FALSE	NA	NA	NA	NA	NA	NA
NC_045512.2	24901	A	G	10373	5971	49	1	1	68	9.63855e-05	10375	0.5	FALSE	NA	NA	NA	NA	NA	NA
NC_045512.2	24902	A	C	9900	5895	45	2	0	27	0.000201979	9902	1	FALSE	NA	NA	NA	NA	NA	NA
NC_045512.2	24903	T	A	10330	6002	48	3	1	43	0.000290332	10333	0.312518	FALSE	NA	NA	NA	NA	NA	NA
NC_045512.2	24904	C	G	10498	6106	48	1	1	26	9.5229e-05	10501	1	FALSE	NA	NA	NA	NA	NA	NA
NC_045512.2	24904	C	A	10498	6106	48	2	0	26	0.000190458	10501	1	FALSE	NA	NA	NA	NA	NA	NA
NC_045512.2	24905	A	G	10302	5917	49	3	1	38	0.000291064	10307	0.988785	FALSE	NA	NA	NA	NA	NA	NA
NC_045512.2	24905	A	C	10302	5917	49	2	0	26	0.000194043	10307	1	FALSE	NA	NA	NA	NA	NA	NA
NC_045512.2	24906	T	G	10350	5891	49	1	0	34	9.65904e-05	10353	0.999513	FALSE	NA	NA	NA	NA	NA	NA
NC_045512.2	24906	T	A	10350	5891	49	2	2	30	0.000193181	10353	0.996833	FALSE	NA	NA	NA	NA	NA	NA
NC_045512.2	24907	T	G	10353	5934	49	2	1	30	0.000193106	10357	0.996832	FALSE	NA	NA	NA	NA	NA	NA
NC_045512.2	24907	T	A	10353	5934	49	2	2	30	0.000193106	10357	0.996832	FALSE	NA	NA	NA	NA	NA	NA
NC_045512.2	24908	A	T	10493	6077	48	5	3	26	0.000476236	10499	1	FALSE	NA	NA	NA	NA	NA	NA
NC_045512.2	24908	A	G	10493	6077	48	1	0	27	9.52472e-05	10499	1	FALSE	NA	NA	NA	NA	NA	NA
NC_045512.2	24909	C	A	10471	6190	48	2	1	25	0.000190967	10473	1	FALSE	NA	NA	NA	NA	NA	NA
NC_045512.2	24910	T	A	10234	5898	48	2	1	26	0.000195389	10236	1	FALSE	NA	NA	NA	NA	NA	NA
NC_045512.2	24911	A	T	10360	5997	48	1	1	34	9.65065e-05	10362	0.999513	FALSE	NA	NA	NA	NA	NA	NA
NC_045512.2	24911	A	C	10360	5997	48	1	0	26	9.65065e-05	10362	1	FALSE	NA	NA	NA	NA	NA	NA
NC_045512.2	24912	C	A	10132	6076	47	3	1	23	0.000296004	10135	1	FALSE	NA	NA	NA	NA	NA	NA
NC_045512.2	24913	A	G	10154	5819	48	3	1	38	0.000295363	10157	0.988795	FALSE	NA	NA	NA	NA	NA	NA
NC_045512.2	24914	G	C	10151	5908	47	1	0	20	9.85028e-05	10152	1	FALSE	NA	NA	NA	NA	NA	NA
NC_045512.2	24915	A	G	10169	5836	48	1	0	60	9.83187e-05	10171	0.5	FALSE	NA	NA	NA	NA	NA	NA
NC_045512.2	24915	A	C	10169	5836	48	1	1	27	9.83187e-05	10171	1	FALSE	NA	NA	NA	NA	NA	NA
NC_045512.2	24916	C	T	10265	5854	48	1	0	68	9.74089e-05	10266	0.500024	FALSE	NA	NA	NA	NA	NA	NA
NC_045512.2	24918	A	C	10337	5625	48	3	0	24	0.000290135	10340	1	FALSE	NA	NA	NA	NA	NA	NA
NC_045512.2	24919	C	T	10421	5860	47	1	1	26	9.59233e-05	10425	1	FALSE	NA	NA	NA	NA	NA	NA
NC_045512.2	24919	C	G	10421	5860	47	1	0	26	9.59233e-05	10425	1	FALSE	NA	NA	NA	NA	NA	NA
NC_045512.2	24919	C	A	10421	5860	47	2	0	23	0.000191847	10425	1	FALSE	NA	NA	NA	NA	NA	NA
NC_045512.2	24920	A	T	10232	5626	48	1	0	27	9.76849e-05	10237	1	FALSE	NA	NA	NA	NA	NA	NA
NC_045512.2	24920	A	C	10232	5626	48	4	0	28	0.000390739	10237	1	FALSE	NA	NA	NA	NA	NA	NA
NC_045512.2	24921	C	T	10654	5765	48	4	2	40	0.000375199	10661	0.187412	FALSE	NA	NA	NA	NA	NA	NA
NC_045512.2	24921	C	G	10654	5765	48	3	3	27	0.000281399	10661	1	FALSE	NA	NA	NA	NA	NA	NA
NC_045512.2	24922	A	C	10068	5592	46	15	0	29	0.00148765	10083	1	FALSE	NA	NA	NA	NA	NA	NA
NC_045512.2	24922	A	-T	10068	5592	46	1	0	20	9.91768e-05	10083	1	FALSE	NA	NA	NA	NA	NA	NA
NC_045512.2	24923	T	G	9018	4532	43	18	17	28	0.00199115	9040	1	FALSE	NA	NA	NA	NA	NA	NA
NC_045512.2	24923	T	C	9018	4532	43	3	1	40	0.000331858	9040	0.124585	FALSE	NA	NA	NA	NA	NA	NA
NC_045512.2	24923	T	A	9018	4532	43	1	0	20	0.000110619	9040	1	FALSE	NA	NA	NA	NA	NA	NA
NC_045512.2	24924	T	C	10468	5620	48	2	1	68	0.000190985	10472	0.249964	FALSE	NA	NA	NA	NA	NA	NA
NC_045512.2	24924	T	A	10468	5620	48	2	1	26	0.000190985	10472	1	FALSE	NA	NA	NA	NA	NA	NA
NC_045512.2	24925	T	G	10216	5359	48	3	1	26	0.000293571	10219	1	FALSE	NA	NA	NA	NA	NA	NA
NC_045512.2	24926	G	T	10306	5557	48	1	1	26	9.70214e-05	10307	1	FALSE	NA	NA	NA	NA	NA	NA
NC_045512.2	24927	T	A	9848	5219	49	1	0	34	0.000101533	9849	0.999026	FALSE	NA	NA	NA	NA	NA	NA
NC_045512.2	24927	T	+G	9848	5219	49	1	0	20	0.000101533	9849	1	FALSE	NA	NA	NA	NA	NA	NA
NC_045512.2	24928	G	T	9944	5275	49	2	2	25	0.000201086	9946	1	FALSE	NA	NA	NA	NA	NA	NA
NC_045512.2	24928	G	-TC	9944	5275	49	1	0	20	0.000100543	9946	1	FALSE	NA	NA	NA	NA	NA	NA
NC_045512.2	24929	T	C	9869	5211	49	1	0	38	0.000101297	9872	0.999025	FALSE	NA	NA	NA	NA	NA	NA
NC_045512.2	24929	T	A	9869	5211	49	2	2	30	0.000202593	9872	0.994152	FALSE	NA	NA	NA	NA	NA	NA
NC_045512.2	24930	C	G	9491	4999	48	5	2	26	0.000526537	9496	1	FALSE	NA	NA	NA	NA	NA	NA
NC_045512.2	24931	T	G	9819	5142	49	3	2	29	0.000305375	9824	1	FALSE	NA	NA	NA	NA	NA	NA
NC_045512.2	24931	T	C	9819	5142	49	1	1	34	0.000101792	9824	0.999024	FALSE	NA	NA	NA	NA	NA	NA
NC_045512.2	24931	T	A	9819	5142	49	1	0	26	0.000101792	9824	1	FALSE	NA	NA	NA	NA	NA	NA
NC_045512.2	24932	G	A	9846	5096	49	1	1	68	0.000101554	9847	0.500025	FALSE	NA	NA	NA	NA	NA	NA
NC_045512.2	24933	G	T	9843	5125	49	2	2	30	0.000203128	9846	0.994152	FALSE	NA	NA	NA	NA	NA	NA
NC_045512.2	24933	G	C	9843	5125	49	1	1	26	0.000101564	9846	1	FALSE	NA	NA	NA	NA	NA	NA
NC_045512.2	24934	T	A	9956	5276	49	2	2	30	0.000200844	9958	0.994154	FALSE	NA	NA	NA	NA	NA	NA
NC_045512.2	24935	A	T	9966	5360	49	4	2	23	0.000401163	9971	1	FALSE	NA	NA	NA	NA	NA	NA
NC_045512.2	24935	A	G	9966	5360	49	1	1	34	0.000100291	9971	0.999024	FALSE	NA	NA	NA	NA	NA	NA
NC_045512.2	24936	A	G	10000	5349	49	1	1	34	9.998e-05	10002	0.999513	FALSE	NA	NA	NA	NA	NA	NA
NC_045512.2	24936	A	C	10000	5349	49	1	0	27	9.998e-05	10002	1	FALSE	NA	NA	NA	NA	NA	NA
NC_045512.2	24937	C	T	10067	5464	47	1	1	34	9.92753e-05	10073	0.999512	FALSE	NA	NA	NA	NA	NA	NA
NC_045512.2	24937	C	G	10067	5464	47	1	1	27	9.92753e-05	10073	1	FALSE	NA	NA	NA	NA	NA	NA
NC_045512.2	24937	C	A	10067	5464	47	4	0	28	0.000397101	10073	1	FALSE	NA	NA	NA	NA	NA	NA
NC_045512.2	24938	T	G	9997	5310	47	2	2	27	0.0002	10000	1	FALSE	NA	NA	NA	NA	NA	NA
NC_045512.2	24938	T	C	9997	5310	47	1	0	24	0.0001	10000	1	FALSE	NA	NA	NA	NA	NA	NA
NC_045512.2	24939	G	T	10176	5426	48	1	1	46	9.82511e-05	10178	0.750012	FALSE	NA	NA	NA	NA	NA	NA
NC_045512.2	24939	G	C	10176	5426	48	1	0	20	9.82511e-05	10178	1	FALSE	NA	NA	NA	NA	NA	NA
NC_045512.2	24940	T	G	10019	5254	49	2	2	34	0.000199561	10022	0.996833	FALSE	NA	NA	NA	NA	NA	NA
NC_045512.2	24940	T	C	10019	5254	49	1	0	26	9.97805e-05	10022	1	FALSE	NA	NA	NA	NA	NA	NA
NC_045512.2	24941	G	T	9933	5182	48	2	2	26	0.000201309	9935	1	FALSE	NA	NA	NA	NA	NA	NA
NC_045512.2	24942	A	T	9979	5317	49	34	24	47	0.00339525	10014	1.02038e-09	TRUE	NA	NA	NA	NA	NA	NA
NC_045512.2	24942	A	G	9979	5317	49	1	1	34	9.98602e-05	10014	0.999504	FALSE	NA	NA	NA	NA	NA	NA
NC_045512.2	24943	T	A	9993	5324	48	1	0	27	0.00010006	9994	1	FALSE	NA	NA	NA	NA	NA	NA
NC_045512.2	24944	G	T	10062	5320	48	2	1	26	0.000198728	10064	1	FALSE	NA	NA	NA	NA	NA	NA
NC_045512.2	24945	T	G	10053	5346	48	2	1	27	0.000198906	10055	1	FALSE	NA	NA	NA	NA	NA	NA
NC_045512.2	24947	G	C	9953	5352	50	1	1	26	0.000100462	9954	1	FALSE	NA	NA	NA	NA	NA	NA
NC_045512.2	24947	G	-T	9953	5352	50	1	0	20	0.000100462	9954	1	FALSE	NA	NA	NA	NA	NA	NA
NC_045512.2	24948	T	A	9836	5244	50	2	1	40	0.000203293	9838	0.249987	FALSE	NA	NA	NA	NA	NA	NA
NC_045512.2	24949	A	T	9790	5302	49	3	3	26	0.000306247	9796	1	FALSE	NA	NA	NA	NA	NA	NA
NC_045512.2	24949	A	G	9790	5302	49	2	0	47	0.000204165	9796	0.249911	FALSE	NA	NA	NA	NA	NA	NA
NC_045512.2	24949	A	C	9790	5302	49	1	0	34	0.000102082	9796	0.999024	FALSE	NA	NA	NA	NA	NA	NA
NC_045512.2	24950	A	T	9882	5383	50	1	1	26	0.000101174	9884	1	FALSE	NA	NA	NA	NA	NA	NA
NC_045512.2	24950	A	C	9882	5383	50	1	0	26	0.000101174	9884	1	FALSE	NA	NA	NA	NA	NA	NA
NC_045512.2	24951	T	C	9815	5227	50	1	1	46	0.000101864	9817	0.5	FALSE	NA	NA	NA	NA	NA	NA
NC_045512.2	24951	T	A	9815	5227	50	1	0	26	0.000101864	9817	1	FALSE	NA	NA	NA	NA	NA	NA
NC_045512.2	24952	A	T	9656	5414	48	5	2	27	0.000517545	9661	1	FALSE	NA	NA	NA	NA	NA	NA
NC_045512.2	24953	G	C	9766	5215	50	1	0	20	0.000102375	9768	1	FALSE	NA	NA	NA	NA	NA	NA
NC_045512.2	24953	G	A	9766	5215	50	1	1	34	0.000102375	9768	0.999026	FALSE	NA	NA	NA	NA	NA	NA
NC_045512.2	24954	G	T	9772	5225	50	1	1	26	0.000102323	9773	1	FALSE	NA	NA	NA	NA	NA	NA
NC_045512.2	24955	A	T	9741	5234	50	1	1	20	0.000102617	9745	1	FALSE	NA	NA	NA	NA	NA	NA
NC_045512.2	24955	A	G	9741	5234	50	2	0	30	0.000205233	9745	0.994149	FALSE	NA	NA	NA	NA	NA	NA
NC_045512.2	24955	A	C	9741	5234	50	1	1	27	0.000102617	9745	1	FALSE	NA	NA	NA	NA	NA	NA
NC_045512.2	24956	A	T	9681	5139	50	1	1	34	0.000103274	9683	0.999026	FALSE	NA	NA	NA	NA	NA	NA
NC_045512.2	24956	A	C	9681	5139	50	1	0	34	0.000103274	9683	0.999026	FALSE	NA	NA	NA	NA	NA	NA
NC_045512.2	24957	T	G	9527	4907	49	1	1	26	0.000104954	9528	1	FALSE	NA	NA	NA	NA	NA	NA
NC_045512.2	24960	T	C	9911	5190	50	1	0	24	0.000100888	9912	1	FALSE	NA	NA	NA	NA	NA	NA
NC_045512.2	24961	C	G	9975	5221	50	1	0	34	0.000100241	9976	0.999026	FALSE	NA	NA	NA	NA	NA	NA
NC_045512.2	24962	A	C	9992	5203	50	1	0	27	0.00010007	9993	1	FALSE	NA	NA	NA	NA	NA	NA
NC_045512.2	24962	A	+CC	9992	5203	50	1	0	20	0.00010007	9993	1	FALSE	NA	NA	NA	NA	NA	NA
NC_045512.2	24963	A	C	9197	5201	46	7	0	27	0.000760539	9204	1	FALSE	NA	NA	NA	NA	NA	NA
NC_045512.2	24964	C	A	9917	5200	49	1	0	68	0.000100827	9918	0.500025	FALSE	NA	NA	NA	NA	NA	NA
NC_045512.2	24965	A	T	9931	5179	50	1	0	26	0.000100685	9932	1	FALSE	NA	NA	NA	NA	NA	NA
NC_045512.2	24966	A	T	9950	5213	50	4	0	40	0.000401727	9957	0.0624561	FALSE	NA	NA	NA	NA	NA	NA
NC_045512.2	24966	A	C	9950	5213	50	3	1	28	0.000301296	9957	1	FALSE	NA	NA	NA	NA	NA	NA
NC_045512.2	24967	C	A	9971	5249	49	1	0	26	0.000100281	9972	1	FALSE	NA	NA	NA	NA	NA	NA
NC_045512.2	24968	A	T	9704	5028	50	2	2	30	0.000206016	9708	0.994149	FALSE	NA	NA	NA	NA	NA	NA
NC_045512.2	24968	A	G	9704	5028	50	1	0	34	0.000103008	9708	0.999025	FALSE	NA	NA	NA	NA	NA	NA
NC_045512.2	24968	A	C	9704	5028	50	1	0	20	0.000103008	9708	1	FALSE	NA	NA	NA	NA	NA	NA
NC_045512.2	24969	C	G	9803	5059	49	2	1	26	0.000203978	9805	1	FALSE	NA	NA	NA	NA	NA	NA
NC_045512.2	24970	A	G	9563	4948	49	1	1	34	0.000104548	9565	0.999026	FALSE	NA	NA	NA	NA	NA	NA
NC_045512.2	24970	A	C	9563	4948	49	1	0	26	0.000104548	9565	1	FALSE	NA	NA	NA	NA	NA	NA
NC_045512.2	24971	G	T	10426	4986	48	2	2	26	0.000191773	10429	1	FALSE	NA	NA	NA	NA	NA	NA
NC_045512.2	24971	G	C	10426	4986	48	1	0	20	9.58865e-05	10429	1	FALSE	NA	NA	NA	NA	NA	NA
NC_045512.2	24972	T	G	9342	3942	44	5	4	29	0.000534817	9349	1	FALSE	NA	NA	NA	NA	NA	NA
NC_045512.2	24972	T	C	9342	3942	44	1	0	34	0.000106963	9349	0.999023	FALSE	NA	NA	NA	NA	NA	NA
NC_045512.2	24972	T	A	9342	3942	44	1	0	34	0.000106963	9349	0.999023	FALSE	NA	NA	NA	NA	NA	NA
NC_045512.2	24973	T	A	10753	5032	48	3	0	28	0.000278914	10756	1	FALSE	NA	NA	NA	NA	NA	NA
NC_045512.2	24974	T	C	10701	5004	48	1	0	68	9.34317e-05	10703	0.5	FALSE	NA	NA	NA	NA	NA	NA
NC_045512.2	24974	T	A	10701	5004	48	1	0	26	9.34317e-05	10703	1	FALSE	NA	NA	NA	NA	NA	NA
NC_045512.2	24975	A	T	10605	5159	49	1	1	20	9.42685e-05	10608	1	FALSE	NA	NA	NA	NA	NA	NA
NC_045512.2	24975	A	G	10605	5159	49	1	0	34	9.42685e-05	10608	0.999513	FALSE	NA	NA	NA	NA	NA	NA
NC_045512.2	24975	A	C	10605	5159	49	1	0	26	9.42685e-05	10608	1	FALSE	NA	NA	NA	NA	NA	NA
NC_045512.2	24976	T	A	10700	5166	49	1	0	38	9.34492e-05	10701	0.999513	FALSE	NA	NA	NA	NA	NA	NA
NC_045512.2	24977	G	T	10584	5144	49	3	2	31	0.000283313	10589	0.988784	FALSE	NA	NA	NA	NA	NA	NA
NC_045512.2	24977	G	C	10584	5144	49	2	0	30	0.000188875	10589	0.99683	FALSE	NA	NA	NA	NA	NA	NA
NC_045512.2	24978	A	T	10530	5254	48	2	0	26	0.000189879	10533	1	FALSE	NA	NA	NA	NA	NA	NA
NC_045512.2	24978	A	G	10530	5254	48	1	0	68	9.49397e-05	10533	0.499976	FALSE	NA	NA	NA	NA	NA	NA
NC_045512.2	24979	T	A	10533	5152	48	2	2	27	0.000189843	10535	1	FALSE	NA	NA	NA	NA	NA	NA
NC_045512.2	24980	C	G	9664	4536	49	2	1	26	0.000206889	9667	1	FALSE	NA	NA	NA	NA	NA	NA
NC_045512.2	24980	C	A	9664	4536	49	1	0	34	0.000103445	9667	0.999025	FALSE	NA	NA	NA	NA	NA	NA
NC_045512.2	24981	C	A	9625	4571	49	1	0	24	0.000103885	9626	1	FALSE	NA	NA	NA	NA	NA	NA
NC_045512.2	24982	T	G	8988	3911	47	3	3	31	0.000333593	8993	0.967312	FALSE	NA	NA	NA	NA	NA	NA
NC_045512.2	24982	T	C	8988	3911	47	2	1	47	0.000222395	8993	0.24993	FALSE	NA	NA	NA	NA	NA	NA
NC_045512.2	24983	T	G	9225	4190	50	1	1	27	0.000108389	9226	1	FALSE	NA	NA	NA	NA	NA	NA
NC_045512.2	24984	T	C	9211	4162	50	1	0	68	0.00010853	9214	0.499973	FALSE	NA	NA	NA	NA	NA	NA
NC_045512.2	24984	T	A	9211	4162	50	2	1	46	0.000217061	9214	0.249986	FALSE	NA	NA	NA	NA	NA	NA
NC_045512.2	24985	G	T	9145	4151	49	1	1	27	0.000109314	9148	1	FALSE	NA	NA	NA	NA	NA	NA
NC_045512.2	24985	G	C	9145	4151	49	1	1	34	0.000109314	9148	0.999025	FALSE	NA	NA	NA	NA	NA	NA
NC_045512.2	24985	G	A	9145	4151	49	1	1	24	0.000109314	9148	1	FALSE	NA	NA	NA	NA	NA	NA
NC_045512.2	24986	C	G	9171	4245	49	1	0	27	0.000109016	9173	1	FALSE	NA	NA	NA	NA	NA	NA
NC_045512.2	24986	C	A	9171	4245	49	1	0	26	0.000109016	9173	1	FALSE	NA	NA	NA	NA	NA	NA
NC_045512.2	24988	A	G	9111	4160	50	2	0	34	0.000219467	9113	0.994155	FALSE	NA	NA	NA	NA	NA	NA
NC_045512.2	24990	C	T	9021	4188	49	1	1	27	0.00011084	9022	1	FALSE	NA	NA	NA	NA	NA	NA
NC_045512.2	24991	T	C	8690	3805	47	3	0	45	0.000345105	8693	0.125	FALSE	NA	NA	NA	NA	NA	NA
NC_045512.2	24992	G	T	8887	4023	49	1	1	26	0.000112499	8889	1	FALSE	NA	NA	NA	NA	NA	NA
NC_045512.2	24992	G	C	8887	4023	49	1	0	27	0.000112499	8889	1	FALSE	NA	NA	NA	NA	NA	NA
NC_045512.2	24993	A	G	8999	4162	49	1	1	60	0.000111111	9000	0.500028	FALSE	NA	NA	NA	NA	NA	NA
NC_045512.2	24994	A	G	8913	4210	48	1	1	34	0.000112183	8914	0.998052	FALSE	NA	NA	NA	NA	NA	NA
NC_045512.2	24995	T	G	8821	4007	48	5	5	29	0.000566444	8827	1	FALSE	NA	NA	NA	NA	NA	NA
NC_045512.2	24995	T	C	8821	4007	48	1	1	68	0.000113289	8827	0.499887	FALSE	NA	NA	NA	NA	NA	NA
NC_045512.2	24996	T	G	8942	4171	50	1	1	20	0.000111819	8943	1	FALSE	NA	NA	NA	NA	NA	NA
NC_045512.2	24997	A	T	8770	4159	48	1	0	27	0.000113973	8774	1	FALSE	NA	NA	NA	NA	NA	NA
NC_045512.2	24997	A	G	8770	4159	48	3	0	38	0.000341919	8774	0.967326	FALSE	NA	NA	NA	NA	NA	NA
NC_045512.2	24999	A	T	8100	4173	47	2	0	23	0.000246822	8103	1	FALSE	NA	NA	NA	NA	NA	NA
NC_045512.2	24999	A	C	8100	4173	47	1	1	20	0.000123411	8103	1	FALSE	NA	NA	NA	NA	NA	NA
NC_045512.2	25000	C	T	1	1	24	8663	4034	48	0.999538	8667	0	TRUE	NA	NA	NA	NA	NA	NA
NC_045512.2	25000	C	G	1	1	24	3	2	29	0.000346141	8667	4.15242e-06	TRUE	NA	NA	NA	NA	NA	NA
NC_045512.2	25001	T	C	8428	3791	50	1	1	68	0.000118624	8430	0.5	FALSE	NA	NA	NA	NA	NA	NA
NC_045512.2	25001	T	A	8428	3791	50	1	0	26	0.000118624	8430	1	FALSE	NA	NA	NA	NA	NA	NA
NC_045512.2	25002	C	G	8366	3807	49	1	0	34	0.000119517	8367	0.998052	FALSE	NA	NA	NA	NA	NA	NA
NC_045512.2	25003	A	G	7955	3860	48	1	0	34	0.000125644	7959	0.996097	FALSE	NA	NA	NA	NA	NA	NA
NC_045512.2	25003	A	C	7955	3860	48	3	0	24	0.000376932	7959	1	FALSE	NA	NA	NA	NA	NA	NA
NC_045512.2	25004	T	A	8397	3784	50	1	0	20	0.000119076	8398	1	FALSE	NA	NA	NA	NA	NA	NA
NC_045512.2	25005	T	C	8411	3843	50	1	1	27	0.000118878	8412	1	FALSE	NA	NA	NA	NA	NA	NA
NC_045512.2	25006	C	G	8228	3816	49	2	0	26	0.000242984	8231	1	FALSE	NA	NA	NA	NA	NA	NA
NC_045512.2	25006	C	A	8228	3816	49	1	1	24	0.000121492	8231	1	FALSE	NA	NA	NA	NA	NA	NA
NC_045512.2	25007	A	G	8944	4303	46	1	0	34	0.000111707	8952	0.998045	FALSE	NA	NA	NA	NA	NA	NA
NC_045512.2	25007	A	C	8944	4303	46	7	0	26	0.000781948	8952	1	FALSE	NA	NA	NA	NA	NA	NA
NC_045512.2	25008	A	C	9403	4372	46	6	0	27	0.000637687	9409	1	FALSE	NA	NA	NA	NA	NA	NA
NC_045512.2	25008	A	-G	9403	4372	46	1	0	20	0.000106281	9409	1	FALSE	NA	NA	NA	NA	NA	NA
NC_045512.2	25009	G	T	9801	4272	47	1	1	27	0.000101999	9804	1	FALSE	NA	NA	NA	NA	NA	NA
NC_045512.2	25009	G	A	9801	4272	47	2	0	51	0.000203998	9804	0.249962	FALSE	NA	NA	NA	NA	NA	NA
NC_045512.2	25011	A	T	9701	4305	48	1	1	26	0.000103072	9702	1	FALSE	NA	NA	NA	NA	NA	NA
NC_045512.2	25012	G	T	9600	4097	47	3	3	29	0.000312402	9603	1	FALSE	NA	NA	NA	NA	NA	NA
NC_045512.2	25014	A	T	9836	4344	47	1	0	34	0.000101647	9838	0.999026	FALSE	NA	NA	NA	NA	NA	NA
NC_045512.2	25014	A	C	9836	4344	47	1	0	27	0.000101647	9838	1	FALSE	NA	NA	NA	NA	NA	NA
NC_045512.2	25015	G	T	9858	4210	47	1	1	26	0.00010143	9859	1	FALSE	NA	NA	NA	NA	NA	NA
NC_045512.2	25016	T	G	9438	3962	45	3	3	32	0.000317763	9441	0.980751	FALSE	NA	NA	NA	NA	NA	NA
NC_045512.2	25017	T	G	9824	4334	47	1	0	20	0.000101781	9825	1	FALSE	NA	NA	NA	NA	NA	NA
NC_045512.2	25017	T	-A	9824	4334	47	1	0	20	0.000101781	9825	1	FALSE	NA	NA	NA	NA	NA	NA
NC_045512.2	25019	G	T	9950	4316	46	1	1	20	0.000100482	9952	1	FALSE	NA	NA	NA	NA	NA	NA
NC_045512.2	25019	G	C	9950	4316	46	1	0	27	0.000100482	9952	1	FALSE	NA	NA	NA	NA	NA	NA
NC_045512.2	25020	A	T	9762	4559	45	1	0	26	0.000102428	9763	1	FALSE	NA	NA	NA	NA	NA	NA
NC_045512.2	25021	T	G	9966	4460	46	3	2	26	0.000300933	9969	1	FALSE	NA	NA	NA	NA	NA	NA
NC_045512.2	25022	A	G	9582	4303	46	3	3	56	0.000312989	9585	0.12498	FALSE	NA	NA	NA	NA	NA	NA
NC_045512.2	25024	A	C	9427	4334	46	1	0	26	0.000106067	9428	1	FALSE	NA	NA	NA	NA	NA	NA
NC_045512.2	25029	T	G	9495	4160	46	1	0	26	0.000105296	9497	1	FALSE	NA	NA	NA	NA	NA	NA
NC_045512.2	25029	T	A	9495	4160	46	1	1	27	0.000105296	9497	1	FALSE	NA	NA	NA	NA	NA	NA
NC_045512.2	25031	A	G	9531	4237	47	1	0	34	0.000104899	9533	0.999026	FALSE	NA	NA	NA	NA	NA	NA
NC_045512.2	25031	A	C	9531	4237	47	1	1	46	0.000104899	9533	0.5	FALSE	NA	NA	NA	NA	NA	NA
NC_045512.2	25032	A	C	9373	4274	46	1	0	26	0.000106678	9374	1	FALSE	NA	NA	NA	NA	NA	NA
NC_045512.2	25033	G	T	9809	4231	46	1	1	26	0.000101937	9810	1	FALSE	NA	NA	NA	NA	NA	NA
NC_045512.2	25033	G	-A	9809	4231	46	1	0	20	0.000101937	9810	1	FALSE	NA	NA	NA	NA	NA	NA
NC_045512.2	25036	T	C	10118	4440	47	1	1	24	9.8824e-05	10119	1	FALSE	NA	NA	NA	NA	NA	NA
NC_045512.2	25037	C	A	10063	4488	47	2	0	34	0.000198708	10065	0.996835	FALSE	NA	NA	NA	NA	NA	NA
NC_045512.2	25040	A	G	10364	4583	47	1	0	26	9.64785e-05	10365	1	FALSE	NA	NA	NA	NA	NA	NA
NC_045512.2	25041	C	T	10416	4621	47	1	0	68	9.59969e-05	10417	0.500024	FALSE	NA	NA	NA	NA	NA	NA
NC_045512.2	25042	A	C	10143	4331	47	1	1	27	9.85804e-05	10144	1	FALSE	NA	NA	NA	NA	NA	NA
NC_045512.2	25044	C	G	10240	4701	49	1	1	26	9.76467e-05	10241	1	FALSE	NA	NA	NA	NA	NA	NA
NC_045512.2	25045	A	G	10278	4807	50	1	1	24	9.72763e-05	10280	1	FALSE	NA	NA	NA	NA	NA	NA
NC_045512.2	25045	A	C	10278	4807	50	1	0	26	9.72763e-05	10280	1	FALSE	NA	NA	NA	NA	NA	NA
NC_045512.2	25046	C	G	10283	4947	49	2	1	30	0.000194458	10285	0.996835	FALSE	NA	NA	NA	NA	NA	NA
NC_045512.2	25047	C	T	10147	4955	49	1	0	52	9.85028e-05	10152	0.499926	FALSE	NA	NA	NA	NA	NA	NA
NC_045512.2	25047	C	G	10147	4955	49	1	1	34	9.85028e-05	10152	0.999512	FALSE	NA	NA	NA	NA	NA	NA
NC_045512.2	25047	C	A	10147	4955	49	3	0	24	0.000295508	10152	1	FALSE	NA	NA	NA	NA	NA	NA
NC_045512.2	25048	A	C	10127	4896	50	1	0	26	9.87362e-05	10128	1	FALSE	NA	NA	NA	NA	NA	NA
NC_045512.2	25049	G	C	10199	4870	49	1	0	27	9.80392e-05	10200	1	FALSE	NA	NA	NA	NA	NA	NA
NC_045512.2	25050	A	T	8834	4007	48	1	1	27	0.000113186	8835	1	FALSE	NA	NA	NA	NA	NA	NA
NC_045512.2	25051	T	C	8700	4012	47	1	0	68	0.000114916	8702	0.5	FALSE	NA	NA	NA	NA	NA	NA
NC_045512.2	25051	T	A	8700	4012	47	1	0	26	0.000114916	8702	1	FALSE	NA	NA	NA	NA	NA	NA
NC_045512.2	25052	G	T	8910	4028	48	2	2	30	0.000224341	8915	0.989265	FALSE	NA	NA	NA	NA	NA	NA
NC_045512.2	25052	G	C	8910	4028	48	3	2	29	0.000336511	8915	1	FALSE	NA	NA	NA	NA	NA	NA
NC_045512.2	25053	T	G	8821	3929	47	5	5	26	0.00056638	8828	1	FALSE	NA	NA	NA	NA	NA	NA
NC_045512.2	25053	T	C	8821	3929	47	1	0	34	0.000113276	8828	0.998046	FALSE	NA	NA	NA	NA	NA	NA
NC_045512.2	25053	T	A	8821	3929	47	1	0	27	0.000113276	8828	1	FALSE	NA	NA	NA	NA	NA	NA
NC_045512.2	25054	T	C	9058	4178	49	1	1	68	0.000110387	9059	0.500028	FALSE	NA	NA	NA	NA	NA	NA
NC_045512.2	25056	A	T	9185	4289	48	1	1	26	0.000108861	9186	1	FALSE	NA	NA	NA	NA	NA	NA
NC_045512.2	25058	T	G	9226	4304	48	1	1	34	0.000108378	9227	0.999026	FALSE	NA	NA	NA	NA	NA	NA
NC_045512.2	25059	T	A	9308	4375	49	1	1	68	0.000107423	9309	0.500027	FALSE	NA	NA	NA	NA	NA	NA
NC_045512.2	25060	A	T	9268	4382	49	1	0	68	0.000107875	9270	0.5	FALSE	NA	NA	NA	NA	NA	NA
NC_045512.2	25060	A	G	9268	4382	49	1	1	46	0.000107875	9270	0.5	FALSE	NA	NA	NA	NA	NA	NA
NC_045512.2	25062	G	C	9553	4507	49	1	0	26	0.000104668	9554	1	FALSE	NA	NA	NA	NA	NA	NA
NC_045512.2	25063	T	G	9627	4518	49	2	1	26	0.000207684	9630	1	FALSE	NA	NA	NA	NA	NA	NA
NC_045512.2	25063	T	C	9627	4518	49	1	0	68	0.000103842	9630	0.499974	FALSE	NA	NA	NA	NA	NA	NA
NC_045512.2	25064	G	T	9654	4565	49	2	2	30	0.000207082	9658	0.994149	FALSE	NA	NA	NA	NA	NA	NA
NC_045512.2	25064	G	C	9654	4565	49	2	2	30	0.000207082	9658	0.994149	FALSE	NA	NA	NA	NA	NA	NA
NC_045512.2	25065	A	G	9681	4627	49	2	1	51	0.000206548	9683	0.250013	FALSE	NA	NA	NA	NA	NA	NA
NC_045512.2	25066	C	G	9804	4692	49	1	1	27	0.000101989	9805	1	FALSE	NA	NA	NA	NA	NA	NA
NC_045512.2	25073	G	T	10214	4924	49	3	2	25	0.000293542	10220	1	FALSE	NA	NA	NA	NA	NA	NA
NC_045512.2	25073	G	C	10214	4924	49	3	2	26	0.000293542	10220	1	FALSE	NA	NA	NA	NA	NA	NA
NC_045512.2	25074	G	T	10275	4900	48	1	1	34	9.73141e-05	10276	0.999513	FALSE	NA	NA	NA	NA	NA	NA
NC_045512.2	25075	C	G	10535	5055	48	2	1	47	0.000189807	10537	0.500036	FALSE	NA	NA	NA	NA	NA	NA
NC_045512.2	25077	T	G	10505	5169	49	2	2	27	0.000190331	10508	1	FALSE	NA	NA	NA	NA	NA	NA
NC_045512.2	25077	T	C	10505	5169	49	1	1	68	9.51656e-05	10508	0.499976	FALSE	NA	NA	NA	NA	NA	NA
NC_045512.2	25078	T	C	10673	5377	49	2	2	57	0.000187336	10676	0.249988	FALSE	NA	NA	NA	NA	NA	NA
NC_045512.2	25078	T	A	10673	5377	49	1	1	27	9.3668e-05	10676	1	FALSE	NA	NA	NA	NA	NA	NA
NC_045512.2	25079	A	G	10688	5450	49	1	1	60	9.35541e-05	10689	0.500023	FALSE	NA	NA	NA	NA	NA	NA
NC_045512.2	25080	A	T	10641	5493	49	1	1	27	9.39673e-05	10642	1	FALSE	NA	NA	NA	NA	NA	NA
NC_045512.2	25081	T	C	11007	5551	50	1	0	34	9.08348e-05	11009	0.999757	FALSE	NA	NA	NA	NA	NA	NA
NC_045512.2	25081	T	A	11007	5551	50	1	1	26	9.08348e-05	11009	1	FALSE	NA	NA	NA	NA	NA	NA
NC_045512.2	25082	G	C	10684	5390	49	1	0	34	9.35804e-05	10686	0.999513	FALSE	NA	NA	NA	NA	NA	NA
NC_045512.2	25082	G	A	10684	5390	49	1	0	46	9.35804e-05	10686	0.750012	FALSE	NA	NA	NA	NA	NA	NA
NC_045512.2	25083	C	T	10801	5490	49	1	0	26	9.25241e-05	10808	1	FALSE	NA	NA	NA	NA	NA	NA
NC_045512.2	25083	C	G	10801	5490	49	4	4	24	0.000370096	10808	1	FALSE	NA	NA	NA	NA	NA	NA
NC_045512.2	25083	C	A	10801	5490	49	2	0	47	0.000185048	10808	0.499861	FALSE	NA	NA	NA	NA	NA	NA
NC_045512.2	25084	T	C	10438	5016	49	3	2	42	0.000287136	10448	0.312267	FALSE	NA	NA	NA	NA	NA	NA
NC_045512.2	25084	T	A	10438	5016	49	7	7	30	0.000669985	10448	0.833847	FALSE	NA	NA	NA	NA	NA	NA
NC_045512.2	25085	T	A	10505	5177	49	1	0	34	9.51837e-05	10506	0.999513	FALSE	NA	NA	NA	NA	NA	NA
NC_045512.2	25086	C	A	10688	5391	50	1	0	34	9.35541e-05	10689	0.999513	FALSE	NA	NA	NA	NA	NA	NA
NC_045512.2	25088	G	T	11511	5514	48	1	1	27	8.68508e-05	11514	1	FALSE	NA	NA	NA	NA	NA	NA
NC_045512.2	25088	G	A	11511	5514	48	2	1	51	0.000173702	11514	0.249989	FALSE	NA	NA	NA	NA	NA	NA
NC_045512.2	25089	T	C	11618	5740	49	2	1	51	0.000172117	11620	0.250011	FALSE	NA	NA	NA	NA	NA	NA
NC_045512.2	25090	T	C	11604	5759	50	1	1	34	8.61549e-05	11607	0.999756	FALSE	NA	NA	NA	NA	NA	NA
NC_045512.2	25090	T	A	11604	5759	50	2	1	26	0.00017231	11607	1	FALSE	NA	NA	NA	NA	NA	NA
NC_045512.2	25091	G	C	11589	5679	49	2	2	23	0.000172548	11591	1	FALSE	NA	NA	NA	NA	NA	NA
NC_045512.2	25091	G	+A	11589	5679	49	1	0	20	8.62738e-05	11591	1	FALSE	NA	NA	NA	NA	NA	NA
NC_045512.2	25092	T	C	11439	5559	50	3	3	29	0.000262192	11442	1	FALSE	NA	NA	NA	NA	NA	NA
NC_045512.2	25093	A	G	11537	5658	50	1	0	34	8.66701e-05	11538	0.999757	FALSE	NA	NA	NA	NA	NA	NA
NC_045512.2	25094	A	G	11515	5632	50	1	1	34	8.68357e-05	11516	0.999757	FALSE	NA	NA	NA	NA	NA	NA
NC_045512.2	25095	A	G	10333	5723	46	1	1	46	9.67399e-05	10337	0.749964	FALSE	NA	NA	NA	NA	NA	NA
NC_045512.2	25095	A	C	10333	5723	46	3	0	29	0.00029022	10337	1	FALSE	NA	NA	NA	NA	NA	NA
NC_045512.2	25096	C	G	11380	5696	49	1	1	26	8.7858e-05	11382	1	FALSE	NA	NA	NA	NA	NA	NA
NC_045512.2	25096	C	A	11380	5696	49	1	0	26	8.7858e-05	11382	1	FALSE	NA	NA	NA	NA	NA	NA
NC_045512.2	25097	A	T	10724	5109	51	1	1	27	9.32314e-05	10726	1	FALSE	NA	NA	NA	NA	NA	NA
NC_045512.2	25097	A	G	10724	5109	51	1	0	27	9.32314e-05	10726	1	FALSE	NA	NA	NA	NA	NA	NA
NC_045512.2	25098	T	G	10649	5088	50	2	1	26	0.000187758	10652	1	FALSE	NA	NA	NA	NA	NA	NA
NC_045512.2	25098	T	C	10649	5088	50	1	0	34	9.38791e-05	10652	0.999513	FALSE	NA	NA	NA	NA	NA	NA
NC_045512.2	25099	T	G	10648	5118	50	1	0	27	9.39055e-05	10649	1	FALSE	NA	NA	NA	NA	NA	NA
NC_045512.2	25100	C	A	10607	5179	50	1	0	34	9.42685e-05	10608	0.999513	FALSE	NA	NA	NA	NA	NA	NA
NC_045512.2	25100	C	-A	10607	5179	50	1	0	20	9.42685e-05	10608	1	FALSE	NA	NA	NA	NA	NA	NA
NC_045512.2	25101	A	G	10450	5279	50	2	1	26	0.000191296	10455	1	FALSE	NA	NA	NA	NA	NA	NA
NC_045512.2	25101	A	C	10450	5279	50	3	1	29	0.000286944	10455	1	FALSE	NA	NA	NA	NA	NA	NA
NC_045512.2	25102	A	G	10459	5294	49	2	2	23	0.000191131	10464	1	FALSE	NA	NA	NA	NA	NA	NA
NC_045512.2	25102	A	C	10459	5294	49	3	0	31	0.000286697	10464	0.988785	FALSE	NA	NA	NA	NA	NA	NA
NC_045512.2	25103	A	T	10156	5317	48	2	2	30	0.00019687	10159	0.996833	FALSE	NA	NA	NA	NA	NA	NA
NC_045512.2	25103	A	C	10156	5317	48	1	0	34	9.84349e-05	10159	0.999513	FALSE	NA	NA	NA	NA	NA	NA
NC_045512.2	25104	A	T	10667	5232	50	1	1	26	9.37383e-05	10668	1	FALSE	NA	NA	NA	NA	NA	NA
NC_045512.2	25105	A	G	10460	5360	49	1	0	34	9.55475e-05	10466	0.999512	FALSE	NA	NA	NA	NA	NA	NA
NC_045512.2	25105	A	C	10460	5360	49	5	0	29	0.000477737	10466	1	FALSE	NA	NA	NA	NA	NA	NA
NC_045512.2	25106	G	T	10808	5320	50	1	1	26	9.25069e-05	10810	1	FALSE	NA	NA	NA	NA	NA	NA
NC_045512.2	25106	G	A	10808	5320	50	1	0	68	9.25069e-05	10810	0.5	FALSE	NA	NA	NA	NA	NA	NA
NC_045512.2	25106	G	+A	10808	5320	50	1	0	20	9.25069e-05	10810	1	FALSE	NA	NA	NA	NA	NA	NA
NC_045512.2	25109	A	C	10923	5422	51	1	0	27	9.15416e-05	10924	1	FALSE	NA	NA	NA	NA	NA	NA
NC_045512.2	25109	A	+C	10923	5422	51	2	0	20	0.000183083	10924	1	FALSE	NA	NA	NA	NA	NA	NA
NC_045512.2	25110	T	G	10641	5166	49	2	2	30	0.000187899	10644	0.996833	FALSE	NA	NA	NA	NA	NA	NA
NC_045512.2	25110	T	C	10641	5166	49	1	0	68	9.39496e-05	10644	0.499977	FALSE	NA	NA	NA	NA	NA	NA
NC_045512.2	25112	G	C	10780	5443	50	1	0	27	9.27472e-05	10782	1	FALSE	NA	NA	NA	NA	NA	NA
NC_045512.2	25112	G	A	10780	5443	50	1	1	34	9.27472e-05	10782	0.999513	FALSE	NA	NA	NA	NA	NA	NA
NC_045512.2	25113	A	G	10668	5750	50	2	1	51	0.000187441	10670	0.250012	FALSE	NA	NA	NA	NA	NA	NA
NC_045512.2	25114	C	T	10845	5846	52	1	0	34	9.21914e-05	10847	0.999513	FALSE	NA	NA	NA	NA	NA	NA
NC_045512.2	25114	C	G	10845	5846	52	1	1	20	9.21914e-05	10847	1	FALSE	NA	NA	NA	NA	NA	NA
NC_045512.2	25116	G	T	10518	5285	49	2	2	30	0.000189843	10535	0.996812	FALSE	NA	NA	NA	NA	NA	NA
NC_045512.2	25116	G	C	10518	5285	49	15	15	26	0.00142383	10535	1	FALSE	NA	NA	NA	NA	NA	NA
NC_045512.2	25117	C	T	11196	5820	51	1	1	27	8.93017e-05	11198	1	FALSE	NA	NA	NA	NA	NA	NA
NC_045512.2	25117	C	G	11196	5820	51	1	1	27	8.93017e-05	11198	1	FALSE	NA	NA	NA	NA	NA	NA
NC_045512.2	25118	C	G	11281	5950	51	1	0	34	8.86289e-05	11283	0.999757	FALSE	NA	NA	NA	NA	NA	NA
NC_045512.2	25118	C	A	11281	5950	51	1	0	34	8.86289e-05	11283	0.999757	FALSE	NA	NA	NA	NA	NA	NA
NC_045512.2	25119	T	G	11379	5839	51	3	2	26	0.000263458	11387	1	FALSE	NA	NA	NA	NA	NA	NA
NC_045512.2	25119	T	C	11379	5839	51	4	1	51	0.000351278	11387	0.0624506	FALSE	NA	NA	NA	NA	NA	NA
NC_045512.2	25119	T	A	11379	5839	51	1	0	68	8.78194e-05	11387	0.499868	FALSE	NA	NA	NA	NA	NA	NA
NC_045512.2	25120	C	G	11787	6039	51	2	2	22	0.00016965	11789	1	FALSE	NA	NA	NA	NA	NA	NA
NC_045512.2	25121	A	G	11676	6030	51	1	0	68	8.56384e-05	11677	0.500021	FALSE	NA	NA	NA	NA	NA	NA
NC_045512.2	25122	A	C	11416	6253	49	2	0	30	0.000175162	11418	0.998296	FALSE	NA	NA	NA	NA	NA	NA
NC_045512.2	25123	T	A	11592	6235	50	1	1	26	8.62589e-05	11593	1	FALSE	NA	NA	NA	NA	NA	NA
NC_045512.2	25124	G	C	11647	6487	49	2	1	34	0.000171674	11650	0.998295	FALSE	NA	NA	NA	NA	NA	NA
NC_045512.2	25124	G	A	11647	6487	49	1	0	68	8.58369e-05	11650	0.499979	FALSE	NA	NA	NA	NA	NA	NA
NC_045512.2	25125	A	T	11398	6247	50	2	0	30	0.000175392	11403	0.998294	FALSE	NA	NA	NA	NA	NA	NA
NC_045512.2	25125	A	G	11398	6247	50	3	2	54	0.000263089	11403	0.124967	FALSE	NA	NA	NA	NA	NA	NA
NC_045512.2	25126	G	T	11032	5865	50	1	1	27	9.06208e-05	11035	1	FALSE	NA	NA	NA	NA	NA	NA
NC_045512.2	25126	G	C	11032	5865	50	2	2	30	0.000181242	11035	0.998295	FALSE	NA	NA	NA	NA	NA	NA
NC_045512.2	25127	G	C	11053	6027	50	1	0	27	9.0465e-05	11054	1	FALSE	NA	NA	NA	NA	NA	NA
NC_045512.2	25128	T	G	10855	5816	51	1	0	34	9.2098e-05	10858	0.999513	FALSE	NA	NA	NA	NA	NA	NA
NC_045512.2	25128	T	C	10855	5816	51	1	0	68	9.2098e-05	10858	0.499977	FALSE	NA	NA	NA	NA	NA	NA
NC_045512.2	25128	T	A	10855	5816	51	1	0	34	9.2098e-05	10858	0.999513	FALSE	NA	NA	NA	NA	NA	NA
NC_045512.2	25130	G	T	10587	5664	51	1	1	34	9.44376e-05	10589	0.999513	FALSE	NA	NA	NA	NA	NA	NA
NC_045512.2	25130	G	C	10587	5664	51	1	0	34	9.44376e-05	10589	0.999513	FALSE	NA	NA	NA	NA	NA	NA
NC_045512.2	25131	C	T	10479	5706	51	1	1	68	9.53925e-05	10483	0.499952	FALSE	NA	NA	NA	NA	NA	NA
NC_045512.2	25131	C	G	10479	5706	51	1	0	26	9.53925e-05	10483	1	FALSE	NA	NA	NA	NA	NA	NA
NC_045512.2	25131	C	A	10479	5706	51	2	0	34	0.000190785	10483	0.996832	FALSE	NA	NA	NA	NA	NA	NA
NC_045512.2	25132	C	G	10567	5772	51	1	1	34	9.46253e-05	10568	0.999513	FALSE	NA	NA	NA	NA	NA	NA
NC_045512.2	25133	A	T	10573	5734	51	1	0	27	9.45716e-05	10574	1	FALSE	NA	NA	NA	NA	NA	NA
NC_045512.2	25134	A	T	10434	5781	51	1	1	34	9.57854e-05	10440	0.999512	FALSE	NA	NA	NA	NA	NA	NA
NC_045512.2	25134	A	C	10434	5781	51	5	2	26	0.000478927	10440	1	FALSE	NA	NA	NA	NA	NA	NA
NC_045512.2	25135	G	T	10767	5738	51	1	1	27	9.28591e-05	10769	1	FALSE	NA	NA	NA	NA	NA	NA
NC_045512.2	25135	G	C	10767	5738	51	1	1	27	9.28591e-05	10769	1	FALSE	NA	NA	NA	NA	NA	NA
NC_045512.2	25136	A	T	10326	5698	48	1	1	20	9.68335e-05	10327	1	FALSE	NA	NA	NA	NA	NA	NA
NC_045512.2	25137	A	C	10897	5927	52	1	1	27	9.176e-05	10898	1	FALSE	NA	NA	NA	NA	NA	NA
NC_045512.2	25138	T	G	10108	5079	49	5	5	26	0.000494413	10113	1	FALSE	NA	NA	NA	NA	NA	NA
NC_045512.2	25139	T	C	10615	5687	51	1	1	68	9.41886e-05	10617	0.5	FALSE	NA	NA	NA	NA	NA	NA
NC_045512.2	25139	T	A	10615	5687	51	1	0	20	9.41886e-05	10617	1	FALSE	NA	NA	NA	NA	NA	NA
NC_045512.2	25140	T	G	10779	5892	52	1	1	26	9.27472e-05	10782	1	FALSE	NA	NA	NA	NA	NA	NA
NC_045512.2	25140	T	A	10779	5892	52	2	0	30	0.000185494	10782	0.996833	FALSE	NA	NA	NA	NA	NA	NA
NC_045512.2	25141	A	G	10788	5971	52	2	0	30	0.000185357	10790	0.996834	FALSE	NA	NA	NA	NA	NA	NA
NC_045512.2	25142	A	T	10779	6002	52	2	1	30	0.000185512	10781	0.996834	FALSE	NA	NA	NA	NA	NA	NA
NC_045512.2	25143	A	C	10517	6167	49	2	0	30	0.000190132	10519	0.996835	FALSE	NA	NA	NA	NA	NA	NA
NC_045512.2	25145	G	T	10526	5940	52	1	1	26	9.49758e-05	10529	1	FALSE	NA	NA	NA	NA	NA	NA
NC_045512.2	25145	G	C	10526	5940	52	2	2	27	0.000189952	10529	1	FALSE	NA	NA	NA	NA	NA	NA
NC_045512.2	25146	A	T	10544	5907	52	1	1	26	9.48227e-05	10546	1	FALSE	NA	NA	NA	NA	NA	NA
NC_045512.2	25146	A	G	10544	5907	52	1	1	20	9.48227e-05	10546	1	FALSE	NA	NA	NA	NA	NA	NA
NC_045512.2	25147	A	T	10410	5847	51	1	1	34	9.60154e-05	10415	0.999512	FALSE	NA	NA	NA	NA	NA	NA
NC_045512.2	25147	A	G	10410	5847	51	2	0	27	0.000192031	10415	1	FALSE	NA	NA	NA	NA	NA	NA
NC_045512.2	25147	A	C	10410	5847	51	2	0	23	0.000192031	10415	1	FALSE	NA	NA	NA	NA	NA	NA
NC_045512.2	25148	T	A	10292	5631	50	2	1	29	0.000194288	10294	1	FALSE	NA	NA	NA	NA	NA	NA
NC_045512.2	25149	C	T	10626	6059	52	1	1	68	9.40822e-05	10629	0.499976	FALSE	NA	NA	NA	NA	NA	NA
NC_045512.2	25149	C	G	10626	6059	52	1	1	26	9.40822e-05	10629	1	FALSE	NA	NA	NA	NA	NA	NA
NC_045512.2	25149	C	A	10626	6059	52	1	0	26	9.40822e-05	10629	1	FALSE	NA	NA	NA	NA	NA	NA
NC_045512.2	25150	T	C	10081	5473	49	1	1	26	9.91375e-05	10087	1	FALSE	NA	NA	NA	NA	NA	NA
NC_045512.2	25150	T	A	10081	5473	49	5	5	26	0.000495688	10087	1	FALSE	NA	NA	NA	NA	NA	NA
NC_045512.2	25151	C	T	10692	6150	52	1	0	46	9.35016e-05	10695	0.749988	FALSE	NA	NA	NA	NA	NA	NA
NC_045512.2	25151	C	A	10692	6150	52	2	0	47	0.000187003	10695	0.5	FALSE	NA	NA	NA	NA	NA	NA
NC_045512.2	25152	T	G	10687	6102	52	1	0	26	9.35366e-05	10691	1	FALSE	NA	NA	NA	NA	NA	NA
NC_045512.2	25152	T	C	10687	6102	52	1	1	68	9.35366e-05	10691	0.499953	FALSE	NA	NA	NA	NA	NA	NA
NC_045512.2	25152	T	A	10687	6102	52	2	2	30	0.000187073	10691	0.996831	FALSE	NA	NA	NA	NA	NA	NA
NC_045512.2	25154	A	T	10520	6115	50	1	1	26	9.5039e-05	10522	1	FALSE	NA	NA	NA	NA	NA	NA
NC_045512.2	25154	A	C	10520	6115	50	1	0	34	9.5039e-05	10522	0.999513	FALSE	NA	NA	NA	NA	NA	NA
NC_045512.2	25155	T	G	10478	5956	51	5	4	26	0.000476963	10483	1	FALSE	NA	NA	NA	NA	NA	NA
NC_045512.2	25156	C	G	10633	6189	52	1	0	34	9.40291e-05	10635	0.999513	FALSE	NA	NA	NA	NA	NA	NA
NC_045512.2	25156	C	A	10633	6189	52	1	0	34	9.40291e-05	10635	0.999513	FALSE	NA	NA	NA	NA	NA	NA
NC_045512.2	25157	G	T	10584	6155	52	2	2	26	0.000188893	10588	1	FALSE	NA	NA	NA	NA	NA	NA
NC_045512.2	25157	G	A	10584	6155	52	2	2	51	0.000188893	10588	0.249965	FALSE	NA	NA	NA	NA	NA	NA
NC_045512.2	25158	A	G	10726	6256	52	2	1	29	0.000186428	10728	1	FALSE	NA	NA	NA	NA	NA	NA
NC_045512.2	25159	T	A	10383	5883	50	4	4	27	0.000385097	10387	1	FALSE	NA	NA	NA	NA	NA	NA
NC_045512.2	25160	C	G	10713	6292	52	1	1	27	9.33271e-05	10715	1	FALSE	NA	NA	NA	NA	NA	NA
NC_045512.2	25160	C	A	10713	6292	52	1	0	34	9.33271e-05	10715	0.999513	FALSE	NA	NA	NA	NA	NA	NA
NC_045512.2	25161	T	G	10775	6208	52	1	1	27	9.2773e-05	10779	1	FALSE	NA	NA	NA	NA	NA	NA
NC_045512.2	25161	T	C	10775	6208	52	2	1	47	0.000185546	10779	0.499965	FALSE	NA	NA	NA	NA	NA	NA
NC_045512.2	25161	T	A	10775	6208	52	1	0	27	9.2773e-05	10779	1	FALSE	NA	NA	NA	NA	NA	NA
NC_045512.2	25162	C	G	10854	6289	52	1	1	27	9.2115e-05	10856	1	FALSE	NA	NA	NA	NA	NA	NA
NC_045512.2	25162	C	A	10854	6289	52	1	0	34	9.2115e-05	10856	0.999513	FALSE	NA	NA	NA	NA	NA	NA
NC_045512.2	25163	C	T	10835	6451	51	1	0	34	9.22679e-05	10838	0.999513	FALSE	NA	NA	NA	NA	NA	NA
NC_045512.2	25163	C	A	10835	6451	51	2	1	47	0.000184536	10838	0.5	FALSE	NA	NA	NA	NA	NA	NA
NC_045512.2	25164	A	T	10838	6409	52	1	1	26	9.22509e-05	10840	1	FALSE	NA	NA	NA	NA	NA	NA
NC_045512.2	25164	A	C	10838	6409	52	1	0	26	9.22509e-05	10840	1	FALSE	NA	NA	NA	NA	NA	NA
NC_045512.2	25165	A	T	10760	6492	50	1	1	34	9.28678e-05	10768	0.999511	FALSE	NA	NA	NA	NA	NA	NA
NC_045512.2	25165	A	G	10760	6492	50	2	0	30	0.000185736	10768	0.996825	FALSE	NA	NA	NA	NA	NA	NA
NC_045512.2	25165	A	C	10760	6492	50	5	0	26	0.000464339	10768	1	FALSE	NA	NA	NA	NA	NA	NA
NC_045512.2	25166	G	C	10800	6355	51	3	3	31	0.000277701	10803	0.988794	FALSE	NA	NA	NA	NA	NA	NA
NC_045512.2	25167	A	T	10594	6445	48	1	1	24	9.43752e-05	10596	1	FALSE	NA	NA	NA	NA	NA	NA
NC_045512.2	25167	A	C	10594	6445	48	1	1	27	9.43752e-05	10596	1	FALSE	NA	NA	NA	NA	NA	NA
NC_045512.2	25168	A	G	10750	6466	51	2	1	43	0.00018596	10755	0.49993	FALSE	NA	NA	NA	NA	NA	NA
NC_045512.2	25168	A	C	10750	6466	51	3	1	26	0.00027894	10755	1	FALSE	NA	NA	NA	NA	NA	NA
NC_045512.2	25169	C	T	10871	6498	51	1	1	34	9.19794e-05	10872	0.999513	FALSE	NA	NA	NA	NA	NA	NA
NC_045512.2	25170	T	G	10451	6095	50	9	9	25	0.000860338	10461	1	FALSE	NA	NA	NA	NA	NA	NA
NC_045512.2	25170	T	C	10451	6095	50	1	1	27	9.55932e-05	10461	1	FALSE	NA	NA	NA	NA	NA	NA
NC_045512.2	25171	T	G	10134	5838	49	11	11	28	0.00108417	10146	1	FALSE	NA	NA	NA	NA	NA	NA
NC_045512.2	25171	T	A	10134	5838	49	1	0	26	9.8561e-05	10146	1	FALSE	NA	NA	NA	NA	NA	NA
NC_045512.2	25173	G	T	10599	6291	51	2	2	30	0.000188626	10603	0.996831	FALSE	NA	NA	NA	NA	NA	NA
NC_045512.2	25173	G	C	10599	6291	51	2	1	27	0.000188626	10603	1	FALSE	NA	NA	NA	NA	NA	NA
NC_045512.2	25174	A	G	10709	6404	52	1	0	27	9.33707e-05	10710	1	FALSE	NA	NA	NA	NA	NA	NA
NC_045512.2	25176	A	T	10801	6427	51	1	1	27	9.25669e-05	10803	1	FALSE	NA	NA	NA	NA	NA	NA
NC_045512.2	25176	A	C	10801	6427	51	1	0	34	9.25669e-05	10803	0.999513	FALSE	NA	NA	NA	NA	NA	NA
NC_045512.2	25177	G	T	11261	6438	51	1	1	34	8.87863e-05	11263	0.999757	FALSE	NA	NA	NA	NA	NA	NA
NC_045512.2	25177	G	C	11261	6438	51	1	1	26	8.87863e-05	11263	1	FALSE	NA	NA	NA	NA	NA	NA
NC_045512.2	25179	A	T	11222	6408	51	1	0	27	8.91027e-05	11223	1	FALSE	NA	NA	NA	NA	NA	NA
NC_045512.2	25180	T	G	11010	6170	50	7	5	29	0.000635382	11017	1	FALSE	NA	NA	NA	NA	NA	NA
NC_045512.2	25181	G	C	11209	6387	51	1	0	27	8.92061e-05	11210	1	FALSE	NA	NA	NA	NA	NA	NA
NC_045512.2	25182	A	T	11295	6450	51	1	1	34	8.85112e-05	11298	0.999756	FALSE	NA	NA	NA	NA	NA	NA
NC_045512.2	25182	A	G	11295	6450	51	2	2	34	0.000177022	11298	0.998295	FALSE	NA	NA	NA	NA	NA	NA
NC_045512.2	25183	G	T	11354	6367	51	3	2	31	0.000264131	11358	0.993543	FALSE	NA	NA	NA	NA	NA	NA
NC_045512.2	25183	G	A	11354	6367	51	1	0	68	8.80437e-05	11358	0.499956	FALSE	NA	NA	NA	NA	NA	NA
NC_045512.2	25184	C	T	11237	6560	49	2	2	43	0.000177904	11242	0.499933	FALSE	NA	NA	NA	NA	NA	NA
NC_045512.2	25184	C	A	11237	6560	49	3	1	21	0.000266856	11242	1	FALSE	NA	NA	NA	NA	NA	NA
NC_045512.2	25185	A	G	10841	6189	50	1	0	24	9.22339e-05	10842	1	FALSE	NA	NA	NA	NA	NA	NA
NC_045512.2	25186	G	T	12408	6343	49	2	1	30	0.00016116	12410	0.999087	FALSE	NA	NA	NA	NA	NA	NA
NC_045512.2	25187	T	G	12361	6427	49	1	0	34	8.08865e-05	12363	0.999878	FALSE	NA	NA	NA	NA	NA	NA
NC_045512.2	25187	T	C	12361	6427	49	1	1	34	8.08865e-05	12363	0.999878	FALSE	NA	NA	NA	NA	NA	NA
NC_045512.2	25188	A	T	12681	6469	49	2	0	27	0.000157679	12684	1	FALSE	NA	NA	NA	NA	NA	NA
NC_045512.2	25188	A	G	12681	6469	49	1	1	34	7.88395e-05	12684	0.999878	FALSE	NA	NA	NA	NA	NA	NA
NC_045512.2	25189	T	C	12656	6460	49	2	1	29	0.00015799	12659	1	FALSE	NA	NA	NA	NA	NA	NA
NC_045512.2	25189	T	A	12656	6460	49	1	1	34	7.89952e-05	12659	0.999878	FALSE	NA	NA	NA	NA	NA	NA
NC_045512.2	25190	A	G	12589	6498	49	1	0	68	7.94281e-05	12590	0.50002	FALSE	NA	NA	NA	NA	NA	NA
NC_045512.2	25191	T	-A	12630	6471	49	1	0	20	7.91766e-05	12630	1	FALSE	NA	NA	NA	NA	NA	NA
NC_045512.2	25192	A	T	12470	6418	49	1	0	26	8.01796e-05	12472	1	FALSE	NA	NA	NA	NA	NA	NA
NC_045512.2	25192	A	G	12470	6418	49	1	1	68	8.01796e-05	12472	0.49998	FALSE	NA	NA	NA	NA	NA	NA
NC_045512.2	25194	A	G	11654	6600	46	2	1	68	0.000171482	11663	0.249861	FALSE	NA	NA	NA	NA	NA	NA
NC_045512.2	25194	A	C	11654	6600	46	7	0	26	0.000600189	11663	1	FALSE	NA	NA	NA	NA	NA	NA
NC_045512.2	25195	A	C	10941	5432	49	2	2	29	0.000182765	10943	1	FALSE	NA	NA	NA	NA	NA	NA
NC_045512.2	25196	T	G	10580	5030	50	1	1	34	9.45001e-05	10582	0.999513	FALSE	NA	NA	NA	NA	NA	NA
NC_045512.2	25196	T	A	10580	5030	50	1	0	27	9.45001e-05	10582	1	FALSE	NA	NA	NA	NA	NA	NA
NC_045512.2	25197	G	C	10403	4945	50	1	0	34	9.61169e-05	10404	0.999513	FALSE	NA	NA	NA	NA	NA	NA
NC_045512.2	25198	G	C	10345	4916	49	1	1	27	9.66557e-05	10346	1	FALSE	NA	NA	NA	NA	NA	NA
NC_045512.2	25200	C	T	10475	5281	51	1	1	68	9.54472e-05	10477	0.5	FALSE	NA	NA	NA	NA	NA	NA
NC_045512.2	25200	C	A	10475	5281	51	1	1	34	9.54472e-05	10477	0.999513	FALSE	NA	NA	NA	NA	NA	NA
NC_045512.2	25201	A	G	10430	5264	50	1	0	68	9.58681e-05	10431	0.500024	FALSE	NA	NA	NA	NA	NA	NA
NC_045512.2	25202	T	G	9783	4381	46	5	5	26	0.000510569	9793	1	FALSE	NA	NA	NA	NA	NA	NA
NC_045512.2	25202	T	A	9783	4381	46	5	5	29	0.000510569	9793	1	FALSE	NA	NA	NA	NA	NA	NA
NC_045512.2	25203	G	T	9908	4533	47	1	1	27	0.000100857	9915	1	FALSE	NA	NA	NA	NA	NA	NA
NC_045512.2	25203	G	C	9908	4533	47	6	6	24	0.000605144	9915	1	FALSE	NA	NA	NA	NA	NA	NA
NC_045512.2	25204	G	T	10697	5300	50	2	0	23	0.000186846	10704	1	FALSE	NA	NA	NA	NA	NA	NA
NC_045512.2	25204	G	C	10697	5300	50	4	4	30	0.000373692	10704	0.971331	FALSE	NA	NA	NA	NA	NA	NA
NC_045512.2	25204	G	A	10697	5300	50	1	1	60	9.3423e-05	10704	0.499883	FALSE	NA	NA	NA	NA	NA	NA
NC_045512.2	25205	T	G	10525	5103	49	3	3	25	0.000284873	10531	1	FALSE	NA	NA	NA	NA	NA	NA
NC_045512.2	25205	T	C	10525	5103	49	2	0	57	0.000189915	10531	0.249917	FALSE	NA	NA	NA	NA	NA	NA
NC_045512.2	25205	T	A	10525	5103	49	1	0	26	9.49577e-05	10531	1	FALSE	NA	NA	NA	NA	NA	NA
NC_045512.2	25206	A	G	10848	5510	51	1	1	60	9.21574e-05	10851	0.499977	FALSE	NA	NA	NA	NA	NA	NA
NC_045512.2	25206	A	C	10848	5510	51	2	0	26	0.000184315	10851	1	FALSE	NA	NA	NA	NA	NA	NA
NC_045512.2	25207	C	T	10693	5466	49	1	1	26	9.34579e-05	10700	1	FALSE	NA	NA	NA	NA	NA	NA
NC_045512.2	25207	C	G	10693	5466	49	5	2	26	0.00046729	10700	1	FALSE	NA	NA	NA	NA	NA	NA
NC_045512.2	25207	C	A	10693	5466	49	1	1	34	9.34579e-05	10700	0.999512	FALSE	NA	NA	NA	NA	NA	NA
NC_045512.2	25208	A	T	10748	5423	50	2	1	23	0.000186012	10752	1	FALSE	NA	NA	NA	NA	NA	NA
NC_045512.2	25208	A	G	10748	5423	50	1	1	20	9.3006e-05	10752	1	FALSE	NA	NA	NA	NA	NA	NA
NC_045512.2	25208	A	C	10748	5423	50	1	1	20	9.3006e-05	10752	1	FALSE	NA	NA	NA	NA	NA	NA
NC_045512.2	25208	A	-T	10748	5423	50	1	0	20	9.3006e-05	10752	1	FALSE	NA	NA	NA	NA	NA	NA
NC_045512.2	25209	T	G	10452	5241	49	3	1	27	0.000286917	10456	1	FALSE	NA	NA	NA	NA	NA	NA
NC_045512.2	25209	T	C	10452	5241	49	1	0	24	9.56389e-05	10456	1	FALSE	NA	NA	NA	NA	NA	NA
NC_045512.2	25210	T	G	10536	5255	49	4	4	26	0.000379435	10542	1	FALSE	NA	NA	NA	NA	NA	NA
NC_045512.2	25210	T	C	10536	5255	49	2	0	51	0.000189717	10542	0.249917	FALSE	NA	NA	NA	NA	NA	NA
NC_045512.2	25212	G	T	10684	5445	51	1	0	27	9.35891e-05	10685	1	FALSE	NA	NA	NA	NA	NA	NA
NC_045512.2	25213	G	T	10595	5610	52	1	0	34	9.43574e-05	10598	0.999513	FALSE	NA	NA	NA	NA	NA	NA
NC_045512.2	25213	G	C	10595	5610	52	2	1	30	0.000188715	10598	0.996833	FALSE	NA	NA	NA	NA	NA	NA
NC_045512.2	25213	G	-C	10595	5610	52	1	0	20	9.43574e-05	10598	1	FALSE	NA	NA	NA	NA	NA	NA
NC_045512.2	25214	C	G	10551	5577	51	3	3	29	0.000284252	10554	1	FALSE	NA	NA	NA	NA	NA	NA
NC_045512.2	25215	T	G	10497	5509	52	1	1	27	9.52472e-05	10499	1	FALSE	NA	NA	NA	NA	NA	NA
NC_045512.2	25215	T	C	10497	5509	52	1	1	20	9.52472e-05	10499	1	FALSE	NA	NA	NA	NA	NA	NA
NC_045512.2	25216	A	T	10580	5621	51	1	1	27	9.44822e-05	10584	1	FALSE	NA	NA	NA	NA	NA	NA
NC_045512.2	25216	A	G	10580	5621	51	2	0	57	0.000188964	10584	0.249965	FALSE	NA	NA	NA	NA	NA	NA
NC_045512.2	25216	A	C	10580	5621	51	1	0	34	9.44822e-05	10584	0.999512	FALSE	NA	NA	NA	NA	NA	NA
NC_045512.2	25218	G	T	11239	5643	49	1	1	27	8.89442e-05	11243	1	FALSE	NA	NA	NA	NA	NA	NA
NC_045512.2	25218	G	C	11239	5643	49	2	0	26	0.000177888	11243	1	FALSE	NA	NA	NA	NA	NA	NA
NC_045512.2	25218	G	A	11239	5643	49	1	0	27	8.89442e-05	11243	1	FALSE	NA	NA	NA	NA	NA	NA
NC_045512.2	25219	T	G	11204	5667	50	2	2	23	0.00017846	11207	1	FALSE	NA	NA	NA	NA	NA	NA
NC_045512.2	25219	T	A	11204	5667	50	1	0	26	8.92299e-05	11207	1	FALSE	NA	NA	NA	NA	NA	NA
NC_045512.2	25220	T	G	11139	5661	50	2	2	30	0.000179485	11143	0.998294	FALSE	NA	NA	NA	NA	NA	NA
NC_045512.2	25220	T	C	11139	5661	50	2	1	47	0.000179485	11143	0.499966	FALSE	NA	NA	NA	NA	NA	NA
NC_045512.2	25221	T	C	11445	5924	52	1	1	34	8.73515e-05	11448	0.999756	FALSE	NA	NA	NA	NA	NA	NA
NC_045512.2	25221	T	A	11445	5924	52	2	2	27	0.000174703	11448	1	FALSE	NA	NA	NA	NA	NA	NA
NC_045512.2	25222	T	A	11301	5796	50	2	2	26	0.000176944	11303	1	FALSE	NA	NA	NA	NA	NA	NA
NC_045512.2	25223	A	T	11450	5941	52	3	2	30	0.00026194	11453	0.993546	FALSE	NA	NA	NA	NA	NA	NA
NC_045512.2	25225	A	T	11315	5931	51	1	0	27	8.83704e-05	11316	1	FALSE	NA	NA	NA	NA	NA	NA
NC_045512.2	25227	C	T	10424	5404	50	1	0	34	9.58865e-05	10429	0.999512	FALSE	NA	NA	NA	NA	NA	NA
NC_045512.2	25227	C	G	10424	5404	50	4	4	21	0.000383546	10429	1	FALSE	NA	NA	NA	NA	NA	NA
NC_045512.2	25228	T	G	10400	5283	52	2	2	26	0.000192252	10403	1	FALSE	NA	NA	NA	NA	NA	NA
NC_045512.2	25228	T	C	10400	5283	52	1	0	34	9.61261e-05	10403	0.999513	FALSE	NA	NA	NA	NA	NA	NA
NC_045512.2	25229	G	C	10483	5319	52	1	1	20	9.53834e-05	10484	1	FALSE	NA	NA	NA	NA	NA	NA
NC_045512.2	25230	G	T	10477	5341	52	1	0	27	9.54381e-05	10478	1	FALSE	NA	NA	NA	NA	NA	NA
NC_045512.2	25231	C	T	10441	5353	51	1	0	68	9.56938e-05	10450	0.499832	FALSE	NA	NA	NA	NA	NA	NA
NC_045512.2	25231	C	G	10441	5353	51	6	6	28	0.000574163	10450	1	FALSE	NA	NA	NA	NA	NA	NA
NC_045512.2	25231	C	A	10441	5353	51	2	0	30	0.000191388	10450	0.996824	FALSE	NA	NA	NA	NA	NA	NA
NC_045512.2	25232	T	C	10542	5453	52	1	1	68	9.48497e-05	10543	0.500024	FALSE	NA	NA	NA	NA	NA	NA
NC_045512.2	25234	G	T	10516	5479	52	4	4	27	0.000380228	10520	1	FALSE	NA	NA	NA	NA	NA	NA
NC_045512.2	25235	A	T	10580	5544	52	1	1	34	9.4509e-05	10581	0.999513	FALSE	NA	NA	NA	NA	NA	NA
NC_045512.2	25236	T	G	10499	5499	52	2	2	34	0.000190386	10505	0.996828	FALSE	NA	NA	NA	NA	NA	NA
NC_045512.2	25236	T	C	10499	5499	52	4	3	33	0.000380771	10505	0.971343	FALSE	NA	NA	NA	NA	NA	NA
NC_045512.2	25237	T	G	10543	5596	52	1	1	27	9.48407e-05	10544	1	FALSE	NA	NA	NA	NA	NA	NA
NC_045512.2	25238	G	C	10549	5662	52	1	1	27	9.47777e-05	10551	1	FALSE	NA	NA	NA	NA	NA	NA
NC_045512.2	25238	G	A	10549	5662	52	1	1	68	9.47777e-05	10551	0.5	FALSE	NA	NA	NA	NA	NA	NA
NC_045512.2	25239	C	T	10624	5877	51	1	1	68	9.40999e-05	10627	0.499976	FALSE	NA	NA	NA	NA	NA	NA
NC_045512.2	25239	C	G	10624	5877	51	2	2	34	0.0001882	10627	0.996833	FALSE	NA	NA	NA	NA	NA	NA
NC_045512.2	25240	C	G	10708	5903	51	1	1	20	9.33707e-05	10710	1	FALSE	NA	NA	NA	NA	NA	NA
NC_045512.2	25240	C	A	10708	5903	51	1	0	26	9.33707e-05	10710	1	FALSE	NA	NA	NA	NA	NA	NA
NC_045512.2	25243	A	T	11199	6045	51	1	1	27	8.92857e-05	11200	1	FALSE	NA	NA	NA	NA	NA	NA
NC_045512.2	25244	G	T	11305	6018	51	2	1	51	0.000176866	11308	0.249989	FALSE	NA	NA	NA	NA	NA	NA
NC_045512.2	25244	G	A	11305	6018	51	1	1	46	8.8433e-05	11308	0.749989	FALSE	NA	NA	NA	NA	NA	NA
NC_045512.2	25245	T	C	11233	5982	50	1	1	26	8.89917e-05	11237	1	FALSE	NA	NA	NA	NA	NA	NA
NC_045512.2	25245	T	A	11233	5982	50	3	2	26	0.000266975	11237	1	FALSE	NA	NA	NA	NA	NA	NA
NC_045512.2	25246	A	T	11387	6100	52	2	2	26	0.000175608	11389	1	FALSE	NA	NA	NA	NA	NA	NA
NC_045512.2	25247	A	+T	11303	6064	51	1	0	20	8.84721e-05	11303	1	FALSE	NA	NA	NA	NA	NA	NA
NC_045512.2	25248	T	G	11103	5959	52	1	1	27	9.00576e-05	11104	1	FALSE	NA	NA	NA	NA	NA	NA
NC_045512.2	25249	G	T	11179	6020	52	1	1	27	8.94374e-05	11181	1	FALSE	NA	NA	NA	NA	NA	NA
NC_045512.2	25249	G	C	11179	6020	52	1	0	26	8.94374e-05	11181	1	FALSE	NA	NA	NA	NA	NA	NA
NC_045512.2	25250	G	T	11204	6096	52	3	2	27	0.00026769	11207	1	FALSE	NA	NA	NA	NA	NA	NA
NC_045512.2	25251	T	G	10896	5793	53	1	1	26	9.17431e-05	10900	1	FALSE	NA	NA	NA	NA	NA	NA
NC_045512.2	25251	T	C	10896	5793	53	3	2	56	0.000275229	10900	0.124983	FALSE	NA	NA	NA	NA	NA	NA
NC_045512.2	25255	A	G	11694	5926	52	1	1	46	8.55066e-05	11695	0.750032	FALSE	NA	NA	NA	NA	NA	NA
NC_045512.2	25256	A	G	11716	5940	51	1	0	34	8.5317e-05	11721	0.999756	FALSE	NA	NA	NA	NA	NA	NA
NC_045512.2	25256	A	C	11716	5940	51	4	0	26	0.000341268	11721	1	FALSE	NA	NA	NA	NA	NA	NA
NC_045512.2	25257	T	C	11745	5963	52	4	3	29	0.000340455	11749	1	FALSE	NA	NA	NA	NA	NA	NA
NC_045512.2	25259	A	G	11728	6007	52	1	0	46	8.52588e-05	11729	0.750032	FALSE	NA	NA	NA	NA	NA	NA
NC_045512.2	25259	A	-T	11728	6007	52	1	0	20	8.52588e-05	11729	1	FALSE	NA	NA	NA	NA	NA	NA
NC_045512.2	25261	G	C	11780	6036	52	1	0	26	8.48752e-05	11782	1	FALSE	NA	NA	NA	NA	NA	NA
NC_045512.2	25261	G	A	11780	6036	52	1	1	68	8.48752e-05	11782	0.5	FALSE	NA	NA	NA	NA	NA	NA
NC_045512.2	25262	C	T	11739	6039	51	1	0	34	8.51571e-05	11743	0.999756	FALSE	NA	NA	NA	NA	NA	NA
NC_045512.2	25262	C	G	11739	6039	51	3	3	24	0.000255471	11743	1	FALSE	NA	NA	NA	NA	NA	NA
NC_045512.2	25263	T	G	10387	4690	49	3	3	29	0.000288739	10390	1	FALSE	NA	NA	NA	NA	NA	NA
NC_045512.2	25264	T	G	10911	5277	53	1	1	20	9.16338e-05	10913	1	FALSE	NA	NA	NA	NA	NA	NA
NC_045512.2	25264	T	A	10911	5277	53	1	1	26	9.16338e-05	10913	1	FALSE	NA	NA	NA	NA	NA	NA
NC_045512.2	25265	T	C	10885	5242	54	1	0	68	9.18611e-05	10886	0.500023	FALSE	NA	NA	NA	NA	NA	NA
NC_045512.2	25266	G	T	10915	5270	53	1	0	26	9.16086e-05	10916	1	FALSE	NA	NA	NA	NA	NA	NA
NC_045512.2	25267	C	T	10874	5521	51	2	0	68	0.000183824	10880	0.24992	FALSE	NA	NA	NA	NA	NA	NA
NC_045512.2	25267	C	G	10874	5521	51	2	2	27	0.000183824	10880	1	FALSE	NA	NA	NA	NA	NA	NA
NC_045512.2	25267	C	A	10874	5521	51	2	0	23	0.000183824	10880	1	FALSE	NA	NA	NA	NA	NA	NA
NC_045512.2	25268	T	C	10954	5520	53	2	1	29	0.000182548	10956	1	FALSE	NA	NA	NA	NA	NA	NA
NC_045512.2	25270	T	G	10886	5408	51	1	1	27	9.18189e-05	10891	1	FALSE	NA	NA	NA	NA	NA	NA
NC_045512.2	25270	T	C	10886	5408	51	1	1	27	9.18189e-05	10891	1	FALSE	NA	NA	NA	NA	NA	NA
NC_045512.2	25270	T	A	10886	5408	51	3	1	24	0.000275457	10891	1	FALSE	NA	NA	NA	NA	NA	NA
NC_045512.2	25271	A	T	11035	5529	52	1	1	26	9.06043e-05	11037	1	FALSE	NA	NA	NA	NA	NA	NA
NC_045512.2	25271	A	G	11035	5529	52	1	1	60	9.06043e-05	11037	0.5	FALSE	NA	NA	NA	NA	NA	NA
NC_045512.2	25272	T	A	11043	5546	53	2	1	25	0.000181077	11045	1	FALSE	NA	NA	NA	NA	NA	NA
NC_045512.2	25273	G	C	11001	5525	52	1	1	27	9.08926e-05	11002	1	FALSE	NA	NA	NA	NA	NA	NA
NC_045512.2	25274	A	T	10936	5516	51	1	1	26	9.14328e-05	10937	1	FALSE	NA	NA	NA	NA	NA	NA
NC_045512.2	25275	C	G	10986	5492	52	3	2	21	0.000272975	10990	1	FALSE	NA	NA	NA	NA	NA	NA
NC_045512.2	25275	C	A	10986	5492	52	1	0	27	9.09918e-05	10990	1	FALSE	NA	NA	NA	NA	NA	NA
NC_045512.2	25276	C	T	10819	5401	52	1	0	68	9.23958e-05	10823	0.499954	FALSE	NA	NA	NA	NA	NA	NA
NC_045512.2	25276	C	G	10819	5401	52	3	3	29	0.000277187	10823	1	FALSE	NA	NA	NA	NA	NA	NA
NC_045512.2	25278	G	C	10681	5196	52	1	0	34	9.36067e-05	10683	0.999513	FALSE	NA	NA	NA	NA	NA	NA
NC_045512.2	25278	G	A	10681	5196	52	1	1	46	9.36067e-05	10683	0.750012	FALSE	NA	NA	NA	NA	NA	NA
NC_045512.2	25279	T	G	10596	5191	51	1	1	27	9.43663e-05	10597	1	FALSE	NA	NA	NA	NA	NA	NA
NC_045512.2	25280	T	G	10704	5318	53	2	0	27	0.000186776	10708	1	FALSE	NA	NA	NA	NA	NA	NA
NC_045512.2	25280	T	C	10704	5318	53	2	1	36	0.000186776	10708	0.996831	FALSE	NA	NA	NA	NA	NA	NA
NC_045512.2	25281	G	A	10692	5302	53	1	1	68	9.35191e-05	10693	0.500023	FALSE	NA	NA	NA	NA	NA	NA
NC_045512.2	25282	C	A	10610	5336	52	1	0	27	9.42418e-05	10611	1	FALSE	NA	NA	NA	NA	NA	NA
NC_045512.2	25283	T	C	10636	5350	53	1	0	68	9.40115e-05	10637	0.500024	FALSE	NA	NA	NA	NA	NA	NA
NC_045512.2	25286	A	T	10614	5367	53	2	1	30	0.000188377	10617	0.996833	FALSE	NA	NA	NA	NA	NA	NA
NC_045512.2	25286	A	G	10614	5367	53	1	0	68	9.41886e-05	10617	0.499976	FALSE	NA	NA	NA	NA	NA	NA
NC_045512.2	25287	G	T	10544	5297	53	1	1	27	9.48227e-05	10546	1	FALSE	NA	NA	NA	NA	NA	NA
NC_045512.2	25287	G	A	10544	5297	53	1	1	52	9.48227e-05	10546	0.5	FALSE	NA	NA	NA	NA	NA	NA
NC_045512.2	25288	T	C	10216	5087	53	2	2	27	0.000195714	10219	1	FALSE	NA	NA	NA	NA	NA	NA
NC_045512.2	25288	T	A	10216	5087	53	1	0	26	9.78569e-05	10219	1	FALSE	NA	NA	NA	NA	NA	NA
NC_045512.2	25289	T	G	10244	5111	53	1	0	68	9.75991e-05	10246	0.5	FALSE	NA	NA	NA	NA	NA	NA
NC_045512.2	25289	T	C	10244	5111	53	1	1	26	9.75991e-05	10246	1	FALSE	NA	NA	NA	NA	NA	NA
NC_045512.2	25290	G	C	10264	5110	54	1	0	27	9.74184e-05	10265	1	FALSE	NA	NA	NA	NA	NA	NA
NC_045512.2	25291	T	C	9725	4798	52	1	0	34	0.000102807	9727	0.999026	FALSE	NA	NA	NA	NA	NA	NA
NC_045512.2	25291	T	A	9725	4798	52	1	1	26	0.000102807	9727	1	FALSE	NA	NA	NA	NA	NA	NA
NC_045512.2	25292	C	G	9921	4994	53	2	1	22	0.000201532	9924	1	FALSE	NA	NA	NA	NA	NA	NA
NC_045512.2	25292	C	A	9921	4994	53	1	1	26	0.000100766	9924	1	FALSE	NA	NA	NA	NA	NA	NA
NC_045512.2	25293	T	C	9866	4926	54	1	0	68	0.000101348	9867	0.500025	FALSE	NA	NA	NA	NA	NA	NA
NC_045512.2	25296	A	T	9567	4860	53	1	1	27	0.000104504	9569	1	FALSE	NA	NA	NA	NA	NA	NA
NC_045512.2	25296	A	C	9567	4860	53	1	0	26	0.000104504	9569	1	FALSE	NA	NA	NA	NA	NA	NA
NC_045512.2	25297	G	T	9712	4828	54	1	1	34	0.000102944	9714	0.999026	FALSE	NA	NA	NA	NA	NA	NA
NC_045512.2	25297	G	A	9712	4828	54	1	1	34	0.000102944	9714	0.999026	FALSE	NA	NA	NA	NA	NA	NA
NC_045512.2	25298	G	T	9685	4852	54	1	1	34	0.000103231	9687	0.999026	FALSE	NA	NA	NA	NA	NA	NA
NC_045512.2	25298	G	C	9685	4852	54	1	1	27	0.000103231	9687	1	FALSE	NA	NA	NA	NA	NA	NA
NC_045512.2	25299	G	C	9457	4672	54	2	0	27	0.000211416	9460	1	FALSE	NA	NA	NA	NA	NA	NA
NC_045512.2	25299	G	A	9457	4672	54	1	0	34	0.000105708	9460	0.999025	FALSE	NA	NA	NA	NA	NA	NA
NC_045512.2	25300	C	T	9327	4672	52	1	0	68	0.000107193	9329	0.5	FALSE	NA	NA	NA	NA	NA	NA
NC_045512.2	25300	C	G	9327	4672	52	1	1	27	0.000107193	9329	1	FALSE	NA	NA	NA	NA	NA	NA
NC_045512.2	25301	T	G	9173	4508	54	1	1	24	0.000108968	9177	1	FALSE	NA	NA	NA	NA	NA	NA
NC_045512.2	25301	T	C	9173	4508	54	3	2	50	0.000326904	9177	0.12498	FALSE	NA	NA	NA	NA	NA	NA
NC_045512.2	25302	G	T	9106	4452	54	1	1	26	0.000109769	9110	1	FALSE	NA	NA	NA	NA	NA	NA
NC_045512.2	25302	G	C	9106	4452	54	1	1	27	0.000109769	9110	1	FALSE	NA	NA	NA	NA	NA	NA
NC_045512.2	25302	G	A	9106	4452	54	2	2	68	0.000219539	9110	0.249959	FALSE	NA	NA	NA	NA	NA	NA
NC_045512.2	25303	T	G	9157	4571	54	2	2	27	0.000218364	9159	1	FALSE	NA	NA	NA	NA	NA	NA
NC_045512.2	25304	T	C	9192	4631	54	2	2	49	0.000217533	9194	0.250014	FALSE	NA	NA	NA	NA	NA	NA
NC_045512.2	25306	T	G	11457	5346	51	4	4	30	0.000348857	11466	0.982422	FALSE	NA	NA	NA	NA	NA	NA
NC_045512.2	25306	T	C	11457	5346	51	2	1	36	0.000174429	11466	0.99829	FALSE	NA	NA	NA	NA	NA	NA
NC_045512.2	25306	T	A	11457	5346	51	3	2	29	0.000261643	11466	1	FALSE	NA	NA	NA	NA	NA	NA
NC_045512.2	25307	T	A	11269	5277	49	1	0	20	8.87311e-05	11270	1	FALSE	NA	NA	NA	NA	NA	NA
NC_045512.2	25308	C	G	11529	5576	50	3	3	24	0.000260146	11532	1	FALSE	NA	NA	NA	NA	NA	NA
NC_045512.2	25309	T	G	11399	5373	52	2	2	26	0.000175408	11402	1	FALSE	NA	NA	NA	NA	NA	NA
NC_045512.2	25309	T	C	11399	5373	52	1	1	46	8.77039e-05	11402	0.749989	FALSE	NA	NA	NA	NA	NA	NA
NC_045512.2	25310	T	G	11558	5578	52	1	0	27	8.65052e-05	11560	1	FALSE	NA	NA	NA	NA	NA	NA
NC_045512.2	25310	T	A	11558	5578	52	1	0	27	8.65052e-05	11560	1	FALSE	NA	NA	NA	NA	NA	NA
NC_045512.2	25311	G	T	11516	5517	51	1	0	24	8.68282e-05	11517	1	FALSE	NA	NA	NA	NA	NA	NA
NC_045512.2	25312	T	G	11372	5388	51	2	2	26	0.000175824	11375	1	FALSE	NA	NA	NA	NA	NA	NA
NC_045512.2	25312	T	C	11372	5388	51	1	1	27	8.79121e-05	11375	1	FALSE	NA	NA	NA	NA	NA	NA
NC_045512.2	25313	G	T	11459	5445	51	1	1	27	8.72524e-05	11461	1	FALSE	NA	NA	NA	NA	NA	NA
NC_045512.2	25313	G	A	11459	5445	51	1	1	34	8.72524e-05	11461	0.999757	FALSE	NA	NA	NA	NA	NA	NA
NC_045512.2	25317	C	T	11140	5603	53	1	1	34	8.97505e-05	11142	0.999757	FALSE	NA	NA	NA	NA	NA	NA
NC_045512.2	25317	C	G	11140	5603	53	1	1	34	8.97505e-05	11142	0.999757	FALSE	NA	NA	NA	NA	NA	NA
NC_045512.2	25318	C	T	11195	5796	52	1	1	68	8.93176e-05	11196	0.500022	FALSE	NA	NA	NA	NA	NA	NA
NC_045512.2	25319	T	G	10967	5463	51	1	1	26	9.11577e-05	10970	1	FALSE	NA	NA	NA	NA	NA	NA
NC_045512.2	25319	T	C	10967	5463	51	1	1	38	9.11577e-05	10970	0.999513	FALSE	NA	NA	NA	NA	NA	NA
NC_045512.2	25319	T	A	10967	5463	51	1	1	27	9.11577e-05	10970	1	FALSE	NA	NA	NA	NA	NA	NA
NC_045512.2	25320	G	T	11010	5585	52	5	5	26	0.000453844	11017	1	FALSE	NA	NA	NA	NA	NA	NA
NC_045512.2	25320	G	C	11010	5585	52	2	0	27	0.000181538	11017	1	FALSE	NA	NA	NA	NA	NA	NA
NC_045512.2	25321	C	T	11097	5723	52	1	0	34	9.00901e-05	11100	0.999756	FALSE	NA	NA	NA	NA	NA	NA
NC_045512.2	25321	C	A	11097	5723	52	2	0	27	0.00018018	11100	1	FALSE	NA	NA	NA	NA	NA	NA
NC_045512.2	25322	T	G	11053	5608	53	1	1	27	9.04568e-05	11055	1	FALSE	NA	NA	NA	NA	NA	NA
NC_045512.2	25322	T	C	11053	5608	53	1	0	34	9.04568e-05	11055	0.999757	FALSE	NA	NA	NA	NA	NA	NA
NC_045512.2	25323	G	T	10909	5481	52	2	2	27	0.000183301	10911	1	FALSE	NA	NA	NA	NA	NA	NA
NC_045512.2	25324	C	G	11063	5959	54	2	2	30	0.000180701	11068	0.998294	FALSE	NA	NA	NA	NA	NA	NA
NC_045512.2	25324	C	A	11063	5959	54	3	1	24	0.000271052	11068	1	FALSE	NA	NA	NA	NA	NA	NA
NC_045512.2	25325	A	G	11122	5989	55	1	0	68	8.99038e-05	11123	0.500022	FALSE	NA	NA	NA	NA	NA	NA
NC_045512.2	25326	A	C	11093	5947	54	1	1	34	9.01388e-05	11094	0.999757	FALSE	NA	NA	NA	NA	NA	NA
NC_045512.2	25327	A	T	10947	6090	52	2	2	23	0.000182598	10953	1	FALSE	NA	NA	NA	NA	NA	NA
NC_045512.2	25327	A	C	10947	6090	52	4	0	26	0.000365197	10953	1	FALSE	NA	NA	NA	NA	NA	NA
NC_045512.2	25328	T	G	10928	5975	53	1	1	27	9.14997e-05	10929	1	FALSE	NA	NA	NA	NA	NA	NA
NC_045512.2	25329	T	G	10671	5822	51	3	3	27	0.000280978	10677	1	FALSE	NA	NA	NA	NA	NA	NA
NC_045512.2	25329	T	C	10671	5822	51	2	2	34	0.000187319	10677	0.996828	FALSE	NA	NA	NA	NA	NA	NA
NC_045512.2	25329	T	A	10671	5822	51	1	0	34	9.36593e-05	10677	0.999512	FALSE	NA	NA	NA	NA	NA	NA
NC_045512.2	25330	T	C	11102	6338	55	2	0	24	0.000180099	11105	1	FALSE	NA	NA	NA	NA	NA	NA
NC_045512.2	25330	T	A	11102	6338	55	1	1	27	9.00495e-05	11105	1	FALSE	NA	NA	NA	NA	NA	NA
NC_045512.2	25331	G	T	11103	6319	54	2	1	47	0.00018005	11108	0.499932	FALSE	NA	NA	NA	NA	NA	NA
NC_045512.2	25331	G	C	11103	6319	54	3	1	26	0.000270076	11108	1	FALSE	NA	NA	NA	NA	NA	NA
NC_045512.2	25332	A	T	11200	6428	54	1	0	24	8.92698e-05	11202	1	FALSE	NA	NA	NA	NA	NA	NA
NC_045512.2	25332	A	G	11200	6428	54	1	0	38	8.92698e-05	11202	0.999757	FALSE	NA	NA	NA	NA	NA	NA
NC_045512.2	25333	T	C	11087	6305	55	1	0	24	9.01876e-05	11088	1	FALSE	NA	NA	NA	NA	NA	NA
NC_045512.2	25334	G	C	11199	6477	54	1	0	27	8.92857e-05	11200	1	FALSE	NA	NA	NA	NA	NA	NA
NC_045512.2	25335	A	C	11183	6476	53	1	1	27	8.94134e-05	11184	1	FALSE	NA	NA	NA	NA	NA	NA
NC_045512.2	25336	A	T	11485	6814	54	1	0	46	8.70474e-05	11488	0.749989	FALSE	NA	NA	NA	NA	NA	NA
NC_045512.2	25336	A	G	11485	6814	54	1	0	27	8.70474e-05	11488	1	FALSE	NA	NA	NA	NA	NA	NA
NC_045512.2	25336	A	C	11485	6814	54	1	0	27	8.70474e-05	11488	1	FALSE	NA	NA	NA	NA	NA	NA
NC_045512.2	25337	G	C	11517	7156	52	1	0	27	8.68206e-05	11518	1	FALSE	NA	NA	NA	NA	NA	NA
NC_045512.2	25338	A	T	11411	7119	50	1	1	26	8.76271e-05	11412	1	FALSE	NA	NA	NA	NA	NA	NA
NC_045512.2	25339	C	A	11507	7230	51	1	1	60	8.68961e-05	11508	0.500022	FALSE	NA	NA	NA	NA	NA	NA
NC_045512.2	25340	G	C	11356	7099	51	1	1	26	8.80514e-05	11357	1	FALSE	NA	NA	NA	NA	NA	NA
NC_045512.2	25343	T	C	12165	7394	52	2	2	34	0.000164379	12167	0.999087	FALSE	NA	NA	NA	NA	NA	NA
NC_045512.2	25344	C	G	12512	7751	53	1	1	27	7.99169e-05	12513	1	FALSE	NA	NA	NA	NA	NA	NA
NC_045512.2	25345	T	G	9482	5514	52	1	1	26	0.000105441	9484	1	FALSE	NA	NA	NA	NA	NA	NA
NC_045512.2	25345	T	C	9482	5514	52	1	1	34	0.000105441	9484	0.999026	FALSE	NA	NA	NA	NA	NA	NA
NC_045512.2	25346	G	T	9579	5556	53	1	0	27	0.000104373	9581	1	FALSE	NA	NA	NA	NA	NA	NA
NC_045512.2	25346	G	C	9579	5556	53	1	1	68	0.000104373	9581	0.5	FALSE	NA	NA	NA	NA	NA	NA
NC_045512.2	25349	C	T	9701	5685	53	2	2	23	0.000206122	9703	1	FALSE	NA	NA	NA	NA	NA	NA
NC_045512.2	25352	G	T	10075	5871	54	1	1	26	9.92457e-05	10076	1	FALSE	NA	NA	NA	NA	NA	NA
NC_045512.2	25353	T	G	10031	5860	53	2	1	27	0.000199342	10033	1	FALSE	NA	NA	NA	NA	NA	NA
NC_045512.2	25354	G	T	10686	6148	54	1	1	26	9.35716e-05	10687	1	FALSE	NA	NA	NA	NA	NA	NA
NC_045512.2	25355	C	A	10796	6332	54	1	1	68	9.26183e-05	10797	0.500023	FALSE	NA	NA	NA	NA	NA	NA
NC_045512.2	25358	A	C	10728	6304	53	1	0	27	9.32053e-05	10729	1	FALSE	NA	NA	NA	NA	NA	NA
NC_045512.2	25359	A	T	10757	6286	54	1	1	27	9.29454e-05	10759	1	FALSE	NA	NA	NA	NA	NA	NA
NC_045512.2	25359	A	C	10757	6286	54	1	0	20	9.29454e-05	10759	1	FALSE	NA	NA	NA	NA	NA	NA
NC_045512.2	25360	A	G	10574	6329	50	2	1	24	0.000189072	10578	1	FALSE	NA	NA	NA	NA	NA	NA
NC_045512.2	25360	A	C	10574	6329	50	2	1	27	0.000189072	10578	1	FALSE	NA	NA	NA	NA	NA	NA
NC_045512.2	25361	G	T	10743	6223	54	3	2	42	0.000279148	10747	0.312483	FALSE	NA	NA	NA	NA	NA	NA
NC_045512.2	25361	G	C	10743	6223	54	1	1	27	9.30492e-05	10747	1	FALSE	NA	NA	NA	NA	NA	NA
NC_045512.2	25363	A	T	10913	6391	54	1	0	26	9.16254e-05	10914	1	FALSE	NA	NA	NA	NA	NA	NA
NC_045512.2	25364	G	C	10898	6338	55	1	1	26	9.17515e-05	10899	1	FALSE	NA	NA	NA	NA	NA	NA
NC_045512.2	25365	T	C	10960	6424	54	4	3	49	0.00036483	10964	0.1875	FALSE	NA	NA	NA	NA	NA	NA
NC_045512.2	25368	A	T	10869	6437	52	3	2	31	0.000275913	10873	0.988789	FALSE	NA	NA	NA	NA	NA	NA
NC_045512.2	25368	A	C	10869	6437	52	1	0	20	9.19709e-05	10873	1	FALSE	NA	NA	NA	NA	NA	NA
NC_045512.2	25369	A	C	10976	6603	53	1	0	27	9.10996e-05	10977	1	FALSE	NA	NA	NA	NA	NA	NA
NC_045512.2	25370	T	C	10990	6533	53	1	0	68	9.0967e-05	10993	0.499977	FALSE	NA	NA	NA	NA	NA	NA
NC_045512.2	25370	T	A	10990	6533	53	2	2	30	0.000181934	10993	0.996833	FALSE	NA	NA	NA	NA	NA	NA
NC_045512.2	25372	A	T	11107	6607	53	1	1	24	9.00171e-05	11109	1	FALSE	NA	NA	NA	NA	NA	NA
NC_045512.2	25372	A	G	11107	6607	53	1	1	34	9.00171e-05	11109	0.999757	FALSE	NA	NA	NA	NA	NA	NA
NC_045512.2	25374	A	G	11154	6649	54	2	0	30	0.000179276	11156	0.998296	FALSE	NA	NA	NA	NA	NA	NA
NC_045512.2	25376	T	G	10727	6293	53	5	5	27	0.000465853	10733	1	FALSE	NA	NA	NA	NA	NA	NA
NC_045512.2	25376	T	C	10727	6293	53	1	1	46	9.31706e-05	10733	0.749918	FALSE	NA	NA	NA	NA	NA	NA
NC_045512.2	25378	C	G	10895	6483	54	1	0	34	9.17768e-05	10896	0.999513	FALSE	NA	NA	NA	NA	NA	NA
NC_045512.2	25379	A	G	10847	6428	54	1	1	68	9.21829e-05	10848	0.500023	FALSE	NA	NA	NA	NA	NA	NA
NC_045512.2	25380	C	T	10819	6442	54	1	1	68	9.24214e-05	10820	0.500023	FALSE	NA	NA	NA	NA	NA	NA
NC_045512.2	25381	A	T	10448	6142	54	1	1	27	9.56846e-05	10451	1	FALSE	NA	NA	NA	NA	NA	NA
NC_045512.2	25381	A	G	10448	6142	54	1	1	46	9.56846e-05	10451	0.749988	FALSE	NA	NA	NA	NA	NA	NA
NC_045512.2	25381	A	C	10448	6142	54	1	1	27	9.56846e-05	10451	1	FALSE	NA	NA	NA	NA	NA	NA
NC_045512.2	25382	T	G	10280	5990	53	1	1	34	9.72573e-05	10282	0.999513	FALSE	NA	NA	NA	NA	NA	NA
NC_045512.2	25382	T	C	10280	5990	53	1	1	34	9.72573e-05	10282	0.999513	FALSE	NA	NA	NA	NA	NA	NA
NC_045512.2	25383	A	T	10386	6122	54	1	1	26	9.62742e-05	10387	1	FALSE	NA	NA	NA	NA	NA	NA
NC_045512.2	25384	A	G	10338	6094	54	2	1	47	0.000193424	10340	0.500036	FALSE	NA	NA	NA	NA	NA	NA
NC_045512.2	25385	A	T	9931	6191	47	1	1	20	0.000100654	9935	1	FALSE	NA	NA	NA	NA	NA	NA
NC_045512.2	25385	A	C	9931	6191	47	3	0	24	0.000301963	9935	1	FALSE	NA	NA	NA	NA	NA	NA
NC_045512.2	25387	G	T	10081	5922	53	2	1	23	0.000198334	10084	1	FALSE	NA	NA	NA	NA	NA	NA
NC_045512.2	25387	G	C	10081	5922	53	1	1	27	9.9167e-05	10084	1	FALSE	NA	NA	NA	NA	NA	NA
NC_045512.2	25388	A	C	10073	5944	53	1	0	27	9.92654e-05	10074	1	FALSE	NA	NA	NA	NA	NA	NA
NC_045512.2	25389	A	T	9843	5920	51	1	1	34	0.000101543	9848	0.999024	FALSE	NA	NA	NA	NA	NA	NA
NC_045512.2	25389	A	G	9843	5920	51	2	0	47	0.000203087	9848	0.249937	FALSE	NA	NA	NA	NA	NA	NA
NC_045512.2	25389	A	C	9843	5920	51	2	0	30	0.000203087	9848	0.994146	FALSE	NA	NA	NA	NA	NA	NA
NC_045512.2	25392	T	A	9786	5815	53	2	0	26	0.000204332	9788	1	FALSE	NA	NA	NA	NA	NA	NA
NC_045512.2	25393	A	T	9802	5920	52	1	1	20	0.00010201	9803	1	FALSE	NA	NA	NA	NA	NA	NA
NC_045512.2	25394	T	G	9777	5834	52	1	1	26	0.00010226	9779	1	FALSE	NA	NA	NA	NA	NA	NA
NC_045512.2	25394	T	A	9777	5834	52	1	0	26	0.00010226	9779	1	FALSE	NA	NA	NA	NA	NA	NA
NC_045512.2	25397	A	T	9752	5870	53	1	1	27	0.000102533	9753	1	FALSE	NA	NA	NA	NA	NA	NA
NC_045512.2	25398	T	G	9362	5530	51	3	3	29	0.000320342	9365	1	FALSE	NA	NA	NA	NA	NA	NA
NC_045512.2	25399	T	G	9321	5513	53	1	1	26	0.000107273	9322	1	FALSE	NA	NA	NA	NA	NA	NA
NC_045512.2	25400	T	C	9426	5641	53	2	0	36	0.000212112	9429	0.994152	FALSE	NA	NA	NA	NA	NA	NA
NC_045512.2	25400	T	A	9426	5641	53	1	0	34	0.000106056	9429	0.999025	FALSE	NA	NA	NA	NA	NA	NA
NC_045512.2	25402	T	G	8072	4231	47	12	10	24	0.00148423	8085	1	FALSE	NA	NA	NA	NA	NA	NA
NC_045512.2	25402	T	C	8072	4231	47	1	0	34	0.000123686	8085	0.998039	FALSE	NA	NA	NA	NA	NA	NA
NC_045512.2	25405	A	G	9192	5795	51	1	0	27	0.000108767	9194	1	FALSE	NA	NA	NA	NA	NA	NA
NC_045512.2	25405	A	C	9192	5795	51	1	0	26	0.000108767	9194	1	FALSE	NA	NA	NA	NA	NA	NA
NC_045512.2	25407	G	T	9183	5788	51	1	0	20	0.000108885	9184	1	FALSE	NA	NA	NA	NA	NA	NA
NC_045512.2	25408	A	T	9142	5832	50	1	0	27	0.000109361	9144	1	FALSE	NA	NA	NA	NA	NA	NA
NC_045512.2	25408	A	G	9142	5832	50	1	0	60	0.000109361	9144	0.5	FALSE	NA	NA	NA	NA	NA	NA
NC_045512.2	25409	G	T	9187	5762	51	1	1	34	0.000108826	9189	0.999026	FALSE	NA	NA	NA	NA	NA	NA
NC_045512.2	25409	G	C	9187	5762	51	1	1	27	0.000108826	9189	1	FALSE	NA	NA	NA	NA	NA	NA
NC_045512.2	25410	A	T	8429	5350	50	1	0	26	0.000118624	8430	1	FALSE	NA	NA	NA	NA	NA	NA
NC_045512.2	25411	A	T	8514	5379	52	1	0	34	0.000117426	8516	0.998051	FALSE	NA	NA	NA	NA	NA	NA
NC_045512.2	25411	A	G	8514	5379	52	1	1	26	0.000117426	8516	1	FALSE	NA	NA	NA	NA	NA	NA
NC_045512.2	25412	T	A	8412	5244	51	1	0	68	0.000118864	8413	0.50003	FALSE	NA	NA	NA	NA	NA	NA
NC_045512.2	25416	C	G	8409	5360	51	1	0	26	0.000118892	8411	1	FALSE	NA	NA	NA	NA	NA	NA
NC_045512.2	25416	C	A	8409	5360	51	1	0	34	0.000118892	8411	0.998051	FALSE	NA	NA	NA	NA	NA	NA
NC_045512.2	25417	A	T	8366	5351	50	1	1	26	0.000119489	8369	1	FALSE	NA	NA	NA	NA	NA	NA
NC_045512.2	25417	A	C	8366	5351	50	2	0	30	0.000238977	8369	0.989276	FALSE	NA	NA	NA	NA	NA	NA
NC_045512.2	25419	A	T	8324	5290	51	1	1	26	0.00012012	8325	1	FALSE	NA	NA	NA	NA	NA	NA
NC_045512.2	25420	A	G	8192	5249	50	1	1	34	0.000122055	8193	0.998052	FALSE	NA	NA	NA	NA	NA	NA
NC_045512.2	25421	T	G	7859	4865	49	4	4	25	0.000508712	7863	1	FALSE	NA	NA	NA	NA	NA	NA
NC_045512.2	25422	T	G	7999	5119	51	1	0	34	0.000124984	8001	0.998051	FALSE	NA	NA	NA	NA	NA	NA
NC_045512.2	25422	T	C	7999	5119	51	1	0	60	0.000124984	8001	0.5	FALSE	NA	NA	NA	NA	NA	NA
NC_045512.2	25423	G	T	8085	5156	51	1	1	27	0.000123655	8087	1	FALSE	NA	NA	NA	NA	NA	NA
NC_045512.2	25423	G	C	8085	5156	51	1	0	68	0.000123655	8087	0.5	FALSE	NA	NA	NA	NA	NA	NA
NC_045512.2	25425	A	G	8061	5206	51	1	1	24	0.000124023	8063	1	FALSE	NA	NA	NA	NA	NA	NA
NC_045512.2	25425	A	C	8061	5206	51	1	1	27	0.000124023	8063	1	FALSE	NA	NA	NA	NA	NA	NA
NC_045512.2	25426	A	C	7928	5177	50	3	0	29	0.000378263	7931	1	FALSE	NA	NA	NA	NA	NA	NA
NC_045512.2	25426	A	+C	7928	5177	50	1	0	20	0.000126088	7931	1	FALSE	NA	NA	NA	NA	NA	NA
NC_045512.2	25427	C	A	7920	5190	51	1	0	27	0.000126247	7921	1	FALSE	NA	NA	NA	NA	NA	NA
NC_045512.2	25428	T	A	7546	4904	52	1	0	27	0.000132503	7547	1	FALSE	NA	NA	NA	NA	NA	NA
NC_045512.2	25429	G	C	7490	4856	52	1	0	20	0.000133494	7491	1	FALSE	NA	NA	NA	NA	NA	NA
NC_045512.2	25430	T	A	7405	4765	52	1	1	34	0.000135026	7406	0.996103	FALSE	NA	NA	NA	NA	NA	NA
NC_045512.2	25431	A	T	7481	4861	52	1	1	20	0.000133636	7483	1	FALSE	NA	NA	NA	NA	NA	NA
NC_045512.2	25431	A	G	7481	4861	52	1	1	24	0.000133636	7483	1	FALSE	NA	NA	NA	NA	NA	NA
NC_045512.2	25434	T	G	6874	4516	51	2	0	27	0.000290824	6877	1	FALSE	NA	NA	NA	NA	NA	NA
NC_045512.2	25434	T	A	6874	4516	51	1	0	27	0.000145412	6877	1	FALSE	NA	NA	NA	NA	NA	NA
NC_045512.2	25435	T	G	6785	4414	50	2	2	23	0.000294681	6787	1	FALSE	NA	NA	NA	NA	NA	NA
NC_045512.2	25438	A	C	6825	4561	51	2	1	27	0.000292954	6827	1	FALSE	NA	NA	NA	NA	NA	NA
NC_045512.2	25439	A	T	6760	4558	51	2	1	30	0.000295639	6765	0.964852	FALSE	NA	NA	NA	NA	NA	NA
NC_045512.2	25439	A	G	6760	4558	51	2	0	46	0.000295639	6765	0.249908	FALSE	NA	NA	NA	NA	NA	NA
NC_045512.2	25439	A	C	6760	4558	51	1	0	24	0.00014782	6765	1	FALSE	NA	NA	NA	NA	NA	NA
NC_045512.2	25440	G	C	6725	4501	52	1	0	27	0.000148677	6726	1	FALSE	NA	NA	NA	NA	NA	NA
NC_045512.2	25441	C	T	6712	4543	52	1	1	68	0.000148943	6714	0.5	FALSE	NA	NA	NA	NA	NA	NA
NC_045512.2	25441	C	A	6712	4543	52	1	1	26	0.000148943	6714	1	FALSE	NA	NA	NA	NA	NA	NA
NC_045512.2	25443	A	C	6168	4191	53	1	0	34	0.000162101	6169	0.992205	FALSE	NA	NA	NA	NA	NA	NA
NC_045512.2	25446	T	A	6115	4153	52	1	0	27	0.000163506	6116	1	FALSE	NA	NA	NA	NA	NA	NA
NC_045512.2	25447	G	A	6065	4126	53	1	1	46	0.000164853	6066	0.500041	FALSE	NA	NA	NA	NA	NA	NA
NC_045512.2	25449	A	C	6013	4163	50	2	0	23	0.000332502	6015	1	FALSE	NA	NA	NA	NA	NA	NA
NC_045512.2	25451	T	A	6059	4241	52	1	0	27	0.000165017	6060	1	FALSE	NA	NA	NA	NA	NA	NA
NC_045512.2	25452	C	A	5799	4052	51	1	0	27	0.000172414	5800	1	FALSE	NA	NA	NA	NA	NA	NA
NC_045512.2	25453	A	G	5450	3758	52	1	0	68	0.000183453	5451	0.500046	FALSE	NA	NA	NA	NA	NA	NA
NC_045512.2	25454	A	G	5320	3679	51	1	0	27	0.000187899	5322	1	FALSE	NA	NA	NA	NA	NA	NA
NC_045512.2	25454	A	C	5320	3679	51	1	0	27	0.000187899	5322	1	FALSE	NA	NA	NA	NA	NA	NA
NC_045512.2	25456	G	C	5222	3642	51	2	0	27	0.000382848	5224	1	FALSE	NA	NA	NA	NA	NA	NA
NC_045512.2	25460	C	A	4628	3285	49	1	1	68	0.000216029	4629	0.500054	FALSE	NA	NA	NA	NA	NA	NA
NC_045512.2	25462	A	T	4485	3153	51	1	0	27	0.000222866	4487	1	FALSE	NA	NA	NA	NA	NA	NA
NC_045512.2	25462	A	G	4485	3153	51	1	0	68	0.000222866	4487	0.5	FALSE	NA	NA	NA	NA	NA	NA
NC_045512.2	25463	C	G	4471	3171	49	1	0	27	0.000223564	4473	1	FALSE	NA	NA	NA	NA	NA	NA
NC_045512.2	25463	C	A	4471	3171	49	1	0	34	0.000223564	4473	0.968785	FALSE	NA	NA	NA	NA	NA	NA
NC_045512.2	25464	T	A	4221	2946	51	2	0	26	0.000473597	4223	1	FALSE	NA	NA	NA	NA	NA	NA
NC_045512.2	25466	C	A	3276	2230	51	1	0	20	0.000305157	3277	1	FALSE	NA	NA	NA	NA	NA	NA
NC_045512.2	25469	C	G	2842	1934	51	1	0	27	0.000351741	2843	1	FALSE	NA	NA	NA	NA	NA	NA
NC_045512.2	25471	G	C	2815	1913	51	2	1	23	0.000709975	2817	1	FALSE	NA	NA	NA	NA	NA	NA
NC_045512.2	25473	T	A	2763	1935	51	1	0	27	0.000361795	2764	1	FALSE	NA	NA	NA	NA	NA	NA
NC_045512.2	25474	T	A	1443	929	49	2	1	30	0.00138408	1445	0.50026	FALSE	NA	NA	NA	NA	NA	NA
NC_045512.2	25478	T	G	1394	911	52	2	2	30	0.00143266	1396	0.500269	FALSE	NA	NA	NA	NA	NA	NA
NC_045512.2	25502	T	A	348	196	50	1	0	24	0.00286533	349	0.938395	FALSE	NA	NA	NA	NA	NA	NA
NC_045512.2	25507	G	C	346	207	47	1	0	27	0.00288184	347	0.9384	FALSE	NA	NA	NA	NA	NA	NA
NC_045512.2	25514	T	C	343	206	50	1	0	68	0.00290698	344	0.500728	FALSE	NA	NA	NA	NA	NA	NA
NC_045512.2	25535	T	G	320	158	47	1	1	34	0.00310559	322	0.5	FALSE	NA	NA	NA	NA	NA	NA
NC_045512.2	25535	T	A	320	158	47	1	0	27	0.00310559	322	0.938085	FALSE	NA	NA	NA	NA	NA	NA
NC_045512.2	25541	T	G	345	183	50	1	1	27	0.00289017	346	0.938403	FALSE	NA	NA	NA	NA	NA	NA
NC_045512.2	25581	A	T	325	166	52	1	1	27	0.00306748	326	0.938458	FALSE	NA	NA	NA	NA	NA	NA
NC_045512.2	25584	C	T	0	0	0	314	162	49	1	314	5.64164e-188	TRUE	NA	NA	NA	NA	NA	NA
NC_045512.2	25587	C	-A	333	172	52	1	0	20	0.003003	333	0.938807	FALSE	NA	NA	NA	NA	NA	NA
NC_045512.2	25602	A	T	327	175	50	1	0	20	0.00304878	328	0.938452	FALSE	NA	NA	NA	NA	NA	NA
NC_045512.2	25607	C	A	326	182	52	1	0	27	0.0030581	327	0.938455	FALSE	NA	NA	NA	NA	NA	NA
NC_045512.2	25626	C	A	216	111	51	1	1	26	0.00460829	217	0.87673	FALSE	NA	NA	NA	NA	NA	NA
NC_045512.2	25627	T	G	363	158	44	2	2	30	0.00547945	365	0.250343	FALSE	NA	NA	NA	NA	NA	NA
NC_045512.2	25638	C	G	361	162	45	1	1	26	0.00276243	362	0.938363	FALSE	NA	NA	NA	NA	NA	NA
NC_045512.2	25653	T	C	341	147	44	1	0	34	0.00292398	342	0.500732	FALSE	NA	NA	NA	NA	NA	NA
NC_045512.2	25657	A	C	338	148	44	1	0	27	0.00294985	339	0.938421	FALSE	NA	NA	NA	NA	NA	NA
NC_045512.2	25661	T	G	316	117	41	1	1	27	0.00315457	317	0.938485	FALSE	NA	NA	NA	NA	NA	NA
NC_045512.2	25670	A	C	372	170	44	1	0	27	0.00268097	373	0.938337	FALSE	NA	NA	NA	NA	NA	NA
NC_045512.2	25672	C	-T	388	176	44	2	0	20	0.00515464	388	0.815711	FALSE	NA	NA	NA	NA	NA	NA
NC_045512.2	25694	T	G	368	176	42	1	1	26	0.00271003	369	0.938346	FALSE	NA	NA	NA	NA	NA	NA
NC_045512.2	25703	C	G	385	191	44	2	0	34	0.00516796	387	0.250323	FALSE	NA	NA	NA	NA	NA	NA
NC_045512.2	25706	T	G	390	188	43	1	1	20	0.00255754	391	0.938299	FALSE	NA	NA	NA	NA	NA	NA
NC_045512.2	25724	T	A	401	189	45	1	0	34	0.00248756	402	0.500623	FALSE	NA	NA	NA	NA	NA	NA
NC_045512.2	25732	T	G	426	206	47	2	2	23	0.0046729	428	0.891995	FALSE	NA	NA	NA	NA	NA	NA
NC_045512.2	25735	T	G	398	191	48	1	1	26	0.00250627	399	0.938283	FALSE	NA	NA	NA	NA	NA	NA
NC_045512.2	25773	T	G	350	178	51	1	1	26	0.002849	351	0.93839	FALSE	NA	NA	NA	NA	NA	NA
NC_045512.2	25776	G	C	365	193	52	1	1	27	0.00273224	366	0.938353	FALSE	NA	NA	NA	NA	NA	NA
NC_045512.2	25780	T	C	343	179	53	2	1	47	0.0057971	345	0.250363	FALSE	NA	NA	NA	NA	NA	NA
NC_045512.2	25810	C	A	356	188	52	1	0	26	0.00280112	357	0.938375	FALSE	NA	NA	NA	NA	NA	NA
NC_045512.2	25820	C	T	334	180	51	1	0	68	0.00298507	335	0.500747	FALSE	NA	NA	NA	NA	NA	NA
NC_045512.2	25851	T	A	390	191	51	1	0	26	0.00255754	391	0.938299	FALSE	NA	NA	NA	NA	NA	NA
NC_045512.2	25857	C	T	456	225	52	1	1	68	0.00218818	457	0.500548	FALSE	NA	NA	NA	NA	NA	NA
NC_045512.2	25862	G	A	670	276	51	1	1	34	0.00149031	671	0.500373	FALSE	NA	NA	NA	NA	NA	NA
NC_045512.2	25868	C	-T	767	296	51	1	0	20	0.00130378	767	0.996205	FALSE	NA	NA	NA	NA	NA	NA
NC_045512.2	25892	T	G	780	327	54	1	1	34	0.00128041	781	0.50032	FALSE	NA	NA	NA	NA	NA	NA
NC_045512.2	25912	G	T	784	360	57	1	1	27	0.00127389	785	0.996183	FALSE	NA	NA	NA	NA	NA	NA
NC_045512.2	25913	G	A	787	365	57	1	1	68	0.00126904	788	0.500317	FALSE	NA	NA	NA	NA	NA	NA
NC_045512.2	25927	A	G	768	366	58	1	1	68	0.00130039	769	0.500325	FALSE	NA	NA	NA	NA	NA	NA
NC_045512.2	25928	T	A	979	459	53	1	0	27	0.00102041	980	0.999051	FALSE	NA	NA	NA	NA	NA	NA
NC_045512.2	25932	T	G	943	427	51	2	2	30	0.0021164	945	0.250132	FALSE	NA	NA	NA	NA	NA	NA
NC_045512.2	25949	T	G	978	446	47	3	3	24	0.0030581	981	0.981081	FALSE	NA	NA	NA	NA	NA	NA
NC_045512.2	25959	T	G	1052	502	54	1	0	27	0.000948767	1054	0.999524	FALSE	NA	NA	NA	NA	NA	NA
NC_045512.2	25959	T	C	1052	502	54	1	1	27	0.000948767	1054	0.999524	FALSE	NA	NA	NA	NA	NA	NA
NC_045512.2	25970	G	A	914	452	53	1	1	24	0.0010929	915	0.999053	FALSE	NA	NA	NA	NA	NA	NA
NC_045512.2	25971	G	T	913	449	53	1	1	60	0.00109409	914	0.500274	FALSE	NA	NA	NA	NA	NA	NA
NC_045512.2	25977	T	C	918	448	54	1	0	68	0.00108814	919	0.500272	FALSE	NA	NA	NA	NA	NA	NA
NC_045512.2	26003	A	G	979	468	51	1	0	68	0.00102041	980	0.500255	FALSE	NA	NA	NA	NA	NA	NA
NC_045512.2	26005	A	C	870	406	50	1	0	27	0.00114811	871	0.998097	FALSE	NA	NA	NA	NA	NA	NA
NC_045512.2	26010	C	G	839	471	45	1	0	27	0.00119048	840	0.998099	FALSE	NA	NA	NA	NA	NA	NA
NC_045512.2	26023	T	A	840	486	43	1	0	26	0.00118906	841	0.998099	FALSE	NA	NA	NA	NA	NA	NA
NC_045512.2	26027	A	C	833	496	43	1	1	34	0.00119904	834	0.5003	FALSE	NA	NA	NA	NA	NA	NA
NC_045512.2	26029	C	G	845	496	43	1	0	27	0.00118203	846	0.998098	FALSE	NA	NA	NA	NA	NA	NA
NC_045512.2	26031	G	T	848	485	43	1	1	26	0.00117786	849	0.998098	FALSE	NA	NA	NA	NA	NA	NA
NC_045512.2	26032	C	A	860	490	44	1	1	26	0.00116144	861	0.998098	FALSE	NA	NA	NA	NA	NA	NA
NC_045512.2	26039	C	G	795	429	44	1	0	27	0.00125628	796	0.996182	FALSE	NA	NA	NA	NA	NA	NA
NC_045512.2	26044	C	G	741	367	45	1	0	34	0.00134771	742	0.500337	FALSE	NA	NA	NA	NA	NA	NA
NC_045512.2	26045	A	C	684	360	43	1	0	34	0.00145985	685	0.500365	FALSE	NA	NA	NA	NA	NA	NA
NC_045512.2	26049	G	T	719	345	44	1	1	20	0.00138889	720	0.996191	FALSE	NA	NA	NA	NA	NA	NA
NC_045512.2	26053	A	C	707	317	45	1	1	27	0.00141243	708	0.996192	FALSE	NA	NA	NA	NA	NA	NA
NC_045512.2	26059	A	T	703	325	47	1	1	34	0.00142045	704	0.500355	FALSE	NA	NA	NA	NA	NA	NA
NC_045512.2	26060	C	T	47	35	46	584	237	46	0.925515	631	9.22456e-306	TRUE	NA	NA	NA	NA	NA	NA
NC_045512.2	26064	T	C	642	273	49	1	0	27	0.00155521	643	0.992357	FALSE	NA	NA	NA	NA	NA	NA
NC_045512.2	26065	G	T	635	260	47	1	1	27	0.00157233	636	0.992359	FALSE	NA	NA	NA	NA	NA	NA
NC_045512.2	26066	T	G	642	265	47	1	1	20	0.00155521	643	0.992357	FALSE	NA	NA	NA	NA	NA	NA
NC_045512.2	26077	A	T	625	247	49	1	0	26	0.00159744	626	0.992361	FALSE	NA	NA	NA	NA	NA	NA
NC_045512.2	26087	T	A	619	255	50	1	0	34	0.0016129	620	0.500404	FALSE	NA	NA	NA	NA	NA	NA
NC_045512.2	26096	A	G	636	282	51	1	1	34	0.00156986	637	0.500393	FALSE	NA	NA	NA	NA	NA	NA
NC_045512.2	26099	T	G	632	279	49	1	1	27	0.00157978	633	0.992359	FALSE	NA	NA	NA	NA	NA	NA
NC_045512.2	26103	T	A	638	298	53	2	0	40	0.003125	640	0.250195	FALSE	NA	NA	NA	NA	NA	NA
NC_045512.2	26104	G	T	629	287	51	1	1	20	0.0015873	630	0.99236	FALSE	NA	NA	NA	NA	NA	NA
NC_045512.2	26113	G	C	653	286	51	2	2	27	0.00305344	655	0.965427	FALSE	NA	NA	NA	NA	NA	NA
NC_045512.2	26116	G	C	660	293	51	1	0	27	0.00151286	661	0.992352	FALSE	NA	NA	NA	NA	NA	NA
NC_045512.2	26116	G	+GT	660	293	51	1	0	20	0.00151286	661	0.992352	FALSE	NA	NA	NA	NA	NA	NA
NC_045512.2	26118	A	T	649	292	52	1	0	26	0.00153846	650	0.992355	FALSE	NA	NA	NA	NA	NA	NA
NC_045512.2	26126	A	G	623	301	52	1	1	68	0.0016	625	0.5	FALSE	NA	NA	NA	NA	NA	NA
NC_045512.2	26126	A	C	623	301	52	1	0	27	0.0016	625	0.992319	FALSE	NA	NA	NA	NA	NA	NA
NC_045512.2	26134	A	C	652	316	54	1	0	26	0.00153139	653	0.992354	FALSE	NA	NA	NA	NA	NA	NA
NC_045512.2	26138	T	A	659	290	50	1	0	27	0.00151515	660	0.992352	FALSE	NA	NA	NA	NA	NA	NA
NC_045512.2	26140	G	T	669	316	53	1	0	34	0.00149254	670	0.500373	FALSE	NA	NA	NA	NA	NA	NA
NC_045512.2	26141	A	C	639	322	51	1	0	34	0.0015625	640	0.500391	FALSE	NA	NA	NA	NA	NA	NA
NC_045512.2	26145	T	G	653	326	54	1	1	68	0.00152672	655	0.5	FALSE	NA	NA	NA	NA	NA	NA
NC_045512.2	26145	T	C	653	326	54	1	1	68	0.00152672	655	0.5	FALSE	NA	NA	NA	NA	NA	NA
NC_045512.2	26147	C	G	645	348	52	1	0	26	0.00154799	646	0.992356	FALSE	NA	NA	NA	NA	NA	NA
NC_045512.2	26151	C	T	661	346	53	1	1	34	0.00151057	662	0.500378	FALSE	NA	NA	NA	NA	NA	NA
NC_045512.2	26174	A	T	630	317	53	1	0	34	0.00158479	631	0.500397	FALSE	NA	NA	NA	NA	NA	NA
NC_045512.2	26180	T	G	614	302	48	1	1	27	0.00162602	615	0.992364	FALSE	NA	NA	NA	NA	NA	NA
NC_045512.2	26196	G	T	632	365	49	1	0	24	0.00157978	633	0.992359	FALSE	NA	NA	NA	NA	NA	NA
NC_045512.2	26214	T	C	503	300	47	2	1	51	0.0039604	505	0.250248	FALSE	NA	NA	NA	NA	NA	NA
NC_045512.2	26222	C	A	525	337	49	1	0	26	0.00190114	526	0.984686	FALSE	NA	NA	NA	NA	NA	NA
NC_045512.2	26226	A	T	693	400	46	1	0	34	0.00144092	694	0.50036	FALSE	NA	NA	NA	NA	NA	NA
NC_045512.2	26227	G	C	692	393	45	1	1	26	0.001443	693	0.992345	FALSE	NA	NA	NA	NA	NA	NA
NC_045512.2	26230	G	T	693	392	45	2	2	30	0.0028777	695	0.25018	FALSE	NA	NA	NA	NA	NA	NA
NC_045512.2	26239	G	T	704	376	47	1	0	34	0.00141844	705	0.500355	FALSE	NA	NA	NA	NA	NA	NA
NC_045512.2	26240	A	C	715	391	47	1	0	34	0.00139665	716	0.500349	FALSE	NA	NA	NA	NA	NA	NA
NC_045512.2	26241	A	C	662	406	42	2	0	30	0.00301205	664	0.250188	FALSE	NA	NA	NA	NA	NA	NA
NC_045512.2	26251	T	C	699	349	47	2	0	51	0.002849	702	0.249822	FALSE	NA	NA	NA	NA	NA	NA
NC_045512.2	26251	T	A	699	349	47	1	0	34	0.0014245	702	0.499643	FALSE	NA	NA	NA	NA	NA	NA
NC_045512.2	26254	T	G	732	359	48	1	0	46	0.00136426	733	0.500341	FALSE	NA	NA	NA	NA	NA	NA
NC_045512.2	26258	T	C	729	356	47	1	1	34	0.00136986	730	0.500343	FALSE	NA	NA	NA	NA	NA	NA
NC_045512.2	26261	C	G	716	361	47	1	1	27	0.0013947	717	0.996191	FALSE	NA	NA	NA	NA	NA	NA
NC_045512.2	26263	G	C	731	363	46	1	1	34	0.00136612	732	0.500342	FALSE	NA	NA	NA	NA	NA	NA
NC_045512.2	26270	C	T	2	0	51	748	369	47	0.997333	750	0	TRUE	NA	NA	NA	NA	NA	NA
NC_045512.2	26288	A	C	646	296	44	1	0	27	0.0015456	647	0.992356	FALSE	NA	NA	NA	NA	NA	NA
NC_045512.2	26310	T	A	701	329	47	1	1	46	0.0014245	702	0.500356	FALSE	NA	NA	NA	NA	NA	NA
NC_045512.2	26349	T	G	720	320	48	1	1	27	0.00138696	721	0.996191	FALSE	NA	NA	NA	NA	NA	NA
NC_045512.2	26354	T	G	651	297	50	3	1	29	0.00458015	655	0.91091	FALSE	NA	NA	NA	NA	NA	NA
NC_045512.2	26354	T	C	651	297	50	1	0	68	0.00152672	655	0.499234	FALSE	NA	NA	NA	NA	NA	NA
NC_045512.2	26356	C	G	663	302	49	1	1	26	0.00150602	664	0.992351	FALSE	NA	NA	NA	NA	NA	NA
NC_045512.2	26366	C	A	614	274	50	1	0	26	0.00162602	615	0.992364	FALSE	NA	NA	NA	NA	NA	NA
NC_045512.2	26371	T	A	602	255	51	2	0	34	0.00331126	604	0.250207	FALSE	NA	NA	NA	NA	NA	NA
NC_045512.2	26373	C	A	598	253	51	1	0	26	0.00166945	599	0.984648	FALSE	NA	NA	NA	NA	NA	NA
NC_045512.2	26377	A	G	606	252	50	4	1	51	0.00655738	610	0.0623971	FALSE	NA	NA	NA	NA	NA	NA
NC_045512.2	26378	A	G	607	257	50	1	1	68	0.00164474	608	0.500412	FALSE	NA	NA	NA	NA	NA	NA
NC_045512.2	26379	T	A	594	244	50	1	0	27	0.00168067	595	0.98465	FALSE	NA	NA	NA	NA	NA	NA
NC_045512.2	26410	T	C	555	240	50	2	1	30	0.00359066	557	0.250225	FALSE	NA	NA	NA	NA	NA	NA
NC_045512.2	26414	A	G	557	241	51	1	1	68	0.00179211	558	0.500448	FALSE	NA	NA	NA	NA	NA	NA
NC_045512.2	26416	G	A	586	245	50	1	0	38	0.00170358	587	0.500426	FALSE	NA	NA	NA	NA	NA	NA
NC_045512.2	26420	A	C	557	253	51	1	0	26	0.00179211	558	0.984668	FALSE	NA	NA	NA	NA	NA	NA
NC_045512.2	26421	C	G	575	258	50	1	0	26	0.00173611	576	0.984659	FALSE	NA	NA	NA	NA	NA	NA
NC_045512.2	26455	C	T	561	270	49	1	1	68	0.00177936	562	0.500445	FALSE	NA	NA	NA	NA	NA	NA
NC_045512.2	26457	T	C	578	279	51	1	1	68	0.00172712	579	0.500432	FALSE	NA	NA	NA	NA	NA	NA
NC_045512.2	26458	G	T	573	275	50	1	1	34	0.00174216	574	0.500436	FALSE	NA	NA	NA	NA	NA	NA
NC_045512.2	26462	T	A	584	278	51	1	1	20	0.0017094	585	0.984654	FALSE	NA	NA	NA	NA	NA	NA
NC_045512.2	26467	G	C	599	284	49	1	0	20	0.00166667	600	0.992324	FALSE	NA	NA	NA	NA	NA	NA
NC_045512.2	26470	T	G	577	269	49	1	1	34	0.0017301	578	0.500433	FALSE	NA	NA	NA	NA	NA	NA
NC_045512.2	26481	A	C	540	272	49	1	0	34	0.00184843	541	0.500463	FALSE	NA	NA	NA	NA	NA	NA
NC_045512.2	26483	T	A	573	267	49	1	1	26	0.00174216	574	0.98466	FALSE	NA	NA	NA	NA	NA	NA
NC_045512.2	26485	T	A	560	261	49	1	1	27	0.00178253	561	0.984666	FALSE	NA	NA	NA	NA	NA	NA
NC_045512.2	26490	T	A	539	248	48	2	0	30	0.00369686	541	0.250231	FALSE	NA	NA	NA	NA	NA	NA
NC_045512.2	26494	T	G	509	230	47	1	1	34	0.00196078	510	0.500491	FALSE	NA	NA	NA	NA	NA	NA
NC_045512.2	26495	T	A	537	265	48	1	0	68	0.00185874	538	0.500465	FALSE	NA	NA	NA	NA	NA	NA
NC_045512.2	26514	A	C	520	274	49	1	1	34	0.00191939	521	0.50048	FALSE	NA	NA	NA	NA	NA	NA
NC_045512.2	26516	T	G	494	243	48	1	1	26	0.0020202	495	0.969223	FALSE	NA	NA	NA	NA	NA	NA
NC_045512.2	26517	T	G	513	264	47	1	1	26	0.00194553	514	0.984693	FALSE	NA	NA	NA	NA	NA	NA
NC_045512.2	26529	G	A	0	0	0	507	287	47	1	507	4.54779e-304	TRUE	NA	NA	NA	NA	NA	NA
NC_045512.2	26536	A	C	460	278	45	1	0	34	0.0021692	461	0.500543	FALSE	NA	NA	NA	NA	NA	NA
NC_045512.2	26538	G	T	478	279	47	1	1	34	0.00208768	479	0.500522	FALSE	NA	NA	NA	NA	NA	NA
NC_045512.2	26539	G	C	471	280	47	1	1	26	0.00211864	472	0.969245	FALSE	NA	NA	NA	NA	NA	NA
NC_045512.2	26542	C	A	456	278	46	1	1	34	0.00218818	457	0.500548	FALSE	NA	NA	NA	NA	NA	NA
NC_045512.2	26545	T	G	446	266	47	1	1	34	0.00223714	447	0.50056	FALSE	NA	NA	NA	NA	NA	NA
NC_045512.2	26548	C	G	595	320	44	1	0	27	0.00167785	596	0.984649	FALSE	NA	NA	NA	NA	NA	NA
NC_045512.2	26550	G	C	572	296	45	1	1	27	0.0017452	573	0.98466	FALSE	NA	NA	NA	NA	NA	NA
NC_045512.2	26555	A	T	564	295	45	1	0	34	0.00176991	565	0.500443	FALSE	NA	NA	NA	NA	NA	NA
NC_045512.2	26556	G	T	556	289	45	1	1	34	0.00179533	557	0.500449	FALSE	NA	NA	NA	NA	NA	NA
NC_045512.2	26572	T	A	505	247	45	1	0	27	0.00197628	506	0.984698	FALSE	NA	NA	NA	NA	NA	NA
NC_045512.2	26577	C	G	1	0	34	532	256	46	0.998124	533	0	TRUE	NA	NA	NA	NA	NA	NA
NC_045512.2	26581	G	T	547	268	46	1	1	68	0.00182482	548	0.500457	FALSE	NA	NA	NA	NA	NA	NA
NC_045512.2	26585	C	A	566	276	46	1	0	26	0.00176367	567	0.984663	FALSE	NA	NA	NA	NA	NA	NA
NC_045512.2	26589	G	A	602	283	46	1	1	34	0.00165837	603	0.500415	FALSE	NA	NA	NA	NA	NA	NA
NC_045512.2	26590	T	G	603	295	46	1	0	27	0.00165563	604	0.992368	FALSE	NA	NA	NA	NA	NA	NA
NC_045512.2	26591	A	T	593	283	47	1	1	27	0.0016835	594	0.98465	FALSE	NA	NA	NA	NA	NA	NA
NC_045512.2	26600	C	A	594	283	46	2	1	25	0.0033557	596	0.938325	FALSE	NA	NA	NA	NA	NA	NA
NC_045512.2	26601	C	G	598	299	46	1	0	34	0.00166945	599	0.500418	FALSE	NA	NA	NA	NA	NA	NA
NC_045512.2	26611	C	A	576	278	46	1	0	27	0.0017331	577	0.984658	FALSE	NA	NA	NA	NA	NA	NA
NC_045512.2	26614	G	T	577	277	46	1	1	34	0.0017301	578	0.500433	FALSE	NA	NA	NA	NA	NA	NA
NC_045512.2	26627	A	T	573	272	45	1	0	46	0.00173913	575	0.5	FALSE	NA	NA	NA	NA	NA	NA
NC_045512.2	26627	A	C	573	272	45	1	0	34	0.00173913	575	0.5	FALSE	NA	NA	NA	NA	NA	NA
NC_045512.2	26638	A	C	579	296	47	1	0	34	0.00172414	580	0.500431	FALSE	NA	NA	NA	NA	NA	NA
NC_045512.2	26641	C	A	580	299	47	1	0	20	0.00172117	581	0.984656	FALSE	NA	NA	NA	NA	NA	NA
NC_045512.2	26644	A	C	510	299	44	1	0	20	0.00195695	511	0.984695	FALSE	NA	NA	NA	NA	NA	NA
NC_045512.2	26652	A	+T	605	309	47	1	0	20	0.00165289	605	0.992411	FALSE	NA	NA	NA	NA	NA	NA
NC_045512.2	26652	A	+G	605	309	47	1	0	20	0.00165289	605	0.992411	FALSE	NA	NA	NA	NA	NA	NA
NC_045512.2	26653	G	+C	633	310	48	1	0	20	0.00157978	633	0.992402	FALSE	NA	NA	NA	NA	NA	NA
NC_045512.2	26654	G	T	621	305	47	3	1	29	0.00480769	624	0.91134	FALSE	NA	NA	NA	NA	NA	NA
NC_045512.2	26654	G	+T	621	305	47	309	0	20	0.495192	624	3.97228e-70	TRUE	NA	NA	NA	NA	NA	NA
NC_045512.2	26655	T	+G	623	309	47	1	0	20	0.00160514	623	0.992405	FALSE	NA	NA	NA	NA	NA	NA
NC_045512.2	26667	A	G	596	284	50	1	0	24	0.00167504	597	0.984649	FALSE	NA	NA	NA	NA	NA	NA
NC_045512.2	26671	A	C	538	270	48	1	0	26	0.00185529	539	0.984678	FALSE	NA	NA	NA	NA	NA	NA
NC_045512.2	26675	A	T	561	262	51	1	1	34	0.00177936	562	0.500445	FALSE	NA	NA	NA	NA	NA	NA
NC_045512.2	26678	T	A	573	280	50	1	0	26	0.00174216	574	0.98466	FALSE	NA	NA	NA	NA	NA	NA
NC_045512.2	26690	G	C	614	308	49	1	1	27	0.00162602	615	0.992364	FALSE	NA	NA	NA	NA	NA	NA
NC_045512.2	26693	A	T	560	334	45	1	0	26	0.00178253	561	0.984666	FALSE	NA	NA	NA	NA	NA	NA
NC_045512.2	26696	G	T	614	315	50	1	1	24	0.00162602	615	0.992364	FALSE	NA	NA	NA	NA	NA	NA
NC_045512.2	26709	G	A	1	1	34	573	305	47	0.998258	574	0	TRUE	NA	NA	NA	NA	NA	NA
NC_045512.2	26716	T	G	625	308	50	1	1	27	0.00159744	626	0.992361	FALSE	NA	NA	NA	NA	NA	NA
NC_045512.2	26721	C	A	606	306	49	1	1	20	0.00164745	607	0.992367	FALSE	NA	NA	NA	NA	NA	NA
NC_045512.2	26725	C	A	595	301	49	1	0	27	0.00167785	596	0.984649	FALSE	NA	NA	NA	NA	NA	NA
NC_045512.2	26728	C	A	612	302	49	1	0	34	0.00163132	613	0.500408	FALSE	NA	NA	NA	NA	NA	NA
NC_045512.2	26735	C	A	609	300	50	1	1	26	0.00163934	610	0.992366	FALSE	NA	NA	NA	NA	NA	NA
NC_045512.2	26743	A	T	576	291	48	1	1	34	0.0017331	577	0.500434	FALSE	NA	NA	NA	NA	NA	NA
NC_045512.2	26745	T	G	594	288	49	1	1	26	0.00167785	596	0.984572	FALSE	NA	NA	NA	NA	NA	NA
NC_045512.2	26745	T	C	594	288	49	1	1	24	0.00167785	596	0.984572	FALSE	NA	NA	NA	NA	NA	NA
NC_045512.2	26747	G	T	574	278	49	1	1	26	0.00173913	575	0.984659	FALSE	NA	NA	NA	NA	NA	NA
NC_045512.2	26748	A	T	589	288	49	1	1	27	0.00169492	590	0.984652	FALSE	NA	NA	NA	NA	NA	NA
NC_045512.2	26759	A	G	597	313	49	1	1	68	0.00167224	598	0.500418	FALSE	NA	NA	NA	NA	NA	NA
NC_045512.2	26762	T	C	586	322	51	2	1	51	0.00340136	588	0.250213	FALSE	NA	NA	NA	NA	NA	NA
NC_045512.2	26765	T	A	551	290	51	1	1	27	0.00181159	552	0.984671	FALSE	NA	NA	NA	NA	NA	NA
NC_045512.2	26767	T	G	592	334	51	1	1	27	0.00168634	593	0.984651	FALSE	NA	NA	NA	NA	NA	NA
NC_045512.2	26773	T	G	594	333	52	1	1	26	0.00168067	595	0.98465	FALSE	NA	NA	NA	NA	NA	NA
NC_045512.2	26775	G	T	640	349	51	1	1	34	0.00156006	641	0.50039	FALSE	NA	NA	NA	NA	NA	NA
NC_045512.2	26787	G	C	632	321	53	1	1	27	0.00157978	633	0.992359	FALSE	NA	NA	NA	NA	NA	NA
NC_045512.2	26790	T	G	573	263	50	1	1	34	0.00174216	574	0.500436	FALSE	NA	NA	NA	NA	NA	NA
NC_045512.2	26793	A	T	622	307	53	1	0	34	0.00160514	623	0.500402	FALSE	NA	NA	NA	NA	NA	NA
NC_045512.2	26800	T	C	606	303	52	1	1	60	0.00164745	607	0.500412	FALSE	NA	NA	NA	NA	NA	NA
NC_045512.2	26805	T	-A	1594	503	48	2	0	20	0.00125471	1594	0.999869	FALSE	NA	NA	NA	NA	NA	NA
NC_045512.2	26807	C	G	2344	679	46	1	1	27	0.000426439	2345	1	FALSE	NA	NA	NA	NA	NA	NA
NC_045512.2	26809	T	A	2612	742	47	1	1	27	0.000382702	2613	1	FALSE	NA	NA	NA	NA	NA	NA
NC_045512.2	26811	A	G	2634	746	47	1	0	34	0.000379507	2635	0.875142	FALSE	NA	NA	NA	NA	NA	NA
NC_045512.2	26813	T	C	2626	754	48	1	0	34	0.000380662	2627	0.875143	FALSE	NA	NA	NA	NA	NA	NA
NC_045512.2	26814	G	T	3103	828	47	1	1	20	0.000322165	3104	1	FALSE	NA	NA	NA	NA	NA	NA
NC_045512.2	26818	C	T	4441	1160	48	1	0	46	0.000225124	4442	0.500056	FALSE	NA	NA	NA	NA	NA	NA
NC_045512.2	26824	G	T	4835	1258	48	1	1	20	0.00020674	4837	1	FALSE	NA	NA	NA	NA	NA	NA
NC_045512.2	26824	G	C	4835	1258	48	1	1	46	0.00020674	4837	0.5	FALSE	NA	NA	NA	NA	NA	NA
NC_045512.2	26824	G	-A	4835	1258	48	1	0	20	0.00020674	4837	1	FALSE	NA	NA	NA	NA	NA	NA
NC_045512.2	26826	C	G	5371	1454	49	1	1	27	0.00018615	5372	1	FALSE	NA	NA	NA	NA	NA	NA
NC_045512.2	26827	T	G	5330	1473	49	2	0	34	0.000375023	5333	0.937562	FALSE	NA	NA	NA	NA	NA	NA
NC_045512.2	26827	T	C	5330	1473	49	1	0	68	0.000187512	5333	0.499953	FALSE	NA	NA	NA	NA	NA	NA
NC_045512.2	26828	G	T	6331	1660	48	1	1	27	0.000157928	6332	1	FALSE	NA	NA	NA	NA	NA	NA
NC_045512.2	26829	T	A	6232	1547	44	1	0	27	0.000160436	6233	1	FALSE	NA	NA	NA	NA	NA	NA
NC_045512.2	26830	T	A	6369	1705	49	1	0	34	0.000156986	6370	0.992205	FALSE	NA	NA	NA	NA	NA	NA
NC_045512.2	26831	T	G	6366	1688	48	2	2	23	0.00031407	6368	1	FALSE	NA	NA	NA	NA	NA	NA
NC_045512.2	26833	C	T	6376	1719	49	2	2	53	0.000313578	6378	0.25002	FALSE	NA	NA	NA	NA	NA	NA
NC_045512.2	26834	G	A	6429	1710	49	4	1	59	0.000621794	6433	0.0624903	FALSE	NA	NA	NA	NA	NA	NA
NC_045512.2	26835	C	G	6396	1708	49	1	0	46	0.000156323	6397	0.500039	FALSE	NA	NA	NA	NA	NA	NA
NC_045512.2	26841	C	G	6391	1704	49	1	1	27	0.000156446	6392	1	FALSE	NA	NA	NA	NA	NA	NA
NC_045512.2	26844	T	C	6434	1845	50	2	0	51	0.000310752	6436	0.250019	FALSE	NA	NA	NA	NA	NA	NA
NC_045512.2	26845	C	A	6367	1845	50	1	1	27	0.000157035	6368	1	FALSE	NA	NA	NA	NA	NA	NA
NC_045512.2	26846	C	G	6389	1856	50	1	1	27	0.000156495	6390	1	FALSE	NA	NA	NA	NA	NA	NA
NC_045512.2	26847	A	G	6411	1858	50	1	1	68	0.000155958	6412	0.500039	FALSE	NA	NA	NA	NA	NA	NA
NC_045512.2	26849	G	A	6409	1871	51	1	0	24	0.000156006	6410	1	FALSE	NA	NA	NA	NA	NA	NA
NC_045512.2	26850	T	C	6389	1855	50	1	1	34	0.000156495	6390	0.992205	FALSE	NA	NA	NA	NA	NA	NA
NC_045512.2	26851	G	A	6392	1844	50	1	0	34	0.000156421	6393	0.992205	FALSE	NA	NA	NA	NA	NA	NA
NC_045512.2	26853	T	A	6398	1864	51	1	1	27	0.000156274	6399	1	FALSE	NA	NA	NA	NA	NA	NA
NC_045512.2	26858	C	T	3324	1048	51	3052	840	50	0.47867	6376	0	TRUE	NA	NA	NA	NA	NA	NA
NC_045512.2	26861	T	C	11114	4454	48	1	0	20	8.99685e-05	11115	1	FALSE	NA	NA	NA	NA	NA	NA
NC_045512.2	26863	C	A	10961	4474	48	1	0	24	9.12242e-05	10962	1	FALSE	NA	NA	NA	NA	NA	NA
NC_045512.2	26864	A	C	11056	4513	48	2	1	26	0.000180865	11058	1	FALSE	NA	NA	NA	NA	NA	NA
NC_045512.2	26867	A	T	11443	4654	48	1	1	34	8.7382e-05	11444	0.999757	FALSE	NA	NA	NA	NA	NA	NA
NC_045512.2	26868	A	G	11050	4638	47	2	0	47	0.000180963	11052	0.500034	FALSE	NA	NA	NA	NA	NA	NA
NC_045512.2	26870	T	A	11886	4731	49	2	1	30	0.000168237	11888	0.998296	FALSE	NA	NA	NA	NA	NA	NA
NC_045512.2	26872	A	C	11529	5003	48	4	0	22	0.000346831	11533	1	FALSE	NA	NA	NA	NA	NA	NA
NC_045512.2	26873	C	A	12031	4992	49	1	0	26	8.31117e-05	12032	1	FALSE	NA	NA	NA	NA	NA	NA
NC_045512.2	26875	T	A	12049	4946	49	2	2	23	0.000165961	12051	1	FALSE	NA	NA	NA	NA	NA	NA
NC_045512.2	26877	C	G	12601	5228	50	1	1	27	7.93525e-05	12602	1	FALSE	NA	NA	NA	NA	NA	NA
NC_045512.2	26878	T	C	12679	5205	50	1	1	68	7.88644e-05	12680	0.50002	FALSE	NA	NA	NA	NA	NA	NA
NC_045512.2	26879	T	C	12482	5028	48	1	1	24	8.01089e-05	12483	1	FALSE	NA	NA	NA	NA	NA	NA
NC_045512.2	26880	C	G	12675	5328	50	1	1	68	7.88768e-05	12678	0.49998	FALSE	NA	NA	NA	NA	NA	NA
NC_045512.2	26880	C	A	12675	5328	50	2	1	34	0.000157754	12678	0.999087	FALSE	NA	NA	NA	NA	NA	NA
NC_045512.2	26882	C	G	12762	5376	50	2	1	30	0.000156691	12764	0.999087	FALSE	NA	NA	NA	NA	NA	NA
NC_045512.2	26884	A	G	12487	5268	47	1	1	24	8.00769e-05	12488	1	FALSE	NA	NA	NA	NA	NA	NA
NC_045512.2	26885	C	T	12836	5395	50	1	0	34	7.78877e-05	12839	0.999878	FALSE	NA	NA	NA	NA	NA	NA
NC_045512.2	26885	C	A	12836	5395	50	2	1	51	0.000155775	12839	0.24999	FALSE	NA	NA	NA	NA	NA	NA
NC_045512.2	26887	T	G	13538	5594	50	1	1	27	7.38389e-05	13543	1	FALSE	NA	NA	NA	NA	NA	NA
NC_045512.2	26887	T	C	13538	5594	50	2	1	46	0.000147678	13543	0.499945	FALSE	NA	NA	NA	NA	NA	NA
NC_045512.2	26887	T	A	13538	5594	50	2	2	30	0.000147678	13543	0.999513	FALSE	NA	NA	NA	NA	NA	NA
NC_045512.2	26888	G	A	13320	5378	50	1	0	34	7.50694e-05	13321	0.999939	FALSE	NA	NA	NA	NA	NA	NA
NC_045512.2	26889	C	T	13480	5627	51	2	1	34	0.000148335	13483	0.999513	FALSE	NA	NA	NA	NA	NA	NA
NC_045512.2	26889	C	A	13480	5627	51	1	0	34	7.41675e-05	13483	0.999939	FALSE	NA	NA	NA	NA	NA	NA
NC_045512.2	26890	C	G	13470	5658	51	2	1	27	0.000148445	13473	1	FALSE	NA	NA	NA	NA	NA	NA
NC_045512.2	26890	C	A	13470	5658	51	1	1	27	7.42225e-05	13473	1	FALSE	NA	NA	NA	NA	NA	NA
NC_045512.2	26891	A	C	13458	5626	50	1	0	26	7.42997e-05	13459	1	FALSE	NA	NA	NA	NA	NA	NA
NC_045512.2	26893	T	G	14119	5828	51	1	1	20	7.08165e-05	14121	1	FALSE	NA	NA	NA	NA	NA	NA
NC_045512.2	26893	T	C	14119	5828	51	1	0	60	7.08165e-05	14121	0.5	FALSE	NA	NA	NA	NA	NA	NA
NC_045512.2	26894	C	T	14455	5887	51	1	1	68	6.91611e-05	14459	0.499965	FALSE	NA	NA	NA	NA	NA	NA
NC_045512.2	26894	C	G	14455	5887	51	2	1	30	0.000138322	14459	0.999741	FALSE	NA	NA	NA	NA	NA	NA
NC_045512.2	26894	C	A	14455	5887	51	1	0	26	6.91611e-05	14459	1	FALSE	NA	NA	NA	NA	NA	NA
NC_045512.2	26895	C	A	14476	5904	51	2	1	30	0.000138141	14478	0.999742	FALSE	NA	NA	NA	NA	NA	NA
NC_045512.2	26896	A	T	14477	5909	51	2	2	23	0.000138102	14482	1	FALSE	NA	NA	NA	NA	NA	NA
NC_045512.2	26896	A	G	14477	5909	51	2	1	51	0.000138102	14482	0.249957	FALSE	NA	NA	NA	NA	NA	NA
NC_045512.2	26896	A	C	14477	5909	51	1	0	34	6.90512e-05	14482	0.99997	FALSE	NA	NA	NA	NA	NA	NA
NC_045512.2	26897	T	C	14424	5817	50	1	1	27	6.93193e-05	14426	1	FALSE	NA	NA	NA	NA	NA	NA
NC_045512.2	26897	T	A	14424	5817	50	1	0	26	6.93193e-05	14426	1	FALSE	NA	NA	NA	NA	NA	NA
NC_045512.2	26898	G	C	14478	5906	51	1	1	26	6.90608e-05	14480	1	FALSE	NA	NA	NA	NA	NA	NA
NC_045512.2	26898	G	A	14478	5906	51	1	0	26	6.90608e-05	14480	1	FALSE	NA	NA	NA	NA	NA	NA
NC_045512.2	26899	G	T	15870	6171	50	1	0	26	6.29961e-05	15874	1	FALSE	NA	NA	NA	NA	NA	NA
NC_045512.2	26899	G	A	15870	6171	50	3	2	68	0.000188988	15874	0.124988	FALSE	NA	NA	NA	NA	NA	NA
NC_045512.2	26900	C	G	15773	6280	51	2	0	47	0.000126783	15775	0.500024	FALSE	NA	NA	NA	NA	NA	NA
NC_045512.2	26901	A	C	15585	6264	49	2	0	26	0.000128312	15587	1	FALSE	NA	NA	NA	NA	NA	NA
NC_045512.2	26902	C	G	16063	6314	51	2	2	30	0.000124486	16066	0.999928	FALSE	NA	NA	NA	NA	NA	NA
NC_045512.2	26902	C	A	16063	6314	51	1	1	27	6.22432e-05	16066	1	FALSE	NA	NA	NA	NA	NA	NA
NC_045512.2	26903	T	G	16048	6253	50	1	0	68	6.23014e-05	16051	0.499984	FALSE	NA	NA	NA	NA	NA	NA
NC_045512.2	26903	T	C	16048	6253	50	1	0	34	6.23014e-05	16051	0.999992	FALSE	NA	NA	NA	NA	NA	NA
NC_045512.2	26903	T	A	16048	6253	50	1	1	27	6.23014e-05	16051	1	FALSE	NA	NA	NA	NA	NA	NA
NC_045512.2	26904	A	T	17941	6822	50	2	0	44	0.000111464	17943	0.500021	FALSE	NA	NA	NA	NA	NA	NA
NC_045512.2	26905	T	C	18206	6833	50	1	0	34	5.49209e-05	18208	0.999998	FALSE	NA	NA	NA	NA	NA	NA
NC_045512.2	26905	T	A	18206	6833	50	1	1	20	5.49209e-05	18208	1	FALSE	NA	NA	NA	NA	NA	NA
NC_045512.2	26907	C	T	18069	6907	50	1	0	34	5.5325e-05	18075	0.999998	FALSE	NA	NA	NA	NA	NA	NA
NC_045512.2	26907	C	G	18069	6907	50	1	0	34	5.5325e-05	18075	0.999998	FALSE	NA	NA	NA	NA	NA	NA
NC_045512.2	26907	C	A	18069	6907	50	4	0	26	0.0002213	18075	1	FALSE	NA	NA	NA	NA	NA	NA
NC_045512.2	26908	T	G	18208	6842	50	1	0	34	5.49119e-05	18211	0.999998	FALSE	NA	NA	NA	NA	NA	NA
NC_045512.2	26908	T	C	18208	6842	50	1	0	68	5.49119e-05	18211	0.499986	FALSE	NA	NA	NA	NA	NA	NA
NC_045512.2	26908	T	A	18208	6842	50	1	0	34	5.49119e-05	18211	0.999998	FALSE	NA	NA	NA	NA	NA	NA
NC_045512.2	26909	G	A	18513	6941	51	1	0	68	5.40132e-05	18514	0.500014	FALSE	NA	NA	NA	NA	NA	NA
NC_045512.2	26910	A	T	18500	6984	50	2	2	23	0.000108091	18503	1	FALSE	NA	NA	NA	NA	NA	NA
NC_045512.2	26910	A	G	18500	6984	50	1	0	34	5.40453e-05	18503	0.999998	FALSE	NA	NA	NA	NA	NA	NA
NC_045512.2	26911	C	A	18502	6977	50	2	0	30	0.000108085	18504	0.99998	FALSE	NA	NA	NA	NA	NA	NA
NC_045512.2	26912	C	T	18409	6973	50	1	1	68	5.43154e-05	18411	0.5	FALSE	NA	NA	NA	NA	NA	NA
NC_045512.2	26912	C	A	18409	6973	50	1	0	34	5.43154e-05	18411	0.999998	FALSE	NA	NA	NA	NA	NA	NA
NC_045512.2	26914	G	C	18575	6987	50	1	0	26	5.38329e-05	18576	1	FALSE	NA	NA	NA	NA	NA	NA
NC_045512.2	26916	C	T	18593	6991	50	1	0	34	5.37779e-05	18595	0.999998	FALSE	NA	NA	NA	NA	NA	NA
NC_045512.2	26916	C	A	18593	6991	50	1	0	26	5.37779e-05	18595	1	FALSE	NA	NA	NA	NA	NA	NA
NC_045512.2	26917	C	T	18391	7030	50	1	1	68	5.43685e-05	18393	0.5	FALSE	NA	NA	NA	NA	NA	NA
NC_045512.2	26917	C	G	18391	7030	50	1	0	26	5.43685e-05	18393	1	FALSE	NA	NA	NA	NA	NA	NA
NC_045512.2	26918	G	T	18343	6904	50	2	2	27	0.00010898	18352	1	FALSE	NA	NA	NA	NA	NA	NA
NC_045512.2	26918	G	C	18343	6904	50	3	2	26	0.00016347	18352	1	FALSE	NA	NA	NA	NA	NA	NA
NC_045512.2	26918	G	A	18343	6904	50	4	1	39	0.00021796	18352	0.999573	FALSE	NA	NA	NA	NA	NA	NA
NC_045512.2	26919	C	T	18902	6994	50	1	0	34	5.28961e-05	18905	0.999998	FALSE	NA	NA	NA	NA	NA	NA
NC_045512.2	26919	C	A	18902	6994	50	2	1	27	0.000105792	18905	1	FALSE	NA	NA	NA	NA	NA	NA
NC_045512.2	26920	T	G	18852	7057	50	6	0	28	0.000318167	18858	1	FALSE	NA	NA	NA	NA	NA	NA
NC_045512.2	26921	T	A	18953	7010	49	1	0	26	5.27593e-05	18954	1	FALSE	NA	NA	NA	NA	NA	NA
NC_045512.2	26922	C	G	19085	7140	51	1	1	34	5.23917e-05	19087	0.999999	FALSE	NA	NA	NA	NA	NA	NA
NC_045512.2	26922	C	A	19085	7140	51	1	0	34	5.23917e-05	19087	0.999999	FALSE	NA	NA	NA	NA	NA	NA
NC_045512.2	26923	T	C	19116	7117	51	1	0	68	5.23095e-05	19117	0.500013	FALSE	NA	NA	NA	NA	NA	NA
NC_045512.2	26926	A	T	18200	7190	48	4	1	26	0.000219732	18204	1	FALSE	NA	NA	NA	NA	NA	NA
NC_045512.2	26927	A	C	19124	7317	51	1	0	20	5.22876e-05	19125	1	FALSE	NA	NA	NA	NA	NA	NA
NC_045512.2	26928	A	G	18606	7132	51	1	0	24	5.37403e-05	18608	1	FALSE	NA	NA	NA	NA	NA	NA
NC_045512.2	26928	A	C	18606	7132	51	1	0	20	5.37403e-05	18608	1	FALSE	NA	NA	NA	NA	NA	NA
NC_045512.2	26929	G	T	18770	7167	51	2	0	30	0.000106536	18773	0.99998	FALSE	NA	NA	NA	NA	NA	NA
NC_045512.2	26929	G	A	18770	7167	51	1	0	68	5.3268e-05	18773	0.499987	FALSE	NA	NA	NA	NA	NA	NA
NC_045512.2	26930	T	G	18561	7012	50	3	2	25	0.000161586	18566	1	FALSE	NA	NA	NA	NA	NA	NA
NC_045512.2	26930	T	C	18561	7012	50	2	2	47	0.000107724	18566	0.49996	FALSE	NA	NA	NA	NA	NA	NA
NC_045512.2	26931	G	T	18684	7086	51	1	1	27	5.35189e-05	18685	1	FALSE	NA	NA	NA	NA	NA	NA
NC_045512.2	26932	A	T	18686	7139	51	1	0	26	5.35131e-05	18687	1	FALSE	NA	NA	NA	NA	NA	NA
NC_045512.2	26933	A	G	18074	7142	49	5	0	32	0.000276411	18089	0.998699	FALSE	NA	NA	NA	NA	NA	NA
NC_045512.2	26933	A	C	18074	7142	49	10	0	27	0.000552822	18089	1	FALSE	NA	NA	NA	NA	NA	NA
NC_045512.2	26934	C	T	18888	7214	50	1	1	27	5.29325e-05	18892	1	FALSE	NA	NA	NA	NA	NA	NA
NC_045512.2	26934	C	G	18888	7214	50	1	0	27	5.29325e-05	18892	1	FALSE	NA	NA	NA	NA	NA	NA
NC_045512.2	26934	C	A	18888	7214	50	2	0	26	0.000105865	18892	1	FALSE	NA	NA	NA	NA	NA	NA
NC_045512.2	26935	T	G	18923	7322	51	1	1	27	5.28318e-05	18928	1	FALSE	NA	NA	NA	NA	NA	NA
NC_045512.2	26935	T	C	18923	7322	51	1	1	46	5.28318e-05	18928	0.749967	FALSE	NA	NA	NA	NA	NA	NA
NC_045512.2	26935	T	A	18923	7322	51	3	1	24	0.000158495	18928	1	FALSE	NA	NA	NA	NA	NA	NA
NC_045512.2	26936	C	T	19028	7406	51	1	0	68	5.25486e-05	19030	0.5	FALSE	NA	NA	NA	NA	NA	NA
NC_045512.2	26936	C	A	19028	7406	51	1	0	34	5.25486e-05	19030	0.999999	FALSE	NA	NA	NA	NA	NA	NA
NC_045512.2	26937	G	C	19029	7420	51	1	0	34	5.25431e-05	19032	0.999999	FALSE	NA	NA	NA	NA	NA	NA
NC_045512.2	26937	G	A	19029	7420	51	2	1	43	0.000105086	19032	0.5	FALSE	NA	NA	NA	NA	NA	NA
NC_045512.2	26938	T	A	19030	7693	52	1	0	24	5.25458e-05	19031	1	FALSE	NA	NA	NA	NA	NA	NA
NC_045512.2	26939	A	T	19089	7744	52	3	3	27	0.000157126	19093	1	FALSE	NA	NA	NA	NA	NA	NA
NC_045512.2	26939	A	G	19089	7744	52	1	0	27	5.23752e-05	19093	1	FALSE	NA	NA	NA	NA	NA	NA
NC_045512.2	26940	A	T	19126	7713	52	1	1	34	5.22766e-05	19129	0.999999	FALSE	NA	NA	NA	NA	NA	NA
NC_045512.2	26940	A	C	19126	7713	52	2	2	27	0.000104553	19129	1	FALSE	NA	NA	NA	NA	NA	NA
NC_045512.2	26941	T	G	19081	7658	51	1	1	27	5.24027e-05	19083	1	FALSE	NA	NA	NA	NA	NA	NA
NC_045512.2	26941	T	A	19081	7658	51	1	0	26	5.24027e-05	19083	1	FALSE	NA	NA	NA	NA	NA	NA
NC_045512.2	26942	C	A	19052	7820	52	4	0	40	0.000209908	19056	0.1875	FALSE	NA	NA	NA	NA	NA	NA
NC_045512.2	26943	G	A	18914	7680	52	2	0	51	0.000105731	18916	0.250007	FALSE	NA	NA	NA	NA	NA	NA
NC_045512.2	26944	G	T	19049	7711	51	1	0	34	5.24797e-05	19055	0.999999	FALSE	NA	NA	NA	NA	NA	NA
NC_045512.2	26944	G	C	19049	7711	51	5	0	29	0.000262398	19055	1	FALSE	NA	NA	NA	NA	NA	NA
NC_045512.2	26945	A	T	19120	7769	52	2	0	26	0.000104581	19124	1	FALSE	NA	NA	NA	NA	NA	NA
NC_045512.2	26945	A	G	19120	7769	52	2	1	46	0.000104581	19124	0.49998	FALSE	NA	NA	NA	NA	NA	NA
NC_045512.2	26946	G	T	19367	7759	52	2	1	30	0.000103231	19374	0.99999	FALSE	NA	NA	NA	NA	NA	NA
NC_045512.2	26946	G	C	19367	7759	52	5	4	28	0.000258078	19374	1	FALSE	NA	NA	NA	NA	NA	NA
NC_045512.2	26947	C	G	19603	7886	51	3	1	26	0.000152999	19608	1	FALSE	NA	NA	NA	NA	NA	NA
NC_045512.2	26947	C	A	19603	7886	51	2	0	30	0.000101999	19608	0.99999	FALSE	NA	NA	NA	NA	NA	NA
NC_045512.2	26948	T	G	19717	7897	52	1	0	27	5.07125e-05	19719	1	FALSE	NA	NA	NA	NA	NA	NA
NC_045512.2	26948	T	A	19717	7897	52	1	0	27	5.07125e-05	19719	1	FALSE	NA	NA	NA	NA	NA	NA
NC_045512.2	26949	G	T	19909	7939	52	1	0	20	5.02109e-05	19916	1	FALSE	NA	NA	NA	NA	NA	NA
NC_045512.2	26949	G	C	19909	7939	52	6	2	26	0.000301265	19916	1	FALSE	NA	NA	NA	NA	NA	NA
NC_045512.2	26950	T	G	19948	7991	52	1	1	27	5.01228e-05	19951	1	FALSE	NA	NA	NA	NA	NA	NA
NC_045512.2	26950	T	C	19948	7991	52	1	1	68	5.01228e-05	19951	0.499987	FALSE	NA	NA	NA	NA	NA	NA
NC_045512.2	26950	T	A	19948	7991	52	1	0	26	5.01228e-05	19951	1	FALSE	NA	NA	NA	NA	NA	NA
NC_045512.2	26951	G	C	19998	8024	52	1	0	34	5.00025e-05	19999	0.999999	FALSE	NA	NA	NA	NA	NA	NA
NC_045512.2	26951	G	-ATCC	19998	8024	52	1	0	20	5.00025e-05	19999	1	FALSE	NA	NA	NA	NA	NA	NA
NC_045512.2	26952	A	G	19799	8200	51	3	0	29	0.0001515	19802	1	FALSE	NA	NA	NA	NA	NA	NA
NC_045512.2	26953	T	C	19751	8147	52	2	1	29	0.00010125	19753	1	FALSE	NA	NA	NA	NA	NA	NA
NC_045512.2	26954	C	A	19539	8150	51	2	0	20	0.000102349	19541	1	FALSE	NA	NA	NA	NA	NA	NA
NC_045512.2	26955	C	G	19385	8310	51	7	3	26	0.000360936	19394	1	FALSE	NA	NA	NA	NA	NA	NA
NC_045512.2	26955	C	A	19385	8310	51	2	0	30	0.000103125	19394	0.99999	FALSE	NA	NA	NA	NA	NA	NA
NC_045512.2	26956	T	G	19584	8126	50	4	4	24	0.000204165	19592	1	FALSE	NA	NA	NA	NA	NA	NA
NC_045512.2	26956	T	C	19584	8126	50	1	1	68	5.10412e-05	19592	0.499923	FALSE	NA	NA	NA	NA	NA	NA
NC_045512.2	26956	T	A	19584	8126	50	3	0	45	0.000153124	19592	0.312414	FALSE	NA	NA	NA	NA	NA	NA
NC_045512.2	26957	T	A	19580	8304	51	1	0	27	5.10699e-05	19581	1	FALSE	NA	NA	NA	NA	NA	NA
NC_045512.2	26959	G	T	19591	8310	50	1	0	26	5.10334e-05	19595	1	FALSE	NA	NA	NA	NA	NA	NA
NC_045512.2	26959	G	C	19591	8310	50	1	0	26	5.10334e-05	19595	1	FALSE	NA	NA	NA	NA	NA	NA
NC_045512.2	26959	G	A	19591	8310	50	2	0	30	0.000102067	19595	0.99999	FALSE	NA	NA	NA	NA	NA	NA
NC_045512.2	26960	T	G	19216	8011	48	2	2	27	0.000104064	19219	1	FALSE	NA	NA	NA	NA	NA	NA
NC_045512.2	26960	T	A	19216	8011	48	1	0	20	5.20318e-05	19219	1	FALSE	NA	NA	NA	NA	NA	NA
NC_045512.2	26961	G	T	19613	8374	50	4	1	30	0.000203884	19619	0.999757	FALSE	NA	NA	NA	NA	NA	NA
NC_045512.2	26961	G	C	19613	8374	50	1	1	27	5.0971e-05	19619	1	FALSE	NA	NA	NA	NA	NA	NA
NC_045512.2	26961	G	A	19613	8374	50	1	0	34	5.0971e-05	19619	0.999999	FALSE	NA	NA	NA	NA	NA	NA
NC_045512.2	26962	G	C	19638	8512	51	1	1	27	5.09191e-05	19639	1	FALSE	NA	NA	NA	NA	NA	NA
NC_045512.2	26963	A	G	19586	8609	51	6	2	39	0.000306247	19592	0.997968	FALSE	NA	NA	NA	NA	NA	NA
NC_045512.2	26964	C	T	19615	8764	51	1	0	34	5.09788e-05	19616	0.999999	FALSE	NA	NA	NA	NA	NA	NA
NC_045512.2	26965	A	T	19013	8616	50	1	0	27	5.25845e-05	19017	1	FALSE	NA	NA	NA	NA	NA	NA
NC_045512.2	26965	A	G	19013	8616	50	1	0	68	5.25845e-05	19017	0.499974	FALSE	NA	NA	NA	NA	NA	NA
NC_045512.2	26965	A	C	19013	8616	50	2	0	34	0.000105169	19017	0.99999	FALSE	NA	NA	NA	NA	NA	NA
NC_045512.2	26966	T	C	19560	8661	50	2	2	51	0.000102234	19563	0.249994	FALSE	NA	NA	NA	NA	NA	NA
NC_045512.2	26966	T	A	19560	8661	50	1	0	34	5.11169e-05	19563	0.999999	FALSE	NA	NA	NA	NA	NA	NA
NC_045512.2	26967	C	G	19526	8985	50	2	1	23	0.000102417	19528	1	FALSE	NA	NA	NA	NA	NA	NA
NC_045512.2	26968	T	G	19103	8512	48	3	3	29	0.000156994	19109	1	FALSE	NA	NA	NA	NA	NA	NA
NC_045512.2	26968	T	C	19103	8512	48	2	1	34	0.000104663	19109	0.99999	FALSE	NA	NA	NA	NA	NA	NA
NC_045512.2	26968	T	A	19103	8512	48	1	1	68	5.23314e-05	19109	0.499948	FALSE	NA	NA	NA	NA	NA	NA
NC_045512.2	26969	T	C	19578	9022	50	4	3	45	0.000204259	19583	0.187484	FALSE	NA	NA	NA	NA	NA	NA
NC_045512.2	26969	T	A	19578	9022	50	1	0	26	5.10647e-05	19583	1	FALSE	NA	NA	NA	NA	NA	NA
NC_045512.2	26970	C	T	19467	8954	50	1	0	46	5.13637e-05	19469	0.750006	FALSE	NA	NA	NA	NA	NA	NA
NC_045512.2	26970	C	A	19467	8954	50	1	1	46	5.13637e-05	19469	0.750006	FALSE	NA	NA	NA	NA	NA	NA
NC_045512.2	26971	G	A	19582	8963	50	1	0	34	5.10647e-05	19583	0.999999	FALSE	NA	NA	NA	NA	NA	NA
NC_045512.2	26972	T	C	19451	8932	49	4	2	40	0.00020556	19459	0.187436	FALSE	NA	NA	NA	NA	NA	NA
NC_045512.2	26972	T	A	19451	8932	49	4	0	32	0.00020556	19459	0.999756	FALSE	NA	NA	NA	NA	NA	NA
NC_045512.2	26973	A	G	19313	8998	50	1	0	60	5.17706e-05	19316	0.499987	FALSE	NA	NA	NA	NA	NA	NA
NC_045512.2	26973	A	C	19313	8998	50	2	0	26	0.000103541	19316	1	FALSE	NA	NA	NA	NA	NA	NA
NC_045512.2	26974	T	G	19823	9307	51	3	1	27	0.000151301	19828	1	FALSE	NA	NA	NA	NA	NA	NA
NC_045512.2	26974	T	C	19823	9307	51	2	2	47	0.000100867	19828	0.499962	FALSE	NA	NA	NA	NA	NA	NA
NC_045512.2	26975	T	A	19254	9072	51	1	1	68	5.19346e-05	19255	0.500013	FALSE	NA	NA	NA	NA	NA	NA
NC_045512.2	26976	G	C	19765	9157	50	1	0	27	5.05868e-05	19768	1	FALSE	NA	NA	NA	NA	NA	NA
NC_045512.2	26976	G	A	19765	9157	50	2	1	34	0.000101174	19768	0.99999	FALSE	NA	NA	NA	NA	NA	NA
NC_045512.2	26977	C	T	19485	9574	50	3	1	45	0.000153894	19494	0.312394	FALSE	NA	NA	NA	NA	NA	NA
NC_045512.2	26977	C	G	19485	9574	50	2	1	26	0.000102596	19494	1	FALSE	NA	NA	NA	NA	NA	NA
NC_045512.2	26977	C	A	19485	9574	50	4	1	30	0.000205191	19494	0.999756	FALSE	NA	NA	NA	NA	NA	NA
NC_045512.2	26978	T	G	19425	9231	49	2	2	27	0.000102934	19430	1	FALSE	NA	NA	NA	NA	NA	NA
NC_045512.2	26978	T	C	19425	9231	49	2	2	51	0.000102934	19430	0.249968	FALSE	NA	NA	NA	NA	NA	NA
NC_045512.2	26978	T	A	19425	9231	49	1	0	27	5.14668e-05	19430	1	FALSE	NA	NA	NA	NA	NA	NA
NC_045512.2	26979	G	C	19555	9344	49	1	0	34	5.11326e-05	19557	0.999999	FALSE	NA	NA	NA	NA	NA	NA
NC_045512.2	26979	G	A	19555	9344	49	1	1	68	5.11326e-05	19557	0.5	FALSE	NA	NA	NA	NA	NA	NA
NC_045512.2	26980	G	T	19363	9420	50	1	0	26	5.16369e-05	19366	1	FALSE	NA	NA	NA	NA	NA	NA
NC_045512.2	26980	G	A	19363	9420	50	2	1	34	0.000103274	19366	0.99999	FALSE	NA	NA	NA	NA	NA	NA
NC_045512.2	26981	A	T	19739	9555	50	2	2	30	0.000101307	19742	0.99999	FALSE	NA	NA	NA	NA	NA	NA
NC_045512.2	26981	A	G	19739	9555	50	1	0	34	5.06534e-05	19742	0.999999	FALSE	NA	NA	NA	NA	NA	NA
NC_045512.2	26982	C	T	19717	9595	50	4	3	40	0.000202829	19721	0.1875	FALSE	NA	NA	NA	NA	NA	NA
NC_045512.2	26984	C	T	19906	9474	50	3	3	42	0.00015067	19911	0.312472	FALSE	NA	NA	NA	NA	NA	NA
NC_045512.2	26984	C	G	19906	9474	50	1	0	27	5.02235e-05	19911	1	FALSE	NA	NA	NA	NA	NA	NA
NC_045512.2	26984	C	A	19906	9474	50	1	0	24	5.02235e-05	19911	1	FALSE	NA	NA	NA	NA	NA	NA
NC_045512.2	26985	C	T	19227	9129	51	1	1	68	5.19967e-05	19232	0.499961	FALSE	NA	NA	NA	NA	NA	NA
NC_045512.2	26985	C	G	19227	9129	51	2	1	26	0.000103993	19232	1	FALSE	NA	NA	NA	NA	NA	NA
NC_045512.2	26985	C	A	19227	9129	51	2	0	30	0.000103993	19232	0.99999	FALSE	NA	NA	NA	NA	NA	NA
NC_045512.2	26985	C	-A	19227	9129	51	1	0	20	5.19967e-05	19232	1	FALSE	NA	NA	NA	NA	NA	NA
NC_045512.2	26986	A	G	21694	9625	50	2	1	46	9.21744e-05	21698	0.687491	FALSE	NA	NA	NA	NA	NA	NA
NC_045512.2	26986	A	C	21694	9625	50	2	1	25	9.21744e-05	21698	1	FALSE	NA	NA	NA	NA	NA	NA
NC_045512.2	26987	T	C	21409	9331	48	3	3	56	0.000140082	21416	0.124965	FALSE	NA	NA	NA	NA	NA	NA
NC_045512.2	26987	T	A	21409	9331	48	4	2	29	0.000186776	21416	1	FALSE	NA	NA	NA	NA	NA	NA
NC_045512.2	26988	C	T	21683	9690	51	1	0	34	4.61106e-05	21687	1	FALSE	NA	NA	NA	NA	NA	NA
NC_045512.2	26988	C	G	21683	9690	51	1	0	27	4.61106e-05	21687	1	FALSE	NA	NA	NA	NA	NA	NA
NC_045512.2	26988	C	A	21683	9690	51	2	0	30	9.22211e-05	21687	0.999997	FALSE	NA	NA	NA	NA	NA	NA
NC_045512.2	26989	T	C	21758	9714	51	1	0	68	4.59559e-05	21760	0.5	FALSE	NA	NA	NA	NA	NA	NA
NC_045512.2	26989	T	A	21758	9714	51	1	0	26	4.59559e-05	21760	1	FALSE	NA	NA	NA	NA	NA	NA
NC_045512.2	26990	A	T	21116	9659	49	2	2	30	9.4688e-05	21122	0.999997	FALSE	NA	NA	NA	NA	NA	NA
NC_045512.2	26990	A	G	21116	9659	49	1	0	68	4.7344e-05	21122	0.499953	FALSE	NA	NA	NA	NA	NA	NA
NC_045512.2	26990	A	C	21116	9659	49	3	0	26	0.000142032	21122	1	FALSE	NA	NA	NA	NA	NA	NA
NC_045512.2	26991	G	T	21494	9546	51	2	1	30	9.30103e-05	21503	0.999997	FALSE	NA	NA	NA	NA	NA	NA
NC_045512.2	26991	G	A	21494	9546	51	7	2	34	0.000325536	21503	0.998145	FALSE	NA	NA	NA	NA	NA	NA
NC_045512.2	26992	G	C	21081	9710	50	2	0	27	9.48587e-05	21084	1	FALSE	NA	NA	NA	NA	NA	NA
NC_045512.2	26992	G	A	21081	9710	50	1	1	34	4.74293e-05	21084	1	FALSE	NA	NA	NA	NA	NA	NA
NC_045512.2	26993	A	T	20790	9272	51	1	0	34	4.80908e-05	20794	1	FALSE	NA	NA	NA	NA	NA	NA
NC_045512.2	26993	A	G	20790	9272	51	1	1	68	4.80908e-05	20794	0.499976	FALSE	NA	NA	NA	NA	NA	NA
NC_045512.2	26993	A	C	20790	9272	51	2	2	30	9.61816e-05	20794	0.999995	FALSE	NA	NA	NA	NA	NA	NA
NC_045512.2	26994	C	T	20564	9262	51	3	0	38	0.000145851	20569	0.999967	FALSE	NA	NA	NA	NA	NA	NA
NC_045512.2	26994	C	A	20564	9262	51	2	1	51	9.72337e-05	20569	0.24997	FALSE	NA	NA	NA	NA	NA	NA
NC_045512.2	26995	G	T	18211	7521	52	3	3	34	0.000164672	18218	0.99989	FALSE	NA	NA	NA	NA	NA	NA
NC_045512.2	26995	G	C	18211	7521	52	2	2	27	0.000109782	18218	1	FALSE	NA	NA	NA	NA	NA	NA
NC_045512.2	26995	G	A	18211	7521	52	2	0	51	0.000109782	18218	0.249938	FALSE	NA	NA	NA	NA	NA	NA
NC_045512.2	26996	C	T	18620	7945	53	1	0	34	5.3697e-05	18623	0.999998	FALSE	NA	NA	NA	NA	NA	NA
NC_045512.2	26996	C	G	18620	7945	53	1	0	34	5.3697e-05	18623	0.999998	FALSE	NA	NA	NA	NA	NA	NA
NC_045512.2	26996	C	A	18620	7945	53	1	0	27	5.3697e-05	18623	1	FALSE	NA	NA	NA	NA	NA	NA
NC_045512.2	26997	T	C	18500	7847	53	7	4	49	0.000378235	18507	0.0351474	FALSE	NA	NA	NA	NA	NA	NA
NC_045512.2	26998	G	T	18485	7838	53	1	1	27	5.40921e-05	18487	1	FALSE	NA	NA	NA	NA	NA	NA
NC_045512.2	26998	G	C	18485	7838	53	1	0	26	5.40921e-05	18487	1	FALSE	NA	NA	NA	NA	NA	NA
NC_045512.2	26999	T	C	18474	7869	53	1	0	34	5.41272e-05	18475	0.999998	FALSE	NA	NA	NA	NA	NA	NA
NC_045512.2	27000	G	A	18566	7835	53	2	1	34	0.000107712	18568	0.99998	FALSE	NA	NA	NA	NA	NA	NA
NC_045512.2	27001	A	T	18623	8041	53	1	1	27	5.36913e-05	18625	1	FALSE	NA	NA	NA	NA	NA	NA
NC_045512.2	27001	A	G	18623	8041	53	1	0	68	5.36913e-05	18625	0.5	FALSE	NA	NA	NA	NA	NA	NA
NC_045512.2	27002	C	T	19101	8137	53	2	1	68	0.000104696	19103	0.250007	FALSE	NA	NA	NA	NA	NA	NA
NC_045512.2	27005	C	T	18855	8242	53	1	0	68	5.30335e-05	18856	0.500013	FALSE	NA	NA	NA	NA	NA	NA
NC_045512.2	27006	A	T	18959	8255	53	1	1	26	5.27371e-05	18962	1	FALSE	NA	NA	NA	NA	NA	NA
NC_045512.2	27006	A	G	18959	8255	53	2	0	47	0.000105474	18962	0.5	FALSE	NA	NA	NA	NA	NA	NA
NC_045512.2	27007	A	G	18170	8318	50	1	1	26	5.50176e-05	18176	1	FALSE	NA	NA	NA	NA	NA	NA
NC_045512.2	27007	A	C	18170	8318	50	5	0	28	0.000275088	18176	1	FALSE	NA	NA	NA	NA	NA	NA
NC_045512.2	27008	G	T	18860	8157	53	1	1	68	5.3011e-05	18864	0.499973	FALSE	NA	NA	NA	NA	NA	NA
NC_045512.2	27008	G	C	18860	8157	53	3	1	24	0.000159033	18864	1	FALSE	NA	NA	NA	NA	NA	NA
NC_045512.2	27009	G	C	18996	8356	53	1	0	27	5.26371e-05	18998	1	FALSE	NA	NA	NA	NA	NA	NA
NC_045512.2	27009	G	A	18996	8356	53	1	1	68	5.26371e-05	18998	0.5	FALSE	NA	NA	NA	NA	NA	NA
NC_045512.2	27010	A	G	19099	8421	54	1	1	26	5.2356e-05	19100	1	FALSE	NA	NA	NA	NA	NA	NA
NC_045512.2	27011	C	T	18458	8061	53	2	2	47	0.000108325	18463	0.499959	FALSE	NA	NA	NA	NA	NA	NA
NC_045512.2	27011	C	G	18458	8061	53	2	1	30	0.000108325	18463	0.99998	FALSE	NA	NA	NA	NA	NA	NA
NC_045512.2	27011	C	A	18458	8061	53	1	1	38	5.41624e-05	18463	0.999998	FALSE	NA	NA	NA	NA	NA	NA
NC_045512.2	27012	C	A	18190	7983	54	2	1	26	0.000109938	18192	1	FALSE	NA	NA	NA	NA	NA	NA
NC_045512.2	27013	T	C	17996	7810	54	2	0	51	0.000111111	18000	0.249979	FALSE	NA	NA	NA	NA	NA	NA
NC_045512.2	27013	T	A	17996	7810	54	2	0	30	0.000111111	18000	0.99998	FALSE	NA	NA	NA	NA	NA	NA
NC_045512.2	27014	G	T	18459	7923	53	1	1	34	5.41682e-05	18461	0.999998	FALSE	NA	NA	NA	NA	NA	NA
NC_045512.2	27014	G	C	18459	7923	53	1	0	34	5.41682e-05	18461	0.999998	FALSE	NA	NA	NA	NA	NA	NA
NC_045512.2	27015	C	G	18428	7959	53	2	2	27	0.000108519	18430	1	FALSE	NA	NA	NA	NA	NA	NA
NC_045512.2	27017	T	G	18536	8059	54	1	0	27	5.39433e-05	18538	1	FALSE	NA	NA	NA	NA	NA	NA
NC_045512.2	27017	T	C	18536	8059	54	1	0	24	5.39433e-05	18538	1	FALSE	NA	NA	NA	NA	NA	NA
NC_045512.2	27018	A	G	18419	7963	54	2	2	30	0.000108548	18425	0.99998	FALSE	NA	NA	NA	NA	NA	NA
NC_045512.2	27018	A	C	18419	7963	54	4	1	25	0.000217096	18425	1	FALSE	NA	NA	NA	NA	NA	NA
NC_045512.2	27019	A	C	18395	7968	54	1	0	27	5.43596e-05	18396	1	FALSE	NA	NA	NA	NA	NA	NA
NC_045512.2	27020	A	G	18179	8134	52	3	2	49	0.00016498	18184	0.312469	FALSE	NA	NA	NA	NA	NA	NA
NC_045512.2	27020	A	C	18179	8134	52	2	0	26	0.000109987	18184	1	FALSE	NA	NA	NA	NA	NA	NA
NC_045512.2	27021	G	T	18605	8073	53	2	1	47	0.000107486	18607	0.50002	FALSE	NA	NA	NA	NA	NA	NA
NC_045512.2	27022	A	T	18326	8107	52	2	2	51	0.000109117	18329	0.249993	FALSE	NA	NA	NA	NA	NA	NA
NC_045512.2	27022	A	C	18326	8107	52	1	1	27	5.45584e-05	18329	1	FALSE	NA	NA	NA	NA	NA	NA
NC_045512.2	27023	A	T	17999	7643	53	1	1	27	5.55525e-05	18001	1	FALSE	NA	NA	NA	NA	NA	NA
NC_045512.2	27023	A	G	17999	7643	53	1	0	68	5.55525e-05	18001	0.5	FALSE	NA	NA	NA	NA	NA	NA
NC_045512.2	27024	A	T	17973	7602	53	1	1	26	5.56359e-05	17974	1	FALSE	NA	NA	NA	NA	NA	NA
NC_045512.2	27025	T	C	18084	7831	54	1	1	34	5.52914e-05	18086	0.999998	FALSE	NA	NA	NA	NA	NA	NA
NC_045512.2	27025	T	A	18084	7831	54	1	0	27	5.52914e-05	18086	1	FALSE	NA	NA	NA	NA	NA	NA
NC_045512.2	27026	C	T	18090	8033	54	1	0	68	5.527e-05	18093	0.499986	FALSE	NA	NA	NA	NA	NA	NA
NC_045512.2	27026	C	G	18090	8033	54	1	1	26	5.527e-05	18093	1	FALSE	NA	NA	NA	NA	NA	NA
NC_045512.2	27026	C	A	18090	8033	54	1	0	34	5.527e-05	18093	0.999998	FALSE	NA	NA	NA	NA	NA	NA
NC_045512.2	27027	A	T	17877	8050	54	1	1	34	5.59315e-05	17879	0.999996	FALSE	NA	NA	NA	NA	NA	NA
NC_045512.2	27027	A	C	17877	8050	54	1	0	27	5.59315e-05	17879	1	FALSE	NA	NA	NA	NA	NA	NA
NC_045512.2	27028	C	G	18420	8307	54	3	2	29	0.00016284	18423	1	FALSE	NA	NA	NA	NA	NA	NA
NC_045512.2	27029	T	G	18215	8150	54	1	0	60	5.48847e-05	18220	0.499959	FALSE	NA	NA	NA	NA	NA	NA
NC_045512.2	27029	T	C	18215	8150	54	2	0	51	0.000109769	18220	0.249966	FALSE	NA	NA	NA	NA	NA	NA
NC_045512.2	27029	T	A	18215	8150	54	2	1	25	0.000109769	18220	1	FALSE	NA	NA	NA	NA	NA	NA
NC_045512.2	27030	G	T	18238	8175	54	2	2	30	0.000109637	18242	0.99998	FALSE	NA	NA	NA	NA	NA	NA
NC_045512.2	27030	G	C	18238	8175	54	1	1	27	5.48186e-05	18242	1	FALSE	NA	NA	NA	NA	NA	NA
NC_045512.2	27030	G	A	18238	8175	54	1	0	34	5.48186e-05	18242	0.999998	FALSE	NA	NA	NA	NA	NA	NA
NC_045512.2	27031	T	G	18235	8118	53	5	5	28	0.000274108	18241	1	FALSE	NA	NA	NA	NA	NA	NA
NC_045512.2	27031	T	A	18235	8118	53	1	0	26	5.48216e-05	18241	1	FALSE	NA	NA	NA	NA	NA	NA
NC_045512.2	27032	T	G	18259	8169	54	1	1	34	5.47525e-05	18264	0.999998	FALSE	NA	NA	NA	NA	NA	NA
NC_045512.2	27032	T	C	18259	8169	54	3	1	39	0.000164258	18264	0.99989	FALSE	NA	NA	NA	NA	NA	NA
NC_045512.2	27032	T	A	18259	8169	54	1	1	26	5.47525e-05	18264	1	FALSE	NA	NA	NA	NA	NA	NA
NC_045512.2	27033	G	T	18291	8180	54	1	1	27	5.46687e-05	18292	1	FALSE	NA	NA	NA	NA	NA	NA
NC_045512.2	27034	C	T	18261	8290	54	2	1	34	0.000109481	18268	0.99998	FALSE	NA	NA	NA	NA	NA	NA
NC_045512.2	27034	C	G	18261	8290	54	3	0	29	0.000164222	18268	1	FALSE	NA	NA	NA	NA	NA	NA
NC_045512.2	27034	C	A	18261	8290	54	2	0	25	0.000109481	18268	1	FALSE	NA	NA	NA	NA	NA	NA
NC_045512.2	27035	T	G	18292	8171	54	3	2	29	0.000163934	18300	1	FALSE	NA	NA	NA	NA	NA	NA
NC_045512.2	27035	T	C	18292	8171	54	3	2	34	0.000163934	18300	0.99989	FALSE	NA	NA	NA	NA	NA	NA
NC_045512.2	27035	T	A	18292	8171	54	2	0	34	0.00010929	18300	0.99998	FALSE	NA	NA	NA	NA	NA	NA
NC_045512.2	27036	A	G	18366	8368	54	1	0	34	5.44455e-05	18367	0.999998	FALSE	NA	NA	NA	NA	NA	NA
NC_045512.2	27037	C	G	18134	8296	54	3	1	24	0.000165399	18138	1	FALSE	NA	NA	NA	NA	NA	NA
NC_045512.2	27037	C	A	18134	8296	54	1	1	27	5.51329e-05	18138	1	FALSE	NA	NA	NA	NA	NA	NA
NC_045512.2	27038	A	T	18085	8367	54	1	0	34	5.52883e-05	18087	0.999998	FALSE	NA	NA	NA	NA	NA	NA
NC_045512.2	27038	A	G	18085	8367	54	1	1	52	5.52883e-05	18087	0.5	FALSE	NA	NA	NA	NA	NA	NA
NC_045512.2	27039	T	C	18149	8314	54	1	1	34	5.50964e-05	18150	0.999998	FALSE	NA	NA	NA	NA	NA	NA
NC_045512.2	27040	C	T	18140	8308	54	1	0	34	5.51238e-05	18141	0.999998	FALSE	NA	NA	NA	NA	NA	NA
NC_045512.2	27041	A	T	18214	8306	55	3	1	25	0.000164681	18217	1	FALSE	NA	NA	NA	NA	NA	NA
NC_045512.2	27042	C	G	18035	8412	54	1	0	26	5.54416e-05	18037	1	FALSE	NA	NA	NA	NA	NA	NA
NC_045512.2	27042	C	A	18035	8412	54	1	0	27	5.54416e-05	18037	1	FALSE	NA	NA	NA	NA	NA	NA
NC_045512.2	27043	G	C	17963	8405	54	1	0	26	5.56669e-05	17964	1	FALSE	NA	NA	NA	NA	NA	NA
NC_045512.2	27044	A	G	18122	8435	54	1	0	34	5.51755e-05	18124	0.999998	FALSE	NA	NA	NA	NA	NA	NA
NC_045512.2	27044	A	C	18122	8435	54	1	1	26	5.51755e-05	18124	1	FALSE	NA	NA	NA	NA	NA	NA
NC_045512.2	27045	A	G	16851	8604	49	1	1	68	5.92839e-05	16868	0.499778	FALSE	NA	NA	NA	NA	NA	NA
NC_045512.2	27045	A	C	16851	8604	49	16	1	27	0.000948542	16868	1	FALSE	NA	NA	NA	NA	NA	NA
NC_045512.2	27046	C	G	18134	8761	54	3	1	29	0.000165389	18139	1	FALSE	NA	NA	NA	NA	NA	NA
NC_045512.2	27046	C	A	18134	8761	54	2	1	47	0.00011026	18139	0.499959	FALSE	NA	NA	NA	NA	NA	NA
NC_045512.2	27047	G	T	18119	8783	53	1	0	26	5.51694e-05	18126	1	FALSE	NA	NA	NA	NA	NA	NA
NC_045512.2	27047	G	C	18119	8783	53	6	2	28	0.000331016	18126	1	FALSE	NA	NA	NA	NA	NA	NA
NC_045512.2	27048	C	G	18046	9099	53	2	1	27	0.000110816	18048	1	FALSE	NA	NA	NA	NA	NA	NA
NC_045512.2	27049	T	G	17607	9059	52	2	1	30	0.000113578	17609	0.999962	FALSE	NA	NA	NA	NA	NA	NA
NC_045512.2	27050	T	A	17763	9120	52	2	1	23	0.000112581	17765	1	FALSE	NA	NA	NA	NA	NA	NA
NC_045512.2	27051	T	A	17715	8783	51	4	1	29	0.000225746	17719	1	FALSE	NA	NA	NA	NA	NA	NA
NC_045512.2	27052	C	G	17978	9113	53	1	0	27	5.56204e-05	17979	1	FALSE	NA	NA	NA	NA	NA	NA
NC_045512.2	27053	T	G	18017	9134	53	1	1	27	5.54939e-05	18020	1	FALSE	NA	NA	NA	NA	NA	NA
NC_045512.2	27053	T	C	18017	9134	53	1	1	68	5.54939e-05	18020	0.499986	FALSE	NA	NA	NA	NA	NA	NA
NC_045512.2	27053	T	A	18017	9134	53	1	1	34	5.54939e-05	18020	0.999998	FALSE	NA	NA	NA	NA	NA	NA
NC_045512.2	27054	T	C	17445	8768	51	1	1	68	5.73099e-05	17449	0.499971	FALSE	NA	NA	NA	NA	NA	NA
NC_045512.2	27054	T	A	17445	8768	51	3	2	23	0.00017193	17449	1	FALSE	NA	NA	NA	NA	NA	NA
NC_045512.2	27055	A	G	17613	9590	52	1	1	68	5.67666e-05	17616	0.499986	FALSE	NA	NA	NA	NA	NA	NA
NC_045512.2	27055	A	C	17613	9590	52	2	0	26	0.000113533	17616	1	FALSE	NA	NA	NA	NA	NA	NA
NC_045512.2	27056	T	C	17665	9605	52	2	2	23	0.000113205	17667	1	FALSE	NA	NA	NA	NA	NA	NA
NC_045512.2	27057	T	G	17616	9544	52	2	2	26	0.000113514	17619	1	FALSE	NA	NA	NA	NA	NA	NA
NC_045512.2	27057	T	A	17616	9544	52	1	1	26	5.67569e-05	17619	1	FALSE	NA	NA	NA	NA	NA	NA
NC_045512.2	27058	A	T	17466	9649	51	3	1	31	0.000171713	17471	0.999799	FALSE	NA	NA	NA	NA	NA	NA
NC_045512.2	27058	A	G	17466	9649	51	2	1	47	0.000114475	17471	0.499957	FALSE	NA	NA	NA	NA	NA	NA
NC_045512.2	27059	C	G	17597	9678	52	2	1	26	0.000113643	17599	1	FALSE	NA	NA	NA	NA	NA	NA
NC_045512.2	27060	A	T	17618	9668	52	1	1	20	5.67472e-05	17622	1	FALSE	NA	NA	NA	NA	NA	NA
NC_045512.2	27060	A	C	17618	9668	52	3	1	34	0.000170242	17622	0.999799	FALSE	NA	NA	NA	NA	NA	NA
NC_045512.2	27061	A	T	17487	9559	52	1	1	26	5.71755e-05	17490	1	FALSE	NA	NA	NA	NA	NA	NA
NC_045512.2	27061	A	C	17487	9559	52	2	0	30	0.000114351	17490	0.999962	FALSE	NA	NA	NA	NA	NA	NA
NC_045512.2	27062	A	T	16927	9651	47	1	1	26	5.90319e-05	16940	1	FALSE	NA	NA	NA	NA	NA	NA
NC_045512.2	27062	A	C	16927	9651	47	12	1	26	0.000708383	16940	1	FALSE	NA	NA	NA	NA	NA	NA
NC_045512.2	27063	T	G	17637	9570	51	4	4	28	0.000226706	17644	1	FALSE	NA	NA	NA	NA	NA	NA
NC_045512.2	27063	T	C	17637	9570	51	3	3	29	0.000170029	17644	1	FALSE	NA	NA	NA	NA	NA	NA
NC_045512.2	27064	T	G	17416	9210	50	7	7	27	0.000401722	17425	1	FALSE	NA	NA	NA	NA	NA	NA
NC_045512.2	27064	T	C	17416	9210	50	1	1	52	5.73888e-05	17425	0.4999	FALSE	NA	NA	NA	NA	NA	NA
NC_045512.2	27064	T	A	17416	9210	50	1	0	34	5.73888e-05	17425	0.999996	FALSE	NA	NA	NA	NA	NA	NA
NC_045512.2	27064	T	-G	17416	9210	50	1	0	20	5.73888e-05	17425	1	FALSE	NA	NA	NA	NA	NA	NA
NC_045512.2	27065	G	T	17852	9743	51	2	1	40	0.000112013	17855	0.499979	FALSE	NA	NA	NA	NA	NA	NA
NC_045512.2	27065	G	C	17852	9743	51	1	1	20	5.60067e-05	17855	1	FALSE	NA	NA	NA	NA	NA	NA
NC_045512.2	27066	G	T	17840	9680	52	2	2	47	0.000112076	17845	0.499958	FALSE	NA	NA	NA	NA	NA	NA
NC_045512.2	27066	G	C	17840	9680	52	1	1	27	5.60381e-05	17845	1	FALSE	NA	NA	NA	NA	NA	NA
NC_045512.2	27066	G	A	17840	9680	52	2	2	29	0.000112076	17845	1	FALSE	NA	NA	NA	NA	NA	NA
NC_045512.2	27067	G	T	17816	9593	51	1	1	27	5.61167e-05	17820	1	FALSE	NA	NA	NA	NA	NA	NA
NC_045512.2	27067	G	C	17816	9593	51	3	3	24	0.00016835	17820	1	FALSE	NA	NA	NA	NA	NA	NA
NC_045512.2	27068	A	T	18006	9768	52	2	2	25	0.000111037	18012	1	FALSE	NA	NA	NA	NA	NA	NA
NC_045512.2	27068	A	G	18006	9768	52	3	0	43	0.000166556	18012	0.312448	FALSE	NA	NA	NA	NA	NA	NA
NC_045512.2	27068	A	C	18006	9768	52	1	0	34	5.55185e-05	18012	0.999998	FALSE	NA	NA	NA	NA	NA	NA
NC_045512.2	27069	G	C	18109	9609	51	6	5	30	0.000331217	18115	0.996705	FALSE	NA	NA	NA	NA	NA	NA
NC_045512.2	27070	C	G	18236	9989	51	4	3	28	0.000219274	18242	1	FALSE	NA	NA	NA	NA	NA	NA
NC_045512.2	27070	C	A	18236	9989	51	2	0	34	0.000109637	18242	0.99998	FALSE	NA	NA	NA	NA	NA	NA
NC_045512.2	27071	T	G	17896	9567	51	4	4	26	0.000223414	17904	1	FALSE	NA	NA	NA	NA	NA	NA
NC_045512.2	27071	T	C	17896	9567	51	3	1	45	0.00016756	17904	0.312406	FALSE	NA	NA	NA	NA	NA	NA
NC_045512.2	27071	T	A	17896	9567	51	1	0	34	5.58534e-05	17904	0.999996	FALSE	NA	NA	NA	NA	NA	NA
NC_045512.2	27072	T	C	18213	9884	52	1	0	60	5.49028e-05	18214	0.500014	FALSE	NA	NA	NA	NA	NA	NA
NC_045512.2	27073	C	G	18141	9944	51	1	1	34	5.51177e-05	18143	0.999998	FALSE	NA	NA	NA	NA	NA	NA
NC_045512.2	27073	C	A	18141	9944	51	1	0	20	5.51177e-05	18143	1	FALSE	NA	NA	NA	NA	NA	NA
NC_045512.2	27074	G	C	18090	9763	51	2	2	30	0.000110534	18094	0.99998	FALSE	NA	NA	NA	NA	NA	NA
NC_045512.2	27074	G	A	18090	9763	51	2	1	68	0.000110534	18094	0.249979	FALSE	NA	NA	NA	NA	NA	NA
NC_045512.2	27075	C	T	18158	9874	51	1	1	34	5.50691e-05	18159	0.999998	FALSE	NA	NA	NA	NA	NA	NA
NC_045512.2	27076	A	T	18081	9812	51	1	1	27	5.52944e-05	18085	1	FALSE	NA	NA	NA	NA	NA	NA
NC_045512.2	27076	A	G	18081	9812	51	2	0	47	0.000110589	18085	0.499979	FALSE	NA	NA	NA	NA	NA	NA
NC_045512.2	27076	A	C	18081	9812	51	1	0	26	5.52944e-05	18085	1	FALSE	NA	NA	NA	NA	NA	NA
NC_045512.2	27077	G	C	18799	9957	51	4	0	26	0.000212721	18804	1	FALSE	NA	NA	NA	NA	NA	NA
NC_045512.2	27077	G	A	18799	9957	51	1	0	46	5.31802e-05	18804	0.749967	FALSE	NA	NA	NA	NA	NA	NA
NC_045512.2	27078	C	T	18336	9656	51	2	1	51	0.000109022	18345	0.249911	FALSE	NA	NA	NA	NA	NA	NA
NC_045512.2	27078	C	G	18336	9656	51	3	1	29	0.000163532	18345	1	FALSE	NA	NA	NA	NA	NA	NA
NC_045512.2	27078	C	A	18336	9656	51	4	0	24	0.000218043	18345	1	FALSE	NA	NA	NA	NA	NA	NA
NC_045512.2	27079	G	T	19240	9831	51	1	0	46	5.19588e-05	19246	0.749955	FALSE	NA	NA	NA	NA	NA	NA
NC_045512.2	27079	G	C	19240	9831	51	2	0	26	0.000103918	19246	1	FALSE	NA	NA	NA	NA	NA	NA
NC_045512.2	27079	G	A	19240	9831	51	3	1	56	0.000155877	19246	0.124971	FALSE	NA	NA	NA	NA	NA	NA
NC_045512.2	27080	T	G	19317	9899	51	1	1	34	5.17518e-05	19323	0.999999	FALSE	NA	NA	NA	NA	NA	NA
NC_045512.2	27080	T	C	19317	9899	51	2	2	60	0.000103504	19323	0.249955	FALSE	NA	NA	NA	NA	NA	NA
NC_045512.2	27080	T	A	19317	9899	51	3	0	43	0.000155255	19323	0.312451	FALSE	NA	NA	NA	NA	NA	NA
NC_045512.2	27081	G	T	19336	9820	51	3	3	26	0.000155111	19341	1	FALSE	NA	NA	NA	NA	NA	NA
NC_045512.2	27081	G	C	19336	9820	51	1	1	26	5.17036e-05	19341	1	FALSE	NA	NA	NA	NA	NA	NA
NC_045512.2	27081	G	A	19336	9820	51	1	1	34	5.17036e-05	19341	0.999999	FALSE	NA	NA	NA	NA	NA	NA
NC_045512.2	27083	A	T	19355	9969	51	1	1	27	5.16556e-05	19359	1	FALSE	NA	NA	NA	NA	NA	NA
NC_045512.2	27083	A	C	19355	9969	51	3	0	29	0.000154967	19359	1	FALSE	NA	NA	NA	NA	NA	NA
NC_045512.2	27084	G	T	19437	9898	51	3	3	29	0.000154313	19441	1	FALSE	NA	NA	NA	NA	NA	NA
NC_045512.2	27084	G	C	19437	9898	51	1	0	26	5.14377e-05	19441	1	FALSE	NA	NA	NA	NA	NA	NA
NC_045512.2	27085	C	G	19427	10120	51	1	1	20	5.14721e-05	19428	1	FALSE	NA	NA	NA	NA	NA	NA
NC_045512.2	27085	C	-A	19427	10120	51	1	0	20	5.14721e-05	19428	1	FALSE	NA	NA	NA	NA	NA	NA
NC_045512.2	27086	A	C	18613	9465	51	1	0	20	5.3723e-05	18614	1	FALSE	NA	NA	NA	NA	NA	NA
NC_045512.2	27087	G	T	18440	9257	51	1	0	68	5.4227e-05	18441	0.500014	FALSE	NA	NA	NA	NA	NA	NA
NC_045512.2	27088	G	T	17896	8962	52	1	1	34	5.58722e-05	17898	0.999996	FALSE	NA	NA	NA	NA	NA	NA
NC_045512.2	27088	G	C	17896	8962	52	1	1	26	5.58722e-05	17898	1	FALSE	NA	NA	NA	NA	NA	NA
NC_045512.2	27089	T	G	17848	9247	53	1	0	27	5.60224e-05	17850	1	FALSE	NA	NA	NA	NA	NA	NA
NC_045512.2	27089	T	A	17848	9247	53	1	1	34	5.60224e-05	17850	0.999996	FALSE	NA	NA	NA	NA	NA	NA
NC_045512.2	27090	G	T	17916	9232	53	1	1	27	5.58129e-05	17917	1	FALSE	NA	NA	NA	NA	NA	NA
NC_045512.2	27091	A	G	17917	9259	53	1	1	34	5.58005e-05	17921	0.999996	FALSE	NA	NA	NA	NA	NA	NA
NC_045512.2	27091	A	C	17917	9259	53	3	3	29	0.000167401	17921	1	FALSE	NA	NA	NA	NA	NA	NA
NC_045512.2	27092	C	T	17962	9337	53	1	0	68	5.567e-05	17963	0.500014	FALSE	NA	NA	NA	NA	NA	NA
NC_045512.2	27093	T	G	17918	9331	53	1	0	34	5.57911e-05	17924	0.999996	FALSE	NA	NA	NA	NA	NA	NA
NC_045512.2	27093	T	C	17918	9331	53	4	3	51	0.000223164	17924	0.0624826	FALSE	NA	NA	NA	NA	NA	NA
NC_045512.2	27093	T	A	17918	9331	53	1	0	27	5.57911e-05	17924	1	FALSE	NA	NA	NA	NA	NA	NA
NC_045512.2	27094	C	T	17712	9260	52	1	1	68	5.64366e-05	17719	0.499929	FALSE	NA	NA	NA	NA	NA	NA
NC_045512.2	27094	C	G	17712	9260	52	5	3	26	0.000282183	17719	1	FALSE	NA	NA	NA	NA	NA	NA
NC_045512.2	27094	C	A	17712	9260	52	1	0	27	5.64366e-05	17719	1	FALSE	NA	NA	NA	NA	NA	NA
NC_045512.2	27095	A	T	17328	9348	51	3	3	29	0.00017302	17339	1	FALSE	NA	NA	NA	NA	NA	NA
NC_045512.2	27095	A	G	17328	9348	51	1	0	34	5.76735e-05	17339	0.999996	FALSE	NA	NA	NA	NA	NA	NA
NC_045512.2	27095	A	C	17328	9348	51	7	0	26	0.000403714	17339	1	FALSE	NA	NA	NA	NA	NA	NA
NC_045512.2	27096	G	T	18046	9277	52	3	2	26	0.000166168	18054	1	FALSE	NA	NA	NA	NA	NA	NA
NC_045512.2	27096	G	C	18046	9277	52	4	1	27	0.000221558	18054	1	FALSE	NA	NA	NA	NA	NA	NA
NC_045512.2	27096	G	A	18046	9277	52	1	0	27	5.53894e-05	18054	1	FALSE	NA	NA	NA	NA	NA	NA
NC_045512.2	27097	G	C	18027	9381	52	3	1	26	0.000166389	18030	1	FALSE	NA	NA	NA	NA	NA	NA
NC_045512.2	27097	G	-T	18027	9381	52	1	0	20	5.54631e-05	18030	1	FALSE	NA	NA	NA	NA	NA	NA
NC_045512.2	27098	T	G	17830	9548	52	2	1	26	0.000112152	17833	1	FALSE	NA	NA	NA	NA	NA	NA
NC_045512.2	27098	T	C	17830	9548	52	1	0	46	5.60758e-05	17833	0.749979	FALSE	NA	NA	NA	NA	NA	NA
NC_045512.2	27099	T	G	17646	9281	51	2	2	30	0.000113321	17649	0.999962	FALSE	NA	NA	NA	NA	NA	NA
NC_045512.2	27099	T	C	17646	9281	51	1	1	27	5.66604e-05	17649	1	FALSE	NA	NA	NA	NA	NA	NA
NC_045512.2	27100	T	G	18013	9686	53	1	0	34	5.55124e-05	18014	0.999998	FALSE	NA	NA	NA	NA	NA	NA
NC_045512.2	27101	T	C	17934	9630	53	1	1	68	5.57569e-05	17935	0.500014	FALSE	NA	NA	NA	NA	NA	NA
NC_045512.2	27102	G	T	18137	9532	52	2	2	26	0.000110248	18141	1	FALSE	NA	NA	NA	NA	NA	NA
NC_045512.2	27102	G	C	18137	9532	52	1	0	26	5.51238e-05	18141	1	FALSE	NA	NA	NA	NA	NA	NA
NC_045512.2	27102	G	A	18137	9532	52	1	0	34	5.51238e-05	18141	0.999998	FALSE	NA	NA	NA	NA	NA	NA
NC_045512.2	27103	C	T	18113	9714	52	3	2	56	0.000165572	18119	0.124969	FALSE	NA	NA	NA	NA	NA	NA
NC_045512.2	27103	C	G	18113	9714	52	1	0	27	5.51907e-05	18119	1	FALSE	NA	NA	NA	NA	NA	NA
NC_045512.2	27103	C	A	18113	9714	52	2	0	27	0.000110381	18119	1	FALSE	NA	NA	NA	NA	NA	NA
NC_045512.2	27104	T	G	17961	9415	52	2	1	26	0.000111328	17965	1	FALSE	NA	NA	NA	NA	NA	NA
NC_045512.2	27104	T	C	17961	9415	52	2	2	26	0.000111328	17965	1	FALSE	NA	NA	NA	NA	NA	NA
NC_045512.2	27105	G	T	18325	9441	52	3	2	26	0.000163666	18330	1	FALSE	NA	NA	NA	NA	NA	NA
NC_045512.2	27105	G	C	18325	9441	52	1	1	27	5.45554e-05	18330	1	FALSE	NA	NA	NA	NA	NA	NA
NC_045512.2	27105	G	A	18325	9441	52	1	0	68	5.45554e-05	18330	0.499959	FALSE	NA	NA	NA	NA	NA	NA
NC_045512.2	27106	C	T	18069	9463	52	3	1	56	0.000165984	18074	0.124979	FALSE	NA	NA	NA	NA	NA	NA
NC_045512.2	27106	C	A	18069	9463	52	2	2	34	0.000110656	18074	0.99998	FALSE	NA	NA	NA	NA	NA	NA
NC_045512.2	27107	A	T	18306	9553	52	3	1	26	0.000163836	18311	1	FALSE	NA	NA	NA	NA	NA	NA
NC_045512.2	27107	A	G	18306	9553	52	1	1	34	5.4612e-05	18311	0.999998	FALSE	NA	NA	NA	NA	NA	NA
NC_045512.2	27107	A	C	18306	9553	52	1	0	27	5.4612e-05	18311	1	FALSE	NA	NA	NA	NA	NA	NA
NC_045512.2	27108	T	G	18299	9495	52	1	1	27	5.46329e-05	18304	1	FALSE	NA	NA	NA	NA	NA	NA
NC_045512.2	27108	T	C	18299	9495	52	2	2	47	0.000109266	18304	0.499959	FALSE	NA	NA	NA	NA	NA	NA
NC_045512.2	27108	T	A	18299	9495	52	2	1	30	0.000109266	18304	0.99998	FALSE	NA	NA	NA	NA	NA	NA
NC_045512.2	27109	A	T	18233	9503	52	2	2	25	0.000109679	18235	1	FALSE	NA	NA	NA	NA	NA	NA
NC_045512.2	27110	C	T	18117	9548	51	1	0	68	5.51846e-05	18121	0.499972	FALSE	NA	NA	NA	NA	NA	NA
NC_045512.2	27110	C	G	18117	9548	51	1	0	68	5.51846e-05	18121	0.499972	FALSE	NA	NA	NA	NA	NA	NA
NC_045512.2	27110	C	A	18117	9548	51	2	0	23	0.000110369	18121	1	FALSE	NA	NA	NA	NA	NA	NA
NC_045512.2	27111	A	T	17599	9012	52	2	2	27	0.000113611	17604	1	FALSE	NA	NA	NA	NA	NA	NA
NC_045512.2	27111	A	G	17599	9012	52	2	2	51	0.000113611	17604	0.249964	FALSE	NA	NA	NA	NA	NA	NA
NC_045512.2	27111	A	C	17599	9012	52	1	0	24	5.68053e-05	17604	1	FALSE	NA	NA	NA	NA	NA	NA
NC_045512.2	27112	G	C	17634	9012	51	1	0	27	5.67022e-05	17636	1	FALSE	NA	NA	NA	NA	NA	NA
NC_045512.2	27112	G	A	17634	9012	51	1	0	68	5.67022e-05	17636	0.5	FALSE	NA	NA	NA	NA	NA	NA
NC_045512.2	27113	T	G	17705	9257	52	2	2	23	0.00011295	17707	1	FALSE	NA	NA	NA	NA	NA	NA
NC_045512.2	27114	C	G	17218	8851	52	4	3	28	0.000232261	17222	1	FALSE	NA	NA	NA	NA	NA	NA
NC_045512.2	27115	G	T	17152	8797	52	4	2	30	0.000233114	17159	0.999257	FALSE	NA	NA	NA	NA	NA	NA
NC_045512.2	27115	G	C	17152	8797	52	1	1	27	5.82785e-05	17159	1	FALSE	NA	NA	NA	NA	NA	NA
NC_045512.2	27115	G	A	17152	8797	52	2	1	51	0.000116557	17159	0.249934	FALSE	NA	NA	NA	NA	NA	NA
NC_045512.2	27116	C	G	17717	8955	51	2	2	26	0.000112873	17719	1	FALSE	NA	NA	NA	NA	NA	NA
NC_045512.2	27116	C	+G	17717	8955	51	1	0	20	5.64366e-05	17719	1	FALSE	NA	NA	NA	NA	NA	NA
NC_045512.2	27117	T	G	17788	8980	52	4	3	28	0.000224795	17794	1	FALSE	NA	NA	NA	NA	NA	NA
NC_045512.2	27117	T	C	17788	8980	52	2	1	51	0.000112397	17794	0.249951	FALSE	NA	NA	NA	NA	NA	NA
NC_045512.2	27119	C	G	17526	9072	51	1	1	27	5.70386e-05	17532	1	FALSE	NA	NA	NA	NA	NA	NA
NC_045512.2	27119	C	A	17526	9072	51	5	0	26	0.000285193	17532	1	FALSE	NA	NA	NA	NA	NA	NA
NC_045512.2	27120	A	G	17659	9028	51	1	0	68	5.66219e-05	17661	0.5	FALSE	NA	NA	NA	NA	NA	NA
NC_045512.2	27120	A	C	17659	9028	51	1	0	27	5.66219e-05	17661	1	FALSE	NA	NA	NA	NA	NA	NA
NC_045512.2	27121	G	T	17696	8915	50	7	6	26	0.000395324	17707	1	FALSE	NA	NA	NA	NA	NA	NA
NC_045512.2	27121	G	C	17696	8915	50	4	1	25	0.000225899	17707	1	FALSE	NA	NA	NA	NA	NA	NA
NC_045512.2	27122	G	T	17960	9411	52	3	2	42	0.000166982	17966	0.312448	FALSE	NA	NA	NA	NA	NA	NA
NC_045512.2	27122	G	C	17960	9411	52	3	1	26	0.000166982	17966	1	FALSE	NA	NA	NA	NA	NA	NA
NC_045512.2	27123	A	T	17705	9488	51	4	2	26	0.000225861	17710	1	FALSE	NA	NA	NA	NA	NA	NA
NC_045512.2	27123	A	G	17705	9488	51	1	1	26	5.64653e-05	17710	1	FALSE	NA	NA	NA	NA	NA	NA
NC_045512.2	27124	T	G	17753	9349	52	1	1	34	5.63158e-05	17757	0.999996	FALSE	NA	NA	NA	NA	NA	NA
NC_045512.2	27124	T	A	17753	9349	52	3	0	24	0.000168947	17757	1	FALSE	NA	NA	NA	NA	NA	NA
NC_045512.2	27125	T	G	16978	8779	52	1	1	27	5.88928e-05	16980	1	FALSE	NA	NA	NA	NA	NA	NA
NC_045512.2	27125	T	C	16978	8779	52	1	0	34	5.88928e-05	16980	0.999992	FALSE	NA	NA	NA	NA	NA	NA
NC_045512.2	27126	G	T	16870	8674	52	1	1	34	5.92733e-05	16871	0.999992	FALSE	NA	NA	NA	NA	NA	NA
NC_045512.2	27127	G	T	16816	8725	52	5	4	28	0.000297141	16827	1	FALSE	NA	NA	NA	NA	NA	NA
NC_045512.2	27127	G	C	16816	8725	52	2	2	27	0.000118857	16827	1	FALSE	NA	NA	NA	NA	NA	NA
NC_045512.2	27127	G	A	16816	8725	52	4	3	51	0.000237713	16827	0.0624443	FALSE	NA	NA	NA	NA	NA	NA
NC_045512.2	27129	A	T	16802	8955	51	2	1	30	0.000119012	16805	0.999928	FALSE	NA	NA	NA	NA	NA	NA
NC_045512.2	27129	A	C	16802	8955	51	1	0	26	5.95061e-05	16805	1	FALSE	NA	NA	NA	NA	NA	NA
NC_045512.2	27130	A	G	16247	8652	50	1	0	38	6.15233e-05	16254	0.999992	FALSE	NA	NA	NA	NA	NA	NA
NC_045512.2	27130	A	C	16247	8652	50	6	0	25	0.00036914	16254	1	FALSE	NA	NA	NA	NA	NA	NA
NC_045512.2	27131	C	A	16562	8693	50	3	2	29	0.000181105	16565	1	FALSE	NA	NA	NA	NA	NA	NA
NC_045512.2	27132	T	G	16715	8690	51	2	0	27	0.000119603	16722	1	FALSE	NA	NA	NA	NA	NA	NA
NC_045512.2	27132	T	C	16715	8690	51	1	0	34	5.98015e-05	16722	0.999992	FALSE	NA	NA	NA	NA	NA	NA
NC_045512.2	27132	T	A	16715	8690	51	4	0	28	0.000239206	16722	1	FALSE	NA	NA	NA	NA	NA	NA
NC_045512.2	27133	A	T	16759	8687	52	1	1	68	5.96588e-05	16762	0.499985	FALSE	NA	NA	NA	NA	NA	NA
NC_045512.2	27133	A	G	16759	8687	52	2	1	30	0.000119318	16762	0.999928	FALSE	NA	NA	NA	NA	NA	NA
NC_045512.2	27134	T	A	16803	8723	52	1	1	27	5.95096e-05	16804	1	FALSE	NA	NA	NA	NA	NA	NA
NC_045512.2	27135	A	T	16580	8815	50	2	1	31	0.000120613	16582	0.999928	FALSE	NA	NA	NA	NA	NA	NA
NC_045512.2	27136	A	G	16816	8820	52	3	2	42	0.00017837	16819	0.312511	FALSE	NA	NA	NA	NA	NA	NA
NC_045512.2	27137	A	C	16045	9526	45	6	0	27	0.000373808	16051	1	FALSE	NA	NA	NA	NA	NA	NA
NC_045512.2	27138	T	G	16914	9185	48	5	4	31	0.000295456	16923	0.996406	FALSE	NA	NA	NA	NA	NA	NA
NC_045512.2	27138	T	C	16914	9185	48	1	0	34	5.90912e-05	16923	0.999992	FALSE	NA	NA	NA	NA	NA	NA
NC_045512.2	27138	T	A	16914	9185	48	3	0	24	0.000177274	16923	1	FALSE	NA	NA	NA	NA	NA	NA
NC_045512.2	27139	T	G	17011	9326	49	1	1	34	5.87786e-05	17013	0.999996	FALSE	NA	NA	NA	NA	NA	NA
NC_045512.2	27139	T	C	17011	9326	49	1	0	60	5.87786e-05	17013	0.5	FALSE	NA	NA	NA	NA	NA	NA
NC_045512.2	27140	A	T	16957	9299	49	1	0	26	5.89657e-05	16959	1	FALSE	NA	NA	NA	NA	NA	NA
NC_045512.2	27140	A	G	16957	9299	49	1	0	68	5.89657e-05	16959	0.5	FALSE	NA	NA	NA	NA	NA	NA
NC_045512.2	27141	A	G	16296	9068	48	3	2	37	0.000184015	16303	0.999636	FALSE	NA	NA	NA	NA	NA	NA
NC_045512.2	27141	A	C	16296	9068	48	4	2	26	0.000245354	16303	1	FALSE	NA	NA	NA	NA	NA	NA
NC_045512.2	27142	A	G	16437	9222	48	2	1	38	0.000121655	16440	0.999928	FALSE	NA	NA	NA	NA	NA	NA
NC_045512.2	27142	A	C	16437	9222	48	1	0	26	6.08273e-05	16440	1	FALSE	NA	NA	NA	NA	NA	NA
NC_045512.2	27142	A	-C	16437	9222	48	1	0	20	6.08273e-05	16440	1	FALSE	NA	NA	NA	NA	NA	NA
NC_045512.2	27143	C	T	16723	9388	48	1	1	68	5.97693e-05	16731	0.49991	FALSE	NA	NA	NA	NA	NA	NA
NC_045512.2	27143	C	A	16723	9388	48	7	0	25	0.000418385	16731	1	FALSE	NA	NA	NA	NA	NA	NA
NC_045512.2	27144	A	G	16580	9032	49	1	1	26	6.03064e-05	16582	1	FALSE	NA	NA	NA	NA	NA	NA
NC_045512.2	27144	A	C	16580	9032	49	1	1	27	6.03064e-05	16582	1	FALSE	NA	NA	NA	NA	NA	NA
NC_045512.2	27145	C	T	16673	9244	49	1	1	34	5.99664e-05	16676	0.999992	FALSE	NA	NA	NA	NA	NA	NA
NC_045512.2	27145	C	A	16673	9244	49	2	0	30	0.000119933	16676	0.999928	FALSE	NA	NA	NA	NA	NA	NA
NC_045512.2	27146	A	G	15979	8598	49	1	1	24	6.25626e-05	15984	1	FALSE	NA	NA	NA	NA	NA	NA
NC_045512.2	27146	A	C	15979	8598	49	4	4	27	0.00025025	15984	1	FALSE	NA	NA	NA	NA	NA	NA
NC_045512.2	27147	G	T	15862	8729	48	1	1	34	6.3012e-05	15870	0.999985	FALSE	NA	NA	NA	NA	NA	NA
NC_045512.2	27147	G	C	15862	8729	48	4	1	25	0.000252048	15870	1	FALSE	NA	NA	NA	NA	NA	NA
NC_045512.2	27147	G	A	15862	8729	48	3	2	45	0.000189036	15870	0.312394	FALSE	NA	NA	NA	NA	NA	NA
NC_045512.2	27148	A	T	15897	8652	49	1	0	27	6.2897e-05	15899	1	FALSE	NA	NA	NA	NA	NA	NA
NC_045512.2	27148	A	C	15897	8652	49	1	1	26	6.2897e-05	15899	1	FALSE	NA	NA	NA	NA	NA	NA
NC_045512.2	27149	C	G	15973	8838	49	1	0	34	6.26017e-05	15974	0.999985	FALSE	NA	NA	NA	NA	NA	NA
NC_045512.2	27150	C	T	15840	8803	49	1	0	34	6.31233e-05	15842	0.999985	FALSE	NA	NA	NA	NA	NA	NA
NC_045512.2	27150	C	A	15840	8803	49	1	0	24	6.31233e-05	15842	1	FALSE	NA	NA	NA	NA	NA	NA
NC_045512.2	27151	A	T	15424	8456	49	1	1	26	6.4813e-05	15429	1	FALSE	NA	NA	NA	NA	NA	NA
NC_045512.2	27151	A	G	15424	8456	49	1	0	68	6.4813e-05	15429	0.499951	FALSE	NA	NA	NA	NA	NA	NA
NC_045512.2	27151	A	C	15424	8456	49	3	0	27	0.000194439	15429	1	FALSE	NA	NA	NA	NA	NA	NA
NC_045512.2	27152	T	G	15319	8289	49	1	1	26	6.52656e-05	15322	1	FALSE	NA	NA	NA	NA	NA	NA
NC_045512.2	27152	T	C	15319	8289	49	1	0	68	6.52656e-05	15322	0.499984	FALSE	NA	NA	NA	NA	NA	NA
NC_045512.2	27152	T	A	15319	8289	49	1	0	26	6.52656e-05	15322	1	FALSE	NA	NA	NA	NA	NA	NA
NC_045512.2	27153	T	G	15497	8641	49	1	1	34	6.4512e-05	15501	0.999985	FALSE	NA	NA	NA	NA	NA	NA
NC_045512.2	27153	T	C	15497	8641	49	1	0	26	6.4512e-05	15501	1	FALSE	NA	NA	NA	NA	NA	NA
NC_045512.2	27153	T	A	15497	8641	49	2	2	30	0.000129024	15501	0.999863	FALSE	NA	NA	NA	NA	NA	NA
NC_045512.2	27154	C	A	15272	8950	47	6	1	26	0.000392722	15278	1	FALSE	NA	NA	NA	NA	NA	NA
NC_045512.2	27155	C	A	15496	8985	49	1	1	34	6.45286e-05	15497	0.999985	FALSE	NA	NA	NA	NA	NA	NA
NC_045512.2	27156	A	C	14863	8488	49	1	1	26	6.72766e-05	14864	1	FALSE	NA	NA	NA	NA	NA	NA
NC_045512.2	27157	G	T	14772	8410	48	3	2	28	0.000203018	14777	1	FALSE	NA	NA	NA	NA	NA	NA
NC_045512.2	27157	G	C	14772	8410	48	1	1	34	6.76727e-05	14777	0.99997	FALSE	NA	NA	NA	NA	NA	NA
NC_045512.2	27157	G	A	14772	8410	48	1	1	34	6.76727e-05	14777	0.99997	FALSE	NA	NA	NA	NA	NA	NA
NC_045512.2	27158	T	G	14599	8153	49	1	1	34	6.84838e-05	14602	0.99997	FALSE	NA	NA	NA	NA	NA	NA
NC_045512.2	27158	T	A	14599	8153	49	2	1	30	0.000136968	14602	0.999741	FALSE	NA	NA	NA	NA	NA	NA
NC_045512.2	27159	A	T	14662	8375	49	3	2	29	0.000204541	14667	1	FALSE	NA	NA	NA	NA	NA	NA
NC_045512.2	27159	A	G	14662	8375	49	2	2	40	0.000136361	14667	0.499949	FALSE	NA	NA	NA	NA	NA	NA
NC_045512.2	27160	G	T	14404	8145	48	1	1	26	6.94011e-05	14409	1	FALSE	NA	NA	NA	NA	NA	NA
NC_045512.2	27160	G	C	14404	8145	48	4	3	27	0.000277604	14409	1	FALSE	NA	NA	NA	NA	NA	NA
NC_045512.2	27161	C	G	14342	8065	49	2	0	27	0.000139412	14346	1	FALSE	NA	NA	NA	NA	NA	NA
NC_045512.2	27161	C	A	14342	8065	49	2	0	23	0.000139412	14346	1	FALSE	NA	NA	NA	NA	NA	NA
NC_045512.2	27162	A	T	14293	8027	49	1	1	20	6.99545e-05	14295	1	FALSE	NA	NA	NA	NA	NA	NA
NC_045512.2	27162	A	G	14293	8027	49	1	1	34	6.99545e-05	14295	0.99997	FALSE	NA	NA	NA	NA	NA	NA
NC_045512.2	27163	G	C	14232	8030	49	2	1	30	0.000140509	14234	0.999742	FALSE	NA	NA	NA	NA	NA	NA
NC_045512.2	27164	T	G	14117	7921	50	1	1	26	7.08215e-05	14120	1	FALSE	NA	NA	NA	NA	NA	NA
NC_045512.2	27164	T	C	14117	7921	50	1	1	27	7.08215e-05	14120	1	FALSE	NA	NA	NA	NA	NA	NA
NC_045512.2	27164	T	A	14117	7921	50	1	0	26	7.08215e-05	14120	1	FALSE	NA	NA	NA	NA	NA	NA
NC_045512.2	27165	G	T	13963	7905	49	1	1	26	7.16127e-05	13964	1	FALSE	NA	NA	NA	NA	NA	NA
NC_045512.2	27166	A	T	13966	8014	48	1	0	26	7.15973e-05	13967	1	FALSE	NA	NA	NA	NA	NA	NA
NC_045512.2	27167	C	T	13910	7938	49	1	1	34	7.18752e-05	13913	0.999939	FALSE	NA	NA	NA	NA	NA	NA
NC_045512.2	27167	C	A	13910	7938	49	2	1	25	0.00014375	13913	1	FALSE	NA	NA	NA	NA	NA	NA
NC_045512.2	27168	A	T	17851	9254	46	2	2	30	0.000112013	17855	0.999962	FALSE	NA	NA	NA	NA	NA	NA
NC_045512.2	27168	A	G	17851	9254	46	2	1	34	0.000112013	17855	0.999962	FALSE	NA	NA	NA	NA	NA	NA
NC_045512.2	27168	A	+C	17851	9254	46	1	0	20	5.60067e-05	17855	1	FALSE	NA	NA	NA	NA	NA	NA
NC_045512.2	27169	A	T	18406	9492	46	1	1	27	5.43242e-05	18408	1	FALSE	NA	NA	NA	NA	NA	NA
NC_045512.2	27169	A	C	18406	9492	46	1	0	27	5.43242e-05	18408	1	FALSE	NA	NA	NA	NA	NA	NA
NC_045512.2	27170	T	G	17624	8701	45	1	0	34	5.66926e-05	17639	0.999996	FALSE	NA	NA	NA	NA	NA	NA
NC_045512.2	27170	T	C	17624	8701	45	2	1	51	0.000113385	17639	0.249823	FALSE	NA	NA	NA	NA	NA	NA
NC_045512.2	27170	T	A	17624	8701	45	12	9	27	0.000680311	17639	1	FALSE	NA	NA	NA	NA	NA	NA
NC_045512.2	27171	A	T	17829	9372	45	8	2	31	0.000448456	17839	0.978386	FALSE	NA	NA	NA	NA	NA	NA
NC_045512.2	27171	A	G	17829	9372	45	1	0	60	5.6057e-05	17839	0.499888	FALSE	NA	NA	NA	NA	NA	NA
NC_045512.2	27171	A	C	17829	9372	45	1	0	26	5.6057e-05	17839	1	FALSE	NA	NA	NA	NA	NA	NA
NC_045512.2	27172	T	G	18019	9138	46	1	1	34	5.54785e-05	18025	0.999998	FALSE	NA	NA	NA	NA	NA	NA
NC_045512.2	27172	T	C	18019	9138	46	1	1	34	5.54785e-05	18025	0.999998	FALSE	NA	NA	NA	NA	NA	NA
NC_045512.2	27172	T	A	18019	9138	46	4	2	42	0.000221914	18025	0.187465	FALSE	NA	NA	NA	NA	NA	NA
NC_045512.2	27173	T	C	17992	9175	46	1	1	34	5.55741e-05	17994	0.999996	FALSE	NA	NA	NA	NA	NA	NA
NC_045512.2	27173	T	A	17992	9175	46	1	0	24	5.55741e-05	17994	1	FALSE	NA	NA	NA	NA	NA	NA
NC_045512.2	27173	T	-G	17992	9175	46	1	0	20	5.55741e-05	17994	1	FALSE	NA	NA	NA	NA	NA	NA
NC_045512.2	27174	G	T	18037	9214	45	3	2	31	0.000166233	18047	0.999889	FALSE	NA	NA	NA	NA	NA	NA
NC_045512.2	27174	G	C	18037	9214	45	4	1	30	0.000221643	18047	0.999573	FALSE	NA	NA	NA	NA	NA	NA
NC_045512.2	27174	G	A	18037	9214	45	3	1	40	0.000166233	18047	0.312344	FALSE	NA	NA	NA	NA	NA	NA
NC_045512.2	27175	C	G	18063	9230	46	3	3	24	0.000166049	18067	1	FALSE	NA	NA	NA	NA	NA	NA
NC_045512.2	27175	C	A	18063	9230	46	1	0	26	5.53495e-05	18067	1	FALSE	NA	NA	NA	NA	NA	NA
NC_045512.2	27176	T	G	16892	8175	45	10	9	27	0.000591576	16904	1	FALSE	NA	NA	NA	NA	NA	NA
NC_045512.2	27176	T	C	16892	8175	45	1	1	34	5.91576e-05	16904	0.999992	FALSE	NA	NA	NA	NA	NA	NA
NC_045512.2	27176	T	A	16892	8175	45	1	0	27	5.91576e-05	16904	1	FALSE	NA	NA	NA	NA	NA	NA
NC_045512.2	27177	T	G	17487	8716	46	2	2	30	0.000114331	17493	0.999962	FALSE	NA	NA	NA	NA	NA	NA
NC_045512.2	27177	T	C	17487	8716	46	2	0	34	0.000114331	17493	0.999962	FALSE	NA	NA	NA	NA	NA	NA
NC_045512.2	27177	T	A	17487	8716	46	2	1	43	0.000114331	17493	0.499936	FALSE	NA	NA	NA	NA	NA	NA
NC_045512.2	27178	T	G	17196	8304	46	1	1	27	5.81463e-05	17198	1	FALSE	NA	NA	NA	NA	NA	NA
NC_045512.2	27178	T	C	17196	8304	46	1	0	38	5.81463e-05	17198	0.999996	FALSE	NA	NA	NA	NA	NA	NA
NC_045512.2	27179	G	T	17432	8472	46	5	5	27	0.000286697	17440	1	FALSE	NA	NA	NA	NA	NA	NA
NC_045512.2	27179	G	C	17432	8472	46	3	3	29	0.000172018	17440	1	FALSE	NA	NA	NA	NA	NA	NA
NC_045512.2	27180	C	T	18735	8654	45	1	1	68	5.33618e-05	18740	0.49996	FALSE	NA	NA	NA	NA	NA	NA
NC_045512.2	27180	C	G	18735	8654	45	4	4	24	0.000213447	18740	1	FALSE	NA	NA	NA	NA	NA	NA
NC_045512.2	27181	T	G	19087	8934	46	2	0	30	0.000104761	19091	0.99999	FALSE	NA	NA	NA	NA	NA	NA
NC_045512.2	27181	T	C	19087	8934	46	1	0	68	5.23807e-05	19091	0.499974	FALSE	NA	NA	NA	NA	NA	NA
NC_045512.2	27181	T	A	19087	8934	46	1	1	26	5.23807e-05	19091	1	FALSE	NA	NA	NA	NA	NA	NA
NC_045512.2	27182	T	G	19053	8870	46	2	2	30	0.000104926	19061	0.99999	FALSE	NA	NA	NA	NA	NA	NA
NC_045512.2	27182	T	C	19053	8870	46	4	1	43	0.000209853	19061	0.187434	FALSE	NA	NA	NA	NA	NA	NA
NC_045512.2	27182	T	A	19053	8870	46	2	0	27	0.000104926	19061	1	FALSE	NA	NA	NA	NA	NA	NA
NC_045512.2	27182	T	+G	19053	8870	46	1	0	20	5.24631e-05	19061	1	FALSE	NA	NA	NA	NA	NA	NA
NC_045512.2	27183	G	T	19953	8902	46	2	2	23	0.00010021	19958	1	FALSE	NA	NA	NA	NA	NA	NA
NC_045512.2	27183	G	C	19953	8902	46	2	1	26	0.00010021	19958	1	FALSE	NA	NA	NA	NA	NA	NA
NC_045512.2	27183	G	A	19953	8902	46	1	0	60	5.01052e-05	19958	0.499962	FALSE	NA	NA	NA	NA	NA	NA
NC_045512.2	27184	T	G	20171	9016	46	3	3	28	0.000148692	20176	1	FALSE	NA	NA	NA	NA	NA	NA
NC_045512.2	27184	T	C	20171	9016	46	1	1	46	4.95638e-05	20176	0.874981	FALSE	NA	NA	NA	NA	NA	NA
NC_045512.2	27184	T	A	20171	9016	46	1	0	26	4.95638e-05	20176	1	FALSE	NA	NA	NA	NA	NA	NA
NC_045512.2	27185	A	G	20274	9182	46	1	1	34	4.93121e-05	20279	1	FALSE	NA	NA	NA	NA	NA	NA
NC_045512.2	27185	A	C	20274	9182	46	4	2	28	0.000197248	20279	1	FALSE	NA	NA	NA	NA	NA	NA
NC_045512.2	27186	C	G	21223	9367	46	1	1	26	4.71098e-05	21227	1	FALSE	NA	NA	NA	NA	NA	NA
NC_045512.2	27186	C	A	21223	9367	46	3	1	29	0.000141329	21227	1	FALSE	NA	NA	NA	NA	NA	NA
NC_045512.2	27187	A	T	21261	9203	46	2	2	30	9.40513e-05	21265	0.999997	FALSE	NA	NA	NA	NA	NA	NA
NC_045512.2	27187	A	G	21261	9203	46	2	0	51	9.40513e-05	21265	0.249982	FALSE	NA	NA	NA	NA	NA	NA
NC_045512.2	27187	A	+C	21261	9203	46	1	0	20	4.70256e-05	21265	1	FALSE	NA	NA	NA	NA	NA	NA
NC_045512.2	27188	G	T	24074	9718	45	3	2	30	0.000124569	24083	0.999997	FALSE	NA	NA	NA	NA	NA	NA
NC_045512.2	27188	G	C	24074	9718	45	3	1	26	0.000124569	24083	1	FALSE	NA	NA	NA	NA	NA	NA
NC_045512.2	27188	G	A	24074	9718	45	3	2	45	0.000124569	24083	0.499903	FALSE	NA	NA	NA	NA	NA	NA
NC_045512.2	27189	T	G	23769	9738	46	4	3	28	0.000168258	23773	1	FALSE	NA	NA	NA	NA	NA	NA
NC_045512.2	27190	A	T	24184	10114	47	3	3	26	0.000124023	24189	1	FALSE	NA	NA	NA	NA	NA	NA
NC_045512.2	27190	A	G	24184	10114	47	1	0	34	4.13411e-05	24189	1	FALSE	NA	NA	NA	NA	NA	NA
NC_045512.2	27190	A	C	24184	10114	47	1	0	27	4.13411e-05	24189	1	FALSE	NA	NA	NA	NA	NA	NA
NC_045512.2	27191	A	T	24883	10356	47	1	0	27	4.01832e-05	24886	1	FALSE	NA	NA	NA	NA	NA	NA
NC_045512.2	27191	A	G	24883	10356	47	2	0	29	8.03665e-05	24886	1	FALSE	NA	NA	NA	NA	NA	NA
NC_045512.2	27192	G	T	24998	10300	47	3	1	49	0.000119966	25007	0.499906	FALSE	NA	NA	NA	NA	NA	NA
NC_045512.2	27192	G	C	24998	10300	47	5	1	25	0.000199944	25007	1	FALSE	NA	NA	NA	NA	NA	NA
NC_045512.2	27192	G	A	24998	10300	47	1	0	26	3.99888e-05	25007	1	FALSE	NA	NA	NA	NA	NA	NA
NC_045512.2	27193	T	G	24850	10080	47	1	1	34	4.0235e-05	24854	1	FALSE	NA	NA	NA	NA	NA	NA
NC_045512.2	27193	T	C	24850	10080	47	2	1	30	8.04699e-05	24854	1	FALSE	NA	NA	NA	NA	NA	NA
NC_045512.2	27193	T	A	24850	10080	47	1	0	20	4.0235e-05	24854	1	FALSE	NA	NA	NA	NA	NA	NA
NC_045512.2	27195	A	T	25132	10272	48	1	0	34	3.97867e-05	25134	1	FALSE	NA	NA	NA	NA	NA	NA
NC_045512.2	27195	A	G	25132	10272	48	1	1	34	3.97867e-05	25134	1	FALSE	NA	NA	NA	NA	NA	NA
NC_045512.2	27196	C	T	25996	10487	47	1	1	60	3.84601e-05	26001	0.499971	FALSE	NA	NA	NA	NA	NA	NA
NC_045512.2	27196	C	G	25996	10487	47	1	1	26	3.84601e-05	26001	1	FALSE	NA	NA	NA	NA	NA	NA
NC_045512.2	27196	C	A	25996	10487	47	3	0	26	0.00011538	26001	1	FALSE	NA	NA	NA	NA	NA	NA
NC_045512.2	27197	A	T	25577	10532	48	2	1	27	7.818e-05	25582	1	FALSE	NA	NA	NA	NA	NA	NA
NC_045512.2	27197	A	G	25577	10532	48	3	0	54	0.00011727	25582	0.124985	FALSE	NA	NA	NA	NA	NA	NA
NC_045512.2	27198	A	T	25610	10621	48	1	0	34	3.90442e-05	25612	1	FALSE	NA	NA	NA	NA	NA	NA
NC_045512.2	27198	A	G	25610	10621	48	1	0	34	3.90442e-05	25612	1	FALSE	NA	NA	NA	NA	NA	NA
NC_045512.2	27199	C	G	25994	10736	47	3	2	24	0.000115389	25999	1	FALSE	NA	NA	NA	NA	NA	NA
NC_045512.2	27199	C	A	25994	10736	47	2	0	30	7.6926e-05	25999	1	FALSE	NA	NA	NA	NA	NA	NA
NC_045512.2	27200	A	G	24542	9842	47	3	0	68	0.000122224	24545	0.125	FALSE	NA	NA	NA	NA	NA	NA
NC_045512.2	27200	A	+C	24542	9842	47	1	0	20	4.07415e-05	24545	1	FALSE	NA	NA	NA	NA	NA	NA
NC_045512.2	27201	G	T	24519	9683	47	3	3	26	0.000122319	24526	1	FALSE	NA	NA	NA	NA	NA	NA
NC_045512.2	27201	G	C	24519	9683	47	3	0	29	0.000122319	24526	1	FALSE	NA	NA	NA	NA	NA	NA
NC_045512.2	27201	G	A	24519	9683	47	1	0	34	4.07731e-05	24526	1	FALSE	NA	NA	NA	NA	NA	NA
NC_045512.2	27201	G	-AT	24519	9683	47	1	0	20	4.07731e-05	24526	1	FALSE	NA	NA	NA	NA	NA	NA
NC_045512.2	27202	A	T	24825	9962	47	4	3	29	0.000161095	24830	1	FALSE	NA	NA	NA	NA	NA	NA
NC_045512.2	27202	A	C	24825	9962	47	1	1	27	4.02739e-05	24830	1	FALSE	NA	NA	NA	NA	NA	NA
NC_045512.2	27203	T	A	25150	10037	47	1	0	26	3.97599e-05	25151	1	FALSE	NA	NA	NA	NA	NA	NA
NC_045512.2	27204	G	T	25853	10260	47	2	2	23	7.73425e-05	25859	1	FALSE	NA	NA	NA	NA	NA	NA
NC_045512.2	27204	G	C	25853	10260	47	3	1	29	0.000116014	25859	1	FALSE	NA	NA	NA	NA	NA	NA
NC_045512.2	27204	G	A	25853	10260	47	1	0	68	3.86713e-05	25859	0.499961	FALSE	NA	NA	NA	NA	NA	NA
NC_045512.2	27205	T	G	25853	10184	47	3	3	29	0.000116018	25858	1	FALSE	NA	NA	NA	NA	NA	NA
NC_045512.2	27205	T	C	25853	10184	47	2	1	30	7.73455e-05	25858	1	FALSE	NA	NA	NA	NA	NA	NA
NC_045512.2	27206	T	G	25945	10402	48	1	1	26	3.85282e-05	25955	1	FALSE	NA	NA	NA	NA	NA	NA
NC_045512.2	27206	T	C	25945	10402	48	7	4	39	0.000269698	25955	0.999733	FALSE	NA	NA	NA	NA	NA	NA
NC_045512.2	27206	T	A	25945	10402	48	2	0	30	7.70564e-05	25955	1	FALSE	NA	NA	NA	NA	NA	NA
NC_045512.2	27208	C	G	25871	10326	47	3	2	24	0.000115924	25879	1	FALSE	NA	NA	NA	NA	NA	NA
NC_045512.2	27208	C	A	25871	10326	47	5	1	27	0.000193207	25879	1	FALSE	NA	NA	NA	NA	NA	NA
NC_045512.2	27209	A	C	25193	10523	47	6	1	30	0.000238105	25199	0.999904	FALSE	NA	NA	NA	NA	NA	NA
NC_045512.2	27210	T	A	25313	9718	46	7	4	24	0.000276461	25320	1	FALSE	NA	NA	NA	NA	NA	NA
NC_045512.2	27211	C	G	26122	10764	48	1	1	27	3.82746e-05	26127	1	FALSE	NA	NA	NA	NA	NA	NA
NC_045512.2	27211	C	A	26122	10764	48	4	3	34	0.000153098	26127	0.999996	FALSE	NA	NA	NA	NA	NA	NA
NC_045512.2	27212	T	C	26382	10879	49	5	5	27	0.00018948	26388	1	FALSE	NA	NA	NA	NA	NA	NA
NC_045512.2	27212	T	A	26382	10879	49	1	1	27	3.7896e-05	26388	1	FALSE	NA	NA	NA	NA	NA	NA
NC_045512.2	27213	C	G	26085	10742	48	7	5	26	0.000268271	26093	1	FALSE	NA	NA	NA	NA	NA	NA
NC_045512.2	27213	C	A	26085	10742	48	1	1	26	3.83245e-05	26093	1	FALSE	NA	NA	NA	NA	NA	NA
NC_045512.2	27214	G	T	26258	10813	48	3	2	27	0.000114233	26262	1	FALSE	NA	NA	NA	NA	NA	NA
NC_045512.2	27214	G	A	26258	10813	48	1	0	68	3.80778e-05	26262	0.499981	FALSE	NA	NA	NA	NA	NA	NA
NC_045512.2	27215	T	G	24724	9428	44	30	28	27	0.00121188	24755	1	FALSE	NA	NA	NA	NA	NA	NA
NC_045512.2	27215	T	A	24724	9428	44	1	0	34	4.03959e-05	24755	1	FALSE	NA	NA	NA	NA	NA	NA
NC_045512.2	27216	T	G	26529	11434	50	1	1	27	3.76932e-05	26530	1	FALSE	NA	NA	NA	NA	NA	NA
NC_045512.2	27217	G	T	26513	11330	49	2	1	23	7.54262e-05	26516	1	FALSE	NA	NA	NA	NA	NA	NA
NC_045512.2	27217	G	C	26513	11330	49	1	1	27	3.77131e-05	26516	1	FALSE	NA	NA	NA	NA	NA	NA
NC_045512.2	27218	A	T	27249	11517	48	3	3	26	0.000110055	27259	1	FALSE	NA	NA	NA	NA	NA	NA
NC_045512.2	27218	A	G	27249	11517	48	2	1	34	7.33703e-05	27259	1	FALSE	NA	NA	NA	NA	NA	NA
NC_045512.2	27218	A	C	27249	11517	48	5	0	28	0.000183426	27259	1	FALSE	NA	NA	NA	NA	NA	NA
NC_045512.2	27219	C	G	27725	11606	49	2	2	27	7.21293e-05	27728	1	FALSE	NA	NA	NA	NA	NA	NA
NC_045512.2	27219	C	A	27725	11606	49	1	1	27	3.60646e-05	27728	1	FALSE	NA	NA	NA	NA	NA	NA
NC_045512.2	27219	C	-T	27725	11606	49	1	0	20	3.60646e-05	27728	1	FALSE	NA	NA	NA	NA	NA	NA
NC_045512.2	27220	T	G	27672	11729	49	1	1	27	3.61324e-05	27676	1	FALSE	NA	NA	NA	NA	NA	NA
NC_045512.2	27220	T	A	27672	11729	49	3	0	27	0.000108397	27676	1	FALSE	NA	NA	NA	NA	NA	NA
NC_045512.2	27221	T	G	27734	11858	49	3	3	29	0.000108128	27745	1	FALSE	NA	NA	NA	NA	NA	NA
NC_045512.2	27221	T	C	27734	11858	49	5	2	43	0.000180213	27745	0.226474	FALSE	NA	NA	NA	NA	NA	NA
NC_045512.2	27221	T	A	27734	11858	49	3	0	29	0.000108128	27745	1	FALSE	NA	NA	NA	NA	NA	NA
NC_045512.2	27222	T	G	28122	12095	50	2	0	30	7.11086e-05	28126	1	FALSE	NA	NA	NA	NA	NA	NA
NC_045512.2	27222	T	C	28122	12095	50	2	1	47	7.11086e-05	28126	0.687493	FALSE	NA	NA	NA	NA	NA	NA
NC_045512.2	27223	C	T	27577	11824	49	1	1	60	3.62463e-05	27589	0.499909	FALSE	NA	NA	NA	NA	NA	NA
NC_045512.2	27223	C	G	27577	11824	49	7	4	27	0.000253724	27589	1	FALSE	NA	NA	NA	NA	NA	NA
NC_045512.2	27223	C	A	27577	11824	49	4	1	27	0.000144985	27589	1	FALSE	NA	NA	NA	NA	NA	NA
NC_045512.2	27224	A	T	26951	12029	48	1	1	26	3.70714e-05	26975	1	FALSE	NA	NA	NA	NA	NA	NA
NC_045512.2	27224	A	G	26951	12029	48	8	3	35	0.000296571	26975	0.999588	FALSE	NA	NA	NA	NA	NA	NA
NC_045512.2	27224	A	C	26951	12029	48	15	0	27	0.00055607	26975	1	FALSE	NA	NA	NA	NA	NA	NA
NC_045512.2	27225	G	T	29155	11969	48	8	8	24	0.000274283	29167	1	FALSE	NA	NA	NA	NA	NA	NA
NC_045512.2	27225	G	C	29155	11969	48	1	0	34	3.42853e-05	29167	1	FALSE	NA	NA	NA	NA	NA	NA
NC_045512.2	27225	G	A	29155	11969	48	3	1	34	0.000102856	29167	1	FALSE	NA	NA	NA	NA	NA	NA
NC_045512.2	27226	G	C	29433	12343	49	3	3	31	0.000101909	29438	1	FALSE	NA	NA	NA	NA	NA	NA
NC_045512.2	27226	G	A	29433	12343	49	2	1	51	6.79394e-05	29438	0.249979	FALSE	NA	NA	NA	NA	NA	NA
NC_045512.2	27227	T	G	29404	12653	50	1	1	26	3.40044e-05	29408	1	FALSE	NA	NA	NA	NA	NA	NA
NC_045512.2	27227	T	C	29404	12653	50	2	2	23	6.80087e-05	29408	1	FALSE	NA	NA	NA	NA	NA	NA
NC_045512.2	27227	T	A	29404	12653	50	1	1	26	3.40044e-05	29408	1	FALSE	NA	NA	NA	NA	NA	NA
NC_045512.2	27228	T	A	29807	13087	51	3	1	29	0.000100637	29810	1	FALSE	NA	NA	NA	NA	NA	NA
NC_045512.2	27229	A	T	29751	13112	49	5	2	27	0.000168016	29759	1	FALSE	NA	NA	NA	NA	NA	NA
NC_045512.2	27229	A	G	29751	13112	49	3	0	31	0.00010081	29759	1	FALSE	NA	NA	NA	NA	NA	NA
NC_045512.2	27230	C	G	34111	14280	50	1	1	27	2.93143e-05	34113	1	FALSE	NA	NA	NA	NA	NA	NA
NC_045512.2	27230	C	A	34111	14280	50	1	0	26	2.93143e-05	34113	1	FALSE	NA	NA	NA	NA	NA	NA
NC_045512.2	27231	T	G	34131	14209	50	2	1	26	5.85926e-05	34134	1	FALSE	NA	NA	NA	NA	NA	NA
NC_045512.2	27231	T	C	34131	14209	50	1	0	46	2.92963e-05	34134	0.937502	FALSE	NA	NA	NA	NA	NA	NA
NC_045512.2	27232	A	T	34337	14492	50	1	0	34	2.91214e-05	34339	1	FALSE	NA	NA	NA	NA	NA	NA
NC_045512.2	27232	A	C	34337	14492	50	1	0	27	2.91214e-05	34339	1	FALSE	NA	NA	NA	NA	NA	NA
NC_045512.2	27233	T	G	34597	14509	50	1	0	27	2.88984e-05	34604	1	FALSE	NA	NA	NA	NA	NA	NA
NC_045512.2	27233	T	C	34597	14509	50	2	1	46	5.77968e-05	34604	0.812473	FALSE	NA	NA	NA	NA	NA	NA
NC_045512.2	27233	T	A	34597	14509	50	4	3	43	0.000115594	34604	0.499968	FALSE	NA	NA	NA	NA	NA	NA
NC_045512.2	27234	A	G	33978	14176	50	1	1	68	2.94282e-05	33981	0.499993	FALSE	NA	NA	NA	NA	NA	NA
NC_045512.2	27234	A	C	33978	14176	50	2	0	47	5.88564e-05	33981	0.812509	FALSE	NA	NA	NA	NA	NA	NA
NC_045512.2	27235	G	T	34367	13939	49	10	9	26	0.000290858	34381	1	FALSE	NA	NA	NA	NA	NA	NA
NC_045512.2	27235	G	C	34367	13939	49	2	0	23	5.81717e-05	34381	1	FALSE	NA	NA	NA	NA	NA	NA
NC_045512.2	27235	G	A	34367	13939	49	2	0	51	5.81717e-05	34381	0.249916	FALSE	NA	NA	NA	NA	NA	NA
NC_045512.2	27236	C	T	34378	14350	49	2	1	34	5.81531e-05	34392	1	FALSE	NA	NA	NA	NA	NA	NA
NC_045512.2	27236	C	G	34378	14350	49	7	6	27	0.000203536	34392	1	FALSE	NA	NA	NA	NA	NA	NA
NC_045512.2	27236	C	A	34378	14350	49	5	0	25	0.000145383	34392	1	FALSE	NA	NA	NA	NA	NA	NA
NC_045512.2	27237	A	T	34666	14517	50	2	0	26	5.76801e-05	34674	1	FALSE	NA	NA	NA	NA	NA	NA
NC_045512.2	27237	A	G	34666	14517	50	2	1	29	5.76801e-05	34674	1	FALSE	NA	NA	NA	NA	NA	NA
NC_045512.2	27237	A	C	34666	14517	50	4	1	27	0.00011536	34674	1	FALSE	NA	NA	NA	NA	NA	NA
NC_045512.2	27238	G	T	34657	14441	50	1	1	34	2.88517e-05	34660	1	FALSE	NA	NA	NA	NA	NA	NA
NC_045512.2	27238	G	C	34657	14441	50	2	0	23	5.77034e-05	34660	1	FALSE	NA	NA	NA	NA	NA	NA
NC_045512.2	27239	A	T	34069	13740	51	1	0	34	2.93505e-05	34071	1	FALSE	NA	NA	NA	NA	NA	NA
NC_045512.2	27239	A	G	34069	13740	51	1	0	34	2.93505e-05	34071	1	FALSE	NA	NA	NA	NA	NA	NA
NC_045512.2	27240	G	T	34978	13818	51	2	2	51	5.71706e-05	34983	0.249982	FALSE	NA	NA	NA	NA	NA	NA
NC_045512.2	27240	G	C	34978	13818	51	2	0	26	5.71706e-05	34983	1	FALSE	NA	NA	NA	NA	NA	NA
NC_045512.2	27240	G	A	34978	13818	51	1	0	34	2.85853e-05	34983	1	FALSE	NA	NA	NA	NA	NA	NA
NC_045512.2	27241	A	T	34098	14286	50	5	0	27	0.000146602	34106	1	FALSE	NA	NA	NA	NA	NA	NA
NC_045512.2	27241	A	G	34098	14286	50	3	0	44	8.79611e-05	34106	0.656202	FALSE	NA	NA	NA	NA	NA	NA
NC_045512.2	27242	T	C	34825	13935	50	1	0	46	2.87092e-05	34832	0.937487	FALSE	NA	NA	NA	NA	NA	NA
NC_045512.2	27242	T	A	34825	13935	50	6	6	24	0.000172255	34832	1	FALSE	NA	NA	NA	NA	NA	NA
NC_045512.2	27243	A	T	34546	14284	50	2	1	30	5.78821e-05	34553	1	FALSE	NA	NA	NA	NA	NA	NA
NC_045512.2	27243	A	G	34546	14284	50	1	0	34	2.8941e-05	34553	1	FALSE	NA	NA	NA	NA	NA	NA
NC_045512.2	27243	A	C	34546	14284	50	4	4	28	0.000115764	34553	1	FALSE	NA	NA	NA	NA	NA	NA
NC_045512.2	27244	T	G	35114	14007	50	3	1	26	8.54141e-05	35123	1	FALSE	NA	NA	NA	NA	NA	NA
NC_045512.2	27244	T	C	35114	14007	50	1	1	27	2.84714e-05	35123	1	FALSE	NA	NA	NA	NA	NA	NA
NC_045512.2	27244	T	A	35114	14007	50	5	5	26	0.000142357	35123	1	FALSE	NA	NA	NA	NA	NA	NA
NC_045512.2	27245	T	C	35297	14223	51	2	1	47	5.66588e-05	35299	0.812518	FALSE	NA	NA	NA	NA	NA	NA
NC_045512.2	27246	A	T	35206	13971	50	5	1	28	0.000141997	35212	1	FALSE	NA	NA	NA	NA	NA	NA
NC_045512.2	27246	A	C	35206	13971	50	1	1	27	2.83994e-05	35212	1	FALSE	NA	NA	NA	NA	NA	NA
NC_045512.2	27247	C	T	35093	14297	51	3	2	40	8.54628e-05	35103	0.656177	FALSE	NA	NA	NA	NA	NA	NA
NC_045512.2	27247	C	G	35093	14297	51	1	1	20	2.84876e-05	35103	1	FALSE	NA	NA	NA	NA	NA	NA
NC_045512.2	27247	C	A	35093	14297	51	6	1	27	0.000170926	35103	1	FALSE	NA	NA	NA	NA	NA	NA
NC_045512.2	27248	T	C	35237	14068	51	7	6	40	0.00019861	35245	0.171858	FALSE	NA	NA	NA	NA	NA	NA
NC_045512.2	27248	T	A	35237	14068	51	1	0	26	2.83728e-05	35245	1	FALSE	NA	NA	NA	NA	NA	NA
NC_045512.2	27249	A	T	35099	13764	51	3	3	26	8.54603e-05	35104	1	FALSE	NA	NA	NA	NA	NA	NA
NC_045512.2	27249	A	G	35099	13764	51	1	0	34	2.84868e-05	35104	1	FALSE	NA	NA	NA	NA	NA	NA
NC_045512.2	27249	A	C	35099	13764	51	1	0	26	2.84868e-05	35104	1	FALSE	NA	NA	NA	NA	NA	NA
NC_045512.2	27250	A	T	33960	13949	49	1	1	26	2.94395e-05	33968	1	FALSE	NA	NA	NA	NA	NA	NA
NC_045512.2	27250	A	G	33960	13949	49	3	1	43	8.83184e-05	33968	0.656202	FALSE	NA	NA	NA	NA	NA	NA
NC_045512.2	27250	A	C	33960	13949	49	4	1	26	0.000117758	33968	1	FALSE	NA	NA	NA	NA	NA	NA
NC_045512.2	27251	T	G	35239	13867	50	2	1	30	5.67408e-05	35248	1	FALSE	NA	NA	NA	NA	NA	NA
NC_045512.2	27251	T	C	35239	13867	50	1	1	68	2.83704e-05	35248	0.49995	FALSE	NA	NA	NA	NA	NA	NA
NC_045512.2	27251	T	A	35239	13867	50	6	3	35	0.000170222	35248	1	FALSE	NA	NA	NA	NA	NA	NA
NC_045512.2	27252	T	C	34848	13899	50	2	1	47	5.73789e-05	34856	0.812464	FALSE	NA	NA	NA	NA	NA	NA
NC_045512.2	27252	T	A	34848	13899	50	6	2	26	0.000172137	34856	1	FALSE	NA	NA	NA	NA	NA	NA
NC_045512.2	27253	A	T	35884	14253	51	1	1	26	2.78652e-05	35887	1	FALSE	NA	NA	NA	NA	NA	NA
NC_045512.2	27253	A	G	35884	14253	51	1	0	34	2.78652e-05	35887	1	FALSE	NA	NA	NA	NA	NA	NA
NC_045512.2	27253	A	C	35884	14253	51	1	1	27	2.78652e-05	35887	1	FALSE	NA	NA	NA	NA	NA	NA
NC_045512.2	27254	T	G	35528	13862	50	1	1	34	2.81436e-05	35532	1	FALSE	NA	NA	NA	NA	NA	NA
NC_045512.2	27254	T	A	35528	13862	50	3	3	26	8.44309e-05	35532	1	FALSE	NA	NA	NA	NA	NA	NA
NC_045512.2	27255	T	G	35850	14271	51	1	1	27	2.7887e-05	35859	1	FALSE	NA	NA	NA	NA	NA	NA
NC_045512.2	27255	T	C	35850	14271	51	7	6	26	0.000195209	35859	1	FALSE	NA	NA	NA	NA	NA	NA
NC_045512.2	27255	T	A	35850	14271	51	1	1	27	2.7887e-05	35859	1	FALSE	NA	NA	NA	NA	NA	NA
NC_045512.2	27256	A	G	36001	14516	51	3	1	30	8.33125e-05	36009	1	FALSE	NA	NA	NA	NA	NA	NA
NC_045512.2	27256	A	C	36001	14516	51	5	3	29	0.000138854	36009	1	FALSE	NA	NA	NA	NA	NA	NA
NC_045512.2	27257	T	G	35981	14367	51	4	2	27	0.000111148	35988	1	FALSE	NA	NA	NA	NA	NA	NA
NC_045512.2	27257	T	C	35981	14367	51	2	0	51	5.55741e-05	35988	0.249969	FALSE	NA	NA	NA	NA	NA	NA
NC_045512.2	27257	T	A	35981	14367	51	1	0	34	2.7787e-05	35988	1	FALSE	NA	NA	NA	NA	NA	NA
NC_045512.2	27258	G	C	35970	14572	51	5	2	35	0.000138985	35975	1	FALSE	NA	NA	NA	NA	NA	NA
NC_045512.2	27259	A	G	27026	10389	53	3	0	31	8.33171e-05	36007	1	FALSE	NA	NA	NA	NA	NA	NA
NC_045512.2	27259	A	C	27026	10389	53	8978	4243	48	0.24934	36007	0	TRUE	NA	NA	NA	NA	NA	NA
NC_045512.2	27260	G	T	35704	13932	49	1	1	26	2.80065e-05	35706	1	FALSE	NA	NA	NA	NA	NA	NA
NC_045512.2	27260	G	C	35704	13932	49	1	1	27	2.80065e-05	35706	1	FALSE	NA	NA	NA	NA	NA	NA
NC_045512.2	27261	G	T	35919	14470	51	1	0	34	2.78365e-05	35924	1	FALSE	NA	NA	NA	NA	NA	NA
NC_045512.2	27261	G	C	35919	14470	51	3	1	30	8.35096e-05	35924	1	FALSE	NA	NA	NA	NA	NA	NA
NC_045512.2	27261	G	A	35919	14470	51	1	0	34	2.78365e-05	35924	1	FALSE	NA	NA	NA	NA	NA	NA
NC_045512.2	27262	A	T	35798	14576	51	1	0	34	2.79322e-05	35801	1	FALSE	NA	NA	NA	NA	NA	NA
NC_045512.2	27262	A	G	35798	14576	51	1	1	46	2.79322e-05	35801	0.937502	FALSE	NA	NA	NA	NA	NA	NA
NC_045512.2	27262	A	C	35798	14576	51	1	0	26	2.79322e-05	35801	1	FALSE	NA	NA	NA	NA	NA	NA
NC_045512.2	27263	C	T	39845	15403	51	2	2	46	5.01895e-05	39849	0.8125	FALSE	NA	NA	NA	NA	NA	NA
NC_045512.2	27263	C	A	39845	15403	51	2	1	29	5.01895e-05	39849	1	FALSE	NA	NA	NA	NA	NA	NA
NC_045512.2	27263	C	-T	39845	15403	51	1	0	20	2.50947e-05	39849	1	FALSE	NA	NA	NA	NA	NA	NA
NC_045512.2	27264	T	G	39315	14708	49	7	7	28	0.00017799	39328	1	FALSE	NA	NA	NA	NA	NA	NA
NC_045512.2	27264	T	C	39315	14708	49	4	3	59	0.000101709	39328	0.0624635	FALSE	NA	NA	NA	NA	NA	NA
NC_045512.2	27264	T	A	39315	14708	49	2	1	26	5.08544e-05	39328	1	FALSE	NA	NA	NA	NA	NA	NA
NC_045512.2	27264	T	+GG	39315	14708	49	1	0	20	2.54259e-05	39330	1	FALSE	NA	NA	NA	NA	NA	NA
NC_045512.2	27265	T	G	38795	14225	47	15	15	27	0.000386458	38814	1	FALSE	NA	NA	NA	NA	NA	NA
NC_045512.2	27265	T	C	38795	14225	47	3	2	56	7.72917e-05	38814	0.124923	FALSE	NA	NA	NA	NA	NA	NA
NC_045512.2	27265	T	A	38795	14225	47	1	0	27	2.57639e-05	38814	1	FALSE	NA	NA	NA	NA	NA	NA
NC_045512.2	27266	T	G	39416	14972	50	8	8	28	0.000202907	39427	1	FALSE	NA	NA	NA	NA	NA	NA
NC_045512.2	27266	T	C	39416	14972	50	2	1	46	5.07267e-05	39427	0.812445	FALSE	NA	NA	NA	NA	NA	NA
NC_045512.2	27266	T	A	39416	14972	50	1	0	26	2.53633e-05	39427	1	FALSE	NA	NA	NA	NA	NA	NA
NC_045512.2	27267	T	G	39621	15430	51	3	0	31	7.5706e-05	39627	1	FALSE	NA	NA	NA	NA	NA	NA
NC_045512.2	27267	T	C	39621	15430	51	2	2	47	5.04706e-05	39627	0.812484	FALSE	NA	NA	NA	NA	NA	NA
NC_045512.2	27267	T	A	39621	15430	51	1	0	34	2.52353e-05	39627	1	FALSE	NA	NA	NA	NA	NA	NA
NC_045512.2	27267	T	-AA	39621	15430	51	1	0	20	2.52353e-05	39627	1	FALSE	NA	NA	NA	NA	NA	NA
NC_045512.2	27268	A	G	39892	15585	51	2	0	43	5.01291e-05	39897	0.812484	FALSE	NA	NA	NA	NA	NA	NA
NC_045512.2	27268	A	C	39892	15585	51	3	2	35	7.51936e-05	39897	1	FALSE	NA	NA	NA	NA	NA	NA
NC_045512.2	27269	A	T	38673	15512	49	2	2	23	5.17076e-05	38679	1	FALSE	NA	NA	NA	NA	NA	NA
NC_045512.2	27269	A	G	38673	15512	49	2	1	51	5.17076e-05	38679	0.249971	FALSE	NA	NA	NA	NA	NA	NA
NC_045512.2	27269	A	C	38673	15512	49	2	0	23	5.17076e-05	38679	1	FALSE	NA	NA	NA	NA	NA	NA
NC_045512.2	27270	A	T	38784	15683	50	1	0	27	2.57785e-05	38792	1	FALSE	NA	NA	NA	NA	NA	NA
NC_045512.2	27270	A	G	38784	15683	50	2	1	29	5.1557e-05	38792	1	FALSE	NA	NA	NA	NA	NA	NA
NC_045512.2	27270	A	C	38784	15683	50	5	2	26	0.000128893	38792	1	FALSE	NA	NA	NA	NA	NA	NA
NC_045512.2	27271	G	T	39777	15686	51	1	1	68	2.51376e-05	39781	0.499987	FALSE	NA	NA	NA	NA	NA	NA
NC_045512.2	27271	G	C	39777	15686	51	3	0	29	7.54129e-05	39781	1	FALSE	NA	NA	NA	NA	NA	NA
NC_045512.2	27271	G	-T	39777	15686	51	2	0	20	5.02753e-05	39781	1	FALSE	NA	NA	NA	NA	NA	NA
NC_045512.2	27272	T	G	37005	13539	49	7	7	26	0.000189118	37014	1	FALSE	NA	NA	NA	NA	NA	NA
NC_045512.2	27272	T	A	37005	13539	49	2	0	27	5.40336e-05	37014	1	FALSE	NA	NA	NA	NA	NA	NA
NC_045512.2	27273	T	G	37806	14381	52	2	0	34	5.28891e-05	37815	1	FALSE	NA	NA	NA	NA	NA	NA
NC_045512.2	27273	T	C	37806	14381	52	5	1	46	0.000132223	37815	0.363231	FALSE	NA	NA	NA	NA	NA	NA
NC_045512.2	27273	T	A	37806	14381	52	2	2	27	5.28891e-05	37815	1	FALSE	NA	NA	NA	NA	NA	NA
NC_045512.2	27274	T	G	37914	14496	52	1	0	24	2.63727e-05	37918	1	FALSE	NA	NA	NA	NA	NA	NA
NC_045512.2	27274	T	C	37914	14496	52	2	1	34	5.27454e-05	37918	1	FALSE	NA	NA	NA	NA	NA	NA
NC_045512.2	27274	T	A	37914	14496	52	1	1	27	2.63727e-05	37918	1	FALSE	NA	NA	NA	NA	NA	NA
NC_045512.2	27275	C	T	37573	14356	51	1	0	34	2.66113e-05	37578	1	FALSE	NA	NA	NA	NA	NA	NA
NC_045512.2	27275	C	G	37573	14356	51	1	0	27	2.66113e-05	37578	1	FALSE	NA	NA	NA	NA	NA	NA
NC_045512.2	27275	C	A	37573	14356	51	3	0	40	7.98339e-05	37578	0.656244	FALSE	NA	NA	NA	NA	NA	NA
NC_045512.2	27276	C	T	37667	14654	52	1	1	34	2.65477e-05	37668	1	FALSE	NA	NA	NA	NA	NA	NA
NC_045512.2	27277	A	T	36812	15284	52	1	0	34	2.71496e-05	36833	1	FALSE	NA	NA	NA	NA	NA	NA
NC_045512.2	27277	A	G	36812	15284	52	3	0	34	8.14487e-05	36833	1	FALSE	NA	NA	NA	NA	NA	NA
NC_045512.2	27277	A	C	36812	15284	52	17	0	26	0.000461543	36833	1	FALSE	NA	NA	NA	NA	NA	NA
NC_045512.2	27278	T	G	37478	15172	52	2	2	27	5.33604e-05	37481	1	FALSE	NA	NA	NA	NA	NA	NA
NC_045512.2	27278	T	C	37478	15172	52	1	1	27	2.66802e-05	37481	1	FALSE	NA	NA	NA	NA	NA	NA
NC_045512.2	27279	T	G	37742	15243	52	6	6	28	0.000158928	37753	1	FALSE	NA	NA	NA	NA	NA	NA
NC_045512.2	27279	T	C	37742	15243	52	2	1	30	5.29759e-05	37753	1	FALSE	NA	NA	NA	NA	NA	NA
NC_045512.2	27279	T	A	37742	15243	52	3	1	31	7.94639e-05	37753	1	FALSE	NA	NA	NA	NA	NA	NA
NC_045512.2	27280	T	G	38209	15572	54	7	0	27	0.000183145	38221	1	FALSE	NA	NA	NA	NA	NA	NA
NC_045512.2	27280	T	C	38209	15572	54	2	0	34	5.23273e-05	38221	1	FALSE	NA	NA	NA	NA	NA	NA
NC_045512.2	27280	T	A	38209	15572	54	3	0	40	7.84909e-05	38221	0.656158	FALSE	NA	NA	NA	NA	NA	NA
NC_045512.2	27281	G	T	38021	15357	53	8	8	30	0.000210355	38031	0.999999	FALSE	NA	NA	NA	NA	NA	NA
NC_045512.2	27281	G	C	38021	15357	53	1	1	34	2.62943e-05	38031	1	FALSE	NA	NA	NA	NA	NA	NA
NC_045512.2	27281	G	A	38021	15357	53	1	0	34	2.62943e-05	38031	1	FALSE	NA	NA	NA	NA	NA	NA
NC_045512.2	27283	A	T	38008	15655	53	2	1	26	5.2608e-05	38017	1	FALSE	NA	NA	NA	NA	NA	NA
NC_045512.2	27283	A	G	38008	15655	53	3	1	43	7.89121e-05	38017	0.656195	FALSE	NA	NA	NA	NA	NA	NA
NC_045512.2	27283	A	C	38008	15655	53	4	1	32	0.000105216	38017	1	FALSE	NA	NA	NA	NA	NA	NA
NC_045512.2	27284	A	T	38225	15935	53	1	0	34	2.61568e-05	38231	1	FALSE	NA	NA	NA	NA	NA	NA
NC_045512.2	27284	A	G	38225	15935	53	3	1	60	7.84704e-05	38231	0.124985	FALSE	NA	NA	NA	NA	NA	NA
NC_045512.2	27284	A	C	38225	15935	53	2	1	27	5.23136e-05	38231	1	FALSE	NA	NA	NA	NA	NA	NA
NC_045512.2	27285	T	G	38141	15386	50	1	0	27	2.62158e-05	38145	1	FALSE	NA	NA	NA	NA	NA	NA
NC_045512.2	27285	T	C	38141	15386	50	1	1	27	2.62158e-05	38145	1	FALSE	NA	NA	NA	NA	NA	NA
NC_045512.2	27285	T	A	38141	15386	50	2	0	23	5.24315e-05	38145	1	FALSE	NA	NA	NA	NA	NA	NA
NC_045512.2	27286	C	A	38779	16179	53	2	1	26	5.15716e-05	38781	1	FALSE	NA	NA	NA	NA	NA	NA
NC_045512.2	27287	T	G	38931	16201	53	4	4	28	0.000102733	38936	1	FALSE	NA	NA	NA	NA	NA	NA
NC_045512.2	27287	T	C	38931	16201	53	1	0	34	2.56832e-05	38936	1	FALSE	NA	NA	NA	NA	NA	NA
NC_045512.2	27288	T	G	39307	16611	53	2	1	27	5.08738e-05	39313	1	FALSE	NA	NA	NA	NA	NA	NA
NC_045512.2	27288	T	C	39307	16611	53	3	1	39	7.63106e-05	39313	1	FALSE	NA	NA	NA	NA	NA	NA
NC_045512.2	27288	T	A	39307	16611	53	1	1	34	2.54369e-05	39313	1	FALSE	NA	NA	NA	NA	NA	NA
NC_045512.2	27289	G	T	39454	16539	53	2	1	30	5.06868e-05	39458	1	FALSE	NA	NA	NA	NA	NA	NA
NC_045512.2	27289	G	C	39454	16539	53	1	1	20	2.53434e-05	39458	1	FALSE	NA	NA	NA	NA	NA	NA
NC_045512.2	27289	G	A	39454	16539	53	1	0	34	2.53434e-05	39458	1	FALSE	NA	NA	NA	NA	NA	NA
NC_045512.2	27290	A	T	39466	16867	54	1	0	26	2.53331e-05	39474	1	FALSE	NA	NA	NA	NA	NA	NA
NC_045512.2	27290	A	G	39466	16867	54	3	1	31	7.59994e-05	39474	1	FALSE	NA	NA	NA	NA	NA	NA
NC_045512.2	27290	A	C	39466	16867	54	4	1	23	0.000101333	39474	1	FALSE	NA	NA	NA	NA	NA	NA
NC_045512.2	27291	T	G	39243	16923	53	1	0	34	2.54764e-05	39252	1	FALSE	NA	NA	NA	NA	NA	NA
NC_045512.2	27291	T	C	39243	16923	53	5	2	37	0.000127382	39252	1	FALSE	NA	NA	NA	NA	NA	NA
NC_045512.2	27291	T	A	39243	16923	53	3	3	29	7.64292e-05	39252	1	FALSE	NA	NA	NA	NA	NA	NA
NC_045512.2	27292	T	G	39180	16761	52	5	5	26	0.000127587	39189	1	FALSE	NA	NA	NA	NA	NA	NA
NC_045512.2	27292	T	C	39180	16761	52	2	2	42	5.10347e-05	39189	0.81246	FALSE	NA	NA	NA	NA	NA	NA
NC_045512.2	27292	T	A	39180	16761	52	2	1	26	5.10347e-05	39189	1	FALSE	NA	NA	NA	NA	NA	NA
NC_045512.2	27293	A	T	38747	17175	53	3	1	29	7.74094e-05	38755	1	FALSE	NA	NA	NA	NA	NA	NA
NC_045512.2	27293	A	G	38747	17175	53	4	3	64	0.000103212	38755	0.0624855	FALSE	NA	NA	NA	NA	NA	NA
NC_045512.2	27293	A	C	38747	17175	53	1	1	34	2.58031e-05	38755	1	FALSE	NA	NA	NA	NA	NA	NA
NC_045512.2	27294	C	T	38561	17317	52	6	1	51	0.000155529	38578	0.0156098	FALSE	NA	NA	NA	NA	NA	NA
NC_045512.2	27294	C	G	38561	17317	52	8	0	34	0.000207372	38578	0.999999	FALSE	NA	NA	NA	NA	NA	NA
NC_045512.2	27294	C	A	38561	17317	52	3	1	31	7.77645e-05	38578	1	FALSE	NA	NA	NA	NA	NA	NA
NC_045512.2	27295	A	T	39475	17114	54	4	1	30	0.000101309	39483	1	FALSE	NA	NA	NA	NA	NA	NA
NC_045512.2	27295	A	G	39475	17114	54	3	1	38	7.59821e-05	39483	1	FALSE	NA	NA	NA	NA	NA	NA
NC_045512.2	27295	A	C	39475	17114	54	1	0	24	2.53274e-05	39483	1	FALSE	NA	NA	NA	NA	NA	NA
NC_045512.2	27295	A	+C	39475	17114	54	4	0	20	0.000101309	39483	1	FALSE	NA	NA	NA	NA	NA	NA
NC_045512.2	27296	T	C	42152	17375	52	6	4	50	0.000142322	42158	0.0156233	FALSE	NA	NA	NA	NA	NA	NA
NC_045512.2	27297	C	T	41333	17257	53	1	0	68	2.41879e-05	41343	0.499952	FALSE	NA	NA	NA	NA	NA	NA
NC_045512.2	27297	C	G	41333	17257	53	6	5	25	0.000145127	41343	1	FALSE	NA	NA	NA	NA	NA	NA
NC_045512.2	27297	C	A	41333	17257	53	3	0	43	7.25637e-05	41343	0.773388	FALSE	NA	NA	NA	NA	NA	NA
NC_045512.2	27298	A	G	41673	17425	54	2	0	34	4.79893e-05	41676	1	FALSE	NA	NA	NA	NA	NA	NA
NC_045512.2	27298	A	C	41673	17425	54	1	1	34	2.39946e-05	41676	1	FALSE	NA	NA	NA	NA	NA	NA
NC_045512.2	27299	T	G	41482	17424	53	2	2	23	4.82044e-05	41490	1	FALSE	NA	NA	NA	NA	NA	NA
NC_045512.2	27299	T	C	41482	17424	53	3	2	30	7.23066e-05	41490	1	FALSE	NA	NA	NA	NA	NA	NA
NC_045512.2	27299	T	A	41482	17424	53	3	0	29	7.23066e-05	41490	1	FALSE	NA	NA	NA	NA	NA	NA
NC_045512.2	27300	A	T	41489	17640	54	1	0	27	2.41016e-05	41491	1	FALSE	NA	NA	NA	NA	NA	NA
NC_045512.2	27300	A	G	41489	17640	54	1	1	34	2.41016e-05	41491	1	FALSE	NA	NA	NA	NA	NA	NA
NC_045512.2	27301	A	T	41254	17685	53	4	1	27	9.69415e-05	41262	1	FALSE	NA	NA	NA	NA	NA	NA
NC_045512.2	27301	A	G	41254	17685	53	2	1	25	4.84707e-05	41262	1	FALSE	NA	NA	NA	NA	NA	NA
NC_045512.2	27301	A	C	41254	17685	53	2	1	30	4.84707e-05	41262	1	FALSE	NA	NA	NA	NA	NA	NA
NC_045512.2	27302	A	T	36134	18352	47	3	2	29	8.28203e-05	36223	1	FALSE	NA	NA	NA	NA	NA	NA
NC_045512.2	27302	A	G	36134	18352	47	2	2	46	5.52135e-05	36223	0.811765	FALSE	NA	NA	NA	NA	NA	NA
NC_045512.2	27302	A	C	36134	18352	47	84	0	28	0.00231897	36223	1	FALSE	NA	NA	NA	NA	NA	NA
NC_045512.2	27303	C	T	41373	17613	52	1	0	34	2.41657e-05	41381	1	FALSE	NA	NA	NA	NA	NA	NA
NC_045512.2	27303	C	G	41373	17613	52	4	2	23	9.66627e-05	41381	1	FALSE	NA	NA	NA	NA	NA	NA
NC_045512.2	27303	C	A	41373	17613	52	3	0	31	7.2497e-05	41381	1	FALSE	NA	NA	NA	NA	NA	NA
NC_045512.2	27304	C	A	40386	17257	53	7	1	34	0.000173297	40393	1	FALSE	NA	NA	NA	NA	NA	NA
NC_045512.2	27305	T	G	38222	15618	53	1	0	68	2.61554e-05	38233	0.499941	FALSE	NA	NA	NA	NA	NA	NA
NC_045512.2	27305	T	C	38222	15618	53	7	4	57	0.000183088	38233	0.00780821	TRUE	NA	NA	NA	NA	NA	NA
NC_045512.2	27305	T	A	38222	15618	53	3	0	22	7.84662e-05	38233	1	FALSE	NA	NA	NA	NA	NA	NA
NC_045512.2	27306	C	T	37989	15448	53	1	1	68	2.63165e-05	37999	0.499947	FALSE	NA	NA	NA	NA	NA	NA
NC_045512.2	27306	C	G	37989	15448	53	6	5	28	0.000157899	37999	1	FALSE	NA	NA	NA	NA	NA	NA
NC_045512.2	27306	C	A	37989	15448	53	3	0	28	7.89494e-05	37999	1	FALSE	NA	NA	NA	NA	NA	NA
NC_045512.2	27307	A	T	38252	15692	54	1	1	60	2.6139e-05	38257	0.49998	FALSE	NA	NA	NA	NA	NA	NA
NC_045512.2	27307	A	G	38252	15692	54	1	0	24	2.6139e-05	38257	1	FALSE	NA	NA	NA	NA	NA	NA
NC_045512.2	27307	A	C	38252	15692	54	3	1	27	7.8417e-05	38257	1	FALSE	NA	NA	NA	NA	NA	NA
NC_045512.2	27308	T	C	38148	15667	54	3	2	34	7.86267e-05	38155	1	FALSE	NA	NA	NA	NA	NA	NA
NC_045512.2	27308	T	A	38148	15667	54	4	1	25	0.000104836	38155	1	FALSE	NA	NA	NA	NA	NA	NA
NC_045512.2	27309	A	T	38311	15998	54	3	3	29	7.82963e-05	38316	1	FALSE	NA	NA	NA	NA	NA	NA
NC_045512.2	27309	A	C	38311	15998	54	2	0	26	5.21975e-05	38316	1	FALSE	NA	NA	NA	NA	NA	NA
NC_045512.2	27310	A	T	38744	16548	55	2	0	26	5.16182e-05	38746	1	FALSE	NA	NA	NA	NA	NA	NA
NC_045512.2	27311	T	G	38268	16164	53	13	3	27	0.000339585	38282	1	FALSE	NA	NA	NA	NA	NA	NA
NC_045512.2	27311	T	A	38268	16164	53	1	0	27	2.61219e-05	38282	1	FALSE	NA	NA	NA	NA	NA	NA
NC_045512.2	27312	T	G	37881	16196	54	2	2	30	5.27844e-05	37890	1	FALSE	NA	NA	NA	NA	NA	NA
NC_045512.2	27312	T	C	37881	16196	54	2	2	30	5.27844e-05	37890	1	FALSE	NA	NA	NA	NA	NA	NA
NC_045512.2	27312	T	A	37881	16196	54	5	1	34	0.000131961	37890	1	FALSE	NA	NA	NA	NA	NA	NA
NC_045512.2	27312	T	-A	37881	16196	54	1	0	20	2.63922e-05	37890	1	FALSE	NA	NA	NA	NA	NA	NA
NC_045512.2	27313	A	G	37914	16143	54	2	0	51	5.27482e-05	37916	0.249997	FALSE	NA	NA	NA	NA	NA	NA
NC_045512.2	27314	A	T	36689	16322	52	1	1	20	2.72442e-05	36705	1	FALSE	NA	NA	NA	NA	NA	NA
NC_045512.2	27314	A	G	36689	16322	52	3	1	45	8.17327e-05	36705	0.656103	FALSE	NA	NA	NA	NA	NA	NA
NC_045512.2	27314	A	C	36689	16322	52	12	1	26	0.000326931	36705	1	FALSE	NA	NA	NA	NA	NA	NA
NC_045512.2	27315	A	T	38048	16502	55	2	1	30	5.25569e-05	38054	1	FALSE	NA	NA	NA	NA	NA	NA
NC_045512.2	27315	A	G	38048	16502	55	1	1	46	2.62784e-05	38054	0.937492	FALSE	NA	NA	NA	NA	NA	NA
NC_045512.2	27315	A	C	38048	16502	55	3	0	31	7.88353e-05	38054	1	FALSE	NA	NA	NA	NA	NA	NA
NC_045512.2	27316	A	T	37751	16459	54	3	2	28	7.94449e-05	37762	1	FALSE	NA	NA	NA	NA	NA	NA
NC_045512.2	27316	A	G	37751	16459	54	1	0	34	2.64816e-05	37762	1	FALSE	NA	NA	NA	NA	NA	NA
NC_045512.2	27316	A	C	37751	16459	54	7	0	28	0.000185372	37762	1	FALSE	NA	NA	NA	NA	NA	NA
NC_045512.2	27317	A	T	37293	16916	54	2	2	51	5.35963e-05	37316	0.249863	FALSE	NA	NA	NA	NA	NA	NA
NC_045512.2	27317	A	G	37293	16916	54	7	0	26	0.000187587	37316	1	FALSE	NA	NA	NA	NA	NA	NA
NC_045512.2	27317	A	C	37293	16916	54	14	0	28	0.000375174	37316	1	FALSE	NA	NA	NA	NA	NA	NA
NC_045512.2	27317	A	-T	37293	16916	54	1	0	20	2.67982e-05	37316	1	FALSE	NA	NA	NA	NA	NA	NA
NC_045512.2	27318	T	G	37561	16486	53	8	8	25	0.000212902	37576	1	FALSE	NA	NA	NA	NA	NA	NA
NC_045512.2	27318	T	C	37561	16486	53	2	1	40	5.32255e-05	37576	0.8124	FALSE	NA	NA	NA	NA	NA	NA
NC_045512.2	27318	T	A	37561	16486	53	5	0	26	0.000133064	37576	1	FALSE	NA	NA	NA	NA	NA	NA
NC_045512.2	27319	T	C	37883	17291	55	4	2	34	0.000105563	37892	1	FALSE	NA	NA	NA	NA	NA	NA
NC_045512.2	27319	T	A	37883	17291	55	5	2	25	0.000131954	37892	1	FALSE	NA	NA	NA	NA	NA	NA
NC_045512.2	27320	T	C	37797	17346	54	1	1	27	2.64543e-05	37801	1	FALSE	NA	NA	NA	NA	NA	NA
NC_045512.2	27320	T	A	37797	17346	54	3	0	23	7.9363e-05	37801	1	FALSE	NA	NA	NA	NA	NA	NA
NC_045512.2	27321	A	G	38259	17780	56	3	0	43	7.84006e-05	38265	0.656232	FALSE	NA	NA	NA	NA	NA	NA
NC_045512.2	27321	A	C	38259	17780	56	3	0	29	7.84006e-05	38265	1	FALSE	NA	NA	NA	NA	NA	NA
NC_045512.2	27321	A	-T	38259	17780	56	1	0	20	2.61335e-05	38265	1	FALSE	NA	NA	NA	NA	NA	NA
NC_045512.2	27322	T	G	38291	17678	55	9	0	27	0.000234975	38302	1	FALSE	NA	NA	NA	NA	NA	NA
NC_045512.2	27322	T	C	38291	17678	55	1	1	38	2.61083e-05	38302	1	FALSE	NA	NA	NA	NA	NA	NA
NC_045512.2	27322	T	A	38291	17678	55	1	0	27	2.61083e-05	38302	1	FALSE	NA	NA	NA	NA	NA	NA
NC_045512.2	27323	C	T	37976	17928	55	1	0	38	2.63255e-05	37986	1	FALSE	NA	NA	NA	NA	NA	NA
NC_045512.2	27323	C	G	37976	17928	55	1	1	27	2.63255e-05	37986	1	FALSE	NA	NA	NA	NA	NA	NA
NC_045512.2	27323	C	A	37976	17928	55	8	2	27	0.000210604	37986	1	FALSE	NA	NA	NA	NA	NA	NA
NC_045512.2	27324	T	G	38151	17597	56	4	3	25	0.000104825	38159	1	FALSE	NA	NA	NA	NA	NA	NA
NC_045512.2	27324	T	C	38151	17597	56	2	1	26	5.24123e-05	38159	1	FALSE	NA	NA	NA	NA	NA	NA
NC_045512.2	27324	T	A	38151	17597	56	2	0	47	5.24123e-05	38159	0.812467	FALSE	NA	NA	NA	NA	NA	NA
NC_045512.2	27325	A	T	38081	17678	55	4	4	28	0.000105006	38093	1	FALSE	NA	NA	NA	NA	NA	NA
NC_045512.2	27325	A	G	38081	17678	55	5	2	37	0.000131258	38093	1	FALSE	NA	NA	NA	NA	NA	NA
NC_045512.2	27325	A	C	38081	17678	55	3	0	27	7.87546e-05	38093	1	FALSE	NA	NA	NA	NA	NA	NA
NC_045512.2	27326	A	T	37802	17852	54	1	0	34	2.6448e-05	37810	1	FALSE	NA	NA	NA	NA	NA	NA
NC_045512.2	27326	A	G	37802	17852	54	2	0	26	5.28961e-05	37810	1	FALSE	NA	NA	NA	NA	NA	NA
NC_045512.2	27326	A	C	37802	17852	54	5	2	38	0.00013224	37810	1	FALSE	NA	NA	NA	NA	NA	NA
NC_045512.2	27327	G	T	40025	18336	55	3	1	29	7.49344e-05	40035	1	FALSE	NA	NA	NA	NA	NA	NA
NC_045512.2	27327	G	C	40025	18336	55	7	2	26	0.000174847	40035	1	FALSE	NA	NA	NA	NA	NA	NA
NC_045512.2	27328	T	G	40277	19305	55	1	1	27	2.48225e-05	40286	1	FALSE	NA	NA	NA	NA	NA	NA
NC_045512.2	27328	T	C	40277	19305	55	1	0	68	2.48225e-05	40286	0.499944	FALSE	NA	NA	NA	NA	NA	NA
NC_045512.2	27328	T	A	40277	19305	55	7	2	27	0.000173758	40286	1	FALSE	NA	NA	NA	NA	NA	NA
NC_045512.2	27329	C	A	41295	19797	56	3	0	26	7.26427e-05	41298	1	FALSE	NA	NA	NA	NA	NA	NA
NC_045512.2	27330	A	T	41259	19584	56	1	1	27	2.42342e-05	41264	1	FALSE	NA	NA	NA	NA	NA	NA
NC_045512.2	27330	A	G	41259	19584	56	3	1	58	7.27026e-05	41264	0.124991	FALSE	NA	NA	NA	NA	NA	NA
NC_045512.2	27330	A	C	41259	19584	56	1	0	26	2.42342e-05	41264	1	FALSE	NA	NA	NA	NA	NA	NA
NC_045512.2	27330	A	+T	41259	19584	56	1	0	20	2.42342e-05	41264	1	FALSE	NA	NA	NA	NA	NA	NA
NC_045512.2	27331	C	G	41136	20315	55	7	2	28	0.000170118	41148	1	FALSE	NA	NA	NA	NA	NA	NA
NC_045512.2	27331	C	A	41136	20315	55	5	1	23	0.000121513	41148	1	FALSE	NA	NA	NA	NA	NA	NA
NC_045512.2	27332	T	G	40910	20157	54	5	1	26	0.000122193	40919	1	FALSE	NA	NA	NA	NA	NA	NA
NC_045512.2	27332	T	C	40910	20157	54	1	0	68	2.44385e-05	40919	0.499957	FALSE	NA	NA	NA	NA	NA	NA
NC_045512.2	27332	T	A	40910	20157	54	3	0	24	7.33156e-05	40919	1	FALSE	NA	NA	NA	NA	NA	NA
NC_045512.2	27333	A	T	41228	20369	56	1	0	26	2.4253e-05	41232	1	FALSE	NA	NA	NA	NA	NA	NA
NC_045512.2	27333	A	G	41228	20369	56	3	1	54	7.2759e-05	41232	0.124995	FALSE	NA	NA	NA	NA	NA	NA
NC_045512.2	27334	A	C	40322	20759	53	5	0	25	0.000123986	40327	1	FALSE	NA	NA	NA	NA	NA	NA
NC_045512.2	27335	C	T	40730	21227	54	3	1	45	7.36178e-05	40751	0.773276	FALSE	NA	NA	NA	NA	NA	NA
NC_045512.2	27335	C	G	40730	21227	54	3	2	31	7.36178e-05	40751	1	FALSE	NA	NA	NA	NA	NA	NA
NC_045512.2	27335	C	A	40730	21227	54	15	2	27	0.000368089	40751	1	FALSE	NA	NA	NA	NA	NA	NA
NC_045512.2	27336	T	G	38560	18989	53	14	13	30	0.000362882	38580	0.999796	FALSE	NA	NA	NA	NA	NA	NA
NC_045512.2	27336	T	C	38560	18989	53	4	4	36	0.000103681	38580	1	FALSE	NA	NA	NA	NA	NA	NA
NC_045512.2	27336	T	A	38560	18989	53	2	1	30	5.18403e-05	38580	1	FALSE	NA	NA	NA	NA	NA	NA
NC_045512.2	27337	G	T	39056	19865	54	1	1	34	2.55912e-05	39076	1	FALSE	NA	NA	NA	NA	NA	NA
NC_045512.2	27337	G	C	39056	19865	54	16	2	26	0.000409458	39076	1	FALSE	NA	NA	NA	NA	NA	NA
NC_045512.2	27337	G	A	39056	19865	54	3	1	50	7.67735e-05	39076	0.124918	FALSE	NA	NA	NA	NA	NA	NA
NC_045512.2	27337	G	+C	39056	19865	54	1	0	20	2.55912e-05	39076	1	FALSE	NA	NA	NA	NA	NA	NA
NC_045512.2	27338	A	T	38606	19467	56	1	1	27	2.59007e-05	38609	1	FALSE	NA	NA	NA	NA	NA	NA
NC_045512.2	27338	A	G	38606	19467	56	2	1	47	5.18014e-05	38609	0.812508	FALSE	NA	NA	NA	NA	NA	NA
NC_045512.2	27339	G	T	39943	20179	54	5	4	36	0.000125153	39951	1	FALSE	NA	NA	NA	NA	NA	NA
NC_045512.2	27339	G	C	39943	20179	54	2	0	26	5.00613e-05	39951	1	FALSE	NA	NA	NA	NA	NA	NA
NC_045512.2	27339	G	A	39943	20179	54	1	0	46	2.50307e-05	39951	0.937486	FALSE	NA	NA	NA	NA	NA	NA
NC_045512.2	27340	A	T	39688	20255	53	3	3	26	7.55801e-05	39693	1	FALSE	NA	NA	NA	NA	NA	NA
NC_045512.2	27340	A	G	39688	20255	53	2	1	68	5.03867e-05	39693	0.249984	FALSE	NA	NA	NA	NA	NA	NA
NC_045512.2	27340	A	-AT	39688	20255	53	1	0	20	2.51934e-05	39693	1	FALSE	NA	NA	NA	NA	NA	NA
NC_045512.2	27341	A	T	39789	20751	53	1	1	34	2.51212e-05	39807	1	FALSE	NA	NA	NA	NA	NA	NA
NC_045512.2	27341	A	G	39789	20751	53	4	2	41	0.000100485	39807	0.499808	FALSE	NA	NA	NA	NA	NA	NA
NC_045512.2	27341	A	C	39789	20751	53	13	1	28	0.000326576	39807	1	FALSE	NA	NA	NA	NA	NA	NA
NC_045512.2	27342	T	G	40338	20621	53	3	2	26	7.43605e-05	40344	1	FALSE	NA	NA	NA	NA	NA	NA
NC_045512.2	27342	T	C	40338	20621	53	1	1	68	2.47868e-05	40344	0.499969	FALSE	NA	NA	NA	NA	NA	NA
NC_045512.2	27342	T	A	40338	20621	53	2	0	23	4.95737e-05	40344	1	FALSE	NA	NA	NA	NA	NA	NA
NC_045512.2	27343	A	T	39709	20781	52	5	2	32	0.000125891	39717	1	FALSE	NA	NA	NA	NA	NA	NA
NC_045512.2	27343	A	G	39709	20781	52	2	1	34	5.03563e-05	39717	1	FALSE	NA	NA	NA	NA	NA	NA
NC_045512.2	27343	A	C	39709	20781	52	1	1	34	2.51781e-05	39717	1	FALSE	NA	NA	NA	NA	NA	NA
NC_045512.2	27344	A	T	40064	20726	53	10	2	46	0.000249532	40075	0.0897637	FALSE	NA	NA	NA	NA	NA	NA
NC_045512.2	27344	A	C	40064	20726	53	1	0	27	2.49532e-05	40075	1	FALSE	NA	NA	NA	NA	NA	NA
NC_045512.2	27345	A	T	39371	21050	52	10	3	47	0.000253743	39410	0.0460054	FALSE	NA	NA	NA	NA	NA	NA
NC_045512.2	27345	A	G	39371	21050	52	4	3	40	0.000101497	39410	0.499528	FALSE	NA	NA	NA	NA	NA	NA
NC_045512.2	27345	A	C	39371	21050	52	25	2	27	0.000634357	39410	1	FALSE	NA	NA	NA	NA	NA	NA
NC_045512.2	27346	T	C	40045	20506	53	1	0	68	2.49694e-05	40049	0.499988	FALSE	NA	NA	NA	NA	NA	NA
NC_045512.2	27346	T	A	40045	20506	53	3	0	24	7.49082e-05	40049	1	FALSE	NA	NA	NA	NA	NA	NA
NC_045512.2	27347	A	T	39703	21043	52	2	0	27	5.0369e-05	39707	1	FALSE	NA	NA	NA	NA	NA	NA
NC_045512.2	27347	A	G	39703	21043	52	1	0	27	2.51845e-05	39707	1	FALSE	NA	NA	NA	NA	NA	NA
NC_045512.2	27347	A	C	39703	21043	52	1	1	27	2.51845e-05	39707	1	FALSE	NA	NA	NA	NA	NA	NA
NC_045512.2	27348	T	G	38499	19694	53	5	5	26	0.00012984	38509	1	FALSE	NA	NA	NA	NA	NA	NA
NC_045512.2	27348	T	C	38499	19694	53	2	2	34	5.19359e-05	38509	1	FALSE	NA	NA	NA	NA	NA	NA
NC_045512.2	27348	T	A	38499	19694	53	3	0	26	7.79039e-05	38509	1	FALSE	NA	NA	NA	NA	NA	NA
NC_045512.2	27349	T	A	37552	19106	51	13	1	25	0.000346067	37565	1	FALSE	NA	NA	NA	NA	NA	NA
NC_045512.2	27350	C	T	38001	20063	52	1	0	68	2.63082e-05	38011	0.499947	FALSE	NA	NA	NA	NA	NA	NA
NC_045512.2	27350	C	G	38001	20063	52	2	0	30	5.26163e-05	38011	1	FALSE	NA	NA	NA	NA	NA	NA
NC_045512.2	27350	C	A	38001	20063	52	7	3	30	0.000184157	38011	1	FALSE	NA	NA	NA	NA	NA	NA
NC_045512.2	27351	T	G	37777	19515	53	1	1	26	2.64683e-05	37781	1	FALSE	NA	NA	NA	NA	NA	NA
NC_045512.2	27351	T	C	37777	19515	53	2	0	53	5.29367e-05	37781	0.24999	FALSE	NA	NA	NA	NA	NA	NA
NC_045512.2	27351	T	A	37777	19515	53	1	0	27	2.64683e-05	37781	1	FALSE	NA	NA	NA	NA	NA	NA
NC_045512.2	27352	C	T	38587	19831	53	1	0	68	2.59121e-05	38592	0.499981	FALSE	NA	NA	NA	NA	NA	NA
NC_045512.2	27352	C	G	38587	19831	53	3	3	26	7.77363e-05	38592	1	FALSE	NA	NA	NA	NA	NA	NA
NC_045512.2	27352	C	A	38587	19831	53	1	0	34	2.59121e-05	38592	1	FALSE	NA	NA	NA	NA	NA	NA
NC_045512.2	27353	A	G	37607	19769	52	1	0	27	2.65851e-05	37615	1	FALSE	NA	NA	NA	NA	NA	NA
NC_045512.2	27353	A	C	37607	19769	52	7	0	25	0.000186096	37615	1	FALSE	NA	NA	NA	NA	NA	NA
NC_045512.2	27354	A	T	37927	20181	52	1	1	20	2.63505e-05	37950	1	FALSE	NA	NA	NA	NA	NA	NA
NC_045512.2	27354	A	G	37927	20181	52	10	2	51	0.000263505	37950	0.000974441	TRUE	NA	NA	NA	NA	NA	NA
NC_045512.2	27354	A	C	37927	20181	52	12	0	26	0.000316206	37950	1	FALSE	NA	NA	NA	NA	NA	NA
NC_045512.2	27355	T	G	38060	19493	52	13	6	29	0.000341404	38078	1	FALSE	NA	NA	NA	NA	NA	NA
NC_045512.2	27355	T	C	38060	19493	52	1	1	34	2.62619e-05	38078	1	FALSE	NA	NA	NA	NA	NA	NA
NC_045512.2	27355	T	A	38060	19493	52	4	1	27	0.000105048	38078	1	FALSE	NA	NA	NA	NA	NA	NA
NC_045512.2	27356	T	G	38374	19949	52	5	5	29	0.000130249	38388	1	FALSE	NA	NA	NA	NA	NA	NA
NC_045512.2	27356	T	C	38374	19949	52	1	0	68	2.60498e-05	38388	0.499922	FALSE	NA	NA	NA	NA	NA	NA
NC_045512.2	27356	T	A	38374	19949	52	8	0	26	0.000208398	38388	1	FALSE	NA	NA	NA	NA	NA	NA
NC_045512.2	27357	A	T	38586	20259	53	4	1	36	0.000103646	38593	1	FALSE	NA	NA	NA	NA	NA	NA
NC_045512.2	27357	A	G	38586	20259	53	3	2	53	7.77343e-05	38593	0.124981	FALSE	NA	NA	NA	NA	NA	NA
NC_045512.2	27358	G	T	40059	20398	52	5	2	29	0.000124782	40070	1	FALSE	NA	NA	NA	NA	NA	NA
NC_045512.2	27358	G	C	40059	20398	52	6	3	25	0.000149738	40070	1	FALSE	NA	NA	NA	NA	NA	NA
NC_045512.2	27359	A	T	40029	21002	51	2	1	25	4.996e-05	40032	1	FALSE	NA	NA	NA	NA	NA	NA
NC_045512.2	27359	A	G	40029	21002	51	1	1	68	2.498e-05	40032	0.499994	FALSE	NA	NA	NA	NA	NA	NA
NC_045512.2	27360	T	G	40619	21091	53	7	3	27	0.000172299	40627	1	FALSE	NA	NA	NA	NA	NA	NA
NC_045512.2	27360	T	C	40619	21091	53	1	0	68	2.46142e-05	40627	0.499963	FALSE	NA	NA	NA	NA	NA	NA
NC_045512.2	27361	G	T	39087	20093	52	5	4	25	0.000127867	39103	1	FALSE	NA	NA	NA	NA	NA	NA
NC_045512.2	27361	G	C	39087	20093	52	10	2	28	0.000255735	39103	1	FALSE	NA	NA	NA	NA	NA	NA
NC_045512.2	27361	G	A	39087	20093	52	1	1	38	2.55735e-05	39103	1	FALSE	NA	NA	NA	NA	NA	NA
NC_045512.2	27362	A	T	39536	20186	53	3	1	31	7.58706e-05	39541	1	FALSE	NA	NA	NA	NA	NA	NA
NC_045512.2	27362	A	C	39536	20186	53	2	2	30	5.05804e-05	39541	1	FALSE	NA	NA	NA	NA	NA	NA
NC_045512.2	27363	A	T	38987	20346	52	1	0	27	2.56345e-05	39010	1	FALSE	NA	NA	NA	NA	NA	NA
NC_045512.2	27363	A	G	38987	20346	52	7	5	58	0.000179441	39010	0.00779989	TRUE	NA	NA	NA	NA	NA	NA
NC_045512.2	27363	A	C	38987	20346	52	15	0	28	0.000384517	39010	1	FALSE	NA	NA	NA	NA	NA	NA
NC_045512.2	27364	G	T	39628	20243	52	2	1	26	5.0463e-05	39633	1	FALSE	NA	NA	NA	NA	NA	NA
NC_045512.2	27364	G	C	39628	20243	52	3	0	26	7.56945e-05	39633	1	FALSE	NA	NA	NA	NA	NA	NA
NC_045512.2	27365	A	G	39622	20713	52	2	0	30	5.04732e-05	39625	1	FALSE	NA	NA	NA	NA	NA	NA
NC_045512.2	27365	A	C	39622	20713	52	1	1	27	2.52366e-05	39625	1	FALSE	NA	NA	NA	NA	NA	NA
NC_045512.2	27366	G	T	39399	20189	53	6	6	34	0.000152257	39407	1	FALSE	NA	NA	NA	NA	NA	NA
NC_045512.2	27366	G	C	39399	20189	53	1	1	26	2.53762e-05	39407	1	FALSE	NA	NA	NA	NA	NA	NA
NC_045512.2	27366	G	A	39399	20189	53	1	1	68	2.53762e-05	39407	0.499962	FALSE	NA	NA	NA	NA	NA	NA
NC_045512.2	27366	G	-C	39399	20189	53	1	0	20	2.53762e-05	39407	1	FALSE	NA	NA	NA	NA	NA	NA
NC_045512.2	27367	C	T	37637	19516	53	4	2	39	0.000106216	37659	1	FALSE	NA	NA	NA	NA	NA	NA
NC_045512.2	27367	C	G	37637	19516	53	5	4	35	0.00013277	37659	1	FALSE	NA	NA	NA	NA	NA	NA
NC_045512.2	27367	C	A	37637	19516	53	13	1	28	0.000345203	37659	1	FALSE	NA	NA	NA	NA	NA	NA
NC_045512.2	27368	A	T	38805	19612	54	4	1	26	0.000103066	38810	1	FALSE	NA	NA	NA	NA	NA	NA
NC_045512.2	27368	A	C	38805	19612	54	1	1	27	2.57666e-05	38810	1	FALSE	NA	NA	NA	NA	NA	NA
NC_045512.2	27369	A	T	38783	20219	53	1	1	26	2.57785e-05	38792	1	FALSE	NA	NA	NA	NA	NA	NA
NC_045512.2	27369	A	G	38783	20219	53	1	0	46	2.57785e-05	38792	0.937482	FALSE	NA	NA	NA	NA	NA	NA
NC_045512.2	27369	A	C	38783	20219	53	7	1	28	0.00018045	38792	1	FALSE	NA	NA	NA	NA	NA	NA
NC_045512.2	27369	A	-C	38783	20219	53	1	0	20	2.57785e-05	38792	1	FALSE	NA	NA	NA	NA	NA	NA
NC_045512.2	27370	C	T	39204	20253	53	4	2	34	0.000102004	39214	1	FALSE	NA	NA	NA	NA	NA	NA
NC_045512.2	27370	C	G	39204	20253	53	3	1	38	7.65033e-05	39214	1	FALSE	NA	NA	NA	NA	NA	NA
NC_045512.2	27370	C	A	39204	20253	53	3	0	25	7.65033e-05	39214	1	FALSE	NA	NA	NA	NA	NA	NA
NC_045512.2	27371	C	A	39363	20375	53	4	1	36	0.000101608	39367	1	FALSE	NA	NA	NA	NA	NA	NA
NC_045512.2	27371	C	-A	39363	20375	53	2	0	20	5.0804e-05	39367	1	FALSE	NA	NA	NA	NA	NA	NA
NC_045512.2	27372	A	T	38977	20032	52	1	1	27	2.56489e-05	38988	1	FALSE	NA	NA	NA	NA	NA	NA
NC_045512.2	27372	A	G	38977	20032	52	3	2	23	7.69468e-05	38988	1	FALSE	NA	NA	NA	NA	NA	NA
NC_045512.2	27372	A	C	38977	20032	52	7	2	26	0.000179542	38988	1	FALSE	NA	NA	NA	NA	NA	NA
NC_045512.2	27373	A	T	38115	19629	51	1	0	34	2.62247e-05	38132	1	FALSE	NA	NA	NA	NA	NA	NA
NC_045512.2	27373	A	G	38115	19629	51	1	0	27	2.62247e-05	38132	1	FALSE	NA	NA	NA	NA	NA	NA
NC_045512.2	27373	A	C	38115	19629	51	15	5	26	0.00039337	38132	1	FALSE	NA	NA	NA	NA	NA	NA
NC_045512.2	27374	T	G	38364	19565	52	5	5	24	0.000130303	38372	1	FALSE	NA	NA	NA	NA	NA	NA
NC_045512.2	27374	T	A	38364	19565	52	3	0	28	7.8182e-05	38372	1	FALSE	NA	NA	NA	NA	NA	NA
NC_045512.2	27375	G	T	38661	19804	53	2	2	27	5.1721e-05	38669	1	FALSE	NA	NA	NA	NA	NA	NA
NC_045512.2	27375	G	C	38661	19804	53	6	0	23	0.000155163	38669	1	FALSE	NA	NA	NA	NA	NA	NA
NC_045512.2	27376	G	T	38706	20404	52	1	0	26	2.58311e-05	38713	1	FALSE	NA	NA	NA	NA	NA	NA
NC_045512.2	27376	G	C	38706	20404	52	6	0	25	0.000154987	38713	1	FALSE	NA	NA	NA	NA	NA	NA
NC_045512.2	27377	A	T	37689	19652	53	5	3	32	0.000132637	37697	1	FALSE	NA	NA	NA	NA	NA	NA
NC_045512.2	27377	A	G	37689	19652	53	2	1	47	5.30546e-05	37697	0.812467	FALSE	NA	NA	NA	NA	NA	NA
NC_045512.2	27377	A	C	37689	19652	53	1	0	26	2.65273e-05	37697	1	FALSE	NA	NA	NA	NA	NA	NA
NC_045512.2	27378	G	T	37750	19367	53	1	1	34	2.64859e-05	37756	1	FALSE	NA	NA	NA	NA	NA	NA
NC_045512.2	27378	G	C	37750	19367	53	3	1	27	7.94576e-05	37756	1	FALSE	NA	NA	NA	NA	NA	NA
NC_045512.2	27378	G	A	37750	19367	53	2	0	68	5.29717e-05	37756	0.249977	FALSE	NA	NA	NA	NA	NA	NA
NC_045512.2	27379	A	T	36774	19413	52	5	0	29	0.00013594	36781	1	FALSE	NA	NA	NA	NA	NA	NA
NC_045512.2	27379	A	G	36774	19413	52	2	0	47	5.43759e-05	36781	0.812475	FALSE	NA	NA	NA	NA	NA	NA
NC_045512.2	27380	T	G	35774	18392	50	25	21	27	0.000698344	35799	1	FALSE	NA	NA	NA	NA	NA	NA
NC_045512.2	27381	T	G	36202	19629	51	2	1	34	5.52318e-05	36211	1	FALSE	NA	NA	NA	NA	NA	NA
NC_045512.2	27381	T	C	36202	19629	51	1	0	60	2.76159e-05	36211	0.499952	FALSE	NA	NA	NA	NA	NA	NA
NC_045512.2	27381	T	A	36202	19629	51	6	3	29	0.000165696	36211	1	FALSE	NA	NA	NA	NA	NA	NA
NC_045512.2	27381	T	-G	36202	19629	51	1	0	20	2.76159e-05	36211	1	FALSE	NA	NA	NA	NA	NA	NA
NC_045512.2	27381	T	+C	36202	19629	51	1	0	20	2.76159e-05	36211	1	FALSE	NA	NA	NA	NA	NA	NA
NC_045512.2	27382	G	T	29832	15977	52	4	2	28	0.000109352	36579	1	FALSE	NA	NA	NA	NA	NA	NA
NC_045512.2	27382	G	C	29832	15977	52	6741	3772	50	0.184286	36579	0	TRUE	NA	NA	NA	NA	NA	NA
NC_045512.2	27382	G	A	29832	15977	52	2	1	30	5.46762e-05	36579	1	FALSE	NA	NA	NA	NA	NA	NA
NC_045512.2	27383	A	T	29706	16166	51	6603	3588	48	0.181796	36321	0	TRUE	NA	NA	NA	NA	NA	NA
NC_045512.2	27383	A	G	29706	16166	51	3	1	31	8.25968e-05	36321	1	FALSE	NA	NA	NA	NA	NA	NA
NC_045512.2	27383	A	C	29706	16166	51	9	1	31	0.000247791	36321	0.999882	FALSE	NA	NA	NA	NA	NA	NA
NC_045512.2	27383	A	-T	29706	16166	51	1	0	20	2.75323e-05	36321	1	FALSE	NA	NA	NA	NA	NA	NA
NC_045512.2	27384	T	G	29619	15856	51	6	6	26	0.000165103	36341	1	FALSE	NA	NA	NA	NA	NA	NA
NC_045512.2	27384	T	C	29619	15856	51	6716	3759	49	0.184805	36341	0	TRUE	NA	NA	NA	NA	NA	NA
NC_045512.2	27384	T	+C	29619	15856	51	1	0	20	2.75164e-05	36342	1	FALSE	NA	NA	NA	NA	NA	NA
NC_045512.2	27384	T	+A	29619	15856	51	2	0	20	5.50327e-05	36342	1	FALSE	NA	NA	NA	NA	NA	NA
NC_045512.2	27385	T	G	36999	19759	51	4	3	28	0.000108088	37007	1	FALSE	NA	NA	NA	NA	NA	NA
NC_045512.2	27385	T	C	36999	19759	51	1	0	68	2.70219e-05	37007	0.499959	FALSE	NA	NA	NA	NA	NA	NA
NC_045512.2	27385	T	A	36999	19759	51	3	0	29	8.10657e-05	37007	1	FALSE	NA	NA	NA	NA	NA	NA
NC_045512.2	27386	A	T	37181	20168	52	2	0	30	5.37793e-05	37189	1	FALSE	NA	NA	NA	NA	NA	NA
NC_045512.2	27386	A	G	37181	20168	52	1	1	24	2.68897e-05	37189	1	FALSE	NA	NA	NA	NA	NA	NA
NC_045512.2	27386	A	C	37181	20168	52	5	4	29	0.000134448	37189	1	FALSE	NA	NA	NA	NA	NA	NA
NC_045512.2	27387	A	G	36171	19743	51	3	2	27	8.29233e-05	36178	1	FALSE	NA	NA	NA	NA	NA	NA
NC_045512.2	27387	A	C	36171	19743	51	4	0	28	0.000110564	36178	1	FALSE	NA	NA	NA	NA	NA	NA
NC_045512.2	27388	A	G	35284	19692	49	1	0	27	2.83382e-05	35288	1	FALSE	NA	NA	NA	NA	NA	NA
NC_045512.2	27388	A	C	35284	19692	49	3	1	25	8.50147e-05	35288	1	FALSE	NA	NA	NA	NA	NA	NA
NC_045512.2	27389	C	T	36110	19738	51	3	1	31	8.30611e-05	36118	1	FALSE	NA	NA	NA	NA	NA	NA
NC_045512.2	27389	C	A	36110	19738	51	5	1	29	0.000138435	36118	1	FALSE	NA	NA	NA	NA	NA	NA
NC_045512.2	27390	G	T	35961	19808	51	2	0	25	5.56034e-05	35969	1	FALSE	NA	NA	NA	NA	NA	NA
NC_045512.2	27390	G	C	35961	19808	51	6	2	25	0.00016681	35969	1	FALSE	NA	NA	NA	NA	NA	NA
NC_045512.2	27391	A	T	35593	19402	52	2	2	47	5.61845e-05	35597	0.8125	FALSE	NA	NA	NA	NA	NA	NA
NC_045512.2	27391	A	C	35593	19402	52	2	2	30	5.61845e-05	35597	1	FALSE	NA	NA	NA	NA	NA	NA
NC_045512.2	27392	A	G	35152	19714	50	3	3	34	8.53194e-05	35162	1	FALSE	NA	NA	NA	NA	NA	NA
NC_045512.2	27392	A	C	35152	19714	50	7	1	28	0.000199079	35162	1	FALSE	NA	NA	NA	NA	NA	NA
NC_045512.2	27393	C	G	35735	19703	51	4	2	28	0.000111916	35741	1	FALSE	NA	NA	NA	NA	NA	NA
NC_045512.2	27393	C	A	35735	19703	51	2	0	26	5.59581e-05	35741	1	FALSE	NA	NA	NA	NA	NA	NA
NC_045512.2	27393	C	-AT	35735	19703	51	3	0	20	8.39349e-05	35742	1	FALSE	NA	NA	NA	NA	NA	NA
NC_045512.2	27394	A	T	36268	20016	52	3	2	26	8.27061e-05	36273	1	FALSE	NA	NA	NA	NA	NA	NA
NC_045512.2	27394	A	C	36268	20016	52	2	2	30	5.51374e-05	36273	1	FALSE	NA	NA	NA	NA	NA	NA
NC_045512.2	27394	A	-TG	36268	20016	52	3442	0	20	0.0948889	36274	0	TRUE	NA	NA	NA	NA	NA	NA
NC_045512.2	27395	T	G	32032	17529	51	7	4	26	0.000218456	32043	1	FALSE	NA	NA	NA	NA	NA	NA
NC_045512.2	27395	T	C	32032	17529	51	1	0	34	3.12081e-05	32043	1	FALSE	NA	NA	NA	NA	NA	NA
NC_045512.2	27395	T	A	32032	17529	51	3	0	31	9.36242e-05	32043	1	FALSE	NA	NA	NA	NA	NA	NA
NC_045512.2	27395	T	-GA	32032	17529	51	1	0	20	2.81468e-05	35528	1	FALSE	NA	NA	NA	NA	NA	NA
NC_045512.2	27396	G	T	32314	17980	51	3	3	24	9.28074e-05	32325	1	FALSE	NA	NA	NA	NA	NA	NA
NC_045512.2	27396	G	C	32314	17980	51	4	0	26	0.000123743	32325	1	FALSE	NA	NA	NA	NA	NA	NA
NC_045512.2	27396	G	A	32314	17980	51	4	2	34	0.000123743	32325	1	FALSE	NA	NA	NA	NA	NA	NA
NC_045512.2	27397	A	G	35879	19806	51	2	1	57	5.57398e-05	35881	0.24992	FALSE	NA	NA	NA	NA	NA	NA
NC_045512.2	27398	A	T	35923	20085	50	3	1	26	8.34841e-05	35935	1	FALSE	NA	NA	NA	NA	NA	NA
NC_045512.2	27398	A	G	35923	20085	50	1	0	68	2.7828e-05	35935	0.49993	FALSE	NA	NA	NA	NA	NA	NA
NC_045512.2	27398	A	C	35923	20085	50	8	0	26	0.000222624	35935	1	FALSE	NA	NA	NA	NA	NA	NA
NC_045512.2	27399	A	T	36151	19962	51	2	1	23	5.53113e-05	36159	1	FALSE	NA	NA	NA	NA	NA	NA
NC_045512.2	27399	A	G	36151	19962	51	4	2	49	0.000110623	36159	0.499955	FALSE	NA	NA	NA	NA	NA	NA
NC_045512.2	27399	A	C	36151	19962	51	2	0	27	5.53113e-05	36159	1	FALSE	NA	NA	NA	NA	NA	NA
NC_045512.2	27400	A	T	35583	20160	50	1	1	38	2.80891e-05	35601	1	FALSE	NA	NA	NA	NA	NA	NA
NC_045512.2	27400	A	G	35583	20160	50	2	1	68	5.61782e-05	35601	0.249891	FALSE	NA	NA	NA	NA	NA	NA
NC_045512.2	27400	A	C	35583	20160	50	15	0	28	0.000421336	35601	1	FALSE	NA	NA	NA	NA	NA	NA
NC_045512.2	27400	A	-TTATTC	35583	20160	50	1	0	20	2.80891e-05	35601	1	FALSE	NA	NA	NA	NA	NA	NA
NC_045512.2	27400	A	-T	35583	20160	50	1	0	20	2.80891e-05	35601	1	FALSE	NA	NA	NA	NA	NA	NA
NC_045512.2	27401	T	G	36054	19892	51	2	1	27	5.54616e-05	36061	1	FALSE	NA	NA	NA	NA	NA	NA
NC_045512.2	27401	T	C	36054	19892	51	2	2	51	5.54616e-05	36061	0.249955	FALSE	NA	NA	NA	NA	NA	NA
NC_045512.2	27401	T	A	36054	19892	51	3	0	26	8.31924e-05	36061	1	FALSE	NA	NA	NA	NA	NA	NA
NC_045512.2	27402	T	C	35260	19461	51	1	1	24	2.83511e-05	35272	1	FALSE	NA	NA	NA	NA	NA	NA
NC_045512.2	27402	T	A	35260	19461	51	11	3	29	0.000311862	35272	1	FALSE	NA	NA	NA	NA	NA	NA
NC_045512.2	27403	A	T	35797	20046	50	5	1	26	0.000139653	35803	1	FALSE	NA	NA	NA	NA	NA	NA
NC_045512.2	27403	A	G	35797	20046	50	1	0	34	2.79306e-05	35803	1	FALSE	NA	NA	NA	NA	NA	NA
NC_045512.2	27404	T	G	35721	19614	51	2	0	25	5.59785e-05	35728	1	FALSE	NA	NA	NA	NA	NA	NA
NC_045512.2	27404	T	C	35721	19614	51	2	1	46	5.59785e-05	35728	0.812465	FALSE	NA	NA	NA	NA	NA	NA
NC_045512.2	27404	T	A	35721	19614	51	3	3	26	8.39678e-05	35728	1	FALSE	NA	NA	NA	NA	NA	NA
NC_045512.2	27405	T	C	35869	19996	51	2	1	68	5.57507e-05	35874	0.249976	FALSE	NA	NA	NA	NA	NA	NA
NC_045512.2	27405	T	A	35869	19996	51	3	1	24	8.3626e-05	35874	1	FALSE	NA	NA	NA	NA	NA	NA
NC_045512.2	27406	C	G	35695	20156	50	1	0	20	2.80089e-05	35703	1	FALSE	NA	NA	NA	NA	NA	NA
NC_045512.2	27406	C	A	35695	20156	50	7	1	32	0.000196062	35703	0.999999	FALSE	NA	NA	NA	NA	NA	NA
NC_045512.2	27407	T	G	35385	19487	51	4	4	30	0.000113026	35390	1	FALSE	NA	NA	NA	NA	NA	NA
NC_045512.2	27407	T	C	35385	19487	51	1	0	24	2.82566e-05	35390	1	FALSE	NA	NA	NA	NA	NA	NA
NC_045512.2	27408	T	G	35610	19754	51	1	1	26	2.80796e-05	35613	1	FALSE	NA	NA	NA	NA	NA	NA
NC_045512.2	27408	T	C	35610	19754	51	1	1	26	2.80796e-05	35613	1	FALSE	NA	NA	NA	NA	NA	NA
NC_045512.2	27408	T	A	35610	19754	51	1	0	26	2.80796e-05	35613	1	FALSE	NA	NA	NA	NA	NA	NA
NC_045512.2	27409	T	G	35678	19903	51	4	3	28	0.000112098	35683	1	FALSE	NA	NA	NA	NA	NA	NA
NC_045512.2	27409	T	C	35678	19903	51	1	1	34	2.80245e-05	35683	1	FALSE	NA	NA	NA	NA	NA	NA
NC_045512.2	27410	T	C	35036	19171	49	1	0	60	2.85413e-05	35037	0.500007	FALSE	NA	NA	NA	NA	NA	NA
NC_045512.2	27411	C	A	35658	20049	51	6	0	32	0.000168237	35664	1	FALSE	NA	NA	NA	NA	NA	NA
NC_045512.2	27412	T	G	34817	18818	50	7	7	27	0.000201005	34825	1	FALSE	NA	NA	NA	NA	NA	NA
NC_045512.2	27412	T	C	34817	18818	50	1	1	34	2.8715e-05	34825	1	FALSE	NA	NA	NA	NA	NA	NA
NC_045512.2	27413	T	G	35612	19861	51	4	1	28	0.000112309	35616	1	FALSE	NA	NA	NA	NA	NA	NA
NC_045512.2	27414	G	T	35253	20489	50	2	1	29	5.67231e-05	35259	1	FALSE	NA	NA	NA	NA	NA	NA
NC_045512.2	27414	G	C	35253	20489	50	3	2	26	8.50847e-05	35259	1	FALSE	NA	NA	NA	NA	NA	NA
NC_045512.2	27414	G	A	35253	20489	50	1	1	34	2.83616e-05	35259	1	FALSE	NA	NA	NA	NA	NA	NA
NC_045512.2	27415	G	T	35211	20468	49	3	2	28	8.5191e-05	35215	1	FALSE	NA	NA	NA	NA	NA	NA
NC_045512.2	27415	G	C	35211	20468	49	1	1	27	2.8397e-05	35215	1	FALSE	NA	NA	NA	NA	NA	NA
NC_045512.2	27416	C	T	35387	20830	49	4	3	40	0.000113004	35397	0.499923	FALSE	NA	NA	NA	NA	NA	NA
NC_045512.2	27416	C	G	35387	20830	49	1	0	27	2.8251e-05	35397	1	FALSE	NA	NA	NA	NA	NA	NA
NC_045512.2	27416	C	A	35387	20830	49	5	1	34	0.000141255	35397	1	FALSE	NA	NA	NA	NA	NA	NA
NC_045512.2	27417	A	T	35305	20694	50	1	1	34	2.83166e-05	35315	1	FALSE	NA	NA	NA	NA	NA	NA
NC_045512.2	27417	A	G	35305	20694	50	4	3	31	0.000113266	35315	1	FALSE	NA	NA	NA	NA	NA	NA
NC_045512.2	27417	A	C	35305	20694	50	5	1	32	0.000141583	35315	1	FALSE	NA	NA	NA	NA	NA	NA
NC_045512.2	27418	C	T	35831	20819	49	2	0	53	5.58114e-05	35835	0.24999	FALSE	NA	NA	NA	NA	NA	NA
NC_045512.2	27418	C	G	35831	20819	49	1	1	34	2.79057e-05	35835	1	FALSE	NA	NA	NA	NA	NA	NA
NC_045512.2	27418	C	A	35831	20819	49	1	0	26	2.79057e-05	35835	1	FALSE	NA	NA	NA	NA	NA	NA
NC_045512.2	27419	T	G	35829	20780	50	5	2	28	0.000139513	35839	1	FALSE	NA	NA	NA	NA	NA	NA
NC_045512.2	27419	T	C	35829	20780	50	2	2	30	5.58051e-05	35839	1	FALSE	NA	NA	NA	NA	NA	NA
NC_045512.2	27419	T	A	35829	20780	50	3	0	24	8.37077e-05	35839	1	FALSE	NA	NA	NA	NA	NA	NA
NC_045512.2	27420	G	T	37216	21068	49	1	0	26	2.6868e-05	37219	1	FALSE	NA	NA	NA	NA	NA	NA
NC_045512.2	27420	G	C	37216	21068	49	2	0	30	5.3736e-05	37219	1	FALSE	NA	NA	NA	NA	NA	NA
NC_045512.2	27421	A	G	37754	21500	50	1	0	68	2.64866e-05	37755	0.500007	FALSE	NA	NA	NA	NA	NA	NA
NC_045512.2	27422	T	G	36821	20537	49	4	2	28	0.000108601	36832	1	FALSE	NA	NA	NA	NA	NA	NA
NC_045512.2	27422	T	C	36821	20537	49	3	2	45	8.14509e-05	36832	0.656167	FALSE	NA	NA	NA	NA	NA	NA
NC_045512.2	27422	T	A	36821	20537	49	4	2	30	0.000108601	36832	1	FALSE	NA	NA	NA	NA	NA	NA
NC_045512.2	27422	T	-A	36821	20537	49	1	0	20	2.71503e-05	36832	1	FALSE	NA	NA	NA	NA	NA	NA
NC_045512.2	27423	A	T	37104	21459	48	1	0	27	2.69484e-05	37108	1	FALSE	NA	NA	NA	NA	NA	NA
NC_045512.2	27423	A	G	37104	21459	48	2	0	68	5.38967e-05	37108	0.249983	FALSE	NA	NA	NA	NA	NA	NA
NC_045512.2	27423	A	C	37104	21459	48	1	1	34	2.69484e-05	37108	1	FALSE	NA	NA	NA	NA	NA	NA
NC_045512.2	27424	A	T	37275	21250	50	2	1	47	5.36509e-05	37278	0.812508	FALSE	NA	NA	NA	NA	NA	NA
NC_045512.2	27424	A	G	37275	21250	50	1	0	34	2.68255e-05	37278	1	FALSE	NA	NA	NA	NA	NA	NA
NC_045512.2	27425	C	T	37590	21710	50	1	0	68	2.65972e-05	37598	0.49996	FALSE	NA	NA	NA	NA	NA	NA
NC_045512.2	27425	C	G	37590	21710	50	1	0	27	2.65972e-05	37598	1	FALSE	NA	NA	NA	NA	NA	NA
NC_045512.2	27425	C	A	37590	21710	50	6	0	29	0.000159583	37598	1	FALSE	NA	NA	NA	NA	NA	NA
NC_045512.2	27426	A	T	37343	21315	50	3	2	29	8.03191e-05	37351	1	FALSE	NA	NA	NA	NA	NA	NA
NC_045512.2	27426	A	G	37343	21315	50	4	2	38	0.000107092	37351	1	FALSE	NA	NA	NA	NA	NA	NA
NC_045512.2	27426	A	C	37343	21315	50	1	1	27	2.6773e-05	37351	1	FALSE	NA	NA	NA	NA	NA	NA
NC_045512.2	27427	C	T	37583	21481	50	1	1	68	2.66035e-05	37589	0.499973	FALSE	NA	NA	NA	NA	NA	NA
NC_045512.2	27427	C	G	37583	21481	50	2	1	34	5.32071e-05	37589	1	FALSE	NA	NA	NA	NA	NA	NA
NC_045512.2	27427	C	A	37583	21481	50	3	0	26	7.98106e-05	37589	1	FALSE	NA	NA	NA	NA	NA	NA
NC_045512.2	27428	T	G	36185	20326	50	1	1	27	2.76335e-05	36188	1	FALSE	NA	NA	NA	NA	NA	NA
NC_045512.2	27428	T	C	36185	20326	50	1	1	34	2.76335e-05	36188	1	FALSE	NA	NA	NA	NA	NA	NA
NC_045512.2	27428	T	A	36185	20326	50	1	0	27	2.76335e-05	36188	1	FALSE	NA	NA	NA	NA	NA	NA
NC_045512.2	27429	C	T	35623	19311	50	1	1	27	2.80694e-05	35626	1	FALSE	NA	NA	NA	NA	NA	NA
NC_045512.2	27429	C	A	35623	19311	50	2	1	34	5.61388e-05	35626	1	FALSE	NA	NA	NA	NA	NA	NA
NC_045512.2	27430	G	T	35355	19113	50	4	2	26	0.000113103	35366	1	FALSE	NA	NA	NA	NA	NA	NA
NC_045512.2	27430	G	C	35355	19113	50	3	0	26	8.48272e-05	35366	1	FALSE	NA	NA	NA	NA	NA	NA
NC_045512.2	27430	G	A	35355	19113	50	4	4	37	0.000113103	35366	1	FALSE	NA	NA	NA	NA	NA	NA
NC_045512.2	27431	C	G	36184	19465	50	5	1	28	0.00013816	36190	1	FALSE	NA	NA	NA	NA	NA	NA
NC_045512.2	27431	C	A	36184	19465	50	1	0	26	2.76319e-05	36190	1	FALSE	NA	NA	NA	NA	NA	NA
NC_045512.2	27432	T	C	36323	19427	50	2	2	26	5.5057e-05	36326	1	FALSE	NA	NA	NA	NA	NA	NA
NC_045512.2	27432	T	A	36323	19427	50	1	0	26	2.75285e-05	36326	1	FALSE	NA	NA	NA	NA	NA	NA
NC_045512.2	27433	A	T	36147	19360	50	1	1	27	2.76579e-05	36156	1	FALSE	NA	NA	NA	NA	NA	NA
NC_045512.2	27433	A	G	36147	19360	50	7	4	40	0.000193605	36156	0.171847	FALSE	NA	NA	NA	NA	NA	NA
NC_045512.2	27433	A	C	36147	19360	50	1	0	34	2.76579e-05	36156	1	FALSE	NA	NA	NA	NA	NA	NA
NC_045512.2	27434	C	T	36605	19362	50	1	0	68	2.73157e-05	36609	0.499986	FALSE	NA	NA	NA	NA	NA	NA
NC_045512.2	27434	C	G	36605	19362	50	3	0	26	8.19471e-05	36609	1	FALSE	NA	NA	NA	NA	NA	NA
NC_045512.2	27435	T	G	36649	19313	50	1	1	26	2.72814e-05	36655	1	FALSE	NA	NA	NA	NA	NA	NA
NC_045512.2	27435	T	C	36649	19313	50	2	2	30	5.45628e-05	36655	1	FALSE	NA	NA	NA	NA	NA	NA
NC_045512.2	27435	T	A	36649	19313	50	3	2	26	8.18442e-05	36655	1	FALSE	NA	NA	NA	NA	NA	NA
NC_045512.2	27436	T	G	36255	19092	50	4	2	36	0.000110296	36266	1	FALSE	NA	NA	NA	NA	NA	NA
NC_045512.2	27436	T	C	36255	19092	50	4	2	47	0.000110296	36266	0.49991	FALSE	NA	NA	NA	NA	NA	NA
NC_045512.2	27436	T	A	36255	19092	50	3	1	42	8.27221e-05	36266	0.656166	FALSE	NA	NA	NA	NA	NA	NA
NC_045512.2	27437	G	T	36588	19522	50	3	3	39	8.19784e-05	36595	1	FALSE	NA	NA	NA	NA	NA	NA
NC_045512.2	27437	G	C	36588	19522	50	3	2	29	8.19784e-05	36595	1	FALSE	NA	NA	NA	NA	NA	NA
NC_045512.2	27437	G	A	36588	19522	50	1	0	46	2.73261e-05	36595	0.937488	FALSE	NA	NA	NA	NA	NA	NA
NC_045512.2	27438	T	G	35055	18168	50	6	6	30	0.000171121	35063	1	FALSE	NA	NA	NA	NA	NA	NA
NC_045512.2	27438	T	A	35055	18168	50	2	0	30	5.70402e-05	35063	1	FALSE	NA	NA	NA	NA	NA	NA
NC_045512.2	27438	T	-GA	35055	18168	50	1	0	20	2.85201e-05	35063	1	FALSE	NA	NA	NA	NA	NA	NA
NC_045512.2	27439	G	T	35527	18837	50	1	0	34	2.81421e-05	35534	1	FALSE	NA	NA	NA	NA	NA	NA
NC_045512.2	27439	G	C	35527	18837	50	5	1	27	0.00014071	35534	1	FALSE	NA	NA	NA	NA	NA	NA
NC_045512.2	27439	G	A	35527	18837	50	1	0	26	2.81421e-05	35534	1	FALSE	NA	NA	NA	NA	NA	NA
NC_045512.2	27440	A	T	34894	18411	50	1	0	26	2.86541e-05	34899	1	FALSE	NA	NA	NA	NA	NA	NA
NC_045512.2	27440	A	G	34894	18411	50	2	1	34	5.73082e-05	34899	1	FALSE	NA	NA	NA	NA	NA	NA
NC_045512.2	27440	A	C	34894	18411	50	2	0	30	5.73082e-05	34899	1	FALSE	NA	NA	NA	NA	NA	NA
NC_045512.2	27441	G	T	35275	18170	50	8	8	26	0.000226732	35284	1	FALSE	NA	NA	NA	NA	NA	NA
NC_045512.2	27441	G	A	35275	18170	50	1	1	34	2.83415e-05	35284	1	FALSE	NA	NA	NA	NA	NA	NA
NC_045512.2	27442	C	T	35580	18630	50	1	0	34	2.81041e-05	35582	1	FALSE	NA	NA	NA	NA	NA	NA
NC_045512.2	27442	C	A	35580	18630	50	1	0	27	2.81041e-05	35582	1	FALSE	NA	NA	NA	NA	NA	NA
NC_045512.2	27443	T	G	33916	17180	49	5	4	34	0.000147375	33927	1	FALSE	NA	NA	NA	NA	NA	NA
NC_045512.2	27443	T	C	33916	17180	49	4	2	31	0.0001179	33927	1	FALSE	NA	NA	NA	NA	NA	NA
NC_045512.2	27443	T	A	33916	17180	49	2	1	51	5.89501e-05	33927	0.249937	FALSE	NA	NA	NA	NA	NA	NA
NC_045512.2	27444	T	C	34580	17842	50	4	2	39	0.000115657	34585	1	FALSE	NA	NA	NA	NA	NA	NA
NC_045512.2	27444	T	A	34580	17842	50	1	1	34	2.89143e-05	34585	1	FALSE	NA	NA	NA	NA	NA	NA
NC_045512.2	27445	T	C	33837	17158	49	5	5	38	0.000147741	33843	1	FALSE	NA	NA	NA	NA	NA	NA
NC_045512.2	27445	T	A	33837	17158	49	1	0	26	2.95482e-05	33843	1	FALSE	NA	NA	NA	NA	NA	NA
NC_045512.2	27446	A	T	34587	18428	50	2	0	26	5.78152e-05	34593	1	FALSE	NA	NA	NA	NA	NA	NA
NC_045512.2	27446	A	G	34587	18428	50	3	2	28	8.67227e-05	34593	1	FALSE	NA	NA	NA	NA	NA	NA
NC_045512.2	27446	A	C	34587	18428	50	1	1	34	2.89076e-05	34593	1	FALSE	NA	NA	NA	NA	NA	NA
NC_045512.2	27447	T	C	34490	18816	49	2	1	34	5.79845e-05	34492	1	FALSE	NA	NA	NA	NA	NA	NA
NC_045512.2	27448	C	G	34299	18945	49	1	1	34	2.9152e-05	34303	1	FALSE	NA	NA	NA	NA	NA	NA
NC_045512.2	27448	C	A	34299	18945	49	3	0	31	8.74559e-05	34303	1	FALSE	NA	NA	NA	NA	NA	NA
NC_045512.2	27449	A	T	33979	18634	48	3	2	35	8.82768e-05	33984	1	FALSE	NA	NA	NA	NA	NA	NA
NC_045512.2	27449	A	G	33979	18634	48	2	2	46	5.88512e-05	33984	0.812491	FALSE	NA	NA	NA	NA	NA	NA
NC_045512.2	27450	C	G	33669	18405	49	3	2	28	8.90895e-05	33674	1	FALSE	NA	NA	NA	NA	NA	NA
NC_045512.2	27450	C	A	33669	18405	49	2	0	43	5.9393e-05	33674	0.812491	FALSE	NA	NA	NA	NA	NA	NA
NC_045512.2	27451	T	G	33266	18055	49	1	1	34	3.00562e-05	33271	1	FALSE	NA	NA	NA	NA	NA	NA
NC_045512.2	27451	T	C	33266	18055	49	3	2	30	9.01686e-05	33271	1	FALSE	NA	NA	NA	NA	NA	NA
NC_045512.2	27451	T	A	33266	18055	49	1	0	68	3.00562e-05	33271	0.499977	FALSE	NA	NA	NA	NA	NA	NA
NC_045512.2	27452	A	G	33155	18052	49	3	1	43	9.04677e-05	33161	0.656229	FALSE	NA	NA	NA	NA	NA	NA
NC_045512.2	27452	A	C	33155	18052	49	3	1	26	9.04677e-05	33161	1	FALSE	NA	NA	NA	NA	NA	NA
NC_045512.2	27453	C	A	32938	18145	48	3	2	28	9.10719e-05	32941	1	FALSE	NA	NA	NA	NA	NA	NA
NC_045512.2	27454	C	T	32897	18190	49	1	1	60	3.03951e-05	32900	0.499992	FALSE	NA	NA	NA	NA	NA	NA
NC_045512.2	27454	C	G	32897	18190	49	1	1	34	3.03951e-05	32900	1	FALSE	NA	NA	NA	NA	NA	NA
NC_045512.2	27454	C	A	32897	18190	49	1	1	34	3.03951e-05	32900	1	FALSE	NA	NA	NA	NA	NA	NA
NC_045512.2	27454	C	-A	32897	18190	49	1	0	20	3.03951e-05	32900	1	FALSE	NA	NA	NA	NA	NA	NA
NC_045512.2	27455	A	C	32916	17990	49	2	2	26	6.0757e-05	32918	1	FALSE	NA	NA	NA	NA	NA	NA
NC_045512.2	27456	A	T	32166	18259	47	1	1	26	3.10646e-05	32191	1	FALSE	NA	NA	NA	NA	NA	NA
NC_045512.2	27456	A	G	32166	18259	47	5	1	29	0.000155323	32191	1	FALSE	NA	NA	NA	NA	NA	NA
NC_045512.2	27456	A	C	32166	18259	47	19	1	26	0.000590227	32191	1	FALSE	NA	NA	NA	NA	NA	NA
NC_045512.2	27457	G	C	32751	18204	48	3	0	24	9.15919e-05	32754	1	FALSE	NA	NA	NA	NA	NA	NA
NC_045512.2	27458	A	T	32335	17994	48	3	2	29	9.27644e-05	32340	1	FALSE	NA	NA	NA	NA	NA	NA
NC_045512.2	27458	A	G	32335	17994	48	2	2	36	6.18429e-05	32340	1	FALSE	NA	NA	NA	NA	NA	NA
NC_045512.2	27459	G	T	32581	17888	49	1	1	26	3.06899e-05	32584	1	FALSE	NA	NA	NA	NA	NA	NA
NC_045512.2	27459	G	C	32581	17888	49	2	0	30	6.13798e-05	32584	1	FALSE	NA	NA	NA	NA	NA	NA
NC_045512.2	27460	T	A	30872	16848	49	2	0	27	6.47794e-05	30874	1	FALSE	NA	NA	NA	NA	NA	NA
NC_045512.2	27461	G	C	30590	16593	50	2	1	47	6.53744e-05	30593	0.81251	FALSE	NA	NA	NA	NA	NA	NA
NC_045512.2	27461	G	A	30590	16593	50	1	1	68	3.26872e-05	30593	0.499992	FALSE	NA	NA	NA	NA	NA	NA
NC_045512.2	27462	T	C	30367	16421	49	3	2	43	9.87817e-05	30370	0.656273	FALSE	NA	NA	NA	NA	NA	NA
NC_045512.2	27463	G	T	30286	16334	50	1	1	26	3.30131e-05	30291	1	FALSE	NA	NA	NA	NA	NA	NA
NC_045512.2	27463	G	C	30286	16334	50	2	0	27	6.60262e-05	30291	1	FALSE	NA	NA	NA	NA	NA	NA
NC_045512.2	27463	G	A	30286	16334	50	2	1	34	6.60262e-05	30291	1	FALSE	NA	NA	NA	NA	NA	NA
NC_045512.2	27464	T	G	28555	14588	47	2	2	27	7.00329e-05	28558	1	FALSE	NA	NA	NA	NA	NA	NA
NC_045512.2	27464	T	C	28555	14588	47	1	0	24	3.50165e-05	28558	1	FALSE	NA	NA	NA	NA	NA	NA
NC_045512.2	27465	T	C	30327	16506	50	1	0	34	3.29728e-05	30328	1	FALSE	NA	NA	NA	NA	NA	NA
NC_045512.2	27466	A	T	29366	16224	48	7	0	33	0.000238306	29374	0.999965	FALSE	NA	NA	NA	NA	NA	NA
NC_045512.2	27466	A	G	29366	16224	48	1	1	68	3.40437e-05	29374	0.499949	FALSE	NA	NA	NA	NA	NA	NA
NC_045512.2	27468	A	T	28728	15702	48	3	1	28	0.000104417	28731	1	FALSE	NA	NA	NA	NA	NA	NA
NC_045512.2	27469	G	T	28676	15238	49	1	1	26	3.48712e-05	28677	1	FALSE	NA	NA	NA	NA	NA	NA
NC_045512.2	27470	G	T	27085	14156	49	1	1	34	3.6914e-05	27090	1	FALSE	NA	NA	NA	NA	NA	NA
NC_045512.2	27470	G	C	27085	14156	49	2	1	26	7.3828e-05	27090	1	FALSE	NA	NA	NA	NA	NA	NA
NC_045512.2	27470	G	A	27085	14156	49	2	1	30	7.3828e-05	27090	1	FALSE	NA	NA	NA	NA	NA	NA
NC_045512.2	27471	T	G	26881	14041	50	1	1	26	3.71968e-05	26884	1	FALSE	NA	NA	NA	NA	NA	NA
NC_045512.2	27471	T	C	26881	14041	50	2	2	42	7.43937e-05	26884	0.687507	FALSE	NA	NA	NA	NA	NA	NA
NC_045512.2	27472	A	G	26345	13753	49	3	0	51	0.000113852	26350	0.124986	FALSE	NA	NA	NA	NA	NA	NA
NC_045512.2	27472	A	C	26345	13753	49	2	1	30	7.59013e-05	26350	1	FALSE	NA	NA	NA	NA	NA	NA
NC_045512.2	27472	A	-C	26345	13753	49	1	0	20	3.79507e-05	26350	1	FALSE	NA	NA	NA	NA	NA	NA
NC_045512.2	27474	A	G	26491	13973	50	1	0	26	3.77444e-05	26494	1	FALSE	NA	NA	NA	NA	NA	NA
NC_045512.2	27474	A	C	26491	13973	50	2	0	23	7.54888e-05	26494	1	FALSE	NA	NA	NA	NA	NA	NA
NC_045512.2	27475	A	G	40741	18732	44	4	3	30	9.81571e-05	40751	1	FALSE	NA	NA	NA	NA	NA	NA
NC_045512.2	27475	A	C	40741	18732	44	6	0	26	0.000147236	40751	1	FALSE	NA	NA	NA	NA	NA	NA
NC_045512.2	27476	C	T	40590	18678	45	1	0	68	2.46324e-05	40597	0.499969	FALSE	NA	NA	NA	NA	NA	NA
NC_045512.2	27476	C	G	40590	18678	45	3	3	24	7.38971e-05	40597	1	FALSE	NA	NA	NA	NA	NA	NA
NC_045512.2	27476	C	A	40590	18678	45	3	0	24	7.38971e-05	40597	1	FALSE	NA	NA	NA	NA	NA	NA
NC_045512.2	27477	A	T	38663	17229	45	1	1	24	2.58592e-05	38671	1	FALSE	NA	NA	NA	NA	NA	NA
NC_045512.2	27477	A	G	38663	17229	45	2	1	34	5.17183e-05	38671	1	FALSE	NA	NA	NA	NA	NA	NA
NC_045512.2	27477	A	C	38663	17229	45	5	4	29	0.000129296	38671	1	FALSE	NA	NA	NA	NA	NA	NA
NC_045512.2	27478	G	T	38525	17197	44	1	1	26	2.59538e-05	38530	1	FALSE	NA	NA	NA	NA	NA	NA
NC_045512.2	27478	G	C	38525	17197	44	3	2	31	7.78614e-05	38530	1	FALSE	NA	NA	NA	NA	NA	NA
NC_045512.2	27478	G	A	38525	17197	44	1	0	34	2.59538e-05	38530	1	FALSE	NA	NA	NA	NA	NA	NA
NC_045512.2	27479	T	G	37553	16632	44	1	1	34	2.66276e-05	37555	1	FALSE	NA	NA	NA	NA	NA	NA
NC_045512.2	27479	T	A	37553	16632	44	1	1	26	2.66276e-05	37555	1	FALSE	NA	NA	NA	NA	NA	NA
NC_045512.2	27480	A	T	35977	16665	43	4	2	27	0.000111167	35982	1	FALSE	NA	NA	NA	NA	NA	NA
NC_045512.2	27480	A	C	35977	16665	43	1	1	34	2.77917e-05	35982	1	FALSE	NA	NA	NA	NA	NA	NA
NC_045512.2	27481	C	G	37780	17175	44	2	1	23	5.29297e-05	37786	1	FALSE	NA	NA	NA	NA	NA	NA
NC_045512.2	27481	C	A	37780	17175	44	4	0	26	0.000105859	37786	1	FALSE	NA	NA	NA	NA	NA	NA
NC_045512.2	27482	T	G	36688	16131	44	7	4	33	0.000190741	36699	0.999999	FALSE	NA	NA	NA	NA	NA	NA
NC_045512.2	27482	T	C	36688	16131	44	2	2	29	5.44974e-05	36699	1	FALSE	NA	NA	NA	NA	NA	NA
NC_045512.2	27482	T	A	36688	16131	44	2	0	25	5.44974e-05	36699	1	FALSE	NA	NA	NA	NA	NA	NA
NC_045512.2	27483	T	G	35561	15174	43	4	4	30	0.000112448	35572	1	FALSE	NA	NA	NA	NA	NA	NA
NC_045512.2	27483	T	C	35561	15174	43	5	5	36	0.00014056	35572	1	FALSE	NA	NA	NA	NA	NA	NA
NC_045512.2	27483	T	A	35561	15174	43	2	1	27	5.6224e-05	35572	1	FALSE	NA	NA	NA	NA	NA	NA
NC_045512.2	27484	T	G	35980	15437	44	5	5	26	0.000138939	35987	1	FALSE	NA	NA	NA	NA	NA	NA
NC_045512.2	27484	T	C	35980	15437	44	2	1	34	5.55756e-05	35987	1	FALSE	NA	NA	NA	NA	NA	NA
NC_045512.2	27485	T	G	36773	16440	45	4	2	26	0.000108752	36781	1	FALSE	NA	NA	NA	NA	NA	NA
NC_045512.2	27485	T	C	36773	16440	45	1	0	68	2.7188e-05	36781	0.499959	FALSE	NA	NA	NA	NA	NA	NA
NC_045512.2	27485	T	A	36773	16440	45	3	2	43	8.15639e-05	36781	0.656205	FALSE	NA	NA	NA	NA	NA	NA
NC_045512.2	27485	T	-A	36773	16440	45	1	0	20	2.7188e-05	36781	1	FALSE	NA	NA	NA	NA	NA	NA
NC_045512.2	27486	A	T	36864	16563	45	2	2	26	5.42461e-05	36869	1	FALSE	NA	NA	NA	NA	NA	NA
NC_045512.2	27486	A	G	36864	16563	45	2	1	51	5.42461e-05	36869	0.249976	FALSE	NA	NA	NA	NA	NA	NA
NC_045512.2	27486	A	C	36864	16563	45	1	0	26	2.71231e-05	36869	1	FALSE	NA	NA	NA	NA	NA	NA
NC_045512.2	27487	A	T	36204	16562	44	1	1	26	2.76144e-05	36213	1	FALSE	NA	NA	NA	NA	NA	NA
NC_045512.2	27487	A	G	36204	16562	44	6	3	38	0.000165686	36213	1	FALSE	NA	NA	NA	NA	NA	NA
NC_045512.2	27487	A	C	36204	16562	44	2	0	30	5.52288e-05	36213	1	FALSE	NA	NA	NA	NA	NA	NA
NC_045512.2	27488	A	T	35557	16336	43	1	1	26	2.81175e-05	35565	1	FALSE	NA	NA	NA	NA	NA	NA
NC_045512.2	27488	A	G	35557	16336	43	1	1	34	2.81175e-05	35565	1	FALSE	NA	NA	NA	NA	NA	NA
NC_045512.2	27488	A	C	35557	16336	43	6	1	26	0.000168705	35565	1	FALSE	NA	NA	NA	NA	NA	NA
NC_045512.2	27489	A	T	36759	16683	45	2	1	34	5.43966e-05	36767	1	FALSE	NA	NA	NA	NA	NA	NA
NC_045512.2	27489	A	G	36759	16683	45	5	2	34	0.000135992	36767	1	FALSE	NA	NA	NA	NA	NA	NA
NC_045512.2	27489	A	C	36759	16683	45	1	1	27	2.71983e-05	36767	1	FALSE	NA	NA	NA	NA	NA	NA
NC_045512.2	27490	G	T	36449	16692	44	2	2	34	5.48652e-05	36453	1	FALSE	NA	NA	NA	NA	NA	NA
NC_045512.2	27490	G	C	36449	16692	44	1	1	34	2.74326e-05	36453	1	FALSE	NA	NA	NA	NA	NA	NA
NC_045512.2	27490	G	A	36449	16692	44	1	1	68	2.74326e-05	36453	0.499986	FALSE	NA	NA	NA	NA	NA	NA
NC_045512.2	27491	A	T	36314	16862	44	3	1	29	8.25968e-05	36321	1	FALSE	NA	NA	NA	NA	NA	NA
NC_045512.2	27491	A	G	36314	16862	44	1	1	34	2.75323e-05	36321	1	FALSE	NA	NA	NA	NA	NA	NA
NC_045512.2	27491	A	C	36314	16862	44	3	2	29	8.25968e-05	36321	1	FALSE	NA	NA	NA	NA	NA	NA
NC_045512.2	27492	A	T	37273	17086	44	1	0	27	2.68248e-05	37279	1	FALSE	NA	NA	NA	NA	NA	NA
NC_045512.2	27492	A	G	37273	17086	44	2	1	51	5.36495e-05	37279	0.249977	FALSE	NA	NA	NA	NA	NA	NA
NC_045512.2	27492	A	C	37273	17086	44	3	1	31	8.04743e-05	37279	1	FALSE	NA	NA	NA	NA	NA	NA
NC_045512.2	27493	C	T	36878	16882	44	1	0	34	2.71113e-05	36885	1	FALSE	NA	NA	NA	NA	NA	NA
NC_045512.2	27493	C	G	36878	16882	44	4	3	26	0.000108445	36885	1	FALSE	NA	NA	NA	NA	NA	NA
NC_045512.2	27493	C	A	36878	16882	44	2	0	51	5.42226e-05	36885	0.249969	FALSE	NA	NA	NA	NA	NA	NA
NC_045512.2	27494	C	G	37026	17324	44	1	0	27	2.70051e-05	37030	1	FALSE	NA	NA	NA	NA	NA	NA
NC_045512.2	27494	C	A	37026	17324	44	3	0	29	8.10154e-05	37030	1	FALSE	NA	NA	NA	NA	NA	NA
NC_045512.2	27495	T	G	37209	17222	44	4	4	30	0.000107481	37216	1	FALSE	NA	NA	NA	NA	NA	NA
NC_045512.2	27495	T	A	37209	17222	44	3	2	45	8.06105e-05	37216	0.656219	FALSE	NA	NA	NA	NA	NA	NA
NC_045512.2	27496	T	G	37187	17369	45	1	1	26	2.68889e-05	37190	1	FALSE	NA	NA	NA	NA	NA	NA
NC_045512.2	27496	T	C	37187	17369	45	2	2	35	5.37779e-05	37190	1	FALSE	NA	NA	NA	NA	NA	NA
NC_045512.2	27497	G	T	37022	17146	44	3	3	29	8.10241e-05	37026	1	FALSE	NA	NA	NA	NA	NA	NA
NC_045512.2	27497	G	C	37022	17146	44	1	0	26	2.7008e-05	37026	1	FALSE	NA	NA	NA	NA	NA	NA
NC_045512.2	27498	C	T	37269	17618	44	1	0	68	2.68276e-05	37275	0.499973	FALSE	NA	NA	NA	NA	NA	NA
NC_045512.2	27498	C	G	37269	17618	44	5	1	25	0.000134138	37275	1	FALSE	NA	NA	NA	NA	NA	NA
NC_045512.2	27499	T	G	37112	17892	45	1	1	34	2.69426e-05	37116	1	FALSE	NA	NA	NA	NA	NA	NA
NC_045512.2	27499	T	C	37112	17892	45	1	1	24	2.69426e-05	37116	1	FALSE	NA	NA	NA	NA	NA	NA
NC_045512.2	27499	T	A	37112	17892	45	2	2	27	5.38851e-05	37116	1	FALSE	NA	NA	NA	NA	NA	NA
NC_045512.2	27500	C	T	38875	18671	46	1	0	34	2.57195e-05	38881	1	FALSE	NA	NA	NA	NA	NA	NA
NC_045512.2	27500	C	G	38875	18671	46	4	4	28	0.000102878	38881	1	FALSE	NA	NA	NA	NA	NA	NA
NC_045512.2	27500	C	A	38875	18671	46	1	0	27	2.57195e-05	38881	1	FALSE	NA	NA	NA	NA	NA	NA
NC_045512.2	27500	C	-T	38875	18671	46	1	0	20	2.57195e-05	38881	1	FALSE	NA	NA	NA	NA	NA	NA
NC_045512.2	27501	T	G	38167	17978	46	3	3	29	7.85916e-05	38172	1	FALSE	NA	NA	NA	NA	NA	NA
NC_045512.2	27501	T	C	38167	17978	46	1	1	34	2.61972e-05	38172	1	FALSE	NA	NA	NA	NA	NA	NA
NC_045512.2	27501	T	A	38167	17978	46	1	1	26	2.61972e-05	38172	1	FALSE	NA	NA	NA	NA	NA	NA
NC_045512.2	27502	T	G	36798	16860	45	1	0	34	2.71724e-05	36802	1	FALSE	NA	NA	NA	NA	NA	NA
NC_045512.2	27502	T	C	36798	16860	45	1	1	27	2.71724e-05	36802	1	FALSE	NA	NA	NA	NA	NA	NA
NC_045512.2	27502	T	A	36798	16860	45	2	0	27	5.43449e-05	36802	1	FALSE	NA	NA	NA	NA	NA	NA
NC_045512.2	27503	C	T	38260	18733	46	3	2	34	7.84006e-05	38265	1	FALSE	NA	NA	NA	NA	NA	NA
NC_045512.2	27503	C	A	38260	18733	46	2	0	23	5.22671e-05	38265	1	FALSE	NA	NA	NA	NA	NA	NA
NC_045512.2	27504	T	G	38322	18623	46	3	3	29	7.82636e-05	38332	1	FALSE	NA	NA	NA	NA	NA	NA
NC_045512.2	27504	T	C	38322	18623	46	5	2	46	0.000130439	38332	0.363217	FALSE	NA	NA	NA	NA	NA	NA
NC_045512.2	27504	T	A	38322	18623	46	2	2	34	5.21757e-05	38332	1	FALSE	NA	NA	NA	NA	NA	NA
NC_045512.2	27505	G	T	37935	18217	46	9	9	28	0.00023716	37949	1	FALSE	NA	NA	NA	NA	NA	NA
NC_045512.2	27505	G	C	37935	18217	46	4	0	25	0.000105405	37949	1	FALSE	NA	NA	NA	NA	NA	NA
NC_045512.2	27505	G	A	37935	18217	46	1	1	34	2.63512e-05	37949	1	FALSE	NA	NA	NA	NA	NA	NA
NC_045512.2	27506	G	T	39376	18755	46	4	3	26	0.000101564	39384	1	FALSE	NA	NA	NA	NA	NA	NA
NC_045512.2	27506	G	A	39376	18755	46	4	2	42	0.000101564	39384	0.499958	FALSE	NA	NA	NA	NA	NA	NA
NC_045512.2	27506	G	-A	39376	18755	46	1	0	20	2.5391e-05	39384	1	FALSE	NA	NA	NA	NA	NA	NA
NC_045512.2	27507	A	T	39788	19185	46	4	4	28	0.000100513	39796	1	FALSE	NA	NA	NA	NA	NA	NA
NC_045512.2	27507	A	G	39788	19185	46	4	0	37	0.000100513	39796	1	FALSE	NA	NA	NA	NA	NA	NA
NC_045512.2	27508	A	T	39371	19446	46	3	3	30	7.61769e-05	39382	1	FALSE	NA	NA	NA	NA	NA	NA
NC_045512.2	27508	A	G	39371	19446	46	4	1	40	0.000101569	39382	0.499917	FALSE	NA	NA	NA	NA	NA	NA
NC_045512.2	27508	A	C	39371	19446	46	4	0	27	0.000101569	39382	1	FALSE	NA	NA	NA	NA	NA	NA
NC_045512.2	27509	C	T	34102	15456	45	3	2	43	8.79533e-05	34109	0.656216	FALSE	NA	NA	NA	NA	NA	NA
NC_045512.2	27509	C	G	34102	15456	45	2	2	34	5.86356e-05	34109	1	FALSE	NA	NA	NA	NA	NA	NA
NC_045512.2	27509	C	A	34102	15456	45	2	0	30	5.86356e-05	34109	1	FALSE	NA	NA	NA	NA	NA	NA
NC_045512.2	27510	A	T	34794	15724	46	3	2	28	8.62094e-05	34799	1	FALSE	NA	NA	NA	NA	NA	NA
NC_045512.2	27510	A	G	34794	15724	46	1	1	68	2.87365e-05	34799	0.499978	FALSE	NA	NA	NA	NA	NA	NA
NC_045512.2	27510	A	C	34794	15724	46	1	1	34	2.87365e-05	34799	1	FALSE	NA	NA	NA	NA	NA	NA
NC_045512.2	27511	T	C	35451	15826	46	4	3	59	0.000112819	35455	0.0624982	FALSE	NA	NA	NA	NA	NA	NA
NC_045512.2	27512	A	T	35279	15684	45	1	1	26	2.83382e-05	35288	1	FALSE	NA	NA	NA	NA	NA	NA
NC_045512.2	27512	A	G	35279	15684	45	6	1	30	0.000170029	35288	1	FALSE	NA	NA	NA	NA	NA	NA
NC_045512.2	27512	A	C	35279	15684	45	2	0	27	5.66765e-05	35288	1	FALSE	NA	NA	NA	NA	NA	NA
NC_045512.2	27513	C	T	35025	15987	45	13	6	36	0.000371005	35040	0.999643	FALSE	NA	NA	NA	NA	NA	NA
NC_045512.2	27513	C	A	35025	15987	45	2	0	26	5.70776e-05	35040	1	FALSE	NA	NA	NA	NA	NA	NA
NC_045512.2	27514	G	C	35345	16096	46	4	1	26	0.000113141	35354	1	FALSE	NA	NA	NA	NA	NA	NA
NC_045512.2	27514	G	A	35345	16096	46	5	3	47	0.000141427	35354	0.363227	FALSE	NA	NA	NA	NA	NA	NA
NC_045512.2	27515	A	T	35404	16215	46	2	0	29	5.64812e-05	35410	1	FALSE	NA	NA	NA	NA	NA	NA
NC_045512.2	27515	A	G	35404	16215	46	2	1	51	5.64812e-05	35410	0.249975	FALSE	NA	NA	NA	NA	NA	NA
NC_045512.2	27515	A	C	35404	16215	46	2	0	26	5.64812e-05	35410	1	FALSE	NA	NA	NA	NA	NA	NA
NC_045512.2	27516	G	T	35632	15887	46	4	2	47	0.000112233	35640	0.499954	FALSE	NA	NA	NA	NA	NA	NA
NC_045512.2	27516	G	C	35632	15887	46	1	0	27	2.80584e-05	35640	1	FALSE	NA	NA	NA	NA	NA	NA
NC_045512.2	27516	G	A	35632	15887	46	3	0	45	8.41751e-05	35640	0.656204	FALSE	NA	NA	NA	NA	NA	NA
NC_045512.2	27517	G	T	35686	16101	46	1	1	26	2.80191e-05	35690	1	FALSE	NA	NA	NA	NA	NA	NA
NC_045512.2	27517	G	C	35686	16101	46	2	0	34	5.60381e-05	35690	1	FALSE	NA	NA	NA	NA	NA	NA
NC_045512.2	27517	G	A	35686	16101	46	1	0	68	2.80191e-05	35690	0.499986	FALSE	NA	NA	NA	NA	NA	NA
NC_045512.2	27518	G	T	35480	15849	45	9	8	27	0.000253578	35492	1	FALSE	NA	NA	NA	NA	NA	NA
NC_045512.2	27518	G	C	35480	15849	45	2	2	26	5.63507e-05	35492	1	FALSE	NA	NA	NA	NA	NA	NA
NC_045512.2	27518	G	A	35480	15849	45	1	0	60	2.81754e-05	35492	0.49993	FALSE	NA	NA	NA	NA	NA	NA
NC_045512.2	27519	C	G	35671	16934	45	4	1	26	0.000112123	35675	1	FALSE	NA	NA	NA	NA	NA	NA
NC_045512.2	27520	A	T	35863	16810	45	3	3	29	8.36377e-05	35869	1	FALSE	NA	NA	NA	NA	NA	NA
NC_045512.2	27520	A	G	35863	16810	45	1	1	60	2.78792e-05	35869	0.499972	FALSE	NA	NA	NA	NA	NA	NA
NC_045512.2	27520	A	C	35863	16810	45	2	0	27	5.57585e-05	35869	1	FALSE	NA	NA	NA	NA	NA	NA
NC_045512.2	27521	A	T	35447	17380	44	1	1	20	2.82016e-05	35459	1	FALSE	NA	NA	NA	NA	NA	NA
NC_045512.2	27521	A	G	35447	17380	44	6	0	31	0.00016921	35459	1	FALSE	NA	NA	NA	NA	NA	NA
NC_045512.2	27521	A	C	35447	17380	44	5	0	26	0.000141008	35459	1	FALSE	NA	NA	NA	NA	NA	NA
NC_045512.2	27522	T	G	35635	16334	45	16	15	27	0.000448732	35656	1	FALSE	NA	NA	NA	NA	NA	NA
NC_045512.2	27522	T	C	35635	16334	45	2	1	34	5.60915e-05	35656	1	FALSE	NA	NA	NA	NA	NA	NA
NC_045512.2	27522	T	A	35635	16334	45	3	2	26	8.41373e-05	35656	1	FALSE	NA	NA	NA	NA	NA	NA
NC_045512.2	27523	T	G	36777	17389	46	4	1	28	0.000108746	36783	1	FALSE	NA	NA	NA	NA	NA	NA
NC_045512.2	27523	T	C	36777	17389	46	1	1	20	2.71865e-05	36783	1	FALSE	NA	NA	NA	NA	NA	NA
NC_045512.2	27523	T	A	36777	17389	46	1	1	26	2.71865e-05	36783	1	FALSE	NA	NA	NA	NA	NA	NA
NC_045512.2	27523	T	-C	36777	17389	46	1	0	20	2.71865e-05	36783	1	FALSE	NA	NA	NA	NA	NA	NA
NC_045512.2	27524	C	A	36502	17428	46	4	3	29	0.000109571	36506	1	FALSE	NA	NA	NA	NA	NA	NA
NC_045512.2	27525	A	T	35567	17416	45	2	2	30	5.6205e-05	35584	1	FALSE	NA	NA	NA	NA	NA	NA
NC_045512.2	27525	A	G	35567	17416	45	4	2	40	0.00011241	35584	0.499816	FALSE	NA	NA	NA	NA	NA	NA
NC_045512.2	27525	A	C	35567	17416	45	11	1	27	0.000309128	35584	1	FALSE	NA	NA	NA	NA	NA	NA
NC_045512.2	27526	C	T	36777	17197	46	2	0	53	5.43641e-05	36789	0.249935	FALSE	NA	NA	NA	NA	NA	NA
NC_045512.2	27526	C	G	36777	17197	46	7	0	29	0.000190274	36789	1	FALSE	NA	NA	NA	NA	NA	NA
NC_045512.2	27526	C	A	36777	17197	46	3	2	24	8.15461e-05	36789	1	FALSE	NA	NA	NA	NA	NA	NA
NC_045512.2	27527	C	G	36669	17377	46	2	1	25	5.45331e-05	36675	1	FALSE	NA	NA	NA	NA	NA	NA
NC_045512.2	27527	C	A	36669	17377	46	4	2	28	0.000109066	36675	1	FALSE	NA	NA	NA	NA	NA	NA
NC_045512.2	27528	A	T	37931	17829	46	2	2	30	5.2719e-05	37937	1	FALSE	NA	NA	NA	NA	NA	NA
NC_045512.2	27528	A	G	37931	17829	46	3	2	46	7.90785e-05	37937	0.656231	FALSE	NA	NA	NA	NA	NA	NA
NC_045512.2	27528	A	C	37931	17829	46	1	1	26	2.63595e-05	37937	1	FALSE	NA	NA	NA	NA	NA	NA
NC_045512.2	27529	T	G	37870	17987	46	1	0	27	2.6404e-05	37873	1	FALSE	NA	NA	NA	NA	NA	NA
NC_045512.2	27529	T	C	37870	17987	46	2	2	26	5.28081e-05	37873	1	FALSE	NA	NA	NA	NA	NA	NA
NC_045512.2	27530	T	G	35979	15824	44	21	21	27	0.000583236	36006	1	FALSE	NA	NA	NA	NA	NA	NA
NC_045512.2	27530	T	C	35979	15824	44	4	4	31	0.000111093	36006	1	FALSE	NA	NA	NA	NA	NA	NA
NC_045512.2	27530	T	A	35979	15824	44	2	0	23	5.55463e-05	36006	1	FALSE	NA	NA	NA	NA	NA	NA
NC_045512.2	27531	T	C	38299	18220	46	1	0	34	2.61097e-05	38300	1	FALSE	NA	NA	NA	NA	NA	NA
NC_045512.2	27532	C	T	37891	18262	46	1	1	27	2.63866e-05	37898	1	FALSE	NA	NA	NA	NA	NA	NA
NC_045512.2	27532	C	G	37891	18262	46	3	1	31	7.91599e-05	37898	1	FALSE	NA	NA	NA	NA	NA	NA
NC_045512.2	27532	C	A	37891	18262	46	3	0	34	7.91599e-05	37898	1	FALSE	NA	NA	NA	NA	NA	NA
NC_045512.2	27533	A	G	37797	18041	45	2	0	27	5.29073e-05	37802	1	FALSE	NA	NA	NA	NA	NA	NA
NC_045512.2	27533	A	C	37797	18041	45	3	0	24	7.93609e-05	37802	1	FALSE	NA	NA	NA	NA	NA	NA
NC_045512.2	27534	T	C	38889	18804	46	4	2	55	0.000102825	38901	0.0624727	FALSE	NA	NA	NA	NA	NA	NA
NC_045512.2	27534	T	A	38889	18804	46	8	4	26	0.00020565	38901	1	FALSE	NA	NA	NA	NA	NA	NA
NC_045512.2	27535	C	G	38194	18422	46	6	6	31	0.000157048	38205	1	FALSE	NA	NA	NA	NA	NA	NA
NC_045512.2	27535	C	A	38194	18422	46	5	1	28	0.000130873	38205	1	FALSE	NA	NA	NA	NA	NA	NA
NC_045512.2	27536	C	G	39667	19449	47	2	0	27	5.04147e-05	39671	1	FALSE	NA	NA	NA	NA	NA	NA
NC_045512.2	27536	C	A	39667	19449	47	2	0	26	5.04147e-05	39671	1	FALSE	NA	NA	NA	NA	NA	NA
NC_045512.2	27537	T	G	39125	18574	45	1	1	27	2.55565e-05	39129	1	FALSE	NA	NA	NA	NA	NA	NA
NC_045512.2	27537	T	C	39125	18574	45	3	2	28	7.66695e-05	39129	1	FALSE	NA	NA	NA	NA	NA	NA
NC_045512.2	27538	C	A	39786	19327	47	5	1	40	0.000125657	39791	0.363288	FALSE	NA	NA	NA	NA	NA	NA
NC_045512.2	27539	T	G	39688	19120	47	2	2	23	5.03854e-05	39694	1	FALSE	NA	NA	NA	NA	NA	NA
NC_045512.2	27539	T	C	39688	19120	47	3	1	38	7.55782e-05	39694	1	FALSE	NA	NA	NA	NA	NA	NA
NC_045512.2	27539	T	A	39688	19120	47	1	0	34	2.51927e-05	39694	1	FALSE	NA	NA	NA	NA	NA	NA
NC_045512.2	27540	A	T	39530	19353	47	1	0	26	2.52953e-05	39533	1	FALSE	NA	NA	NA	NA	NA	NA
NC_045512.2	27540	A	C	39530	19353	47	2	1	26	5.05906e-05	39533	1	FALSE	NA	NA	NA	NA	NA	NA
NC_045512.2	27541	G	T	39255	18788	46	5	3	26	0.00012734	39265	1	FALSE	NA	NA	NA	NA	NA	NA
NC_045512.2	27541	G	C	39255	18788	46	3	0	29	7.64039e-05	39265	1	FALSE	NA	NA	NA	NA	NA	NA
NC_045512.2	27541	G	A	39255	18788	46	2	1	47	5.09359e-05	39265	0.812452	FALSE	NA	NA	NA	NA	NA	NA
NC_045512.2	27542	C	T	39513	19472	47	2	1	30	5.06047e-05	39522	1	FALSE	NA	NA	NA	NA	NA	NA
NC_045512.2	27542	C	G	39513	19472	47	5	0	29	0.000126512	39522	1	FALSE	NA	NA	NA	NA	NA	NA
NC_045512.2	27542	C	A	39513	19472	47	2	0	34	5.06047e-05	39522	1	FALSE	NA	NA	NA	NA	NA	NA
NC_045512.2	27543	T	G	39108	18870	46	2	2	27	5.11326e-05	39114	1	FALSE	NA	NA	NA	NA	NA	NA
NC_045512.2	27543	T	C	39108	18870	46	2	1	44	5.11326e-05	39114	0.812484	FALSE	NA	NA	NA	NA	NA	NA
NC_045512.2	27543	T	A	39108	18870	46	2	2	23	5.11326e-05	39114	1	FALSE	NA	NA	NA	NA	NA	NA
NC_045512.2	27544	G	T	39173	18845	46	1	1	68	2.55206e-05	39184	0.499943	FALSE	NA	NA	NA	NA	NA	NA
NC_045512.2	27544	G	C	39173	18845	46	7	2	29	0.000178644	39184	1	FALSE	NA	NA	NA	NA	NA	NA
NC_045512.2	27544	G	A	39173	18845	46	3	1	31	7.65619e-05	39184	1	FALSE	NA	NA	NA	NA	NA	NA
NC_045512.2	27545	A	G	38777	18757	47	2	1	34	5.1569e-05	38783	1	FALSE	NA	NA	NA	NA	NA	NA
NC_045512.2	27545	A	C	38777	18757	47	4	1	28	0.000103138	38783	1	FALSE	NA	NA	NA	NA	NA	NA
NC_045512.2	27546	T	C	39082	18681	47	1	0	34	2.55866e-05	39083	1	FALSE	NA	NA	NA	NA	NA	NA
NC_045512.2	27547	A	T	38392	18663	46	2	0	23	5.20888e-05	38396	1	FALSE	NA	NA	NA	NA	NA	NA
NC_045512.2	27547	A	G	38392	18663	46	2	0	68	5.20888e-05	38396	0.24999	FALSE	NA	NA	NA	NA	NA	NA
NC_045512.2	27548	A	T	38676	18706	47	4	1	28	0.000103402	38684	1	FALSE	NA	NA	NA	NA	NA	NA
NC_045512.2	27548	A	G	38676	18706	47	2	2	23	5.1701e-05	38684	1	FALSE	NA	NA	NA	NA	NA	NA
NC_045512.2	27548	A	C	38676	18706	47	2	0	30	5.1701e-05	38684	1	FALSE	NA	NA	NA	NA	NA	NA
NC_045512.2	27549	C	T	38582	18797	46	1	0	34	2.59148e-05	38588	1	FALSE	NA	NA	NA	NA	NA	NA
NC_045512.2	27549	C	G	38582	18797	46	2	0	30	5.18296e-05	38588	1	FALSE	NA	NA	NA	NA	NA	NA
NC_045512.2	27549	C	A	38582	18797	46	3	0	31	7.77444e-05	38588	1	FALSE	NA	NA	NA	NA	NA	NA
NC_045512.2	27550	A	T	38500	18649	47	3	1	28	7.7914e-05	38504	1	FALSE	NA	NA	NA	NA	NA	NA
NC_045512.2	27550	A	G	38500	18649	47	1	1	26	2.59713e-05	38504	1	FALSE	NA	NA	NA	NA	NA	NA
NC_045512.2	27551	A	T	39003	18657	46	1	1	34	2.56325e-05	39013	1	FALSE	NA	NA	NA	NA	NA	NA
NC_045512.2	27551	A	G	39003	18657	46	4	1	42	0.00010253	39013	0.49993	FALSE	NA	NA	NA	NA	NA	NA
NC_045512.2	27551	A	C	39003	18657	46	5	0	27	0.000128162	39013	1	FALSE	NA	NA	NA	NA	NA	NA
NC_045512.2	27552	A	T	36188	18765	44	2	1	34	5.52105e-05	36225	1	FALSE	NA	NA	NA	NA	NA	NA
NC_045512.2	27552	A	C	36188	18765	44	35	2	28	0.000966184	36225	1	FALSE	NA	NA	NA	NA	NA	NA
NC_045512.2	27553	T	G	36554	16080	44	30	23	28	0.000819896	36590	1	FALSE	NA	NA	NA	NA	NA	NA
NC_045512.2	27553	T	C	36554	16080	44	2	2	26	5.46597e-05	36590	1	FALSE	NA	NA	NA	NA	NA	NA
NC_045512.2	27553	T	A	36554	16080	44	4	0	32	0.000109319	36590	1	FALSE	NA	NA	NA	NA	NA	NA
NC_045512.2	27554	T	G	38662	18609	46	4	1	31	0.000103434	38672	1	FALSE	NA	NA	NA	NA	NA	NA
NC_045512.2	27554	T	C	38662	18609	46	2	1	68	5.1717e-05	38672	0.249952	FALSE	NA	NA	NA	NA	NA	NA
NC_045512.2	27554	T	A	38662	18609	46	4	1	32	0.000103434	38672	1	FALSE	NA	NA	NA	NA	NA	NA
NC_045512.2	27555	T	G	38718	18486	46	2	1	30	5.16476e-05	38724	1	FALSE	NA	NA	NA	NA	NA	NA
NC_045512.2	27555	T	C	38718	18486	46	2	1	36	5.16476e-05	38724	1	FALSE	NA	NA	NA	NA	NA	NA
NC_045512.2	27555	T	A	38718	18486	46	2	0	29	5.16476e-05	38724	1	FALSE	NA	NA	NA	NA	NA	NA
NC_045512.2	27556	G	T	38879	18294	46	1	0	26	2.57169e-05	38885	1	FALSE	NA	NA	NA	NA	NA	NA
NC_045512.2	27556	G	C	38879	18294	46	3	0	24	7.71506e-05	38885	1	FALSE	NA	NA	NA	NA	NA	NA
NC_045512.2	27556	G	A	38879	18294	46	2	0	51	5.14337e-05	38885	0.249977	FALSE	NA	NA	NA	NA	NA	NA
NC_045512.2	27557	C	T	38514	18748	46	6	2	34	0.000155747	38524	1	FALSE	NA	NA	NA	NA	NA	NA
NC_045512.2	27557	C	G	38514	18748	46	1	1	34	2.59578e-05	38524	1	FALSE	NA	NA	NA	NA	NA	NA
NC_045512.2	27557	C	A	38514	18748	46	3	0	26	7.78735e-05	38524	1	FALSE	NA	NA	NA	NA	NA	NA
NC_045512.2	27558	A	T	38474	18607	46	1	1	27	2.59801e-05	38491	1	FALSE	NA	NA	NA	NA	NA	NA
NC_045512.2	27558	A	C	38474	18607	46	16	0	26	0.000415682	38491	1	FALSE	NA	NA	NA	NA	NA	NA
NC_045512.2	27559	C	T	39147	18839	46	2	2	51	5.10803e-05	39154	0.249971	FALSE	NA	NA	NA	NA	NA	NA
NC_045512.2	27559	C	G	39147	18839	46	3	1	31	7.66205e-05	39154	1	FALSE	NA	NA	NA	NA	NA	NA
NC_045512.2	27559	C	A	39147	18839	46	2	0	44	5.10803e-05	39154	0.812476	FALSE	NA	NA	NA	NA	NA	NA
NC_045512.2	27560	T	G	38422	18166	46	10	0	29	0.000260173	38436	1	FALSE	NA	NA	NA	NA	NA	NA
NC_045512.2	27560	T	C	38422	18166	46	1	0	68	2.60173e-05	38436	0.499922	FALSE	NA	NA	NA	NA	NA	NA
NC_045512.2	27560	T	A	38422	18166	46	3	1	24	7.80518e-05	38436	1	FALSE	NA	NA	NA	NA	NA	NA
NC_045512.2	27561	G	T	40418	18630	46	4	0	41	9.89413e-05	40428	0.636658	FALSE	NA	NA	NA	NA	NA	NA
NC_045512.2	27561	G	C	40418	18630	46	5	1	25	0.000123677	40428	1	FALSE	NA	NA	NA	NA	NA	NA
NC_045512.2	27561	G	A	40418	18630	46	1	0	34	2.47353e-05	40428	1	FALSE	NA	NA	NA	NA	NA	NA
NC_045512.2	27562	A	G	40557	18647	46	2	0	36	4.93036e-05	40565	1	FALSE	NA	NA	NA	NA	NA	NA
NC_045512.2	27562	A	C	40557	18647	46	6	1	28	0.000147911	40565	1	FALSE	NA	NA	NA	NA	NA	NA
NC_045512.2	27563	C	T	40639	18704	46	1	0	34	2.46051e-05	40642	1	FALSE	NA	NA	NA	NA	NA	NA
NC_045512.2	27563	C	A	40639	18704	46	2	0	27	4.92102e-05	40642	1	FALSE	NA	NA	NA	NA	NA	NA
NC_045512.2	27564	T	G	40588	18521	46	1	1	26	2.4636e-05	40591	1	FALSE	NA	NA	NA	NA	NA	NA
NC_045512.2	27564	T	C	40588	18521	46	1	1	26	2.4636e-05	40591	1	FALSE	NA	NA	NA	NA	NA	NA
NC_045512.2	27564	T	A	40588	18521	46	1	1	27	2.4636e-05	40591	1	FALSE	NA	NA	NA	NA	NA	NA
NC_045512.2	27564	T	-TG	40588	18521	46	1	0	20	2.4636e-05	40591	1	FALSE	NA	NA	NA	NA	NA	NA
NC_045512.2	27565	T	G	40255	18637	46	5	2	31	0.00012418	40264	1	FALSE	NA	NA	NA	NA	NA	NA
NC_045512.2	27565	T	C	40255	18637	46	2	1	34	4.96722e-05	40264	1	FALSE	NA	NA	NA	NA	NA	NA
NC_045512.2	27565	T	A	40255	18637	46	2	1	30	4.96722e-05	40264	1	FALSE	NA	NA	NA	NA	NA	NA
NC_045512.2	27566	G	T	40646	18617	46	4	3	26	9.83865e-05	40656	1	FALSE	NA	NA	NA	NA	NA	NA
NC_045512.2	27566	G	C	40646	18617	46	6	0	24	0.00014758	40656	1	FALSE	NA	NA	NA	NA	NA	NA
NC_045512.2	27567	C	A	41311	19339	46	7	0	27	0.000169418	41318	1	FALSE	NA	NA	NA	NA	NA	NA
NC_045512.2	27568	T	G	41496	19196	46	2	2	26	4.81928e-05	41500	1	FALSE	NA	NA	NA	NA	NA	NA
NC_045512.2	27568	T	C	41496	19196	46	2	1	34	4.81928e-05	41500	1	FALSE	NA	NA	NA	NA	NA	NA
NC_045512.2	27569	T	G	40962	18693	45	5	5	29	0.000122038	40971	1	FALSE	NA	NA	NA	NA	NA	NA
NC_045512.2	27569	T	C	40962	18693	45	3	2	28	7.32225e-05	40971	1	FALSE	NA	NA	NA	NA	NA	NA
NC_045512.2	27569	T	A	40962	18693	45	1	0	26	2.44075e-05	40971	1	FALSE	NA	NA	NA	NA	NA	NA
NC_045512.2	27570	T	G	39994	18292	46	1	1	20	2.49981e-05	40003	1	FALSE	NA	NA	NA	NA	NA	NA
NC_045512.2	27570	T	C	39994	18292	46	6	4	40	0.000149989	40003	0.376915	FALSE	NA	NA	NA	NA	NA	NA
NC_045512.2	27570	T	A	39994	18292	46	2	0	34	4.99963e-05	40003	1	FALSE	NA	NA	NA	NA	NA	NA
NC_045512.2	27571	A	T	39666	18750	46	2	0	30	5.04147e-05	39671	1	FALSE	NA	NA	NA	NA	NA	NA
NC_045512.2	27571	A	G	39666	18750	46	2	1	34	5.04147e-05	39671	1	FALSE	NA	NA	NA	NA	NA	NA
NC_045512.2	27571	A	C	39666	18750	46	1	0	26	2.52073e-05	39671	1	FALSE	NA	NA	NA	NA	NA	NA
NC_045512.2	27572	G	T	39746	18347	45	1	1	34	2.51585e-05	39748	1	FALSE	NA	NA	NA	NA	NA	NA
NC_045512.2	27572	G	A	39746	18347	45	1	1	46	2.51585e-05	39748	0.937505	FALSE	NA	NA	NA	NA	NA	NA
NC_045512.2	27573	C	T	39221	18783	45	3	1	45	7.64682e-05	39232	0.656172	FALSE	NA	NA	NA	NA	NA	NA
NC_045512.2	27573	C	G	39221	18783	45	5	2	25	0.000127447	39232	1	FALSE	NA	NA	NA	NA	NA	NA
NC_045512.2	27573	C	A	39221	18783	45	3	0	27	7.64682e-05	39232	1	FALSE	NA	NA	NA	NA	NA	NA
NC_045512.2	27574	A	T	39111	18575	45	5	2	31	0.000127818	39118	1	FALSE	NA	NA	NA	NA	NA	NA
NC_045512.2	27574	A	G	39111	18575	45	1	1	34	2.55637e-05	39118	1	FALSE	NA	NA	NA	NA	NA	NA
NC_045512.2	27574	A	C	39111	18575	45	1	0	20	2.55637e-05	39118	1	FALSE	NA	NA	NA	NA	NA	NA
NC_045512.2	27575	C	G	38617	19239	45	12	0	28	0.000310575	38638	1	FALSE	NA	NA	NA	NA	NA	NA
NC_045512.2	27575	C	A	38617	19239	45	9	9	30	0.000232931	38638	0.999997	FALSE	NA	NA	NA	NA	NA	NA
NC_045512.2	27576	T	G	37970	18085	47	2	2	23	5.26551e-05	37983	1	FALSE	NA	NA	NA	NA	NA	NA
NC_045512.2	27576	T	C	37970	18085	47	8	6	46	0.000210621	37983	0.11323	FALSE	NA	NA	NA	NA	NA	NA
NC_045512.2	27576	T	A	37970	18085	47	3	1	45	7.89827e-05	37983	0.656145	FALSE	NA	NA	NA	NA	NA	NA
NC_045512.2	27577	C	T	38647	18906	47	1	0	68	2.58719e-05	38652	0.499981	FALSE	NA	NA	NA	NA	NA	NA
NC_045512.2	27577	C	G	38647	18906	47	3	0	26	7.76156e-05	38652	1	FALSE	NA	NA	NA	NA	NA	NA
NC_045512.2	27577	C	A	38647	18906	47	1	0	34	2.58719e-05	38652	1	FALSE	NA	NA	NA	NA	NA	NA
NC_045512.2	27578	A	T	37029	19319	46	1	1	20	2.6984e-05	37059	1	FALSE	NA	NA	NA	NA	NA	NA
NC_045512.2	27578	A	G	37029	19319	46	1	1	34	2.6984e-05	37059	1	FALSE	NA	NA	NA	NA	NA	NA
NC_045512.2	27578	A	C	37029	19319	46	28	0	27	0.000755552	37059	1	FALSE	NA	NA	NA	NA	NA	NA
NC_045512.2	27579	A	T	38144	19250	47	4	1	23	0.000104836	38155	1	FALSE	NA	NA	NA	NA	NA	NA
NC_045512.2	27579	A	G	38144	19250	47	1	1	24	2.62089e-05	38155	1	FALSE	NA	NA	NA	NA	NA	NA
NC_045512.2	27579	A	C	38144	19250	47	6	1	27	0.000157253	38155	1	FALSE	NA	NA	NA	NA	NA	NA
NC_045512.2	27580	T	G	36325	17120	45	24	23	28	0.000660211	36352	1	FALSE	NA	NA	NA	NA	NA	NA
NC_045512.2	27580	T	C	36325	17120	45	1	1	38	2.75088e-05	36352	1	FALSE	NA	NA	NA	NA	NA	NA
NC_045512.2	27580	T	A	36325	17120	45	2	0	27	5.50176e-05	36352	1	FALSE	NA	NA	NA	NA	NA	NA
NC_045512.2	27581	T	G	38278	19087	47	5	4	29	0.000130589	38288	1	FALSE	NA	NA	NA	NA	NA	NA
NC_045512.2	27581	T	C	38278	19087	47	1	1	34	2.61178e-05	38288	1	FALSE	NA	NA	NA	NA	NA	NA
NC_045512.2	27581	T	A	38278	19087	47	4	1	26	0.000104471	38288	1	FALSE	NA	NA	NA	NA	NA	NA
NC_045512.2	27582	T	G	38382	19392	47	3	2	29	7.81331e-05	38396	1	FALSE	NA	NA	NA	NA	NA	NA
NC_045512.2	27582	T	C	38382	19392	47	6	4	29	0.000156266	38396	1	FALSE	NA	NA	NA	NA	NA	NA
NC_045512.2	27582	T	A	38382	19392	47	5	4	25	0.000130222	38396	1	FALSE	NA	NA	NA	NA	NA	NA
NC_045512.2	27583	G	T	39069	19750	47	4	4	26	0.000102365	39076	1	FALSE	NA	NA	NA	NA	NA	NA
NC_045512.2	27583	G	C	39069	19750	47	2	0	30	5.11823e-05	39076	1	FALSE	NA	NA	NA	NA	NA	NA
NC_045512.2	27583	G	A	39069	19750	47	1	1	34	2.55912e-05	39076	1	FALSE	NA	NA	NA	NA	NA	NA
NC_045512.2	27584	C	G	38488	20188	47	8	7	28	0.000207787	38501	1	FALSE	NA	NA	NA	NA	NA	NA
NC_045512.2	27584	C	A	38488	20188	47	5	0	28	0.000129867	38501	1	FALSE	NA	NA	NA	NA	NA	NA
NC_045512.2	27584	C	-T	38488	20188	47	1	0	20	2.59734e-05	38501	1	FALSE	NA	NA	NA	NA	NA	NA
NC_045512.2	27585	T	G	38644	20029	47	3	1	25	7.76217e-05	38649	1	FALSE	NA	NA	NA	NA	NA	NA
NC_045512.2	27585	T	C	38644	20029	47	1	1	34	2.58739e-05	38649	1	FALSE	NA	NA	NA	NA	NA	NA
NC_045512.2	27585	T	A	38644	20029	47	1	0	27	2.58739e-05	38649	1	FALSE	NA	NA	NA	NA	NA	NA
NC_045512.2	27586	T	G	35906	17990	46	6	3	25	0.000167052	35917	1	FALSE	NA	NA	NA	NA	NA	NA
NC_045512.2	27586	T	C	35906	17990	46	3	1	35	8.35259e-05	35917	1	FALSE	NA	NA	NA	NA	NA	NA
NC_045512.2	27586	T	A	35906	17990	46	2	1	40	5.56839e-05	35917	0.812439	FALSE	NA	NA	NA	NA	NA	NA
NC_045512.2	27587	T	G	37751	19409	48	3	2	28	7.94513e-05	37759	1	FALSE	NA	NA	NA	NA	NA	NA
NC_045512.2	27587	T	C	37751	19409	48	4	2	38	0.000105935	37759	1	FALSE	NA	NA	NA	NA	NA	NA
NC_045512.2	27587	T	A	37751	19409	48	1	1	34	2.64838e-05	37759	1	FALSE	NA	NA	NA	NA	NA	NA
NC_045512.2	27588	T	C	38597	19531	48	1	1	68	2.59067e-05	38600	0.499994	FALSE	NA	NA	NA	NA	NA	NA
NC_045512.2	27588	T	A	38597	19531	48	2	2	47	5.18135e-05	38600	0.812508	FALSE	NA	NA	NA	NA	NA	NA
NC_045512.2	27589	G	T	38305	19372	48	4	4	26	0.000104403	38313	1	FALSE	NA	NA	NA	NA	NA	NA
NC_045512.2	27589	G	C	38305	19372	48	3	0	24	7.83024e-05	38313	1	FALSE	NA	NA	NA	NA	NA	NA
NC_045512.2	27589	G	A	38305	19372	48	1	0	34	2.61008e-05	38313	1	FALSE	NA	NA	NA	NA	NA	NA
NC_045512.2	27590	C	T	37849	19890	48	4	1	43	0.000105652	37860	0.499913	FALSE	NA	NA	NA	NA	NA	NA
NC_045512.2	27590	C	G	37849	19890	48	5	5	23	0.000132066	37860	1	FALSE	NA	NA	NA	NA	NA	NA
NC_045512.2	27590	C	A	37849	19890	48	2	0	23	5.28262e-05	37860	1	FALSE	NA	NA	NA	NA	NA	NA
NC_045512.2	27591	T	G	38542	19936	48	5	5	26	0.000129698	38551	1	FALSE	NA	NA	NA	NA	NA	NA
NC_045512.2	27591	T	C	38542	19936	48	4	3	42	0.000103759	38551	0.499943	FALSE	NA	NA	NA	NA	NA	NA
NC_045512.2	27592	T	G	37897	19607	49	2	1	30	5.27649e-05	37904	1	FALSE	NA	NA	NA	NA	NA	NA
NC_045512.2	27592	T	C	37897	19607	49	3	2	34	7.91473e-05	37904	1	FALSE	NA	NA	NA	NA	NA	NA
NC_045512.2	27592	T	A	37897	19607	49	2	1	47	5.27649e-05	37904	0.812475	FALSE	NA	NA	NA	NA	NA	NA
NC_045512.2	27593	G	C	38164	19639	49	2	0	34	5.24013e-05	38167	1	FALSE	NA	NA	NA	NA	NA	NA
NC_045512.2	27593	G	A	38164	19639	49	1	0	34	2.62006e-05	38167	1	FALSE	NA	NA	NA	NA	NA	NA
NC_045512.2	27593	G	-T	38164	19639	49	1	0	20	2.62006e-05	38167	1	FALSE	NA	NA	NA	NA	NA	NA
NC_045512.2	27594	T	C	38510	19685	48	5	2	37	0.000129809	38518	1	FALSE	NA	NA	NA	NA	NA	NA
NC_045512.2	27594	T	A	38510	19685	48	3	1	24	7.78857e-05	38518	1	FALSE	NA	NA	NA	NA	NA	NA
NC_045512.2	27595	C	G	38134	19617	48	1	1	27	2.62226e-05	38135	1	FALSE	NA	NA	NA	NA	NA	NA
NC_045512.2	27596	C	G	37581	19871	48	2	0	26	5.32028e-05	37592	1	FALSE	NA	NA	NA	NA	NA	NA
NC_045512.2	27596	C	A	37581	19871	48	9	0	29	0.000239413	37592	1	FALSE	NA	NA	NA	NA	NA	NA
NC_045512.2	27597	T	G	36659	18617	49	1	0	34	2.72732e-05	36666	1	FALSE	NA	NA	NA	NA	NA	NA
NC_045512.2	27597	T	C	36659	18617	49	5	2	34	0.000136366	36666	1	FALSE	NA	NA	NA	NA	NA	NA
NC_045512.2	27597	T	A	36659	18617	49	1	1	26	2.72732e-05	36666	1	FALSE	NA	NA	NA	NA	NA	NA
NC_045512.2	27598	G	T	36548	18719	49	4	3	28	0.000109406	36561	1	FALSE	NA	NA	NA	NA	NA	NA
NC_045512.2	27598	G	C	36548	18719	49	7	0	27	0.000191461	36561	1	FALSE	NA	NA	NA	NA	NA	NA
NC_045512.2	27598	G	A	36548	18719	49	2	0	64	5.47031e-05	36561	0.249928	FALSE	NA	NA	NA	NA	NA	NA
NC_045512.2	27599	A	T	36128	18781	49	4	3	30	0.000110702	36133	1	FALSE	NA	NA	NA	NA	NA	NA
NC_045512.2	27599	A	C	36128	18781	49	1	0	26	2.76755e-05	36133	1	FALSE	NA	NA	NA	NA	NA	NA
NC_045512.2	27600	C	T	36090	19095	49	4	4	49	0.000110794	36103	0.499879	FALSE	NA	NA	NA	NA	NA	NA
NC_045512.2	27600	C	G	36090	19095	49	6	2	28	0.000166191	36103	1	FALSE	NA	NA	NA	NA	NA	NA
NC_045512.2	27600	C	A	36090	19095	49	3	2	24	8.30956e-05	36103	1	FALSE	NA	NA	NA	NA	NA	NA
NC_045512.2	27601	G	T	35457	18577	49	2	0	23	5.63889e-05	35468	1	FALSE	NA	NA	NA	NA	NA	NA
NC_045512.2	27601	G	C	35457	18577	49	5	0	26	0.000140972	35468	1	FALSE	NA	NA	NA	NA	NA	NA
NC_045512.2	27601	G	A	35457	18577	49	4	2	47	0.000112778	35468	0.499907	FALSE	NA	NA	NA	NA	NA	NA
NC_045512.2	27602	G	T	37445	19036	49	1	1	27	2.66973e-05	37457	1	FALSE	NA	NA	NA	NA	NA	NA
NC_045512.2	27602	G	C	37445	19036	49	10	1	27	0.000266973	37457	1	FALSE	NA	NA	NA	NA	NA	NA
NC_045512.2	27602	G	A	37445	19036	49	1	1	34	2.66973e-05	37457	1	FALSE	NA	NA	NA	NA	NA	NA
NC_045512.2	27603	C	T	37055	19110	49	3	3	34	8.09433e-05	37063	1	FALSE	NA	NA	NA	NA	NA	NA
NC_045512.2	27603	C	G	37055	19110	49	2	0	27	5.39622e-05	37063	1	FALSE	NA	NA	NA	NA	NA	NA
NC_045512.2	27603	C	A	37055	19110	49	3	0	31	8.09433e-05	37063	1	FALSE	NA	NA	NA	NA	NA	NA
NC_045512.2	27604	G	T	37233	18939	49	2	1	30	5.36942e-05	37248	1	FALSE	NA	NA	NA	NA	NA	NA
NC_045512.2	27604	G	C	37233	18939	49	5	5	31	0.000134235	37248	1	FALSE	NA	NA	NA	NA	NA	NA
NC_045512.2	27604	G	A	37233	18939	49	8	5	49	0.000214777	37248	0.113212	FALSE	NA	NA	NA	NA	NA	NA
NC_045512.2	27605	T	C	37457	19494	50	3	2	50	8.00811e-05	37462	0.12499	FALSE	NA	NA	NA	NA	NA	NA
NC_045512.2	27605	T	A	37457	19494	50	2	1	30	5.33874e-05	37462	1	FALSE	NA	NA	NA	NA	NA	NA
NC_045512.2	27605	T	-AA	37457	19494	50	1	0	20	2.66937e-05	37462	1	FALSE	NA	NA	NA	NA	NA	NA
NC_045512.2	27605	T	-A	37457	19494	50	8	0	20	0.00021355	37462	1	FALSE	NA	NA	NA	NA	NA	NA
NC_045512.2	27606	A	T	37230	19510	49	2	2	26	5.37086e-05	37238	1	FALSE	NA	NA	NA	NA	NA	NA
NC_045512.2	27606	A	G	37230	19510	49	1	0	34	2.68543e-05	37238	1	FALSE	NA	NA	NA	NA	NA	NA
NC_045512.2	27606	A	C	37230	19510	49	5	0	31	0.000134271	37238	1	FALSE	NA	NA	NA	NA	NA	NA
NC_045512.2	27607	A	T	37894	19763	50	3	0	23	7.91599e-05	37898	1	FALSE	NA	NA	NA	NA	NA	NA
NC_045512.2	27607	A	G	37894	19763	50	1	0	68	2.63866e-05	37898	0.499987	FALSE	NA	NA	NA	NA	NA	NA
NC_045512.2	27608	A	G	34041	19909	45	3	1	28	8.80514e-05	34071	1	FALSE	NA	NA	NA	NA	NA	NA
NC_045512.2	27608	A	C	34041	19909	45	27	2	25	0.000792463	34071	1	FALSE	NA	NA	NA	NA	NA	NA
NC_045512.2	27609	A	T	37719	19871	50	1	1	26	2.65069e-05	37726	1	FALSE	NA	NA	NA	NA	NA	NA
NC_045512.2	27609	A	G	37719	19871	50	2	1	40	5.30138e-05	37726	0.812475	FALSE	NA	NA	NA	NA	NA	NA
NC_045512.2	27609	A	C	37719	19871	50	4	2	40	0.000106028	37726	0.499971	FALSE	NA	NA	NA	NA	NA	NA
NC_045512.2	27610	C	T	37553	20094	49	2	2	30	5.32467e-05	37561	1	FALSE	NA	NA	NA	NA	NA	NA
NC_045512.2	27610	C	G	37553	20094	49	3	2	29	7.98701e-05	37561	1	FALSE	NA	NA	NA	NA	NA	NA
NC_045512.2	27610	C	A	37553	20094	49	3	0	26	7.98701e-05	37561	1	FALSE	NA	NA	NA	NA	NA	NA
NC_045512.2	27611	A	G	34643	17829	50	1	1	68	2.88634e-05	34646	0.499993	FALSE	NA	NA	NA	NA	NA	NA
NC_045512.2	27611	A	C	34643	17829	50	2	0	22	5.77267e-05	34646	1	FALSE	NA	NA	NA	NA	NA	NA
NC_045512.2	27611	A	+C	34643	17829	50	2	0	20	5.77267e-05	34646	1	FALSE	NA	NA	NA	NA	NA	NA
NC_045512.2	27612	C	T	34783	18334	50	2	0	30	5.74878e-05	34790	1	FALSE	NA	NA	NA	NA	NA	NA
NC_045512.2	27612	C	G	34783	18334	50	3	2	25	8.62317e-05	34790	1	FALSE	NA	NA	NA	NA	NA	NA
NC_045512.2	27612	C	A	34783	18334	50	2	2	30	5.74878e-05	34790	1	FALSE	NA	NA	NA	NA	NA	NA
NC_045512.2	27613	G	T	35073	18542	50	1	1	27	2.85087e-05	35077	1	FALSE	NA	NA	NA	NA	NA	NA
NC_045512.2	27613	G	C	35073	18542	50	3	0	29	8.55261e-05	35077	1	FALSE	NA	NA	NA	NA	NA	NA
NC_045512.2	27614	T	C	35134	18487	49	3	2	29	8.53752e-05	35139	1	FALSE	NA	NA	NA	NA	NA	NA
NC_045512.2	27614	T	A	35134	18487	49	2	1	27	5.69168e-05	35139	1	FALSE	NA	NA	NA	NA	NA	NA
NC_045512.2	27615	C	G	35538	18795	50	3	2	24	8.44072e-05	35542	1	FALSE	NA	NA	NA	NA	NA	NA
NC_045512.2	27615	C	A	35538	18795	50	1	0	26	2.81357e-05	35542	1	FALSE	NA	NA	NA	NA	NA	NA
NC_045512.2	27616	T	C	34887	18040	50	4	4	59	0.00011463	34895	0.0624839	FALSE	NA	NA	NA	NA	NA	NA
NC_045512.2	27616	T	A	34887	18040	50	4	3	24	0.00011463	34895	1	FALSE	NA	NA	NA	NA	NA	NA
NC_045512.2	27617	A	T	34906	18766	50	4	3	30	0.000114534	34924	1	FALSE	NA	NA	NA	NA	NA	NA
NC_045512.2	27617	A	G	34906	18766	50	3	0	60	8.59008e-05	34924	0.124919	FALSE	NA	NA	NA	NA	NA	NA
NC_045512.2	27617	A	C	34906	18766	50	11	3	28	0.00031497	34924	1	FALSE	NA	NA	NA	NA	NA	NA
NC_045512.2	27618	T	C	35311	18520	50	2	0	34	5.66364e-05	35313	1	FALSE	NA	NA	NA	NA	NA	NA
NC_045512.2	27619	C	T	34883	18939	49	1	0	20	2.86632e-05	34888	1	FALSE	NA	NA	NA	NA	NA	NA
NC_045512.2	27619	C	G	34883	18939	49	3	2	43	8.59895e-05	34888	0.656243	FALSE	NA	NA	NA	NA	NA	NA
NC_045512.2	27619	C	A	34883	18939	49	1	1	26	2.86632e-05	34888	1	FALSE	NA	NA	NA	NA	NA	NA
NC_045512.2	27620	A	T	34564	18946	49	5	1	29	0.000144613	34575	1	FALSE	NA	NA	NA	NA	NA	NA
NC_045512.2	27620	A	G	34564	18946	49	5	2	37	0.000144613	34575	1	FALSE	NA	NA	NA	NA	NA	NA
NC_045512.2	27620	A	C	34564	18946	49	1	0	27	2.89226e-05	34575	1	FALSE	NA	NA	NA	NA	NA	NA
NC_045512.2	27621	G	T	34771	18731	49	4	4	38	0.000115025	34775	1	FALSE	NA	NA	NA	NA	NA	NA
NC_045512.2	27622	T	C	34499	18634	50	2	2	47	5.79643e-05	34504	0.812491	FALSE	NA	NA	NA	NA	NA	NA
NC_045512.2	27622	T	A	34499	18634	50	3	1	24	8.69464e-05	34504	1	FALSE	NA	NA	NA	NA	NA	NA
NC_045512.2	27623	T	G	34193	18422	50	3	3	26	8.7727e-05	34197	1	FALSE	NA	NA	NA	NA	NA	NA
NC_045512.2	27623	T	C	34193	18422	50	1	0	46	2.92423e-05	34197	0.937498	FALSE	NA	NA	NA	NA	NA	NA
NC_045512.2	27624	A	T	34231	18716	49	3	3	29	8.76322e-05	34234	1	FALSE	NA	NA	NA	NA	NA	NA
NC_045512.2	27625	C	T	33763	18581	49	30	21	43	0.000887705	33795	6.9665e-07	TRUE	NA	NA	NA	NA	NA	NA
NC_045512.2	27625	C	A	33763	18581	49	2	0	23	5.91804e-05	33795	1	FALSE	NA	NA	NA	NA	NA	NA
NC_045512.2	27626	G	C	33585	18470	49	1	1	26	2.97734e-05	33587	1	FALSE	NA	NA	NA	NA	NA	NA
NC_045512.2	27626	G	A	33585	18470	49	1	0	34	2.97734e-05	33587	1	FALSE	NA	NA	NA	NA	NA	NA
NC_045512.2	27626	G	-T	33585	18470	49	1	0	20	2.97734e-05	33587	1	FALSE	NA	NA	NA	NA	NA	NA
NC_045512.2	27627	T	G	34399	18431	49	7	7	27	0.000203441	34408	1	FALSE	NA	NA	NA	NA	NA	NA
NC_045512.2	27627	T	C	34399	18431	49	1	1	34	2.9063e-05	34408	1	FALSE	NA	NA	NA	NA	NA	NA
NC_045512.2	27627	T	A	34399	18431	49	1	0	20	2.9063e-05	34408	1	FALSE	NA	NA	NA	NA	NA	NA
NC_045512.2	27628	G	T	34542	18635	49	2	2	26	5.78921e-05	34547	1	FALSE	NA	NA	NA	NA	NA	NA
NC_045512.2	27628	G	C	34542	18635	49	2	2	30	5.78921e-05	34547	1	FALSE	NA	NA	NA	NA	NA	NA
NC_045512.2	27628	G	A	34542	18635	49	1	1	34	2.89461e-05	34547	1	FALSE	NA	NA	NA	NA	NA	NA
NC_045512.2	27629	C	T	34456	18742	49	4	2	59	0.000116063	34464	0.0624837	FALSE	NA	NA	NA	NA	NA	NA
NC_045512.2	27629	C	G	34456	18742	49	1	0	26	2.90158e-05	34464	1	FALSE	NA	NA	NA	NA	NA	NA
NC_045512.2	27629	C	A	34456	18742	49	3	0	40	8.70474e-05	34464	0.656202	FALSE	NA	NA	NA	NA	NA	NA
NC_045512.2	27630	C	T	34181	18522	49	1	0	68	2.92526e-05	34185	0.499985	FALSE	NA	NA	NA	NA	NA	NA
NC_045512.2	27630	C	G	34181	18522	49	1	1	34	2.92526e-05	34185	1	FALSE	NA	NA	NA	NA	NA	NA
NC_045512.2	27630	C	A	34181	18522	49	2	0	34	5.85052e-05	34185	1	FALSE	NA	NA	NA	NA	NA	NA
NC_045512.2	27631	A	G	34425	18560	50	3	1	46	8.71333e-05	34430	0.656243	FALSE	NA	NA	NA	NA	NA	NA
NC_045512.2	27631	A	C	34425	18560	50	2	0	26	5.80889e-05	34430	1	FALSE	NA	NA	NA	NA	NA	NA
NC_045512.2	27632	G	C	34556	18299	49	1	1	27	2.89377e-05	34557	1	FALSE	NA	NA	NA	NA	NA	NA
NC_045512.2	27633	A	T	34085	18686	47	2	1	30	5.86631e-05	34093	1	FALSE	NA	NA	NA	NA	NA	NA
NC_045512.2	27633	A	G	34085	18686	47	3	3	40	8.79946e-05	34093	0.656202	FALSE	NA	NA	NA	NA	NA	NA
NC_045512.2	27633	A	C	34085	18686	47	3	3	29	8.79946e-05	34093	1	FALSE	NA	NA	NA	NA	NA	NA
NC_045512.2	27634	T	G	34697	18486	49	3	2	31	8.64553e-05	34700	1	FALSE	NA	NA	NA	NA	NA	NA
NC_045512.2	27635	C	T	34492	18535	49	2	2	26	5.79542e-05	34510	1	FALSE	NA	NA	NA	NA	NA	NA
NC_045512.2	27635	C	G	34492	18535	49	6	5	25	0.000173863	34510	1	FALSE	NA	NA	NA	NA	NA	NA
NC_045512.2	27635	C	A	34492	18535	49	10	1	28	0.000289771	34510	1	FALSE	NA	NA	NA	NA	NA	NA
NC_045512.2	27636	A	T	33901	17813	50	1	0	27	2.94933e-05	33906	1	FALSE	NA	NA	NA	NA	NA	NA
NC_045512.2	27636	A	G	33901	17813	50	4	1	27	0.000117973	33906	1	FALSE	NA	NA	NA	NA	NA	NA
NC_045512.2	27637	G	T	34348	17715	49	2	2	23	5.82174e-05	34354	1	FALSE	NA	NA	NA	NA	NA	NA
NC_045512.2	27637	G	C	34348	17715	49	3	2	26	8.73261e-05	34354	1	FALSE	NA	NA	NA	NA	NA	NA
NC_045512.2	27637	G	A	34348	17715	49	1	0	34	2.91087e-05	34354	1	FALSE	NA	NA	NA	NA	NA	NA
NC_045512.2	27638	T	G	34013	17616	49	3	3	26	8.81808e-05	34021	1	FALSE	NA	NA	NA	NA	NA	NA
NC_045512.2	27638	T	C	34013	17616	49	4	3	46	0.000117574	34021	0.499952	FALSE	NA	NA	NA	NA	NA	NA
NC_045512.2	27638	T	A	34013	17616	49	1	1	68	2.93936e-05	34021	0.499956	FALSE	NA	NA	NA	NA	NA	NA
NC_045512.2	27639	T	G	34180	17813	49	5	4	26	0.000146259	34186	1	FALSE	NA	NA	NA	NA	NA	NA
NC_045512.2	27639	T	C	34180	17813	49	1	1	27	2.92517e-05	34186	1	FALSE	NA	NA	NA	NA	NA	NA
NC_045512.2	27640	T	C	34667	18230	50	2	1	47	5.76868e-05	34670	0.812509	FALSE	NA	NA	NA	NA	NA	NA
NC_045512.2	27640	T	A	34667	18230	50	1	0	26	2.88434e-05	34670	1	FALSE	NA	NA	NA	NA	NA	NA
NC_045512.2	27640	T	-C	34667	18230	50	1	0	20	2.88434e-05	34670	1	FALSE	NA	NA	NA	NA	NA	NA
NC_045512.2	27641	C	T	36394	18282	49	1	1	46	2.74755e-05	36396	0.937502	FALSE	NA	NA	NA	NA	NA	NA
NC_045512.2	27641	C	G	36394	18282	49	1	0	34	2.74755e-05	36396	1	FALSE	NA	NA	NA	NA	NA	NA
NC_045512.2	27642	A	G	35304	18454	48	2	0	51	5.66364e-05	35313	0.249954	FALSE	NA	NA	NA	NA	NA	NA
NC_045512.2	27642	A	C	35304	18454	48	7	0	30	0.000198227	35313	0.999999	FALSE	NA	NA	NA	NA	NA	NA
NC_045512.2	27643	C	T	36514	18378	49	1	1	26	2.73815e-05	36521	1	FALSE	NA	NA	NA	NA	NA	NA
NC_045512.2	27643	C	G	36514	18378	49	4	3	28	0.000109526	36521	1	FALSE	NA	NA	NA	NA	NA	NA
NC_045512.2	27643	C	A	36514	18378	49	2	0	27	5.4763e-05	36521	1	FALSE	NA	NA	NA	NA	NA	NA
NC_045512.2	27644	C	T	36447	18559	49	1	1	34	2.74318e-05	36454	1	FALSE	NA	NA	NA	NA	NA	NA
NC_045512.2	27644	C	G	36447	18559	49	1	0	27	2.74318e-05	36454	1	FALSE	NA	NA	NA	NA	NA	NA
NC_045512.2	27644	C	A	36447	18559	49	5	2	29	0.000137159	36454	1	FALSE	NA	NA	NA	NA	NA	NA
NC_045512.2	27645	T	G	35128	16932	47	13	13	28	0.000369833	35151	1	FALSE	NA	NA	NA	NA	NA	NA
NC_045512.2	27645	T	C	35128	16932	47	6	4	44	0.000170692	35151	0.253668	FALSE	NA	NA	NA	NA	NA	NA
NC_045512.2	27645	T	A	35128	16932	47	4	0	30	0.000113795	35151	1	FALSE	NA	NA	NA	NA	NA	NA
NC_045512.2	27645	T	-A	35128	16932	47	1	0	20	2.84487e-05	35151	1	FALSE	NA	NA	NA	NA	NA	NA
NC_045512.2	27646	A	T	35846	17896	49	1	0	68	2.78886e-05	35857	0.49993	FALSE	NA	NA	NA	NA	NA	NA
NC_045512.2	27646	A	G	35846	17896	49	1	0	34	2.78886e-05	35857	1	FALSE	NA	NA	NA	NA	NA	NA
NC_045512.2	27646	A	C	35846	17896	49	9	1	29	0.000250997	35857	1	FALSE	NA	NA	NA	NA	NA	NA
NC_045512.2	27647	A	G	35468	17476	48	4	1	35	0.000112743	35479	1	FALSE	NA	NA	NA	NA	NA	NA
NC_045512.2	27647	A	C	35468	17476	48	7	2	28	0.0001973	35479	1	FALSE	NA	NA	NA	NA	NA	NA
NC_045512.2	27648	A	T	32996	17772	45	3	3	27	9.08816e-05	33010	1	FALSE	NA	NA	NA	NA	NA	NA
NC_045512.2	27648	A	C	32996	17772	45	11	0	26	0.000333232	33010	1	FALSE	NA	NA	NA	NA	NA	NA
NC_045512.2	27648	A	+C	32996	17772	45	1	0	20	3.02939e-05	33010	1	FALSE	NA	NA	NA	NA	NA	NA
NC_045512.2	27649	C	T	36091	18327	48	2	1	40	5.54063e-05	36097	0.812483	FALSE	NA	NA	NA	NA	NA	NA
NC_045512.2	27649	C	A	36091	18327	48	4	0	37	0.000110813	36097	1	FALSE	NA	NA	NA	NA	NA	NA
NC_045512.2	27650	T	G	33409	16115	49	2	1	34	5.98587e-05	33412	1	FALSE	NA	NA	NA	NA	NA	NA
NC_045512.2	27650	T	A	33409	16115	49	1	0	27	2.99294e-05	33412	1	FALSE	NA	NA	NA	NA	NA	NA
NC_045512.2	27651	G	T	33782	16101	49	2	2	27	5.91891e-05	33790	1	FALSE	NA	NA	NA	NA	NA	NA
NC_045512.2	27651	G	C	33782	16101	49	4	1	28	0.000118378	33790	1	FALSE	NA	NA	NA	NA	NA	NA
NC_045512.2	27651	G	A	33782	16101	49	2	2	34	5.91891e-05	33790	1	FALSE	NA	NA	NA	NA	NA	NA
NC_045512.2	27652	T	G	33429	15787	49	3	3	26	8.97317e-05	33433	1	FALSE	NA	NA	NA	NA	NA	NA
NC_045512.2	27652	T	C	33429	15787	49	1	0	68	2.99106e-05	33433	0.499985	FALSE	NA	NA	NA	NA	NA	NA
NC_045512.2	27653	T	G	33827	16198	49	4	0	28	0.000118228	33833	1	FALSE	NA	NA	NA	NA	NA	NA
NC_045512.2	27653	T	C	33827	16198	49	2	2	38	5.91139e-05	33833	1	FALSE	NA	NA	NA	NA	NA	NA
NC_045512.2	27654	C	G	33606	16157	49	1	0	34	2.97548e-05	33608	1	FALSE	NA	NA	NA	NA	NA	NA
NC_045512.2	27654	C	A	33606	16157	49	1	0	26	2.97548e-05	33608	1	FALSE	NA	NA	NA	NA	NA	NA
NC_045512.2	27655	A	T	31672	16104	47	1	1	26	3.15477e-05	31698	1	FALSE	NA	NA	NA	NA	NA	NA
NC_045512.2	27655	A	G	31672	16104	47	2	1	47	6.30955e-05	31698	0.812283	FALSE	NA	NA	NA	NA	NA	NA
NC_045512.2	27655	A	C	31672	16104	47	23	1	28	0.000725598	31698	1	FALSE	NA	NA	NA	NA	NA	NA
NC_045512.2	27656	T	C	33823	16193	49	2	1	40	5.91279e-05	33825	0.812518	FALSE	NA	NA	NA	NA	NA	NA
NC_045512.2	27657	C	T	33350	16284	48	1	0	34	2.99787e-05	33357	1	FALSE	NA	NA	NA	NA	NA	NA
NC_045512.2	27657	C	G	33350	16284	48	2	1	27	5.99574e-05	33357	1	FALSE	NA	NA	NA	NA	NA	NA
NC_045512.2	27657	C	A	33350	16284	48	4	2	28	0.000119915	33357	1	FALSE	NA	NA	NA	NA	NA	NA
NC_045512.2	27658	A	T	33216	16092	49	5	1	25	0.000150494	33224	1	FALSE	NA	NA	NA	NA	NA	NA
NC_045512.2	27658	A	G	33216	16092	49	1	0	68	3.00987e-05	33224	0.499955	FALSE	NA	NA	NA	NA	NA	NA
NC_045512.2	27658	A	C	33216	16092	49	2	0	34	6.01974e-05	33224	1	FALSE	NA	NA	NA	NA	NA	NA
NC_045512.2	27659	G	T	33843	16015	49	2	2	23	5.90877e-05	33848	1	FALSE	NA	NA	NA	NA	NA	NA
NC_045512.2	27659	G	C	33843	16015	49	2	1	26	5.90877e-05	33848	1	FALSE	NA	NA	NA	NA	NA	NA
NC_045512.2	27659	G	A	33843	16015	49	1	0	27	2.95438e-05	33848	1	FALSE	NA	NA	NA	NA	NA	NA
NC_045512.2	27660	A	T	33630	15803	49	2	2	30	5.94636e-05	33634	1	FALSE	NA	NA	NA	NA	NA	NA
NC_045512.2	27660	A	G	33630	15803	49	1	0	68	2.97318e-05	33634	0.499985	FALSE	NA	NA	NA	NA	NA	NA
NC_045512.2	27660	A	C	33630	15803	49	1	1	26	2.97318e-05	33634	1	FALSE	NA	NA	NA	NA	NA	NA
NC_045512.2	27661	C	T	33385	15982	49	2	1	51	5.98982e-05	33390	0.249981	FALSE	NA	NA	NA	NA	NA	NA
NC_045512.2	27661	C	A	33385	15982	49	3	0	26	8.98473e-05	33390	1	FALSE	NA	NA	NA	NA	NA	NA
NC_045512.2	27662	A	T	33859	16873	50	1	0	34	2.95325e-05	33861	1	FALSE	NA	NA	NA	NA	NA	NA
NC_045512.2	27662	A	G	33859	16873	50	1	0	34	2.95325e-05	33861	1	FALSE	NA	NA	NA	NA	NA	NA
NC_045512.2	27663	A	T	33755	16914	50	1	0	26	2.96165e-05	33765	1	FALSE	NA	NA	NA	NA	NA	NA
NC_045512.2	27663	A	G	33755	16914	50	5	3	47	0.000148082	33765	0.363208	FALSE	NA	NA	NA	NA	NA	NA
NC_045512.2	27663	A	C	33755	16914	50	4	2	26	0.000118466	33765	1	FALSE	NA	NA	NA	NA	NA	NA
NC_045512.2	27664	G	T	33841	16982	49	1	1	26	2.95447e-05	33847	1	FALSE	NA	NA	NA	NA	NA	NA
NC_045512.2	27664	G	C	33841	16982	49	5	1	28	0.000147724	33847	1	FALSE	NA	NA	NA	NA	NA	NA
NC_045512.2	27665	A	T	33548	17102	49	6	3	25	0.000178811	33555	1	FALSE	NA	NA	NA	NA	NA	NA
NC_045512.2	27665	A	G	33548	17102	49	1	0	60	2.98018e-05	33555	0.499963	FALSE	NA	NA	NA	NA	NA	NA
NC_045512.2	27666	G	T	33738	16678	50	4	3	36	0.00011854	33744	1	FALSE	NA	NA	NA	NA	NA	NA
NC_045512.2	27666	G	C	33738	16678	50	2	1	26	5.92698e-05	33744	1	FALSE	NA	NA	NA	NA	NA	NA
NC_045512.2	27667	G	T	33553	16869	50	4	4	32	0.00011919	33560	1	FALSE	NA	NA	NA	NA	NA	NA
NC_045512.2	27667	G	C	33553	16869	50	3	1	24	8.93921e-05	33560	1	FALSE	NA	NA	NA	NA	NA	NA
NC_045512.2	27668	A	T	33060	16287	50	6	5	37	0.000181455	33066	0.999999	FALSE	NA	NA	NA	NA	NA	NA
NC_045512.2	27669	A	T	33170	16525	50	3	2	28	9.04159e-05	33180	1	FALSE	NA	NA	NA	NA	NA	NA
NC_045512.2	27669	A	G	33170	16525	50	3	1	34	9.04159e-05	33180	1	FALSE	NA	NA	NA	NA	NA	NA
NC_045512.2	27669	A	C	33170	16525	50	4	1	25	0.000120555	33180	1	FALSE	NA	NA	NA	NA	NA	NA
NC_045512.2	27670	G	T	33299	16284	50	5	5	27	0.000150114	33308	1	FALSE	NA	NA	NA	NA	NA	NA
NC_045512.2	27670	G	C	33299	16284	50	3	1	29	9.00685e-05	33308	1	FALSE	NA	NA	NA	NA	NA	NA
NC_045512.2	27670	G	A	33299	16284	50	1	0	24	3.00228e-05	33308	1	FALSE	NA	NA	NA	NA	NA	NA
NC_045512.2	27671	T	G	32770	15457	48	20	20	28	0.000609868	32794	1	FALSE	NA	NA	NA	NA	NA	NA
NC_045512.2	27671	T	C	32770	15457	48	1	0	34	3.04934e-05	32794	1	FALSE	NA	NA	NA	NA	NA	NA
NC_045512.2	27671	T	A	32770	15457	48	3	0	24	9.14801e-05	32794	1	FALSE	NA	NA	NA	NA	NA	NA
NC_045512.2	27672	T	C	33804	16689	50	2	1	51	5.91593e-05	33807	0.249996	FALSE	NA	NA	NA	NA	NA	NA
NC_045512.2	27672	T	A	33804	16689	50	1	0	26	2.95797e-05	33807	1	FALSE	NA	NA	NA	NA	NA	NA
NC_045512.2	27673	C	G	33254	16323	50	2	1	34	6.01359e-05	33258	1	FALSE	NA	NA	NA	NA	NA	NA
NC_045512.2	27673	C	A	33254	16323	50	2	1	27	6.01359e-05	33258	1	FALSE	NA	NA	NA	NA	NA	NA
NC_045512.2	27674	A	T	32752	16489	50	1	1	27	3.05288e-05	32756	1	FALSE	NA	NA	NA	NA	NA	NA
NC_045512.2	27674	A	C	32752	16489	50	3	0	24	9.15863e-05	32756	1	FALSE	NA	NA	NA	NA	NA	NA
NC_045512.2	27675	A	G	32834	16679	49	1	1	24	3.0446e-05	32845	1	FALSE	NA	NA	NA	NA	NA	NA
NC_045512.2	27675	A	C	32834	16679	49	10	0	34	0.00030446	32845	0.999865	FALSE	NA	NA	NA	NA	NA	NA
NC_045512.2	27676	G	T	34012	16453	50	1	1	26	2.93962e-05	34018	1	FALSE	NA	NA	NA	NA	NA	NA
NC_045512.2	27676	G	C	34012	16453	50	3	0	27	8.81886e-05	34018	1	FALSE	NA	NA	NA	NA	NA	NA
NC_045512.2	27676	G	A	34012	16453	50	2	1	29	5.87924e-05	34018	1	FALSE	NA	NA	NA	NA	NA	NA
NC_045512.2	27677	A	T	32393	16874	47	14	3	26	0.000431965	32410	1	FALSE	NA	NA	NA	NA	NA	NA
NC_045512.2	27677	A	G	32393	16874	47	2	1	43	6.17093e-05	32410	0.812375	FALSE	NA	NA	NA	NA	NA	NA
NC_045512.2	27677	A	C	32393	16874	47	1	1	27	3.08547e-05	32410	1	FALSE	NA	NA	NA	NA	NA	NA
NC_045512.2	27678	A	T	34157	17069	49	3	3	28	8.78092e-05	34165	1	FALSE	NA	NA	NA	NA	NA	NA
NC_045512.2	27678	A	G	34157	17069	49	3	2	37	8.78092e-05	34165	1	FALSE	NA	NA	NA	NA	NA	NA
NC_045512.2	27678	A	C	34157	17069	49	2	0	26	5.85394e-05	34165	1	FALSE	NA	NA	NA	NA	NA	NA
NC_045512.2	27679	C	G	34469	17126	49	3	3	34	8.70246e-05	34473	1	FALSE	NA	NA	NA	NA	NA	NA
NC_045512.2	27679	C	A	34469	17126	49	1	0	34	2.90082e-05	34473	1	FALSE	NA	NA	NA	NA	NA	NA
NC_045512.2	27679	C	+G	34469	17126	49	1	0	20	2.90082e-05	34473	1	FALSE	NA	NA	NA	NA	NA	NA
NC_045512.2	27680	T	G	31787	14523	47	27	23	28	0.000848523	31820	1	FALSE	NA	NA	NA	NA	NA	NA
NC_045512.2	27680	T	C	31787	14523	47	1	1	34	3.14268e-05	31820	1	FALSE	NA	NA	NA	NA	NA	NA
NC_045512.2	27680	T	A	31787	14523	47	5	1	28	0.000157134	31820	1	FALSE	NA	NA	NA	NA	NA	NA
NC_045512.2	27681	T	G	33880	16691	49	1	1	34	2.95107e-05	33886	1	FALSE	NA	NA	NA	NA	NA	NA
NC_045512.2	27681	T	C	33880	16691	49	4	2	40	0.000118043	33886	0.499984	FALSE	NA	NA	NA	NA	NA	NA
NC_045512.2	27681	T	A	33880	16691	49	1	0	27	2.95107e-05	33886	1	FALSE	NA	NA	NA	NA	NA	NA
NC_045512.2	27682	T	C	34023	16654	50	5	4	53	0.000146933	34029	0.0312454	FALSE	NA	NA	NA	NA	NA	NA
NC_045512.2	27682	T	A	34023	16654	50	1	1	26	2.93867e-05	34029	1	FALSE	NA	NA	NA	NA	NA	NA
NC_045512.2	27683	A	T	33898	16593	49	2	2	30	5.89866e-05	33906	1	FALSE	NA	NA	NA	NA	NA	NA
NC_045512.2	27683	A	G	33898	16593	49	3	1	42	8.84799e-05	33906	0.656202	FALSE	NA	NA	NA	NA	NA	NA
NC_045512.2	27683	A	C	33898	16593	49	3	1	29	8.84799e-05	33906	1	FALSE	NA	NA	NA	NA	NA	NA
NC_045512.2	27684	C	G	33780	16937	49	3	0	27	8.87994e-05	33784	1	FALSE	NA	NA	NA	NA	NA	NA
NC_045512.2	27684	C	A	33780	16937	49	1	0	34	2.95998e-05	33784	1	FALSE	NA	NA	NA	NA	NA	NA
NC_045512.2	27685	T	C	32881	15988	49	1	1	68	3.04081e-05	32886	0.499977	FALSE	NA	NA	NA	NA	NA	NA
NC_045512.2	27685	T	A	32881	15988	49	4	2	33	0.000121632	32886	1	FALSE	NA	NA	NA	NA	NA	NA
NC_045512.2	27686	C	T	33215	16548	50	5	5	36	0.000150498	33223	1	FALSE	NA	NA	NA	NA	NA	NA
NC_045512.2	27686	C	G	33215	16548	50	2	0	26	6.01993e-05	33223	1	FALSE	NA	NA	NA	NA	NA	NA
NC_045512.2	27686	C	A	33215	16548	50	1	1	34	3.00996e-05	33223	1	FALSE	NA	NA	NA	NA	NA	NA
NC_045512.2	27687	T	G	32930	16250	50	1	1	24	3.03601e-05	32938	1	FALSE	NA	NA	NA	NA	NA	NA
NC_045512.2	27687	T	C	32930	16250	50	4	1	40	0.00012144	32938	0.49995	FALSE	NA	NA	NA	NA	NA	NA
NC_045512.2	27687	T	A	32930	16250	50	3	3	24	9.10802e-05	32938	1	FALSE	NA	NA	NA	NA	NA	NA
NC_045512.2	27688	C	G	32405	15856	49	4	3	24	0.0001234	32415	1	FALSE	NA	NA	NA	NA	NA	NA
NC_045512.2	27688	C	A	32405	15856	49	6	0	29	0.000185099	32415	1	FALSE	NA	NA	NA	NA	NA	NA
NC_045512.2	27689	C	T	32527	16107	50	1	1	34	3.07399e-05	32531	1	FALSE	NA	NA	NA	NA	NA	NA
NC_045512.2	27689	C	G	32527	16107	50	1	0	20	3.07399e-05	32531	1	FALSE	NA	NA	NA	NA	NA	NA
NC_045512.2	27689	C	A	32527	16107	50	2	0	27	6.14798e-05	32531	1	FALSE	NA	NA	NA	NA	NA	NA
NC_045512.2	27690	A	T	32445	16011	50	1	0	68	3.081e-05	32457	0.499923	FALSE	NA	NA	NA	NA	NA	NA
NC_045512.2	27690	A	G	32445	16011	50	2	2	30	6.162e-05	32457	1	FALSE	NA	NA	NA	NA	NA	NA
NC_045512.2	27690	A	C	32445	16011	50	9	0	27	0.00027729	32457	1	FALSE	NA	NA	NA	NA	NA	NA
NC_045512.2	27691	A	T	32300	15946	50	1	1	26	3.09502e-05	32310	1	FALSE	NA	NA	NA	NA	NA	NA
NC_045512.2	27691	A	G	32300	15946	50	5	3	38	0.000154751	32310	0.999999	FALSE	NA	NA	NA	NA	NA	NA
NC_045512.2	27691	A	C	32300	15946	50	4	0	26	0.000123801	32310	1	FALSE	NA	NA	NA	NA	NA	NA
NC_045512.2	27691	A	-T	32300	15946	50	2	0	20	6.19003e-05	32310	1	FALSE	NA	NA	NA	NA	NA	NA
NC_045512.2	27692	T	G	31621	15019	48	11	9	25	0.000347683	31638	1	FALSE	NA	NA	NA	NA	NA	NA
NC_045512.2	27692	T	C	31621	15019	48	4	1	47	0.00012643	31638	0.499758	FALSE	NA	NA	NA	NA	NA	NA
NC_045512.2	27692	T	A	31621	15019	48	2	1	23	6.32151e-05	31638	1	FALSE	NA	NA	NA	NA	NA	NA
NC_045512.2	27693	T	G	32141	15857	49	7	7	24	0.000217709	32153	1	FALSE	NA	NA	NA	NA	NA	NA
NC_045512.2	27693	T	C	32141	15857	49	2	2	30	6.22026e-05	32153	1	FALSE	NA	NA	NA	NA	NA	NA
NC_045512.2	27693	T	A	32141	15857	49	3	0	26	9.33039e-05	32153	1	FALSE	NA	NA	NA	NA	NA	NA
NC_045512.2	27694	T	G	32255	16076	50	3	2	24	9.29858e-05	32263	1	FALSE	NA	NA	NA	NA	NA	NA
NC_045512.2	27694	T	C	32255	16076	50	3	2	31	9.29858e-05	32263	1	FALSE	NA	NA	NA	NA	NA	NA
NC_045512.2	27694	T	A	32255	16076	50	2	0	26	6.19905e-05	32263	1	FALSE	NA	NA	NA	NA	NA	NA
NC_045512.2	27695	T	G	32507	15987	50	4	4	32	0.00012302	32515	1	FALSE	NA	NA	NA	NA	NA	NA
NC_045512.2	27695	T	C	32507	15987	50	3	1	44	9.22651e-05	32515	0.6562	FALSE	NA	NA	NA	NA	NA	NA
NC_045512.2	27695	T	A	32507	15987	50	1	1	27	3.0755e-05	32515	1	FALSE	NA	NA	NA	NA	NA	NA
NC_045512.2	27696	T	G	32276	15827	50	1	1	34	3.09799e-05	32279	1	FALSE	NA	NA	NA	NA	NA	NA
NC_045512.2	27696	T	C	32276	15827	50	1	1	34	3.09799e-05	32279	1	FALSE	NA	NA	NA	NA	NA	NA
NC_045512.2	27696	T	A	32276	15827	50	1	0	27	3.09799e-05	32279	1	FALSE	NA	NA	NA	NA	NA	NA
NC_045512.2	27697	C	G	32225	16080	50	1	0	27	3.10299e-05	32227	1	FALSE	NA	NA	NA	NA	NA	NA
NC_045512.2	27697	C	A	32225	16080	50	1	0	34	3.10299e-05	32227	1	FALSE	NA	NA	NA	NA	NA	NA
NC_045512.2	27698	T	G	32352	15863	50	2	2	27	6.18085e-05	32358	1	FALSE	NA	NA	NA	NA	NA	NA
NC_045512.2	27698	T	C	32352	15863	50	2	2	51	6.18085e-05	32358	0.249973	FALSE	NA	NA	NA	NA	NA	NA
NC_045512.2	27698	T	A	32352	15863	50	2	2	23	6.18085e-05	32358	1	FALSE	NA	NA	NA	NA	NA	NA
NC_045512.2	27699	T	G	31922	15586	49	2	1	27	6.26311e-05	31933	1	FALSE	NA	NA	NA	NA	NA	NA
NC_045512.2	27699	T	C	31922	15586	49	2	2	26	6.26311e-05	31933	1	FALSE	NA	NA	NA	NA	NA	NA
NC_045512.2	27699	T	A	31922	15586	49	7	4	25	0.000219209	31933	1	FALSE	NA	NA	NA	NA	NA	NA
NC_045512.2	27700	A	T	32370	16233	50	2	1	26	6.17761e-05	32375	1	FALSE	NA	NA	NA	NA	NA	NA
NC_045512.2	27700	A	G	32370	16233	50	1	1	24	3.0888e-05	32375	1	FALSE	NA	NA	NA	NA	NA	NA
NC_045512.2	27700	A	C	32370	16233	50	2	0	26	6.17761e-05	32375	1	FALSE	NA	NA	NA	NA	NA	NA
NC_045512.2	27701	T	G	32418	16086	50	3	2	29	9.25269e-05	32423	1	FALSE	NA	NA	NA	NA	NA	NA
NC_045512.2	27701	T	C	32418	16086	50	2	2	44	6.16846e-05	32423	0.81249	FALSE	NA	NA	NA	NA	NA	NA
NC_045512.2	27702	T	A	32176	16347	50	2	0	25	6.21543e-05	32178	1	FALSE	NA	NA	NA	NA	NA	NA
NC_045512.2	27703	G	T	32582	16524	50	4	3	30	0.000122752	32586	1	FALSE	NA	NA	NA	NA	NA	NA
NC_045512.2	27703	G	-T	32582	16524	50	1	0	20	3.0688e-05	32586	1	FALSE	NA	NA	NA	NA	NA	NA
NC_045512.2	27704	T	G	32464	16403	50	3	2	29	9.23987e-05	32468	1	FALSE	NA	NA	NA	NA	NA	NA
NC_045512.2	27704	T	C	32464	16403	50	1	1	27	3.07996e-05	32468	1	FALSE	NA	NA	NA	NA	NA	NA
NC_045512.2	27705	T	G	32557	16913	51	1	1	27	3.07135e-05	32559	1	FALSE	NA	NA	NA	NA	NA	NA
NC_045512.2	27705	T	C	32557	16913	51	1	0	60	3.07135e-05	32559	0.5	FALSE	NA	NA	NA	NA	NA	NA
NC_045512.2	27706	G	C	32708	17195	51	3	1	26	9.17123e-05	32711	1	FALSE	NA	NA	NA	NA	NA	NA
NC_045512.2	27707	C	T	33212	17553	50	4	2	57	0.000120391	33225	0.0624643	FALSE	NA	NA	NA	NA	NA	NA
NC_045512.2	27707	C	G	33212	17553	50	3	1	26	9.02935e-05	33225	1	FALSE	NA	NA	NA	NA	NA	NA
NC_045512.2	27707	C	A	33212	17553	50	6	2	27	0.000180587	33225	1	FALSE	NA	NA	NA	NA	NA	NA
NC_045512.2	27708	G	T	33420	17323	51	4	4	30	0.000119657	33429	1	FALSE	NA	NA	NA	NA	NA	NA
NC_045512.2	27708	G	C	33420	17323	51	4	4	28	0.000119657	33429	1	FALSE	NA	NA	NA	NA	NA	NA
NC_045512.2	27708	G	A	33420	17323	51	1	1	68	2.99141e-05	33429	0.499948	FALSE	NA	NA	NA	NA	NA	NA
NC_045512.2	27709	G	T	34279	17444	50	4	2	30	0.000116655	34289	1	FALSE	NA	NA	NA	NA	NA	NA
NC_045512.2	27709	G	C	34279	17444	50	3	1	24	8.74916e-05	34289	1	FALSE	NA	NA	NA	NA	NA	NA
NC_045512.2	27709	G	A	34279	17444	50	3	2	56	8.74916e-05	34289	0.124962	FALSE	NA	NA	NA	NA	NA	NA
NC_045512.2	27710	C	G	34436	17770	50	3	2	23	8.7108e-05	34440	1	FALSE	NA	NA	NA	NA	NA	NA
NC_045512.2	27710	C	A	34436	17770	50	1	0	26	2.9036e-05	34440	1	FALSE	NA	NA	NA	NA	NA	NA
NC_045512.2	27710	C	-A	34436	17770	50	1	0	20	2.9036e-05	34440	1	FALSE	NA	NA	NA	NA	NA	NA
NC_045512.2	27711	A	T	34584	17829	51	2	0	26	5.78202e-05	34590	1	FALSE	NA	NA	NA	NA	NA	NA
NC_045512.2	27711	A	G	34584	17829	51	2	0	27	5.78202e-05	34590	1	FALSE	NA	NA	NA	NA	NA	NA
NC_045512.2	27711	A	C	34584	17829	51	2	0	26	5.78202e-05	34590	1	FALSE	NA	NA	NA	NA	NA	NA
NC_045512.2	27712	A	T	34663	18588	50	2	2	26	5.76801e-05	34674	1	FALSE	NA	NA	NA	NA	NA	NA
NC_045512.2	27712	A	G	34663	18588	50	3	1	35	8.65202e-05	34674	1	FALSE	NA	NA	NA	NA	NA	NA
NC_045512.2	27712	A	C	34663	18588	50	6	2	26	0.00017304	34674	1	FALSE	NA	NA	NA	NA	NA	NA
NC_045512.2	27713	T	G	34235	18253	49	5	3	28	0.000146011	34244	1	FALSE	NA	NA	NA	NA	NA	NA
NC_045512.2	27713	T	C	34235	18253	49	1	1	34	2.92022e-05	34244	1	FALSE	NA	NA	NA	NA	NA	NA
NC_045512.2	27713	T	A	34235	18253	49	3	2	26	8.76066e-05	34244	1	FALSE	NA	NA	NA	NA	NA	NA
NC_045512.2	27714	A	T	33713	18670	47	6	0	25	0.000177931	33721	1	FALSE	NA	NA	NA	NA	NA	NA
NC_045512.2	27714	A	G	33713	18670	47	1	1	68	2.96551e-05	33721	0.499956	FALSE	NA	NA	NA	NA	NA	NA
NC_045512.2	27714	A	C	33713	18670	47	1	1	34	2.96551e-05	33721	1	FALSE	NA	NA	NA	NA	NA	NA
NC_045512.2	27715	G	T	35037	18763	50	2	1	46	5.70744e-05	35042	0.812491	FALSE	NA	NA	NA	NA	NA	NA
NC_045512.2	27715	G	C	35037	18763	50	3	0	24	8.56116e-05	35042	1	FALSE	NA	NA	NA	NA	NA	NA
NC_045512.2	27716	T	C	34512	18391	50	2	0	34	5.79475e-05	34514	1	FALSE	NA	NA	NA	NA	NA	NA
NC_045512.2	27717	G	T	36091	18312	49	2	2	23	5.54032e-05	36099	1	FALSE	NA	NA	NA	NA	NA	NA
NC_045512.2	27717	G	C	36091	18312	49	4	2	26	0.000110806	36099	1	FALSE	NA	NA	NA	NA	NA	NA
NC_045512.2	27717	G	A	36091	18312	49	2	1	51	5.54032e-05	36099	0.249962	FALSE	NA	NA	NA	NA	NA	NA
NC_045512.2	27718	T	G	31783	14311	45	11	11	30	0.000345934	31798	0.999531	FALSE	NA	NA	NA	NA	NA	NA
NC_045512.2	27718	T	C	31783	14311	45	2	1	29	6.2897e-05	31798	1	FALSE	NA	NA	NA	NA	NA	NA
NC_045512.2	27718	T	A	31783	14311	45	2	0	27	6.2897e-05	31798	1	FALSE	NA	NA	NA	NA	NA	NA
NC_045512.2	27719	T	G	38060	18558	49	1	0	34	2.62715e-05	38064	1	FALSE	NA	NA	NA	NA	NA	NA
NC_045512.2	27719	T	C	38060	18558	49	3	1	49	7.88146e-05	38064	0.656256	FALSE	NA	NA	NA	NA	NA	NA
NC_045512.2	27720	T	G	37754	18269	48	1	1	27	2.64816e-05	37762	1	FALSE	NA	NA	NA	NA	NA	NA
NC_045512.2	27720	T	C	37754	18269	48	6	6	29	0.00015889	37762	1	FALSE	NA	NA	NA	NA	NA	NA
NC_045512.2	27720	T	A	37754	18269	48	1	1	26	2.64816e-05	37762	1	FALSE	NA	NA	NA	NA	NA	NA
NC_045512.2	27721	A	G	37878	18813	49	1	0	68	2.6395e-05	37886	0.49996	FALSE	NA	NA	NA	NA	NA	NA
NC_045512.2	27721	A	C	37878	18813	49	7	3	27	0.000184765	37886	1	FALSE	NA	NA	NA	NA	NA	NA
NC_045512.2	27722	T	C	37897	18381	49	2	2	47	5.27677e-05	37902	0.812492	FALSE	NA	NA	NA	NA	NA	NA
NC_045512.2	27722	T	A	37897	18381	49	3	2	27	7.91515e-05	37902	1	FALSE	NA	NA	NA	NA	NA	NA
NC_045512.2	27722	T	-A	37897	18381	49	1	0	20	2.63838e-05	37902	1	FALSE	NA	NA	NA	NA	NA	NA
NC_045512.2	27723	A	G	37468	18470	48	2	2	46	5.3376e-05	37470	0.812508	FALSE	NA	NA	NA	NA	NA	NA
NC_045512.2	27724	A	G	37783	18545	49	2	0	47	5.29297e-05	37786	0.812508	FALSE	NA	NA	NA	NA	NA	NA
NC_045512.2	27724	A	C	37783	18545	49	1	0	26	2.64648e-05	37786	1	FALSE	NA	NA	NA	NA	NA	NA
NC_045512.2	27725	C	G	37929	18865	49	1	1	34	2.63588e-05	37938	1	FALSE	NA	NA	NA	NA	NA	NA
NC_045512.2	27725	C	A	37929	18865	49	8	0	28	0.00021087	37938	1	FALSE	NA	NA	NA	NA	NA	NA
NC_045512.2	27726	A	T	35813	16874	49	1	1	26	2.79213e-05	35815	1	FALSE	NA	NA	NA	NA	NA	NA
NC_045512.2	27726	A	G	35813	16874	49	1	1	34	2.79213e-05	35815	1	FALSE	NA	NA	NA	NA	NA	NA
NC_045512.2	27727	C	T	35936	17233	49	3	0	34	8.34539e-05	35948	1	FALSE	NA	NA	NA	NA	NA	NA
NC_045512.2	27727	C	G	35936	17233	49	5	3	28	0.00013909	35948	1	FALSE	NA	NA	NA	NA	NA	NA
NC_045512.2	27727	C	A	35936	17233	49	4	0	26	0.000111272	35948	1	FALSE	NA	NA	NA	NA	NA	NA
NC_045512.2	27728	T	G	32589	14323	48	7	7	26	0.000214737	32598	1	FALSE	NA	NA	NA	NA	NA	NA
NC_045512.2	27728	T	C	32589	14323	48	1	0	68	3.06767e-05	32598	0.499946	FALSE	NA	NA	NA	NA	NA	NA
NC_045512.2	27728	T	A	32589	14323	48	1	0	26	3.06767e-05	32598	1	FALSE	NA	NA	NA	NA	NA	NA
NC_045512.2	27729	T	C	33439	15097	49	2	0	57	5.98032e-05	33443	0.249989	FALSE	NA	NA	NA	NA	NA	NA
NC_045512.2	27729	T	A	33439	15097	49	2	0	26	5.98032e-05	33443	1	FALSE	NA	NA	NA	NA	NA	NA
NC_045512.2	27730	T	G	33193	14871	49	1	0	34	3.01214e-05	33199	1	FALSE	NA	NA	NA	NA	NA	NA
NC_045512.2	27730	T	C	33193	14871	49	1	0	34	3.01214e-05	33199	1	FALSE	NA	NA	NA	NA	NA	NA
NC_045512.2	27730	T	A	33193	14871	49	4	3	30	0.000120486	33199	1	FALSE	NA	NA	NA	NA	NA	NA
NC_045512.2	27731	G	T	33606	14629	48	3	3	31	8.92538e-05	33612	1	FALSE	NA	NA	NA	NA	NA	NA
NC_045512.2	27731	G	C	33606	14629	48	2	1	26	5.95026e-05	33612	1	FALSE	NA	NA	NA	NA	NA	NA
NC_045512.2	27731	G	A	33606	14629	48	1	0	34	2.97513e-05	33612	1	FALSE	NA	NA	NA	NA	NA	NA
NC_045512.2	27732	C	T	33742	15270	49	1	0	68	2.96296e-05	33750	0.499956	FALSE	NA	NA	NA	NA	NA	NA
NC_045512.2	27732	C	G	33742	15270	49	5	0	31	0.000148148	33750	1	FALSE	NA	NA	NA	NA	NA	NA
NC_045512.2	27732	C	A	33742	15270	49	2	0	27	5.92593e-05	33750	1	FALSE	NA	NA	NA	NA	NA	NA
NC_045512.2	27733	T	G	32556	13854	48	30	24	28	0.000920387	32595	1	FALSE	NA	NA	NA	NA	NA	NA
NC_045512.2	27733	T	C	32556	13854	48	6	5	32	0.000184077	32595	0.999998	FALSE	NA	NA	NA	NA	NA	NA
NC_045512.2	27733	T	A	32556	13854	48	3	0	22	9.20387e-05	32595	1	FALSE	NA	NA	NA	NA	NA	NA
NC_045512.2	27734	T	C	33402	14861	49	2	2	60	5.98713e-05	33405	0.249996	FALSE	NA	NA	NA	NA	NA	NA
NC_045512.2	27734	T	A	33402	14861	49	1	1	26	2.99356e-05	33405	1	FALSE	NA	NA	NA	NA	NA	NA
NC_045512.2	27735	C	G	33121	14809	49	6	2	29	0.000181105	33130	1	FALSE	NA	NA	NA	NA	NA	NA
NC_045512.2	27735	C	A	33121	14809	49	3	0	24	9.05524e-05	33130	1	FALSE	NA	NA	NA	NA	NA	NA
NC_045512.2	27736	A	T	33050	14670	49	1	0	26	3.02489e-05	33059	1	FALSE	NA	NA	NA	NA	NA	NA
NC_045512.2	27736	A	G	33050	14670	49	4	0	57	0.000120996	33059	0.0624792	FALSE	NA	NA	NA	NA	NA	NA
NC_045512.2	27736	A	C	33050	14670	49	4	0	32	0.000120996	33059	1	FALSE	NA	NA	NA	NA	NA	NA
NC_045512.2	27737	C	T	32983	14650	49	1	0	68	3.03131e-05	32989	0.49997	FALSE	NA	NA	NA	NA	NA	NA
NC_045512.2	27737	C	G	32983	14650	49	2	1	26	6.06263e-05	32989	1	FALSE	NA	NA	NA	NA	NA	NA
NC_045512.2	27737	C	A	32983	14650	49	3	0	24	9.09394e-05	32989	1	FALSE	NA	NA	NA	NA	NA	NA
NC_045512.2	27738	A	G	32731	14422	49	3	2	42	9.16478e-05	32734	0.656271	FALSE	NA	NA	NA	NA	NA	NA
NC_045512.2	27739	C	T	32985	14841	49	1	1	26	3.03159e-05	32986	1	FALSE	NA	NA	NA	NA	NA	NA
NC_045512.2	27740	T	C	32241	14738	50	2	1	40	6.20194e-05	32248	0.812471	FALSE	NA	NA	NA	NA	NA	NA
NC_045512.2	27740	T	A	32241	14738	50	5	1	36	0.000155048	32248	0.999999	FALSE	NA	NA	NA	NA	NA	NA
NC_045512.2	27740	T	-C	32241	14738	50	1	0	20	3.10097e-05	32248	1	FALSE	NA	NA	NA	NA	NA	NA
NC_045512.2	27741	C	T	32199	14757	50	1	1	34	3.10482e-05	32208	1	FALSE	NA	NA	NA	NA	NA	NA
NC_045512.2	27741	C	G	32199	14757	50	6	0	30	0.000186289	32208	0.999998	FALSE	NA	NA	NA	NA	NA	NA
NC_045512.2	27741	C	A	32199	14757	50	2	0	23	6.20964e-05	32208	1	FALSE	NA	NA	NA	NA	NA	NA
NC_045512.2	27741	C	-A	32199	14757	50	1	0	20	3.10472e-05	32209	1	FALSE	NA	NA	NA	NA	NA	NA
NC_045512.2	27742	A	G	31780	14958	49	1	0	27	3.14584e-05	31788	1	FALSE	NA	NA	NA	NA	NA	NA
NC_045512.2	27742	A	C	31780	14958	49	7	0	26	0.000220209	31788	1	FALSE	NA	NA	NA	NA	NA	NA
NC_045512.2	27743	A	T	32541	15233	50	1	0	27	3.07239e-05	32548	1	FALSE	NA	NA	NA	NA	NA	NA
NC_045512.2	27743	A	G	32541	15233	50	3	1	40	9.21716e-05	32548	0.656214	FALSE	NA	NA	NA	NA	NA	NA
NC_045512.2	27743	A	C	32541	15233	50	3	0	26	9.21716e-05	32548	1	FALSE	NA	NA	NA	NA	NA	NA
NC_045512.2	27744	A	T	31611	15144	48	2	2	23	6.32571e-05	31617	1	FALSE	NA	NA	NA	NA	NA	NA
NC_045512.2	27744	A	G	31611	15144	48	3	1	56	9.48857e-05	31617	0.124982	FALSE	NA	NA	NA	NA	NA	NA
NC_045512.2	27744	A	C	31611	15144	48	1	0	27	3.16286e-05	31617	1	FALSE	NA	NA	NA	NA	NA	NA
NC_045512.2	27745	A	G	32837	15416	50	1	0	34	3.04488e-05	32842	1	FALSE	NA	NA	NA	NA	NA	NA
NC_045512.2	27745	A	C	32837	15416	50	4	1	28	0.000121795	32842	1	FALSE	NA	NA	NA	NA	NA	NA
NC_045512.2	27746	G	T	32693	15321	49	1	0	34	3.05764e-05	32705	1	FALSE	NA	NA	NA	NA	NA	NA
NC_045512.2	27746	G	C	32693	15321	49	11	4	27	0.00033634	32705	1	FALSE	NA	NA	NA	NA	NA	NA
NC_045512.2	27747	A	T	32610	15299	49	1	1	27	3.06645e-05	32611	1	FALSE	NA	NA	NA	NA	NA	NA
NC_045512.2	27748	A	T	32793	15038	50	4	4	25	0.000121948	32801	1	FALSE	NA	NA	NA	NA	NA	NA
NC_045512.2	27748	A	G	32793	15038	50	4	0	26	0.000121948	32801	1	FALSE	NA	NA	NA	NA	NA	NA
NC_045512.2	27749	A	G	32633	14818	49	3	0	53	9.19174e-05	32638	0.124989	FALSE	NA	NA	NA	NA	NA	NA
NC_045512.2	27749	A	C	32633	14818	49	2	0	30	6.12783e-05	32638	1	FALSE	NA	NA	NA	NA	NA	NA
NC_045512.2	27750	G	T	32320	14529	48	2	1	23	6.18506e-05	32336	1	FALSE	NA	NA	NA	NA	NA	NA
NC_045512.2	27750	G	C	32320	14529	48	14	0	29	0.000432954	32336	1	FALSE	NA	NA	NA	NA	NA	NA
NC_045512.2	27751	A	T	32355	14700	48	3	0	29	9.27042e-05	32361	1	FALSE	NA	NA	NA	NA	NA	NA
NC_045512.2	27751	A	G	32355	14700	48	2	1	30	6.18028e-05	32361	1	FALSE	NA	NA	NA	NA	NA	NA
NC_045512.2	27751	A	C	32355	14700	48	1	0	26	3.09014e-05	32361	1	FALSE	NA	NA	NA	NA	NA	NA
NC_045512.2	27752	C	T	29348	13660	49	3499	1750	51	0.106505	32853	0	TRUE	NA	NA	NA	NA	NA	NA
NC_045512.2	27752	C	G	29348	13660	49	2	1	30	6.08772e-05	32853	1	FALSE	NA	NA	NA	NA	NA	NA
NC_045512.2	27752	C	A	29348	13660	49	4	0	28	0.000121754	32853	1	FALSE	NA	NA	NA	NA	NA	NA
NC_045512.2	27753	A	G	32110	14988	49	2	1	29	6.2282e-05	32112	1	FALSE	NA	NA	NA	NA	NA	NA
NC_045512.2	27754	G	T	32251	14705	48	5	5	26	0.000154991	32260	1	FALSE	NA	NA	NA	NA	NA	NA
NC_045512.2	27754	G	C	32251	14705	48	4	2	26	0.000123993	32260	1	FALSE	NA	NA	NA	NA	NA	NA
NC_045512.2	27755	A	T	32248	14690	49	3	3	24	9.30031e-05	32257	1	FALSE	NA	NA	NA	NA	NA	NA
NC_045512.2	27755	A	G	32248	14690	49	4	2	35	0.000124004	32257	1	FALSE	NA	NA	NA	NA	NA	NA
NC_045512.2	27755	A	C	32248	14690	49	2	1	34	6.2002e-05	32257	1	FALSE	NA	NA	NA	NA	NA	NA
NC_045512.2	27756	A	T	31487	14599	48	5	1	27	0.00015873	31500	1	FALSE	NA	NA	NA	NA	NA	NA
NC_045512.2	27756	A	G	31487	14599	48	3	1	60	9.52381e-05	31500	0.12494	FALSE	NA	NA	NA	NA	NA	NA
NC_045512.2	27756	A	C	31487	14599	48	5	1	26	0.00015873	31500	1	FALSE	NA	NA	NA	NA	NA	NA
NC_045512.2	27757	T	G	31731	14319	48	1	0	34	3.1501e-05	31745	1	FALSE	NA	NA	NA	NA	NA	NA
NC_045512.2	27757	T	C	31731	14319	48	1	0	68	3.1501e-05	31745	0.499905	FALSE	NA	NA	NA	NA	NA	NA
NC_045512.2	27757	T	A	31731	14319	48	12	11	25	0.000378012	31745	1	FALSE	NA	NA	NA	NA	NA	NA
NC_045512.2	27758	G	T	32222	14756	49	3	3	31	9.30896e-05	32227	1	FALSE	NA	NA	NA	NA	NA	NA
NC_045512.2	27758	G	C	32222	14756	49	2	0	30	6.20598e-05	32227	1	FALSE	NA	NA	NA	NA	NA	NA
NC_045512.2	27759	A	T	32305	14711	49	4	1	24	0.000123801	32310	1	FALSE	NA	NA	NA	NA	NA	NA
NC_045512.2	27759	A	C	32305	14711	49	1	1	27	3.09502e-05	32310	1	FALSE	NA	NA	NA	NA	NA	NA
NC_045512.2	27760	T	G	31623	13908	47	8	8	29	0.000252908	31632	1	FALSE	NA	NA	NA	NA	NA	NA
NC_045512.2	27760	T	A	31623	13908	47	1	1	26	3.16136e-05	31632	1	FALSE	NA	NA	NA	NA	NA	NA
NC_045512.2	27761	T	G	31802	14318	49	2	2	26	6.28812e-05	31806	1	FALSE	NA	NA	NA	NA	NA	NA
NC_045512.2	27761	T	A	31802	14318	49	2	0	30	6.28812e-05	31806	1	FALSE	NA	NA	NA	NA	NA	NA
NC_045512.2	27762	G	T	31919	14473	49	2	1	26	6.26508e-05	31923	1	FALSE	NA	NA	NA	NA	NA	NA
NC_045512.2	27762	G	C	31919	14473	49	1	0	26	3.13254e-05	31923	1	FALSE	NA	NA	NA	NA	NA	NA
NC_045512.2	27762	G	A	31919	14473	49	1	1	34	3.13254e-05	31923	1	FALSE	NA	NA	NA	NA	NA	NA
NC_045512.2	27762	G	-A	31919	14473	49	1	0	20	3.13254e-05	31923	1	FALSE	NA	NA	NA	NA	NA	NA
NC_045512.2	27763	A	T	30557	14310	48	2	2	34	6.54108e-05	30576	1	FALSE	NA	NA	NA	NA	NA	NA
NC_045512.2	27763	A	G	30557	14310	48	3	0	30	9.81162e-05	30576	1	FALSE	NA	NA	NA	NA	NA	NA
NC_045512.2	27763	A	C	30557	14310	48	14	2	28	0.000457875	30576	1	FALSE	NA	NA	NA	NA	NA	NA
NC_045512.2	27764	A	T	31056	14487	48	1	1	26	3.21875e-05	31068	1	FALSE	NA	NA	NA	NA	NA	NA
NC_045512.2	27764	A	C	31056	14487	48	11	2	30	0.000354062	31068	0.999531	FALSE	NA	NA	NA	NA	NA	NA
NC_045512.2	27765	C	G	31927	14740	49	3	3	26	9.39467e-05	31933	1	FALSE	NA	NA	NA	NA	NA	NA
NC_045512.2	27765	C	A	31927	14740	49	3	0	29	9.39467e-05	31933	1	FALSE	NA	NA	NA	NA	NA	NA
NC_045512.2	27766	T	C	31718	14519	49	3	1	39	9.45686e-05	31723	1	FALSE	NA	NA	NA	NA	NA	NA
NC_045512.2	27766	T	A	31718	14519	49	2	0	40	6.30457e-05	31723	0.81249	FALSE	NA	NA	NA	NA	NA	NA
NC_045512.2	27767	T	G	31120	14030	48	12	7	25	0.000385381	31138	1	FALSE	NA	NA	NA	NA	NA	NA
NC_045512.2	27767	T	C	31120	14030	48	3	1	42	9.63453e-05	31138	0.656047	FALSE	NA	NA	NA	NA	NA	NA
NC_045512.2	27767	T	A	31120	14030	48	3	0	29	9.63453e-05	31138	1	FALSE	NA	NA	NA	NA	NA	NA
NC_045512.2	27768	T	G	31543	14241	49	3	0	27	9.50872e-05	31550	1	FALSE	NA	NA	NA	NA	NA	NA
NC_045512.2	27768	T	C	31543	14241	49	1	0	46	3.16957e-05	31550	0.937486	FALSE	NA	NA	NA	NA	NA	NA
NC_045512.2	27768	T	A	31543	14241	49	3	0	26	9.50872e-05	31550	1	FALSE	NA	NA	NA	NA	NA	NA
NC_045512.2	27769	C	T	28067	12500	48	3407	1647	49	0.108234	31478	0	TRUE	NA	NA	NA	NA	NA	NA
NC_045512.2	27769	C	G	28067	12500	48	4	3	26	0.000127073	31478	1	FALSE	NA	NA	NA	NA	NA	NA
NC_045512.2	27770	A	G	31078	14490	48	2	0	47	6.43294e-05	31090	0.81242	FALSE	NA	NA	NA	NA	NA	NA
NC_045512.2	27770	A	C	31078	14490	48	10	0	27	0.000321647	31090	1	FALSE	NA	NA	NA	NA	NA	NA
NC_045512.2	27771	T	G	31196	13837	47	8	4	28	0.000256345	31208	1	FALSE	NA	NA	NA	NA	NA	NA
NC_045512.2	27771	T	C	31196	13837	47	3	3	40	9.61292e-05	31208	0.656137	FALSE	NA	NA	NA	NA	NA	NA
NC_045512.2	27771	T	A	31196	13837	47	1	0	27	3.20431e-05	31208	1	FALSE	NA	NA	NA	NA	NA	NA
NC_045512.2	27772	T	G	31732	14450	49	1	1	34	3.1507e-05	31739	1	FALSE	NA	NA	NA	NA	NA	NA
NC_045512.2	27772	T	C	31732	14450	49	1	1	27	3.1507e-05	31739	1	FALSE	NA	NA	NA	NA	NA	NA
NC_045512.2	27772	T	A	31732	14450	49	5	0	25	0.000157535	31739	1	FALSE	NA	NA	NA	NA	NA	NA
NC_045512.2	27773	A	T	31064	14250	48	10	3	30	0.000321802	31075	0.999785	FALSE	NA	NA	NA	NA	NA	NA
NC_045512.2	27773	A	C	31064	14250	48	1	0	27	3.21802e-05	31075	1	FALSE	NA	NA	NA	NA	NA	NA
NC_045512.2	27774	A	T	29462	14376	46	2	1	26	6.78035e-05	29497	1	FALSE	NA	NA	NA	NA	NA	NA
NC_045512.2	27774	A	G	29462	14376	46	3	1	46	0.000101705	29497	0.499507	FALSE	NA	NA	NA	NA	NA	NA
NC_045512.2	27774	A	C	29462	14376	46	30	0	28	0.00101705	29497	1	FALSE	NA	NA	NA	NA	NA	NA
NC_045512.2	27775	T	G	30719	13427	48	9	9	27	0.000292864	30731	1	FALSE	NA	NA	NA	NA	NA	NA
NC_045512.2	27775	T	C	30719	13427	48	2	0	30	6.50809e-05	30731	1	FALSE	NA	NA	NA	NA	NA	NA
NC_045512.2	27775	T	A	30719	13427	48	1	0	26	3.25404e-05	30731	1	FALSE	NA	NA	NA	NA	NA	NA
NC_045512.2	27776	T	G	31162	14071	49	1	0	27	3.20852e-05	31167	1	FALSE	NA	NA	NA	NA	NA	NA
NC_045512.2	27776	T	C	31162	14071	49	2	1	34	6.41704e-05	31167	1	FALSE	NA	NA	NA	NA	NA	NA
NC_045512.2	27776	T	A	31162	14071	49	2	1	26	6.41704e-05	31167	1	FALSE	NA	NA	NA	NA	NA	NA
NC_045512.2	27777	G	C	31219	14127	48	2	1	30	6.40574e-05	31222	1	FALSE	NA	NA	NA	NA	NA	NA
NC_045512.2	27777	G	A	31219	14127	48	1	1	34	3.20287e-05	31222	1	FALSE	NA	NA	NA	NA	NA	NA
NC_045512.2	27778	A	T	30522	14335	48	11	11	26	0.000360183	30540	1	FALSE	NA	NA	NA	NA	NA	NA
NC_045512.2	27778	A	G	30522	14335	48	2	0	34	6.54879e-05	30540	1	FALSE	NA	NA	NA	NA	NA	NA
NC_045512.2	27778	A	C	30522	14335	48	5	0	29	0.00016372	30540	1	FALSE	NA	NA	NA	NA	NA	NA
NC_045512.2	27779	C	G	31295	14660	48	6	0	26	0.000191687	31301	1	FALSE	NA	NA	NA	NA	NA	NA
NC_045512.2	27779	C	-T	31295	14660	48	1	0	20	3.19479e-05	31301	1	FALSE	NA	NA	NA	NA	NA	NA
NC_045512.2	27780	T	G	31373	14548	48	3	3	31	9.5584e-05	31386	1	FALSE	NA	NA	NA	NA	NA	NA
NC_045512.2	27780	T	C	31373	14548	48	5	5	30	0.000159307	31386	0.999999	FALSE	NA	NA	NA	NA	NA	NA
NC_045512.2	27780	T	A	31373	14548	48	5	5	32	0.000159307	31386	0.999999	FALSE	NA	NA	NA	NA	NA	NA
NC_045512.2	27781	T	G	31373	14744	48	1	0	27	3.18715e-05	31376	1	FALSE	NA	NA	NA	NA	NA	NA
NC_045512.2	27781	T	C	31373	14744	48	1	1	68	3.18715e-05	31376	0.499992	FALSE	NA	NA	NA	NA	NA	NA
NC_045512.2	27781	T	A	31373	14744	48	1	0	34	3.18715e-05	31376	1	FALSE	NA	NA	NA	NA	NA	NA
NC_045512.2	27782	C	T	31365	15017	48	1	1	27	3.18745e-05	31373	1	FALSE	NA	NA	NA	NA	NA	NA
NC_045512.2	27782	C	G	31365	15017	48	1	0	26	3.18745e-05	31373	1	FALSE	NA	NA	NA	NA	NA	NA
NC_045512.2	27782	C	A	31365	15017	48	6	0	27	0.000191247	31373	1	FALSE	NA	NA	NA	NA	NA	NA
NC_045512.2	27783	T	G	31245	14680	48	2	0	30	6.39939e-05	31253	1	FALSE	NA	NA	NA	NA	NA	NA
NC_045512.2	27783	T	C	31245	14680	48	2	1	51	6.39939e-05	31253	0.249956	FALSE	NA	NA	NA	NA	NA	NA
NC_045512.2	27783	T	A	31245	14680	48	4	1	27	0.000127988	31253	1	FALSE	NA	NA	NA	NA	NA	NA
NC_045512.2	27784	A	G	31441	15158	49	1	1	68	3.17995e-05	31447	0.499968	FALSE	NA	NA	NA	NA	NA	NA
NC_045512.2	27784	A	C	31441	15158	49	5	0	29	0.000158998	31447	1	FALSE	NA	NA	NA	NA	NA	NA
NC_045512.2	27784	A	+T	31441	15158	49	1	0	20	3.17995e-05	31447	1	FALSE	NA	NA	NA	NA	NA	NA
NC_045512.2	27785	T	G	29619	13047	46	7	7	28	0.000236255	29629	1	FALSE	NA	NA	NA	NA	NA	NA
NC_045512.2	27785	T	C	29619	13047	46	3	1	54	0.000101252	29629	0.124956	FALSE	NA	NA	NA	NA	NA	NA
NC_045512.2	27786	T	G	31259	15124	49	1	1	26	3.19785e-05	31271	1	FALSE	NA	NA	NA	NA	NA	NA
NC_045512.2	27786	T	C	31259	15124	49	4	2	29	0.000127914	31271	1	FALSE	NA	NA	NA	NA	NA	NA
NC_045512.2	27786	T	A	31259	15124	49	7	0	28	0.00022385	31271	1	FALSE	NA	NA	NA	NA	NA	NA
NC_045512.2	27786	T	+TG	31259	15124	49	1	0	20	3.19785e-05	31271	1	FALSE	NA	NA	NA	NA	NA	NA
NC_045512.2	27787	T	C	31145	15107	49	1	0	26	3.21069e-05	31146	1	FALSE	NA	NA	NA	NA	NA	NA
NC_045512.2	27788	G	T	30585	14954	49	2	0	26	6.53787e-05	30591	1	FALSE	NA	NA	NA	NA	NA	NA
NC_045512.2	27788	G	C	30585	14954	49	1	0	26	3.26894e-05	30591	1	FALSE	NA	NA	NA	NA	NA	NA
NC_045512.2	27788	G	A	30585	14954	49	3	2	45	9.80681e-05	30591	0.656227	FALSE	NA	NA	NA	NA	NA	NA
NC_045512.2	27789	T	G	30626	14960	49	1	1	34	3.26467e-05	30631	1	FALSE	NA	NA	NA	NA	NA	NA
NC_045512.2	27789	T	C	30626	14960	49	3	2	35	9.794e-05	30631	1	FALSE	NA	NA	NA	NA	NA	NA
NC_045512.2	27789	T	A	30626	14960	49	1	0	26	3.26467e-05	30631	1	FALSE	NA	NA	NA	NA	NA	NA
NC_045512.2	27790	G	T	30189	14514	48	8	8	25	0.000264918	30198	1	FALSE	NA	NA	NA	NA	NA	NA
NC_045512.2	27790	G	A	30189	14514	48	1	1	68	3.31148e-05	30198	0.499942	FALSE	NA	NA	NA	NA	NA	NA
NC_045512.2	27791	C	T	29763	15543	47	2	1	47	6.71569e-05	29781	0.687317	FALSE	NA	NA	NA	NA	NA	NA
NC_045512.2	27791	C	G	29763	15543	47	8	3	27	0.000268628	29781	1	FALSE	NA	NA	NA	NA	NA	NA
NC_045512.2	27791	C	A	29763	15543	47	8	1	26	0.000268628	29781	1	FALSE	NA	NA	NA	NA	NA	NA
NC_045512.2	27792	T	G	29113	14516	47	5	5	28	0.000171697	29121	1	FALSE	NA	NA	NA	NA	NA	NA
NC_045512.2	27792	T	C	29113	14516	47	3	2	49	0.000103018	29121	0.499936	FALSE	NA	NA	NA	NA	NA	NA
NC_045512.2	27793	T	G	29607	15130	48	1	1	34	3.37724e-05	29610	1	FALSE	NA	NA	NA	NA	NA	NA
NC_045512.2	27793	T	C	29607	15130	48	1	1	68	3.37724e-05	29610	0.499992	FALSE	NA	NA	NA	NA	NA	NA
NC_045512.2	27793	T	A	29607	15130	48	1	0	26	3.37724e-05	29610	1	FALSE	NA	NA	NA	NA	NA	NA
NC_045512.2	27794	T	G	29196	14853	47	4	4	29	0.000136977	29202	1	FALSE	NA	NA	NA	NA	NA	NA
NC_045512.2	27794	T	C	29196	14853	47	2	2	68	6.84885e-05	29202	0.24997	FALSE	NA	NA	NA	NA	NA	NA
NC_045512.2	27795	T	G	29232	14860	47	7	7	26	0.000239365	29244	1	FALSE	NA	NA	NA	NA	NA	NA
NC_045512.2	27795	T	C	29232	14860	47	3	0	42	0.000102585	29244	0.499872	FALSE	NA	NA	NA	NA	NA	NA
NC_045512.2	27795	T	A	29232	14860	47	2	0	30	6.83901e-05	29244	1	FALSE	NA	NA	NA	NA	NA	NA
NC_045512.2	27796	T	C	29582	15374	48	2	1	40	6.76041e-05	29584	0.687519	FALSE	NA	NA	NA	NA	NA	NA
NC_045512.2	27797	A	C	29499	15411	48	1	1	27	3.38983e-05	29500	1	FALSE	NA	NA	NA	NA	NA	NA
NC_045512.2	27798	G	T	29253	15187	47	5	3	41	0.000170864	29263	0.226492	FALSE	NA	NA	NA	NA	NA	NA
NC_045512.2	27798	G	C	29253	15187	47	5	4	28	0.000170864	29263	1	FALSE	NA	NA	NA	NA	NA	NA
NC_045512.2	27799	C	G	28588	15150	46	10	9	30	0.000349638	28601	0.999173	FALSE	NA	NA	NA	NA	NA	NA
NC_045512.2	27799	C	A	28588	15150	46	3	1	25	0.000104891	28601	1	FALSE	NA	NA	NA	NA	NA	NA
NC_045512.2	27800	C	T	28768	15409	47	2	1	30	6.94975e-05	28778	1	FALSE	NA	NA	NA	NA	NA	NA
NC_045512.2	27800	C	G	28768	15409	47	4	1	39	0.000138995	28778	0.999999	FALSE	NA	NA	NA	NA	NA	NA
NC_045512.2	27800	C	A	28768	15409	47	4	2	37	0.000138995	28778	0.999999	FALSE	NA	NA	NA	NA	NA	NA
NC_045512.2	27800	C	-T	28768	15409	47	1	0	20	3.47488e-05	28778	1	FALSE	NA	NA	NA	NA	NA	NA
NC_045512.2	27801	T	G	27508	13979	46	8	5	27	0.000290698	27520	1	FALSE	NA	NA	NA	NA	NA	NA
NC_045512.2	27801	T	C	27508	13979	46	4	3	30	0.000145349	27520	0.999998	FALSE	NA	NA	NA	NA	NA	NA
NC_045512.2	27802	T	G	28023	14793	47	2	0	26	7.13572e-05	28028	1	FALSE	NA	NA	NA	NA	NA	NA
NC_045512.2	27802	T	C	28023	14793	47	3	1	38	0.000107036	28028	1	FALSE	NA	NA	NA	NA	NA	NA
NC_045512.2	27803	T	C	28256	14839	48	1	1	38	3.53895e-05	28257	1	FALSE	NA	NA	NA	NA	NA	NA
NC_045512.2	27804	C	T	27790	14679	47	1	0	24	3.59803e-05	27793	1	FALSE	NA	NA	NA	NA	NA	NA
NC_045512.2	27804	C	G	27790	14679	47	2	1	30	7.19606e-05	27793	1	FALSE	NA	NA	NA	NA	NA	NA
NC_045512.2	27805	T	G	28066	14772	47	1	1	26	3.56227e-05	28072	1	FALSE	NA	NA	NA	NA	NA	NA
NC_045512.2	27805	T	C	28066	14772	47	3	2	38	0.000106868	28072	1	FALSE	NA	NA	NA	NA	NA	NA
NC_045512.2	27805	T	A	28066	14772	47	2	1	26	7.12454e-05	28072	1	FALSE	NA	NA	NA	NA	NA	NA
NC_045512.2	27806	G	T	27857	14688	47	3	3	28	0.000107666	27864	1	FALSE	NA	NA	NA	NA	NA	NA
NC_045512.2	27806	G	C	27857	14688	47	3	0	31	0.000107666	27864	1	FALSE	NA	NA	NA	NA	NA	NA
NC_045512.2	27806	G	A	27857	14688	47	1	1	34	3.58886e-05	27864	1	FALSE	NA	NA	NA	NA	NA	NA
NC_045512.2	27806	G	-C	27857	14688	47	1	0	20	3.58886e-05	27864	1	FALSE	NA	NA	NA	NA	NA	NA
NC_045512.2	27807	C	T	2962	1615	48	24816	13155	47	0.893305	27780	0	TRUE	NA	NA	NA	NA	NA	NA
NC_045512.2	27807	C	G	2962	1615	48	1	1	34	3.59971e-05	27780	0.941516	FALSE	NA	NA	NA	NA	NA	NA
NC_045512.2	27807	C	A	2962	1615	48	1	1	26	3.59971e-05	27780	1	FALSE	NA	NA	NA	NA	NA	NA
NC_045512.2	27808	T	C	27690	14736	48	4	3	35	0.000144425	27696	0.999998	FALSE	NA	NA	NA	NA	NA	NA
NC_045512.2	27808	T	A	27690	14736	48	2	0	25	7.22126e-05	27696	1	FALSE	NA	NA	NA	NA	NA	NA
NC_045512.2	27809	A	T	27519	14926	47	5	1	28	0.000181653	27525	1	FALSE	NA	NA	NA	NA	NA	NA
NC_045512.2	27809	A	C	27519	14926	47	1	0	27	3.63306e-05	27525	1	FALSE	NA	NA	NA	NA	NA	NA
NC_045512.2	27810	T	G	27241	14590	47	2	2	34	7.34053e-05	27246	1	FALSE	NA	NA	NA	NA	NA	NA
NC_045512.2	27810	T	C	27241	14590	47	2	2	30	7.34053e-05	27246	1	FALSE	NA	NA	NA	NA	NA	NA
NC_045512.2	27810	T	A	27241	14590	47	1	1	34	3.67026e-05	27246	1	FALSE	NA	NA	NA	NA	NA	NA
NC_045512.2	27811	T	G	27520	15068	47	3	0	29	0.00010898	27528	1	FALSE	NA	NA	NA	NA	NA	NA
NC_045512.2	27811	T	C	27520	15068	47	3	0	26	0.00010898	27528	1	FALSE	NA	NA	NA	NA	NA	NA
NC_045512.2	27811	T	A	27520	15068	47	2	0	27	7.26533e-05	27528	1	FALSE	NA	NA	NA	NA	NA	NA
NC_045512.2	27812	C	T	34446	16214	44	2	0	51	5.80282e-05	34466	0.249873	FALSE	NA	NA	NA	NA	NA	NA
NC_045512.2	27812	C	G	34446	16214	44	9	8	29	0.000261127	34466	1	FALSE	NA	NA	NA	NA	NA	NA
NC_045512.2	27812	C	A	34446	16214	44	9	5	27	0.000261127	34466	1	FALSE	NA	NA	NA	NA	NA	NA
NC_045512.2	27813	C	T	32674	15602	45	1	0	34	3.06016e-05	32678	1	FALSE	NA	NA	NA	NA	NA	NA
NC_045512.2	27813	C	A	32674	15602	45	3	1	29	9.18049e-05	32678	1	FALSE	NA	NA	NA	NA	NA	NA
NC_045512.2	27813	C	-T	32674	15602	45	1	0	20	3.06016e-05	32678	1	FALSE	NA	NA	NA	NA	NA	NA
NC_045512.2	27814	T	G	32757	15218	45	6	5	27	0.000183117	32766	1	FALSE	NA	NA	NA	NA	NA	NA
NC_045512.2	27814	T	C	32757	15218	45	1	0	34	3.05194e-05	32766	1	FALSE	NA	NA	NA	NA	NA	NA
NC_045512.2	27814	T	A	32757	15218	45	2	1	34	6.10389e-05	32766	1	FALSE	NA	NA	NA	NA	NA	NA
NC_045512.2	27814	T	+G	32757	15218	45	1	0	20	3.05185e-05	32767	1	FALSE	NA	NA	NA	NA	NA	NA
NC_045512.2	27815	T	A	32640	15408	46	1	0	34	3.06363e-05	32641	1	FALSE	NA	NA	NA	NA	NA	NA
NC_045512.2	27816	G	C	33108	15182	45	1	1	26	3.02024e-05	33110	1	FALSE	NA	NA	NA	NA	NA	NA
NC_045512.2	27816	G	A	33108	15182	45	1	1	68	3.02024e-05	33110	0.5	FALSE	NA	NA	NA	NA	NA	NA
NC_045512.2	27817	T	G	32454	14432	45	10	10	29	0.000308034	32464	1	FALSE	NA	NA	NA	NA	NA	NA
NC_045512.2	27818	T	G	32714	14991	45	1	1	34	3.05633e-05	32719	1	FALSE	NA	NA	NA	NA	NA	NA
NC_045512.2	27818	T	C	32714	14991	45	2	2	30	6.11266e-05	32719	1	FALSE	NA	NA	NA	NA	NA	NA
NC_045512.2	27818	T	A	32714	14991	45	2	1	30	6.11266e-05	32719	1	FALSE	NA	NA	NA	NA	NA	NA
NC_045512.2	27819	T	G	30470	12459	43	11	11	26	0.000360857	30483	1	FALSE	NA	NA	NA	NA	NA	NA
NC_045512.2	27819	T	C	30470	12459	43	2	1	30	6.56103e-05	30483	1	FALSE	NA	NA	NA	NA	NA	NA
NC_045512.2	27820	T	C	34248	16622	47	1	1	34	2.91962e-05	34251	1	FALSE	NA	NA	NA	NA	NA	NA
NC_045512.2	27820	T	A	34248	16622	47	2	0	68	5.83925e-05	34251	0.249996	FALSE	NA	NA	NA	NA	NA	NA
NC_045512.2	27821	A	T	34117	16498	47	5	4	31	0.000146516	34126	1	FALSE	NA	NA	NA	NA	NA	NA
NC_045512.2	27821	A	G	34117	16498	47	4	1	34	0.000117213	34126	1	FALSE	NA	NA	NA	NA	NA	NA
NC_045512.2	27822	A	T	33532	17197	46	2	2	27	5.96161e-05	33548	1	FALSE	NA	NA	NA	NA	NA	NA
NC_045512.2	27822	A	G	33532	17197	46	2	1	49	5.96161e-05	33548	0.812388	FALSE	NA	NA	NA	NA	NA	NA
NC_045512.2	27822	A	C	33532	17197	46	12	1	26	0.000357696	33548	1	FALSE	NA	NA	NA	NA	NA	NA
NC_045512.2	27823	T	G	28010	12361	47	2	1	34	7.13903e-05	28015	1	FALSE	NA	NA	NA	NA	NA	NA
NC_045512.2	27823	T	C	28010	12361	47	1	1	34	3.56952e-05	28015	1	FALSE	NA	NA	NA	NA	NA	NA
NC_045512.2	27823	T	A	28010	12361	47	2	1	30	7.13903e-05	28015	1	FALSE	NA	NA	NA	NA	NA	NA
NC_045512.2	27824	T	A	27974	12504	47	1	0	26	3.57462e-05	27975	1	FALSE	NA	NA	NA	NA	NA	NA
NC_045512.2	27825	A	G	27883	12374	46	1	1	60	3.5859e-05	27887	0.499982	FALSE	NA	NA	NA	NA	NA	NA
NC_045512.2	27825	A	C	27883	12374	46	3	3	29	0.000107577	27887	1	FALSE	NA	NA	NA	NA	NA	NA
NC_045512.2	27826	T	C	28102	12428	47	2	1	30	7.11567e-05	28107	1	FALSE	NA	NA	NA	NA	NA	NA
NC_045512.2	27826	T	A	28102	12428	47	3	3	29	0.000106735	28107	1	FALSE	NA	NA	NA	NA	NA	NA
NC_045512.2	27827	G	T	27910	12322	46	15	15	28	0.000537115	27927	1	FALSE	NA	NA	NA	NA	NA	NA
NC_045512.2	27827	G	C	27910	12322	46	1	0	26	3.58076e-05	27927	1	FALSE	NA	NA	NA	NA	NA	NA
NC_045512.2	27827	G	A	27910	12322	46	1	0	34	3.58076e-05	27927	1	FALSE	NA	NA	NA	NA	NA	NA
NC_045512.2	27828	C	T	28622	13361	46	1	1	60	3.49211e-05	28636	0.499895	FALSE	NA	NA	NA	NA	NA	NA
NC_045512.2	27828	C	G	28622	13361	46	5	5	31	0.000174605	28636	0.999995	FALSE	NA	NA	NA	NA	NA	NA
NC_045512.2	27828	C	A	28622	13361	46	8	0	28	0.000279369	28636	1	FALSE	NA	NA	NA	NA	NA	NA
NC_045512.2	27829	T	G	28867	12753	46	2	2	30	6.92569e-05	28878	1	FALSE	NA	NA	NA	NA	NA	NA
NC_045512.2	27829	T	C	28867	12753	46	2	2	30	6.92569e-05	28878	1	FALSE	NA	NA	NA	NA	NA	NA
NC_045512.2	27829	T	A	28867	12753	46	7	6	24	0.000242399	28878	1	FALSE	NA	NA	NA	NA	NA	NA
NC_045512.2	27830	T	G	29238	13466	47	1	1	26	3.41962e-05	29243	1	FALSE	NA	NA	NA	NA	NA	NA
NC_045512.2	27830	T	C	29238	13466	47	3	2	42	0.000102589	29243	0.499984	FALSE	NA	NA	NA	NA	NA	NA
NC_045512.2	27830	T	A	29238	13466	47	1	1	24	3.41962e-05	29243	1	FALSE	NA	NA	NA	NA	NA	NA
NC_045512.2	27831	A	C	29337	13498	47	1	1	26	3.40855e-05	29338	1	FALSE	NA	NA	NA	NA	NA	NA
NC_045512.2	27832	T	A	29222	13129	47	11	11	29	0.000376287	29233	1	FALSE	NA	NA	NA	NA	NA	NA
NC_045512.2	27833	T	C	29080	13751	46	3	3	42	0.000103146	29085	0.499984	FALSE	NA	NA	NA	NA	NA	NA
NC_045512.2	27833	T	A	29080	13751	46	2	1	26	6.8764e-05	29085	1	FALSE	NA	NA	NA	NA	NA	NA
NC_045512.2	27834	A	T	29857	13872	46	2	2	26	6.6977e-05	29861	1	FALSE	NA	NA	NA	NA	NA	NA
NC_045512.2	27834	A	G	29857	13872	46	1	0	24	3.34885e-05	29861	1	FALSE	NA	NA	NA	NA	NA	NA
NC_045512.2	27834	A	C	29857	13872	46	1	1	27	3.34885e-05	29861	1	FALSE	NA	NA	NA	NA	NA	NA
NC_045512.2	27835	T	G	29720	13332	46	2	0	26	6.72789e-05	29727	1	FALSE	NA	NA	NA	NA	NA	NA
NC_045512.2	27835	T	A	29720	13332	46	5	3	31	0.000168197	29727	0.999997	FALSE	NA	NA	NA	NA	NA	NA
NC_045512.2	27836	C	G	30394	14042	47	2	2	23	6.57938e-05	30398	1	FALSE	NA	NA	NA	NA	NA	NA
NC_045512.2	27836	C	A	30394	14042	47	2	1	27	6.57938e-05	30398	1	FALSE	NA	NA	NA	NA	NA	NA
NC_045512.2	27837	T	G	30089	13592	47	8	7	28	0.000265781	30100	1	FALSE	NA	NA	NA	NA	NA	NA
NC_045512.2	27837	T	C	30089	13592	47	3	2	42	9.96678e-05	30100	0.656149	FALSE	NA	NA	NA	NA	NA	NA
NC_045512.2	27838	T	G	30288	14405	48	4	4	27	0.000132026	30297	1	FALSE	NA	NA	NA	NA	NA	NA
NC_045512.2	27838	T	C	30288	14405	48	4	2	34	0.000132026	30297	1	FALSE	NA	NA	NA	NA	NA	NA
NC_045512.2	27838	T	A	30288	14405	48	1	0	26	3.30066e-05	30297	1	FALSE	NA	NA	NA	NA	NA	NA
NC_045512.2	27839	T	G	29121	13027	46	27	27	29	0.000926275	29149	1	FALSE	NA	NA	NA	NA	NA	NA
NC_045512.2	27839	T	C	29121	13027	46	1	0	24	3.43065e-05	29149	1	FALSE	NA	NA	NA	NA	NA	NA
NC_045512.2	27840	T	A	30618	14807	48	1	1	27	3.26595e-05	30619	1	FALSE	NA	NA	NA	NA	NA	NA
NC_045512.2	27840	T	-G	30618	14807	48	1	0	20	3.26595e-05	30619	1	FALSE	NA	NA	NA	NA	NA	NA
NC_045512.2	27841	G	C	30592	14628	48	2	2	27	6.53702e-05	30595	1	FALSE	NA	NA	NA	NA	NA	NA
NC_045512.2	27841	G	A	30592	14628	48	1	0	34	3.26851e-05	30595	1	FALSE	NA	NA	NA	NA	NA	NA
NC_045512.2	27842	G	T	31274	15139	48	3	3	31	9.59049e-05	31281	1	FALSE	NA	NA	NA	NA	NA	NA
NC_045512.2	27842	G	C	31274	15139	48	3	2	29	9.59049e-05	31281	1	FALSE	NA	NA	NA	NA	NA	NA
NC_045512.2	27842	G	A	31274	15139	48	1	1	34	3.19683e-05	31281	1	FALSE	NA	NA	NA	NA	NA	NA
NC_045512.2	27843	T	G	30681	14353	47	13	13	26	0.000423439	30701	1	FALSE	NA	NA	NA	NA	NA	NA
NC_045512.2	27843	T	C	30681	14353	47	6	3	46	0.000195433	30701	0.253682	FALSE	NA	NA	NA	NA	NA	NA
NC_045512.2	27843	T	A	30681	14353	47	1	1	34	3.25722e-05	30701	1	FALSE	NA	NA	NA	NA	NA	NA
NC_045512.2	27844	T	G	30624	14382	46	2	2	34	6.52955e-05	30630	1	FALSE	NA	NA	NA	NA	NA	NA
NC_045512.2	27844	T	C	30624	14382	46	2	1	30	6.52955e-05	30630	1	FALSE	NA	NA	NA	NA	NA	NA
NC_045512.2	27844	T	A	30624	14382	46	2	2	27	6.52955e-05	30630	1	FALSE	NA	NA	NA	NA	NA	NA
NC_045512.2	27845	C	T	31571	15573	49	1	1	34	3.16706e-05	31575	1	FALSE	NA	NA	NA	NA	NA	NA
NC_045512.2	27845	C	G	31571	15573	49	1	0	26	3.16706e-05	31575	1	FALSE	NA	NA	NA	NA	NA	NA
NC_045512.2	27845	C	A	31571	15573	49	2	2	30	6.33413e-05	31575	1	FALSE	NA	NA	NA	NA	NA	NA
NC_045512.2	27846	T	G	31696	15515	49	3	1	26	9.46193e-05	31706	1	FALSE	NA	NA	NA	NA	NA	NA
NC_045512.2	27846	T	C	31696	15515	49	4	2	34	0.000126159	31706	1	FALSE	NA	NA	NA	NA	NA	NA
NC_045512.2	27846	T	A	31696	15515	49	3	2	29	9.46193e-05	31706	1	FALSE	NA	NA	NA	NA	NA	NA
NC_045512.2	27847	C	T	34522	16256	49	1	0	34	2.89662e-05	34523	1	FALSE	NA	NA	NA	NA	NA	NA
NC_045512.2	27848	A	T	34285	16285	48	1	1	26	2.91647e-05	34288	1	FALSE	NA	NA	NA	NA	NA	NA
NC_045512.2	27848	A	C	34285	16285	48	2	0	30	5.83294e-05	34288	1	FALSE	NA	NA	NA	NA	NA	NA
NC_045512.2	27849	C	G	34954	16606	49	2	1	34	5.72148e-05	34956	1	FALSE	NA	NA	NA	NA	NA	NA
NC_045512.2	27850	T	G	34597	16099	49	8	7	26	0.000231134	34612	1	FALSE	NA	NA	NA	NA	NA	NA
NC_045512.2	27850	T	C	34597	16099	49	7	6	30	0.000202242	34612	0.999998	FALSE	NA	NA	NA	NA	NA	NA
NC_045512.2	27851	T	G	33864	15583	48	2	1	36	5.90441e-05	33873	1	FALSE	NA	NA	NA	NA	NA	NA
NC_045512.2	27851	T	C	33864	15583	48	5	3	51	0.00014761	33873	0.0312385	FALSE	NA	NA	NA	NA	NA	NA
NC_045512.2	27851	T	A	33864	15583	48	2	0	27	5.90441e-05	33873	1	FALSE	NA	NA	NA	NA	NA	NA
NC_045512.2	27852	G	T	34959	16535	49	2	1	34	5.72033e-05	34963	1	FALSE	NA	NA	NA	NA	NA	NA
NC_045512.2	27852	G	C	34959	16535	49	2	2	23	5.72033e-05	34963	1	FALSE	NA	NA	NA	NA	NA	NA
NC_045512.2	27854	A	T	33225	16927	46	4	4	28	0.000120275	33257	1	FALSE	NA	NA	NA	NA	NA	NA
NC_045512.2	27854	A	G	33225	16927	46	2	1	47	6.01377e-05	33257	0.812237	FALSE	NA	NA	NA	NA	NA	NA
NC_045512.2	27854	A	C	33225	16927	46	26	0	28	0.00078179	33257	1	FALSE	NA	NA	NA	NA	NA	NA
NC_045512.2	27855	C	T	35964	17279	49	1	0	68	2.78033e-05	35967	0.499993	FALSE	NA	NA	NA	NA	NA	NA
NC_045512.2	27855	C	A	35964	17279	49	2	0	30	5.56065e-05	35967	1	FALSE	NA	NA	NA	NA	NA	NA
NC_045512.2	27856	T	C	36107	17316	49	4	1	57	0.000110763	36113	0.0624913	FALSE	NA	NA	NA	NA	NA	NA
NC_045512.2	27856	T	A	36107	17316	49	2	1	27	5.53817e-05	36113	1	FALSE	NA	NA	NA	NA	NA	NA
NC_045512.2	27857	G	T	35798	17178	48	8	7	27	0.000223383	35813	1	FALSE	NA	NA	NA	NA	NA	NA
NC_045512.2	27857	G	C	35798	17178	48	3	0	29	8.37685e-05	35813	1	FALSE	NA	NA	NA	NA	NA	NA
NC_045512.2	27857	G	A	35798	17178	48	4	2	45	0.000111691	35813	0.499847	FALSE	NA	NA	NA	NA	NA	NA
NC_045512.2	27858	C	T	35892	17900	49	3	3	45	8.35585e-05	35903	0.656165	FALSE	NA	NA	NA	NA	NA	NA
NC_045512.2	27858	C	A	35892	17900	49	8	0	28	0.000222823	35903	1	FALSE	NA	NA	NA	NA	NA	NA
NC_045512.2	27859	A	T	36233	17786	50	3	2	29	8.27837e-05	36239	1	FALSE	NA	NA	NA	NA	NA	NA
NC_045512.2	27859	A	G	36233	17786	50	3	0	34	8.27837e-05	36239	1	FALSE	NA	NA	NA	NA	NA	NA
NC_045512.2	27860	A	G	36177	18295	49	1	1	34	2.76358e-05	36185	1	FALSE	NA	NA	NA	NA	NA	NA
NC_045512.2	27860	A	C	36177	18295	49	7	0	29	0.00019345	36185	1	FALSE	NA	NA	NA	NA	NA	NA
NC_045512.2	27861	G	T	36407	18070	49	4	4	28	0.000109848	36414	1	FALSE	NA	NA	NA	NA	NA	NA
NC_045512.2	27861	G	C	36407	18070	49	3	2	29	8.23859e-05	36414	1	FALSE	NA	NA	NA	NA	NA	NA
NC_045512.2	27862	A	T	35700	18910	47	2	0	30	5.60161e-05	35704	1	FALSE	NA	NA	NA	NA	NA	NA
NC_045512.2	27862	A	G	35700	18910	47	2	2	32	5.60161e-05	35704	1	FALSE	NA	NA	NA	NA	NA	NA
NC_045512.2	27863	T	C	37058	18799	49	2	1	47	5.39651e-05	37061	0.812508	FALSE	NA	NA	NA	NA	NA	NA
NC_045512.2	27863	T	A	37058	18799	49	1	1	27	2.69825e-05	37061	1	FALSE	NA	NA	NA	NA	NA	NA
NC_045512.2	27864	C	G	36174	18274	49	4	3	26	0.000110561	36179	1	FALSE	NA	NA	NA	NA	NA	NA
NC_045512.2	27864	C	A	36174	18274	49	1	0	26	2.76403e-05	36179	1	FALSE	NA	NA	NA	NA	NA	NA
NC_045512.2	27864	C	-A	36174	18274	49	1	0	20	2.76403e-05	36179	1	FALSE	NA	NA	NA	NA	NA	NA
NC_045512.2	27865	A	T	36410	18654	50	2	0	30	5.49269e-05	36412	1	FALSE	NA	NA	NA	NA	NA	NA
NC_045512.2	27866	T	C	37050	18539	49	2	2	51	5.39767e-05	37053	0.249997	FALSE	NA	NA	NA	NA	NA	NA
NC_045512.2	27866	T	A	37050	18539	49	1	1	26	2.69884e-05	37053	1	FALSE	NA	NA	NA	NA	NA	NA
NC_045512.2	27867	A	T	37323	18884	50	2	2	34	5.3582e-05	37326	1	FALSE	NA	NA	NA	NA	NA	NA
NC_045512.2	27867	A	G	37323	18884	50	1	0	68	2.6791e-05	37326	0.499993	FALSE	NA	NA	NA	NA	NA	NA
NC_045512.2	27868	A	T	37337	19780	49	1	0	26	2.67802e-05	37341	1	FALSE	NA	NA	NA	NA	NA	NA
NC_045512.2	27868	A	G	37337	19780	49	2	0	47	5.35604e-05	37341	0.8125	FALSE	NA	NA	NA	NA	NA	NA
NC_045512.2	27868	A	C	37337	19780	49	1	1	27	2.67802e-05	37341	1	FALSE	NA	NA	NA	NA	NA	NA
NC_045512.2	27869	T	C	37206	19674	49	2	2	30	5.37519e-05	37208	1	FALSE	NA	NA	NA	NA	NA	NA
NC_045512.2	27870	G	C	36509	20053	48	3	2	29	8.21648e-05	36512	1	FALSE	NA	NA	NA	NA	NA	NA
NC_045512.2	27871	A	G	35914	19560	48	2	0	47	5.56839e-05	35917	0.812509	FALSE	NA	NA	NA	NA	NA	NA
NC_045512.2	27871	A	C	35914	19560	48	1	1	27	2.7842e-05	35917	1	FALSE	NA	NA	NA	NA	NA	NA
NC_045512.2	27872	A	T	36008	20291	47	2	2	36	5.55324e-05	36015	1	FALSE	NA	NA	NA	NA	NA	NA
NC_045512.2	27872	A	G	36008	20291	47	2	1	57	5.55324e-05	36015	0.249969	FALSE	NA	NA	NA	NA	NA	NA
NC_045512.2	27872	A	C	36008	20291	47	3	0	29	8.32986e-05	36015	1	FALSE	NA	NA	NA	NA	NA	NA
NC_045512.2	27873	A	T	36277	20066	48	2	1	26	5.51238e-05	36282	1	FALSE	NA	NA	NA	NA	NA	NA
NC_045512.2	27873	A	G	36277	20066	48	2	1	64	5.51238e-05	36282	0.249983	FALSE	NA	NA	NA	NA	NA	NA
NC_045512.2	27873	A	C	36277	20066	48	1	1	26	2.75619e-05	36282	1	FALSE	NA	NA	NA	NA	NA	NA
NC_045512.2	27874	C	T	32827	18355	48	3580	2026	48	0.0983273	36409	0	TRUE	NA	NA	NA	NA	NA	NA
NC_045512.2	27874	C	G	32827	18355	48	1	1	27	2.74657e-05	36409	1	FALSE	NA	NA	NA	NA	NA	NA
NC_045512.2	27874	C	A	32827	18355	48	1	0	27	2.74657e-05	36409	1	FALSE	NA	NA	NA	NA	NA	NA
NC_045512.2	27875	T	G	35739	19751	48	1	1	26	2.79767e-05	35744	1	FALSE	NA	NA	NA	NA	NA	NA
NC_045512.2	27875	T	C	35739	19751	48	3	2	43	8.39302e-05	35744	0.656243	FALSE	NA	NA	NA	NA	NA	NA
NC_045512.2	27875	T	A	35739	19751	48	1	1	34	2.79767e-05	35744	1	FALSE	NA	NA	NA	NA	NA	NA
NC_045512.2	27876	T	C	35318	19260	47	1	1	27	2.83078e-05	35326	1	FALSE	NA	NA	NA	NA	NA	NA
NC_045512.2	27876	T	A	35318	19260	47	7	4	27	0.000198154	35326	1	FALSE	NA	NA	NA	NA	NA	NA
NC_045512.2	27877	G	T	35888	19877	48	2	1	30	5.57243e-05	35891	1	FALSE	NA	NA	NA	NA	NA	NA
NC_045512.2	27877	G	C	35888	19877	48	1	1	34	2.78621e-05	35891	1	FALSE	NA	NA	NA	NA	NA	NA
NC_045512.2	27878	T	C	36136	20160	48	4	4	32	0.000110662	36146	1	FALSE	NA	NA	NA	NA	NA	NA
NC_045512.2	27878	T	A	36136	20160	48	6	4	36	0.000165993	36146	1	FALSE	NA	NA	NA	NA	NA	NA
NC_045512.2	27879	C	T	35985	20168	48	1	1	68	2.7787e-05	35988	0.499993	FALSE	NA	NA	NA	NA	NA	NA
NC_045512.2	27879	C	A	35985	20168	48	2	0	26	5.55741e-05	35988	1	FALSE	NA	NA	NA	NA	NA	NA
NC_045512.2	27880	A	T	35800	20070	48	7	6	31	0.000195471	35811	0.999999	FALSE	NA	NA	NA	NA	NA	NA
NC_045512.2	27880	A	G	35800	20070	48	3	1	25	8.37731e-05	35811	1	FALSE	NA	NA	NA	NA	NA	NA
NC_045512.2	27880	A	C	35800	20070	48	1	1	27	2.79244e-05	35811	1	FALSE	NA	NA	NA	NA	NA	NA
NC_045512.2	27881	C	T	36352	20417	48	5	1	54	0.000137521	36358	0.0312457	FALSE	NA	NA	NA	NA	NA	NA
NC_045512.2	27881	C	G	36352	20417	48	1	1	26	2.75043e-05	36358	1	FALSE	NA	NA	NA	NA	NA	NA
NC_045512.2	27882	G	T	37203	20357	47	4	1	25	0.000107501	37209	1	FALSE	NA	NA	NA	NA	NA	NA
NC_045512.2	27882	G	A	37203	20357	47	2	1	46	5.37504e-05	37209	0.812483	FALSE	NA	NA	NA	NA	NA	NA
NC_045512.2	27883	C	T	37925	20528	47	2	1	43	5.27176e-05	37938	0.812426	FALSE	NA	NA	NA	NA	NA	NA
NC_045512.2	27883	C	G	37925	20528	47	8	8	28	0.00021087	37938	1	FALSE	NA	NA	NA	NA	NA	NA
NC_045512.2	27883	C	A	37925	20528	47	3	3	26	7.90764e-05	37938	1	FALSE	NA	NA	NA	NA	NA	NA
NC_045512.2	27884	C	T	38294	21071	48	2	2	51	5.22166e-05	38302	0.249964	FALSE	NA	NA	NA	NA	NA	NA
NC_045512.2	27884	C	G	38294	21071	48	4	0	28	0.000104433	38302	1	FALSE	NA	NA	NA	NA	NA	NA
NC_045512.2	27884	C	A	38294	21071	48	2	1	68	5.22166e-05	38302	0.249964	FALSE	NA	NA	NA	NA	NA	NA
NC_045512.2	27885	T	G	37393	19678	47	8	6	35	0.000213869	37406	0.999998	FALSE	NA	NA	NA	NA	NA	NA
NC_045512.2	27885	T	C	37393	19678	47	4	2	59	0.000106935	37406	0.0624683	FALSE	NA	NA	NA	NA	NA	NA
NC_045512.2	27885	T	A	37393	19678	47	1	0	27	2.67337e-05	37406	1	FALSE	NA	NA	NA	NA	NA	NA
NC_045512.2	27885	T	-A	37393	19678	47	2	0	20	5.34674e-05	37406	1	FALSE	NA	NA	NA	NA	NA	NA
NC_045512.2	27886	A	G	34212	19182	49	4280	2305	48	0.111183	38495	0	TRUE	NA	NA	NA	NA	NA	NA
NC_045512.2	27886	A	C	34212	19182	49	3	1	24	7.79322e-05	38495	1	FALSE	NA	NA	NA	NA	NA	NA
NC_045512.2	27887	A	T	38135	21434	48	2	2	51	5.24343e-05	38143	0.249964	FALSE	NA	NA	NA	NA	NA	NA
NC_045512.2	27887	A	G	38135	21434	48	2	0	68	5.24343e-05	38143	0.249964	FALSE	NA	NA	NA	NA	NA	NA
NC_045512.2	27887	A	C	38135	21434	48	4	0	28	0.000104869	38143	1	FALSE	NA	NA	NA	NA	NA	NA
NC_045512.2	27888	A	T	38041	21765	48	3	2	38	7.88436e-05	38050	1	FALSE	NA	NA	NA	NA	NA	NA
NC_045512.2	27888	A	G	38041	21765	48	3	1	34	7.88436e-05	38050	1	FALSE	NA	NA	NA	NA	NA	NA
NC_045512.2	27888	A	C	38041	21765	48	3	0	29	7.88436e-05	38050	1	FALSE	NA	NA	NA	NA	NA	NA
NC_045512.2	27889	C	T	12802	7409	49	24804	13390	48	0.659313	37621	0	TRUE	NA	NA	NA	NA	NA	NA
NC_045512.2	27889	C	G	12802	7409	49	15	15	29	0.000398713	37621	1	FALSE	NA	NA	NA	NA	NA	NA
NC_045512.2	27890	G	C	37743	21345	49	5	4	25	0.000132454	37749	1	FALSE	NA	NA	NA	NA	NA	NA
NC_045512.2	27890	G	A	37743	21345	49	1	1	68	2.64908e-05	37749	0.499974	FALSE	NA	NA	NA	NA	NA	NA
NC_045512.2	27891	A	T	36409	20125	49	4	3	32	0.000109842	36416	1	FALSE	NA	NA	NA	NA	NA	NA
NC_045512.2	27891	A	G	36409	20125	49	3	1	56	8.23814e-05	36416	0.124979	FALSE	NA	NA	NA	NA	NA	NA
NC_045512.2	27892	A	T	35808	20248	49	1	1	27	2.79166e-05	35821	1	FALSE	NA	NA	NA	NA	NA	NA
NC_045512.2	27892	A	G	35808	20248	49	4	0	45	0.000111666	35821	0.499878	FALSE	NA	NA	NA	NA	NA	NA
NC_045512.2	27892	A	C	35808	20248	49	8	0	25	0.000223333	35821	1	FALSE	NA	NA	NA	NA	NA	NA
NC_045512.2	27893	C	G	36254	20249	49	5	4	28	0.000137893	36260	1	FALSE	NA	NA	NA	NA	NA	NA
NC_045512.2	27893	C	A	36254	20249	49	1	0	26	2.75786e-05	36260	1	FALSE	NA	NA	NA	NA	NA	NA
NC_045512.2	27894	A	T	35569	20122	49	3	0	26	8.43313e-05	35574	1	FALSE	NA	NA	NA	NA	NA	NA
NC_045512.2	27894	A	C	35569	20122	49	2	2	44	5.62208e-05	35574	0.812491	FALSE	NA	NA	NA	NA	NA	NA
NC_045512.2	27895	T	G	35509	19700	49	6	6	26	0.000168933	35517	1	FALSE	NA	NA	NA	NA	NA	NA
NC_045512.2	27895	T	C	35509	19700	49	1	1	68	2.81555e-05	35517	0.499958	FALSE	NA	NA	NA	NA	NA	NA
NC_045512.2	27895	T	A	35509	19700	49	1	1	27	2.81555e-05	35517	1	FALSE	NA	NA	NA	NA	NA	NA
NC_045512.2	27896	G	T	35697	20159	49	3	2	26	8.40077e-05	35711	1	FALSE	NA	NA	NA	NA	NA	NA
NC_045512.2	27896	G	C	35697	20159	49	9	5	29	0.000252023	35711	1	FALSE	NA	NA	NA	NA	NA	NA
NC_045512.2	27896	G	A	35697	20159	49	2	2	47	5.60052e-05	35711	0.812412	FALSE	NA	NA	NA	NA	NA	NA
NC_045512.2	27897	A	T	35897	20268	50	1	1	27	2.78536e-05	35902	1	FALSE	NA	NA	NA	NA	NA	NA
NC_045512.2	27897	A	G	35897	20268	50	3	0	38	8.35608e-05	35902	1	FALSE	NA	NA	NA	NA	NA	NA
NC_045512.2	27897	A	C	35897	20268	50	1	1	27	2.78536e-05	35902	1	FALSE	NA	NA	NA	NA	NA	NA
NC_045512.2	27898	A	G	35375	20249	49	2	1	43	5.65179e-05	35387	0.812429	FALSE	NA	NA	NA	NA	NA	NA
NC_045512.2	27898	A	C	35375	20249	49	10	1	26	0.00028259	35387	1	FALSE	NA	NA	NA	NA	NA	NA
NC_045512.2	27899	A	T	35967	20390	50	1	1	34	2.77971e-05	35975	1	FALSE	NA	NA	NA	NA	NA	NA
NC_045512.2	27899	A	G	35967	20390	50	5	1	47	0.000138985	35975	0.363243	FALSE	NA	NA	NA	NA	NA	NA
NC_045512.2	27899	A	C	35967	20390	50	2	2	30	5.55942e-05	35975	1	FALSE	NA	NA	NA	NA	NA	NA
NC_045512.2	27900	T	G	35802	20112	49	3	3	29	8.37848e-05	35806	1	FALSE	NA	NA	NA	NA	NA	NA
NC_045512.2	27900	T	A	35802	20112	49	1	0	20	2.79283e-05	35806	1	FALSE	NA	NA	NA	NA	NA	NA
NC_045512.2	27900	T	+TTC	35802	20112	49	1	0	20	2.79283e-05	35806	1	FALSE	NA	NA	NA	NA	NA	NA
NC_045512.2	27901	T	G	35857	20310	49	7	7	26	0.000195176	35865	1	FALSE	NA	NA	NA	NA	NA	NA
NC_045512.2	27901	T	C	35857	20310	49	1	1	68	2.78823e-05	35865	0.499958	FALSE	NA	NA	NA	NA	NA	NA
NC_045512.2	27902	T	A	34798	19258	48	4	2	24	0.000114936	34802	1	FALSE	NA	NA	NA	NA	NA	NA
NC_045512.2	27903	C	T	35727	20527	49	2	1	47	5.5966e-05	35736	0.812456	FALSE	NA	NA	NA	NA	NA	NA
NC_045512.2	27903	C	G	35727	20527	49	5	3	29	0.000139915	35736	1	FALSE	NA	NA	NA	NA	NA	NA
NC_045512.2	27903	C	A	35727	20527	49	2	0	30	5.5966e-05	35736	1	FALSE	NA	NA	NA	NA	NA	NA
NC_045512.2	27904	T	G	35297	19878	49	1	0	27	2.83286e-05	35300	1	FALSE	NA	NA	NA	NA	NA	NA
NC_045512.2	27904	T	C	35297	19878	49	1	1	24	2.83286e-05	35300	1	FALSE	NA	NA	NA	NA	NA	NA
NC_045512.2	27904	T	A	35297	19878	49	1	1	34	2.83286e-05	35300	1	FALSE	NA	NA	NA	NA	NA	NA
NC_045512.2	27905	T	C	35716	20518	49	1	1	68	2.79955e-05	35720	0.499986	FALSE	NA	NA	NA	NA	NA	NA
NC_045512.2	27905	T	A	35716	20518	49	3	0	29	8.39866e-05	35720	1	FALSE	NA	NA	NA	NA	NA	NA
NC_045512.2	27906	G	T	35729	20413	49	1	1	68	2.79846e-05	35734	0.499979	FALSE	NA	NA	NA	NA	NA	NA
NC_045512.2	27906	G	C	35729	20413	49	3	3	31	8.39537e-05	35734	1	FALSE	NA	NA	NA	NA	NA	NA
NC_045512.2	27906	G	A	35729	20413	49	1	1	46	2.79846e-05	35734	0.937495	FALSE	NA	NA	NA	NA	NA	NA
NC_045512.2	27907	T	G	35340	19991	49	5	5	30	0.000141439	35351	1	FALSE	NA	NA	NA	NA	NA	NA
NC_045512.2	27907	T	C	35340	19991	49	6	5	34	0.000169726	35351	1	FALSE	NA	NA	NA	NA	NA	NA
NC_045512.2	27908	T	G	35908	20707	50	1	0	68	2.78466e-05	35911	0.499993	FALSE	NA	NA	NA	NA	NA	NA
NC_045512.2	27908	T	C	35908	20707	50	2	2	34	5.56932e-05	35911	1	FALSE	NA	NA	NA	NA	NA	NA
NC_045512.2	27909	T	G	35978	20827	50	2	0	30	5.55818e-05	35983	1	FALSE	NA	NA	NA	NA	NA	NA
NC_045512.2	27909	T	C	35978	20827	50	1	0	68	2.77909e-05	35983	0.499979	FALSE	NA	NA	NA	NA	NA	NA
NC_045512.2	27909	T	A	35978	20827	50	2	2	30	5.55818e-05	35983	1	FALSE	NA	NA	NA	NA	NA	NA
NC_045512.2	27910	T	G	34863	19741	47	2	1	36	5.73559e-05	34870	1	FALSE	NA	NA	NA	NA	NA	NA
NC_045512.2	27910	T	C	34863	19741	47	3	1	53	8.60338e-05	34870	0.124978	FALSE	NA	NA	NA	NA	NA	NA
NC_045512.2	27910	T	A	34863	19741	47	2	0	25	5.73559e-05	34870	1	FALSE	NA	NA	NA	NA	NA	NA
NC_045512.2	27911	C	T	35849	20857	49	1	0	52	2.78909e-05	35854	0.499979	FALSE	NA	NA	NA	NA	NA	NA
NC_045512.2	27911	C	G	35849	20857	49	2	1	30	5.57818e-05	35854	1	FALSE	NA	NA	NA	NA	NA	NA
NC_045512.2	27911	C	A	35849	20857	49	2	1	32	5.57818e-05	35854	1	FALSE	NA	NA	NA	NA	NA	NA
NC_045512.2	27912	T	G	35491	20265	49	4	2	28	0.00011267	35502	1	FALSE	NA	NA	NA	NA	NA	NA
NC_045512.2	27912	T	C	35491	20265	49	4	2	49	0.00011267	35502	0.499908	FALSE	NA	NA	NA	NA	NA	NA
NC_045512.2	27912	T	A	35491	20265	49	3	1	30	8.45023e-05	35502	1	FALSE	NA	NA	NA	NA	NA	NA
NC_045512.2	27913	T	G	35603	20514	49	1	1	34	2.80836e-05	35608	1	FALSE	NA	NA	NA	NA	NA	NA
NC_045512.2	27913	T	C	35603	20514	49	2	1	34	5.61672e-05	35608	1	FALSE	NA	NA	NA	NA	NA	NA
NC_045512.2	27913	T	A	35603	20514	49	2	0	47	5.61672e-05	35608	0.812491	FALSE	NA	NA	NA	NA	NA	NA
NC_045512.2	27914	A	G	35931	20908	49	5	3	46	0.000139128	35938	0.363258	FALSE	NA	NA	NA	NA	NA	NA
NC_045512.2	27914	A	C	35931	20908	49	2	2	27	5.56514e-05	35938	1	FALSE	NA	NA	NA	NA	NA	NA
NC_045512.2	27915	G	T	35659	20436	49	4	1	27	0.000112158	35664	1	FALSE	NA	NA	NA	NA	NA	NA
NC_045512.2	27915	G	A	35659	20436	49	1	0	24	2.80395e-05	35664	1	FALSE	NA	NA	NA	NA	NA	NA
NC_045512.2	27916	G	C	35607	20748	49	3	3	29	8.4246e-05	35610	1	FALSE	NA	NA	NA	NA	NA	NA
NC_045512.2	27917	A	T	36055	20882	49	2	1	26	5.54631e-05	36060	1	FALSE	NA	NA	NA	NA	NA	NA
NC_045512.2	27917	A	G	36055	20882	49	3	0	45	8.31947e-05	36060	0.656244	FALSE	NA	NA	NA	NA	NA	NA
NC_045512.2	27918	A	G	36091	21298	49	4	3	31	0.000110816	36096	1	FALSE	NA	NA	NA	NA	NA	NA
NC_045512.2	27918	A	C	36091	21298	49	1	0	34	2.77039e-05	36096	1	FALSE	NA	NA	NA	NA	NA	NA
NC_045512.2	27919	T	G	36227	21242	50	1	1	26	2.75984e-05	36234	1	FALSE	NA	NA	NA	NA	NA	NA
NC_045512.2	27919	T	C	36227	21242	50	5	3	46	0.000137992	36234	0.363259	FALSE	NA	NA	NA	NA	NA	NA
NC_045512.2	27919	T	A	36227	21242	50	1	1	27	2.75984e-05	36234	1	FALSE	NA	NA	NA	NA	NA	NA
NC_045512.2	27920	C	T	37281	21405	49	1	1	34	2.68176e-05	37289	1	FALSE	NA	NA	NA	NA	NA	NA
NC_045512.2	27920	C	G	37281	21405	49	2	2	26	5.36351e-05	37289	1	FALSE	NA	NA	NA	NA	NA	NA
NC_045512.2	27920	C	A	37281	21405	49	5	1	28	0.000134088	37289	1	FALSE	NA	NA	NA	NA	NA	NA
NC_045512.2	27921	A	G	37351	21454	49	3	0	30	8.03105e-05	37355	1	FALSE	NA	NA	NA	NA	NA	NA
NC_045512.2	27921	A	C	37351	21454	49	1	1	26	2.67702e-05	37355	1	FALSE	NA	NA	NA	NA	NA	NA
NC_045512.2	27922	T	C	38172	21750	50	1	1	34	2.61965e-05	38173	1	FALSE	NA	NA	NA	NA	NA	NA
NC_045512.2	27923	C	T	37869	21857	49	2	1	34	5.28025e-05	37877	1	FALSE	NA	NA	NA	NA	NA	NA
NC_045512.2	27923	C	G	37869	21857	49	1	1	20	2.64012e-05	37877	1	FALSE	NA	NA	NA	NA	NA	NA
NC_045512.2	27923	C	A	37869	21857	49	5	0	31	0.000132006	37877	1	FALSE	NA	NA	NA	NA	NA	NA
NC_045512.2	27924	A	T	37738	21702	49	4	0	25	0.000105969	37747	1	FALSE	NA	NA	NA	NA	NA	NA
NC_045512.2	27924	A	G	37738	21702	49	4	1	37	0.000105969	37747	1	FALSE	NA	NA	NA	NA	NA	NA
NC_045512.2	27924	A	C	37738	21702	49	1	1	27	2.64922e-05	37747	1	FALSE	NA	NA	NA	NA	NA	NA
NC_045512.2	27925	C	T	38163	21735	49	4	3	30	0.0001048	38168	1	FALSE	NA	NA	NA	NA	NA	NA
NC_045512.2	27925	C	G	38163	21735	49	1	1	34	2.62e-05	38168	1	FALSE	NA	NA	NA	NA	NA	NA
NC_045512.2	27926	A	T	38043	21509	50	2	1	30	5.25638e-05	38049	1	FALSE	NA	NA	NA	NA	NA	NA
NC_045512.2	27926	A	G	38043	21509	50	2	1	30	5.25638e-05	38049	1	FALSE	NA	NA	NA	NA	NA	NA
NC_045512.2	27926	A	C	38043	21509	50	2	1	30	5.25638e-05	38049	1	FALSE	NA	NA	NA	NA	NA	NA
NC_045512.2	27927	A	T	37821	21580	49	3	2	24	7.93021e-05	37830	1	FALSE	NA	NA	NA	NA	NA	NA
NC_045512.2	27927	A	G	37821	21580	49	2	2	29	5.28681e-05	37830	1	FALSE	NA	NA	NA	NA	NA	NA
NC_045512.2	27927	A	C	37821	21580	49	4	0	32	0.000105736	37830	1	FALSE	NA	NA	NA	NA	NA	NA
NC_045512.2	27928	C	G	38538	22236	48	1	0	20	2.5941e-05	38549	1	FALSE	NA	NA	NA	NA	NA	NA
NC_045512.2	27928	C	A	38538	22236	48	10	1	27	0.00025941	38549	1	FALSE	NA	NA	NA	NA	NA	NA
NC_045512.2	27929	T	G	36237	20128	50	1	1	27	2.75931e-05	36241	1	FALSE	NA	NA	NA	NA	NA	NA
NC_045512.2	27929	T	C	36237	20128	50	1	0	24	2.75931e-05	36241	1	FALSE	NA	NA	NA	NA	NA	NA
NC_045512.2	27929	T	A	36237	20128	50	2	2	27	5.51861e-05	36241	1	FALSE	NA	NA	NA	NA	NA	NA
NC_045512.2	27930	G	C	36305	20310	50	1	0	26	2.75421e-05	36308	1	FALSE	NA	NA	NA	NA	NA	NA
NC_045512.2	27930	G	A	36305	20310	50	2	1	51	5.50843e-05	36308	0.249997	FALSE	NA	NA	NA	NA	NA	NA
NC_045512.2	27932	A	T	36057	20453	50	5	1	37	0.000138627	36068	1	FALSE	NA	NA	NA	NA	NA	NA
NC_045512.2	27932	A	G	36057	20453	50	4	4	40	0.000110902	36068	0.499909	FALSE	NA	NA	NA	NA	NA	NA
NC_045512.2	27932	A	C	36057	20453	50	2	0	30	5.54508e-05	36068	1	FALSE	NA	NA	NA	NA	NA	NA
NC_045512.2	27933	G	T	35575	20036	50	7	6	35	0.000196723	35583	0.999999	FALSE	NA	NA	NA	NA	NA	NA
NC_045512.2	27933	G	C	35575	20036	50	1	1	68	2.81033e-05	35583	0.499958	FALSE	NA	NA	NA	NA	NA	NA
NC_045512.2	27934	C	T	35205	20123	50	5	1	40	0.000141977	35217	0.36318	FALSE	NA	NA	NA	NA	NA	NA
NC_045512.2	27934	C	G	35205	20123	50	5	2	32	0.000141977	35217	1	FALSE	NA	NA	NA	NA	NA	NA
NC_045512.2	27934	C	A	35205	20123	50	2	0	30	5.67908e-05	35217	1	FALSE	NA	NA	NA	NA	NA	NA
NC_045512.2	27935	T	G	35022	19667	51	1	1	26	2.85461e-05	35031	1	FALSE	NA	NA	NA	NA	NA	NA
NC_045512.2	27935	T	C	35022	19667	51	7	1	51	0.000199823	35031	0.00780938	TRUE	NA	NA	NA	NA	NA	NA
NC_045512.2	27935	T	A	35022	19667	51	1	1	68	2.85461e-05	35031	0.49995	FALSE	NA	NA	NA	NA	NA	NA
NC_045512.2	27936	G	T	35023	19514	50	6	4	32	0.000171238	35039	1	FALSE	NA	NA	NA	NA	NA	NA
NC_045512.2	27936	G	C	35023	19514	50	1	0	34	2.85396e-05	35039	1	FALSE	NA	NA	NA	NA	NA	NA
NC_045512.2	27936	G	A	35023	19514	50	9	4	58	0.000256857	35039	0.00195062	TRUE	NA	NA	NA	NA	NA	NA
NC_045512.2	27936	G	-C	35023	19514	50	1	0	20	2.85396e-05	35039	1	FALSE	NA	NA	NA	NA	NA	NA
NC_045512.2	27937	C	G	34264	19133	51	6	2	27	0.00017506	34274	1	FALSE	NA	NA	NA	NA	NA	NA
NC_045512.2	27937	C	A	34264	19133	51	4	0	27	0.000116707	34274	1	FALSE	NA	NA	NA	NA	NA	NA
NC_045512.2	27938	A	T	34677	19701	51	1	0	27	2.88326e-05	34683	1	FALSE	NA	NA	NA	NA	NA	NA
NC_045512.2	27938	A	G	34677	19701	51	1	1	34	2.88326e-05	34683	1	FALSE	NA	NA	NA	NA	NA	NA
NC_045512.2	27938	A	C	34677	19701	51	4	1	30	0.00011533	34683	1	FALSE	NA	NA	NA	NA	NA	NA
NC_045512.2	27939	T	G	34587	19562	51	7	0	28	0.000202324	34598	1	FALSE	NA	NA	NA	NA	NA	NA
NC_045512.2	27939	T	C	34587	19562	51	4	4	68	0.000115614	34598	0.0624729	FALSE	NA	NA	NA	NA	NA	NA
NC_045512.2	27940	T	G	34251	19195	51	5	3	36	0.000145947	34259	1	FALSE	NA	NA	NA	NA	NA	NA
NC_045512.2	27940	T	C	34251	19195	51	2	1	36	5.83788e-05	34259	1	FALSE	NA	NA	NA	NA	NA	NA
NC_045512.2	27940	T	A	34251	19195	51	1	0	20	2.91894e-05	34259	1	FALSE	NA	NA	NA	NA	NA	NA
NC_045512.2	27941	T	G	34469	19462	51	2	0	30	5.80097e-05	34477	1	FALSE	NA	NA	NA	NA	NA	NA
NC_045512.2	27941	T	C	34469	19462	51	2	2	25	5.80097e-05	34477	1	FALSE	NA	NA	NA	NA	NA	NA
NC_045512.2	27941	T	A	34469	19462	51	4	1	27	0.000116019	34477	1	FALSE	NA	NA	NA	NA	NA	NA
NC_045512.2	27942	C	G	34090	19781	50	1	0	34	2.93255e-05	34100	1	FALSE	NA	NA	NA	NA	NA	NA
NC_045512.2	27942	C	A	34090	19781	50	9	3	27	0.00026393	34100	1	FALSE	NA	NA	NA	NA	NA	NA
NC_045512.2	27943	A	T	34131	19890	51	1	1	26	2.92963e-05	34134	1	FALSE	NA	NA	NA	NA	NA	NA
NC_045512.2	27943	A	C	34131	19890	51	2	0	27	5.85926e-05	34134	1	FALSE	NA	NA	NA	NA	NA	NA
NC_045512.2	27944	C	T	33966	19722	50	2	2	30	5.88633e-05	33977	1	FALSE	NA	NA	NA	NA	NA	NA
NC_045512.2	27944	C	G	33966	19722	50	6	5	33	0.00017659	33977	0.999999	FALSE	NA	NA	NA	NA	NA	NA
NC_045512.2	27944	C	A	33966	19722	50	3	1	29	8.8295e-05	33977	1	FALSE	NA	NA	NA	NA	NA	NA
NC_045512.2	27945	C	G	33761	19585	51	2	0	23	5.92277e-05	33768	1	FALSE	NA	NA	NA	NA	NA	NA
NC_045512.2	27945	C	A	33761	19585	51	5	1	29	0.000148069	33768	1	FALSE	NA	NA	NA	NA	NA	NA
NC_045512.2	27946	A	G	33626	19144	51	1	1	34	2.9738e-05	33627	1	FALSE	NA	NA	NA	NA	NA	NA
NC_045512.2	27947	A	T	33607	19732	49	1	0	27	2.97336e-05	33632	1	FALSE	NA	NA	NA	NA	NA	NA
NC_045512.2	27947	A	G	33607	19732	49	4	0	28	0.000118934	33632	1	FALSE	NA	NA	NA	NA	NA	NA
NC_045512.2	27947	A	C	33607	19732	49	20	0	27	0.000594672	33632	1	FALSE	NA	NA	NA	NA	NA	NA
NC_045512.2	27948	G	T	34377	19646	50	7	5	30	0.000203553	34389	0.999998	FALSE	NA	NA	NA	NA	NA	NA
NC_045512.2	27948	G	C	34377	19646	50	3	1	24	8.72372e-05	34389	1	FALSE	NA	NA	NA	NA	NA	NA
NC_045512.2	27948	G	A	34377	19646	50	2	0	68	5.81581e-05	34389	0.249931	FALSE	NA	NA	NA	NA	NA	NA
NC_045512.2	27949	A	T	34550	20058	50	3	2	31	8.68131e-05	34557	1	FALSE	NA	NA	NA	NA	NA	NA
NC_045512.2	27949	A	G	34550	20058	50	3	2	45	8.68131e-05	34557	0.656216	FALSE	NA	NA	NA	NA	NA	NA
NC_045512.2	27949	A	C	34550	20058	50	1	1	27	2.89377e-05	34557	1	FALSE	NA	NA	NA	NA	NA	NA
NC_045512.2	27950	A	T	34835	20180	51	2	1	27	5.74069e-05	34839	1	FALSE	NA	NA	NA	NA	NA	NA
NC_045512.2	27950	A	G	34835	20180	51	1	1	38	2.87035e-05	34839	1	FALSE	NA	NA	NA	NA	NA	NA
NC_045512.2	27950	A	C	34835	20180	51	1	1	27	2.87035e-05	34839	1	FALSE	NA	NA	NA	NA	NA	NA
NC_045512.2	27952	G	T	34951	20185	50	1	1	26	2.86058e-05	34958	1	FALSE	NA	NA	NA	NA	NA	NA
NC_045512.2	27952	G	C	34951	20185	50	4	2	30	0.000114423	34958	1	FALSE	NA	NA	NA	NA	NA	NA
NC_045512.2	27952	G	A	34951	20185	50	2	1	57	5.72115e-05	34958	0.249968	FALSE	NA	NA	NA	NA	NA	NA
NC_045512.2	27953	T	C	35166	20389	51	2	2	51	5.6865e-05	35171	0.249982	FALSE	NA	NA	NA	NA	NA	NA
NC_045512.2	27953	T	A	35166	20389	51	3	1	30	8.52975e-05	35171	1	FALSE	NA	NA	NA	NA	NA	NA
NC_045512.2	27954	A	T	35732	21171	49	2	0	26	5.59597e-05	35740	1	FALSE	NA	NA	NA	NA	NA	NA
NC_045512.2	27954	A	G	35732	21171	49	1	1	34	2.79799e-05	35740	1	FALSE	NA	NA	NA	NA	NA	NA
NC_045512.2	27954	A	C	35732	21171	49	5	1	28	0.000139899	35740	1	FALSE	NA	NA	NA	NA	NA	NA
NC_045512.2	27955	G	T	36808	21445	49	2	1	22	5.43316e-05	36811	1	FALSE	NA	NA	NA	NA	NA	NA
NC_045512.2	27955	G	A	36808	21445	49	1	1	34	2.71658e-05	36811	1	FALSE	NA	NA	NA	NA	NA	NA
NC_045512.2	27956	T	G	29591	13984	43	36	36	28	0.00121498	29630	1	FALSE	NA	NA	NA	NA	NA	NA
NC_045512.2	27956	T	C	29591	13984	43	2	1	68	6.74992e-05	29630	0.249692	FALSE	NA	NA	NA	NA	NA	NA
NC_045512.2	27956	T	A	29591	13984	43	1	1	68	3.37496e-05	29630	0.499688	FALSE	NA	NA	NA	NA	NA	NA
NC_045512.2	27957	T	C	36179	21121	49	3	2	38	8.29096e-05	36184	1	FALSE	NA	NA	NA	NA	NA	NA
NC_045512.2	27957	T	A	36179	21121	49	2	0	30	5.5273e-05	36184	1	FALSE	NA	NA	NA	NA	NA	NA
NC_045512.2	27958	T	G	27926	16510	50	7	3	29	0.000193408	36193	1	FALSE	NA	NA	NA	NA	NA	NA
NC_045512.2	27958	T	C	27926	16510	50	8257	4722	48	0.228138	36193	0	TRUE	NA	NA	NA	NA	NA	NA
NC_045512.2	27958	T	A	27926	16510	50	3	1	29	8.2889e-05	36193	1	FALSE	NA	NA	NA	NA	NA	NA
NC_045512.2	27959	A	C	35737	20926	49	1	0	34	2.79814e-05	35738	1	FALSE	NA	NA	NA	NA	NA	NA
NC_045512.2	27960	C	T	35786	20941	49	6	3	47	0.000167612	35797	0.253837	FALSE	NA	NA	NA	NA	NA	NA
NC_045512.2	27960	C	G	35786	20941	49	4	3	31	0.000111741	35797	1	FALSE	NA	NA	NA	NA	NA	NA
NC_045512.2	27960	C	A	35786	20941	49	1	0	27	2.79353e-05	35797	1	FALSE	NA	NA	NA	NA	NA	NA
NC_045512.2	27961	A	T	35608	20668	49	2	2	26	5.61561e-05	35615	1	FALSE	NA	NA	NA	NA	NA	NA
NC_045512.2	27961	A	G	35608	20668	49	4	1	46	0.000112312	35615	0.499969	FALSE	NA	NA	NA	NA	NA	NA
NC_045512.2	27961	A	C	35608	20668	49	1	0	27	2.80781e-05	35615	1	FALSE	NA	NA	NA	NA	NA	NA
NC_045512.2	27961	A	+T	35608	20668	49	2	0	20	5.61561e-05	35615	1	FALSE	NA	NA	NA	NA	NA	NA
NC_045512.2	27961	A	+C	35608	20668	49	1	0	20	2.80781e-05	35615	1	FALSE	NA	NA	NA	NA	NA	NA
NC_045512.2	27962	G	T	38159	21139	49	2	1	26	5.24027e-05	38166	1	FALSE	NA	NA	NA	NA	NA	NA
NC_045512.2	27962	G	C	38159	21139	49	4	3	28	0.000104805	38166	1	FALSE	NA	NA	NA	NA	NA	NA
NC_045512.2	27962	G	A	38159	21139	49	1	1	34	2.62013e-05	38166	1	FALSE	NA	NA	NA	NA	NA	NA
NC_045512.2	27963	T	A	37450	21075	50	1	1	34	2.67016e-05	37451	1	FALSE	NA	NA	NA	NA	NA	NA
NC_045512.2	27964	C	T	36393	19750	50	1	0	34	2.7471e-05	36402	1	FALSE	NA	NA	NA	NA	NA	NA
NC_045512.2	27964	C	G	36393	19750	50	8	7	28	0.000219768	36402	1	FALSE	NA	NA	NA	NA	NA	NA
NC_045512.2	27964	C	+A	36393	19750	50	1	0	20	2.7471e-05	36402	1	FALSE	NA	NA	NA	NA	NA	NA
NC_045512.2	27965	A	T	36599	20109	50	2	0	23	5.46403e-05	36603	1	FALSE	NA	NA	NA	NA	NA	NA
NC_045512.2	27965	A	C	36599	20109	50	2	0	27	5.46403e-05	36603	1	FALSE	NA	NA	NA	NA	NA	NA
NC_045512.2	27966	T	G	36550	20019	50	2	1	26	5.47121e-05	36555	1	FALSE	NA	NA	NA	NA	NA	NA
NC_045512.2	27966	T	C	36550	20019	50	1	0	34	2.7356e-05	36555	1	FALSE	NA	NA	NA	NA	NA	NA
NC_045512.2	27966	T	A	36550	20019	50	2	1	43	5.47121e-05	36555	0.812491	FALSE	NA	NA	NA	NA	NA	NA
NC_045512.2	27967	G	T	36731	20053	50	3	1	29	8.16549e-05	36740	1	FALSE	NA	NA	NA	NA	NA	NA
NC_045512.2	27967	G	C	36731	20053	50	4	2	28	0.000108873	36740	1	FALSE	NA	NA	NA	NA	NA	NA
NC_045512.2	27967	G	A	36731	20053	50	2	2	34	5.44366e-05	36740	1	FALSE	NA	NA	NA	NA	NA	NA
NC_045512.2	27968	T	G	37090	20599	50	3	3	31	8.08778e-05	37093	1	FALSE	NA	NA	NA	NA	NA	NA
NC_045512.2	27969	A	T	37182	20475	49	3	2	26	8.06582e-05	37194	1	FALSE	NA	NA	NA	NA	NA	NA
NC_045512.2	27969	A	G	37182	20475	49	3	2	52	8.06582e-05	37194	0.124955	FALSE	NA	NA	NA	NA	NA	NA
NC_045512.2	27969	A	C	37182	20475	49	6	1	28	0.000161316	37194	1	FALSE	NA	NA	NA	NA	NA	NA
NC_045512.2	27970	C	T	37214	20838	50	3	3	56	8.05975e-05	37222	0.124975	FALSE	NA	NA	NA	NA	NA	NA
NC_045512.2	27970	C	G	37214	20838	50	1	0	34	2.68658e-05	37222	1	FALSE	NA	NA	NA	NA	NA	NA
NC_045512.2	27970	C	A	37214	20838	50	4	0	37	0.000107463	37222	1	FALSE	NA	NA	NA	NA	NA	NA
NC_045512.2	27971	T	C	34367	18283	50	2	0	46	5.8192e-05	34369	0.812518	FALSE	NA	NA	NA	NA	NA	NA
NC_045512.2	27972	C	T	34389	18418	50	1	0	34	2.90757e-05	34393	1	FALSE	NA	NA	NA	NA	NA	NA
NC_045512.2	27972	C	G	34389	18418	50	2	1	27	5.81514e-05	34393	1	FALSE	NA	NA	NA	NA	NA	NA
NC_045512.2	27972	C	A	34389	18418	50	1	0	34	2.90757e-05	34393	1	FALSE	NA	NA	NA	NA	NA	NA
NC_045512.2	27973	A	T	33679	17814	51	1	1	27	2.96886e-05	33683	1	FALSE	NA	NA	NA	NA	NA	NA
NC_045512.2	27973	A	G	33679	17814	51	2	1	30	5.93771e-05	33683	1	FALSE	NA	NA	NA	NA	NA	NA
NC_045512.2	27973	A	C	33679	17814	51	1	0	26	2.96886e-05	33683	1	FALSE	NA	NA	NA	NA	NA	NA
NC_045512.2	27974	A	T	34300	18032	50	1	1	27	2.91477e-05	34308	1	FALSE	NA	NA	NA	NA	NA	NA
NC_045512.2	27974	A	G	34300	18032	50	4	3	45	0.000116591	34308	0.499952	FALSE	NA	NA	NA	NA	NA	NA
NC_045512.2	27974	A	C	34300	18032	50	3	0	26	8.74432e-05	34308	1	FALSE	NA	NA	NA	NA	NA	NA
NC_045512.2	27975	C	T	34078	18024	49	3	2	34	8.79946e-05	34093	1	FALSE	NA	NA	NA	NA	NA	NA
NC_045512.2	27975	C	G	34078	18024	49	1	1	34	2.93315e-05	34093	1	FALSE	NA	NA	NA	NA	NA	NA
NC_045512.2	27975	C	A	34078	18024	49	11	0	27	0.000322647	34093	1	FALSE	NA	NA	NA	NA	NA	NA
NC_045512.2	27976	A	T	34072	17713	50	2	1	27	5.86889e-05	34078	1	FALSE	NA	NA	NA	NA	NA	NA
NC_045512.2	27976	A	G	34072	17713	50	2	2	47	5.86889e-05	34078	0.812482	FALSE	NA	NA	NA	NA	NA	NA
NC_045512.2	27976	A	C	34072	17713	50	2	2	27	5.86889e-05	34078	1	FALSE	NA	NA	NA	NA	NA	NA
NC_045512.2	27977	T	G	33676	17429	50	3	1	27	8.90578e-05	33686	1	FALSE	NA	NA	NA	NA	NA	NA
NC_045512.2	27977	T	C	33676	17429	50	3	3	51	8.90578e-05	33686	0.124961	FALSE	NA	NA	NA	NA	NA	NA
NC_045512.2	27977	T	A	33676	17429	50	4	0	26	0.000118744	33686	1	FALSE	NA	NA	NA	NA	NA	NA
NC_045512.2	27978	C	G	33238	17467	50	5	5	31	0.000150376	33250	1	FALSE	NA	NA	NA	NA	NA	NA
NC_045512.2	27978	C	A	33238	17467	50	7	0	26	0.000210526	33250	1	FALSE	NA	NA	NA	NA	NA	NA
NC_045512.2	27979	A	T	33554	17550	50	1	0	20	2.98009e-05	33556	1	FALSE	NA	NA	NA	NA	NA	NA
NC_045512.2	27979	A	G	33554	17550	50	1	1	34	2.98009e-05	33556	1	FALSE	NA	NA	NA	NA	NA	NA
NC_045512.2	27980	A	T	32367	18145	46	1	1	27	3.08471e-05	32418	1	FALSE	NA	NA	NA	NA	NA	NA
NC_045512.2	27980	A	G	32367	18145	46	3	2	42	9.25412e-05	32418	0.655577	FALSE	NA	NA	NA	NA	NA	NA
NC_045512.2	27980	A	C	32367	18145	46	47	0	27	0.00144981	32418	1	FALSE	NA	NA	NA	NA	NA	NA
NC_045512.2	27981	C	T	35044	17849	49	2	2	34	5.70646e-05	35048	1	FALSE	NA	NA	NA	NA	NA	NA
NC_045512.2	27981	C	G	35044	17849	49	2	2	26	5.70646e-05	35048	1	FALSE	NA	NA	NA	NA	NA	NA
NC_045512.2	27982	C	G	35161	18008	49	4	3	24	0.000113746	35166	1	FALSE	NA	NA	NA	NA	NA	NA
NC_045512.2	27982	C	A	35161	18008	49	1	0	26	2.84366e-05	35166	1	FALSE	NA	NA	NA	NA	NA	NA
NC_045512.2	27983	A	C	34595	17514	49	4	0	23	0.00011561	34599	1	FALSE	NA	NA	NA	NA	NA	NA
NC_045512.2	27984	T	G	34598	17683	50	4	2	23	0.000115584	34607	1	FALSE	NA	NA	NA	NA	NA	NA
NC_045512.2	27984	T	A	34598	17683	50	5	1	37	0.000144479	34607	1	FALSE	NA	NA	NA	NA	NA	NA
NC_045512.2	27985	A	T	34516	17999	49	11	3	24	0.000318517	34535	1	FALSE	NA	NA	NA	NA	NA	NA
NC_045512.2	27985	A	C	34516	17999	49	8	6	24	0.000231649	34535	1	FALSE	NA	NA	NA	NA	NA	NA
NC_045512.2	27986	T	G	35155	18196	50	1	1	34	2.84406e-05	35161	1	FALSE	NA	NA	NA	NA	NA	NA
NC_045512.2	27986	T	C	35155	18196	50	1	1	27	2.84406e-05	35161	1	FALSE	NA	NA	NA	NA	NA	NA
NC_045512.2	27986	T	A	35155	18196	50	4	1	28	0.000113762	35161	1	FALSE	NA	NA	NA	NA	NA	NA
NC_045512.2	27987	G	T	35175	18268	50	2	1	29	5.68489e-05	35181	1	FALSE	NA	NA	NA	NA	NA	NA
NC_045512.2	27987	G	C	35175	18268	50	3	1	28	8.52733e-05	35181	1	FALSE	NA	NA	NA	NA	NA	NA
NC_045512.2	27987	G	A	35175	18268	50	1	1	34	2.84244e-05	35181	1	FALSE	NA	NA	NA	NA	NA	NA
NC_045512.2	27988	T	G	35140	18124	50	3	2	28	8.53582e-05	35146	1	FALSE	NA	NA	NA	NA	NA	NA
NC_045512.2	27988	T	C	35140	18124	50	2	2	34	5.69055e-05	35146	1	FALSE	NA	NA	NA	NA	NA	NA
NC_045512.2	27988	T	A	35140	18124	50	1	0	34	2.84527e-05	35146	1	FALSE	NA	NA	NA	NA	NA	NA
NC_045512.2	27989	A	T	33552	17317	50	3	0	28	8.93655e-05	33570	1	FALSE	NA	NA	NA	NA	NA	NA
NC_045512.2	27989	A	G	33552	17317	50	2	2	68	5.9577e-05	33570	0.249885	FALSE	NA	NA	NA	NA	NA	NA
NC_045512.2	27989	A	C	33552	17317	50	13	2	30	0.000387251	33570	0.999181	FALSE	NA	NA	NA	NA	NA	NA
NC_045512.2	27990	G	T	34246	17250	50	3	2	31	8.75912e-05	34250	1	FALSE	NA	NA	NA	NA	NA	NA
NC_045512.2	27990	G	C	34246	17250	50	1	1	34	2.91971e-05	34250	1	FALSE	NA	NA	NA	NA	NA	NA
NC_045512.2	27991	T	G	31651	14219	45	35	34	26	0.00110445	31690	1	FALSE	NA	NA	NA	NA	NA	NA
NC_045512.2	27991	T	C	31651	14219	45	3	3	39	9.46671e-05	31690	1	FALSE	NA	NA	NA	NA	NA	NA
NC_045512.2	27991	T	A	31651	14219	45	1	0	26	3.15557e-05	31690	1	FALSE	NA	NA	NA	NA	NA	NA
NC_045512.2	27992	T	A	33989	17160	51	2	2	26	5.88391e-05	33991	1	FALSE	NA	NA	NA	NA	NA	NA
NC_045512.2	27993	G	T	33895	17282	51	3	3	28	8.84904e-05	33902	1	FALSE	NA	NA	NA	NA	NA	NA
NC_045512.2	27993	G	C	33895	17282	51	1	0	27	2.94968e-05	33902	1	FALSE	NA	NA	NA	NA	NA	NA
NC_045512.2	27993	G	A	33895	17282	51	3	0	30	8.84904e-05	33902	1	FALSE	NA	NA	NA	NA	NA	NA
NC_045512.2	27994	A	G	33621	17141	51	1	1	68	2.97407e-05	33624	0.499993	FALSE	NA	NA	NA	NA	NA	NA
NC_045512.2	27994	A	C	33621	17141	51	2	0	30	5.94813e-05	33624	1	FALSE	NA	NA	NA	NA	NA	NA
NC_045512.2	27995	T	G	33872	17176	52	3	1	26	8.85426e-05	33882	1	FALSE	NA	NA	NA	NA	NA	NA
NC_045512.2	27995	T	C	33872	17176	52	6	5	41	0.000177085	33882	0.253848	FALSE	NA	NA	NA	NA	NA	NA
NC_045512.2	27995	T	A	33872	17176	52	1	0	60	2.95142e-05	33882	0.499941	FALSE	NA	NA	NA	NA	NA	NA
NC_045512.2	27996	G	T	33446	17002	51	3	2	22	8.96807e-05	33452	1	FALSE	NA	NA	NA	NA	NA	NA
NC_045512.2	27996	G	C	33446	17002	51	2	1	26	5.97872e-05	33452	1	FALSE	NA	NA	NA	NA	NA	NA
NC_045512.2	27996	G	A	33446	17002	51	1	0	68	2.98936e-05	33452	0.49997	FALSE	NA	NA	NA	NA	NA	NA
NC_045512.2	27997	A	T	33569	17224	51	3	2	29	8.93522e-05	33575	1	FALSE	NA	NA	NA	NA	NA	NA
NC_045512.2	27997	A	G	33569	17224	51	3	1	42	8.93522e-05	33575	0.656229	FALSE	NA	NA	NA	NA	NA	NA
NC_045512.2	27998	C	T	34964	18226	50	3	3	42	8.57903e-05	34969	0.656243	FALSE	NA	NA	NA	NA	NA	NA
NC_045512.2	27998	C	A	34964	18226	50	2	1	27	5.71935e-05	34969	1	FALSE	NA	NA	NA	NA	NA	NA
NC_045512.2	27999	C	T	34569	18085	50	3	2	54	8.67604e-05	34578	0.124967	FALSE	NA	NA	NA	NA	NA	NA
NC_045512.2	27999	C	G	34569	18085	50	2	2	27	5.78402e-05	34578	1	FALSE	NA	NA	NA	NA	NA	NA
NC_045512.2	27999	C	A	34569	18085	50	4	0	28	0.00011568	34578	1	FALSE	NA	NA	NA	NA	NA	NA
NC_045512.2	28000	C	T	34035	17774	50	1	1	34	2.93738e-05	34044	1	FALSE	NA	NA	NA	NA	NA	NA
NC_045512.2	28000	C	G	34035	17774	50	4	1	26	0.000117495	34044	1	FALSE	NA	NA	NA	NA	NA	NA
NC_045512.2	28000	C	A	34035	17774	50	4	1	51	0.000117495	34044	0.0624798	FALSE	NA	NA	NA	NA	NA	NA
NC_045512.2	28001	G	T	34507	17799	50	2	1	30	5.79408e-05	34518	1	FALSE	NA	NA	NA	NA	NA	NA
NC_045512.2	28001	G	C	34507	17799	50	3	1	26	8.69112e-05	34518	1	FALSE	NA	NA	NA	NA	NA	NA
NC_045512.2	28001	G	A	34507	17799	50	6	4	39	0.000173822	34518	0.999999	FALSE	NA	NA	NA	NA	NA	NA
NC_045512.2	28003	G	T	35788	18010	50	1	1	68	2.79392e-05	35792	0.499986	FALSE	NA	NA	NA	NA	NA	NA
NC_045512.2	28003	G	C	35788	18010	50	3	2	24	8.38176e-05	35792	1	FALSE	NA	NA	NA	NA	NA	NA
NC_045512.2	28004	T	C	36035	18277	51	2	2	30	5.5497e-05	36038	1	FALSE	NA	NA	NA	NA	NA	NA
NC_045512.2	28004	T	A	36035	18277	51	1	0	34	2.77485e-05	36038	1	FALSE	NA	NA	NA	NA	NA	NA
NC_045512.2	28005	C	T	35655	18162	49	1	1	68	2.80371e-05	35667	0.49993	FALSE	NA	NA	NA	NA	NA	NA
NC_045512.2	28005	C	G	35655	18162	49	8	5	27	0.000224297	35667	1	FALSE	NA	NA	NA	NA	NA	NA
NC_045512.2	28005	C	A	35655	18162	49	3	2	28	8.41114e-05	35667	1	FALSE	NA	NA	NA	NA	NA	NA
NC_045512.2	28005	C	+AG	35655	18162	49	1	0	20	2.80371e-05	35667	1	FALSE	NA	NA	NA	NA	NA	NA
NC_045512.2	28006	C	T	35968	18524	50	3	1	43	8.3375e-05	35982	0.656126	FALSE	NA	NA	NA	NA	NA	NA
NC_045512.2	28006	C	G	35968	18524	50	7	0	25	0.000194542	35982	1	FALSE	NA	NA	NA	NA	NA	NA
NC_045512.2	28006	C	A	35968	18524	50	4	2	34	0.000111167	35982	1	FALSE	NA	NA	NA	NA	NA	NA
NC_045512.2	28007	T	C	34724	17212	50	2	1	34	5.75871e-05	34730	1	FALSE	NA	NA	NA	NA	NA	NA
NC_045512.2	28007	T	A	34724	17212	50	4	1	26	0.000115174	34730	1	FALSE	NA	NA	NA	NA	NA	NA
NC_045512.2	28008	A	T	35462	17526	50	5	0	25	0.00014096	35471	1	FALSE	NA	NA	NA	NA	NA	NA
NC_045512.2	28008	A	G	35462	17526	50	3	1	68	8.45761e-05	35471	0.124968	FALSE	NA	NA	NA	NA	NA	NA
NC_045512.2	28008	A	C	35462	17526	50	1	0	26	2.8192e-05	35471	1	FALSE	NA	NA	NA	NA	NA	NA
NC_045512.2	28008	A	-T	35462	17526	50	1	0	20	2.8192e-05	35471	1	FALSE	NA	NA	NA	NA	NA	NA
NC_045512.2	28009	T	G	35379	17194	50	2	2	27	5.65211e-05	35385	1	FALSE	NA	NA	NA	NA	NA	NA
NC_045512.2	28009	T	C	35379	17194	50	3	2	54	8.47817e-05	35385	0.124979	FALSE	NA	NA	NA	NA	NA	NA
NC_045512.2	28009	T	A	35379	17194	50	1	0	34	2.82606e-05	35385	1	FALSE	NA	NA	NA	NA	NA	NA
NC_045512.2	28010	T	G	35500	17440	51	2	0	34	5.63333e-05	35503	1	FALSE	NA	NA	NA	NA	NA	NA
NC_045512.2	28010	T	C	35500	17440	51	1	0	34	2.81666e-05	35503	1	FALSE	NA	NA	NA	NA	NA	NA
NC_045512.2	28011	C	G	35099	17383	50	3	2	27	8.54506e-05	35108	1	FALSE	NA	NA	NA	NA	NA	NA
NC_045512.2	28011	C	A	35099	17383	50	6	0	27	0.000170901	35108	1	FALSE	NA	NA	NA	NA	NA	NA
NC_045512.2	28012	A	T	33326	16445	49	2	1	26	5.99808e-05	33344	1	FALSE	NA	NA	NA	NA	NA	NA
NC_045512.2	28012	A	G	33326	16445	49	3	2	45	8.99712e-05	33344	0.65606	FALSE	NA	NA	NA	NA	NA	NA
NC_045512.2	28012	A	C	33326	16445	49	13	0	27	0.000389875	33344	1	FALSE	NA	NA	NA	NA	NA	NA
NC_045512.2	28013	C	T	35322	16635	50	1	1	68	2.8307e-05	35327	0.499979	FALSE	NA	NA	NA	NA	NA	NA
NC_045512.2	28013	C	G	35322	16635	50	2	0	47	5.66139e-05	35327	0.812491	FALSE	NA	NA	NA	NA	NA	NA
NC_045512.2	28013	C	A	35322	16635	50	2	1	47	5.66139e-05	35327	0.812491	FALSE	NA	NA	NA	NA	NA	NA
NC_045512.2	28014	T	G	35363	16619	50	1	0	27	2.82741e-05	35368	1	FALSE	NA	NA	NA	NA	NA	NA
NC_045512.2	28014	T	C	35363	16619	50	1	1	34	2.82741e-05	35368	1	FALSE	NA	NA	NA	NA	NA	NA
NC_045512.2	28014	T	A	35363	16619	50	3	2	40	8.48224e-05	35368	0.656243	FALSE	NA	NA	NA	NA	NA	NA
NC_045512.2	28015	T	C	35258	16649	50	1	0	34	2.83583e-05	35263	1	FALSE	NA	NA	NA	NA	NA	NA
NC_045512.2	28015	T	A	35258	16649	50	4	1	28	0.000113433	35263	1	FALSE	NA	NA	NA	NA	NA	NA
NC_045512.2	28016	C	G	34870	16553	50	2	0	23	5.73493e-05	34874	1	FALSE	NA	NA	NA	NA	NA	NA
NC_045512.2	28016	C	A	34870	16553	50	2	0	23	5.73493e-05	34874	1	FALSE	NA	NA	NA	NA	NA	NA
NC_045512.2	28017	T	C	34441	15971	50	2	0	34	5.80585e-05	34448	1	FALSE	NA	NA	NA	NA	NA	NA
NC_045512.2	28017	T	A	34441	15971	50	5	4	27	0.000145146	34448	1	FALSE	NA	NA	NA	NA	NA	NA
NC_045512.2	28018	A	T	35291	16238	50	1	1	26	2.83318e-05	35296	1	FALSE	NA	NA	NA	NA	NA	NA
NC_045512.2	28018	A	G	35291	16238	50	1	0	46	2.83318e-05	35296	0.937495	FALSE	NA	NA	NA	NA	NA	NA
NC_045512.2	28018	A	C	35291	16238	50	3	1	26	8.49955e-05	35296	1	FALSE	NA	NA	NA	NA	NA	NA
NC_045512.2	28019	T	G	35308	16179	50	1	0	46	2.83198e-05	35311	0.937502	FALSE	NA	NA	NA	NA	NA	NA
NC_045512.2	28019	T	C	35308	16179	50	1	1	26	2.83198e-05	35311	1	FALSE	NA	NA	NA	NA	NA	NA
NC_045512.2	28019	T	A	35308	16179	50	1	0	26	2.83198e-05	35311	1	FALSE	NA	NA	NA	NA	NA	NA
NC_045512.2	28020	T	G	35431	16369	50	1	0	27	2.82159e-05	35441	1	FALSE	NA	NA	NA	NA	NA	NA
NC_045512.2	28020	T	C	35431	16369	50	7	6	28	0.000197511	35441	1	FALSE	NA	NA	NA	NA	NA	NA
NC_045512.2	28020	T	A	35431	16369	50	2	1	32	5.64318e-05	35441	1	FALSE	NA	NA	NA	NA	NA	NA
NC_045512.2	28021	C	T	35104	16318	49	1	1	24	2.84779e-05	35115	1	FALSE	NA	NA	NA	NA	NA	NA
NC_045512.2	28021	C	G	35104	16318	49	1	0	26	2.84779e-05	35115	1	FALSE	NA	NA	NA	NA	NA	NA
NC_045512.2	28021	C	A	35104	16318	49	9	1	26	0.000256301	35115	1	FALSE	NA	NA	NA	NA	NA	NA
NC_045512.2	28022	T	G	34109	15065	50	8	7	26	0.000234473	34119	1	FALSE	NA	NA	NA	NA	NA	NA
NC_045512.2	28022	T	C	34109	15065	50	2	2	51	5.86184e-05	34119	0.249945	FALSE	NA	NA	NA	NA	NA	NA
NC_045512.2	28022	T	-A	34109	15065	50	1	0	20	2.93092e-05	34119	1	FALSE	NA	NA	NA	NA	NA	NA
NC_045512.2	28023	A	T	34675	15547	50	2	1	26	5.76718e-05	34679	1	FALSE	NA	NA	NA	NA	NA	NA
NC_045512.2	28023	A	G	34675	15547	50	1	1	46	2.88359e-05	34679	0.937495	FALSE	NA	NA	NA	NA	NA	NA
NC_045512.2	28023	A	C	34675	15547	50	1	0	27	2.88359e-05	34679	1	FALSE	NA	NA	NA	NA	NA	NA
NC_045512.2	28024	A	G	33139	15409	49	1	0	24	3.01714e-05	33144	1	FALSE	NA	NA	NA	NA	NA	NA
NC_045512.2	28024	A	C	33139	15409	49	4	0	24	0.000120685	33144	1	FALSE	NA	NA	NA	NA	NA	NA
NC_045512.2	28025	A	T	33244	15333	49	1	1	20	3.0068e-05	33258	1	FALSE	NA	NA	NA	NA	NA	NA
NC_045512.2	28025	A	G	33244	15333	49	1	0	46	3.0068e-05	33258	0.937461	FALSE	NA	NA	NA	NA	NA	NA
NC_045512.2	28025	A	C	33244	15333	49	12	4	27	0.000360815	33258	1	FALSE	NA	NA	NA	NA	NA	NA
NC_045512.2	28026	T	C	34799	15715	50	2	1	68	5.74696e-05	34801	0.250004	FALSE	NA	NA	NA	NA	NA	NA
NC_045512.2	28027	G	T	33880	15050	49	2	2	27	5.90232e-05	33885	1	FALSE	NA	NA	NA	NA	NA	NA
NC_045512.2	28027	G	C	33880	15050	49	3	1	29	8.85347e-05	33885	1	FALSE	NA	NA	NA	NA	NA	NA
NC_045512.2	28028	G	C	36656	15624	49	1	0	26	2.72792e-05	36658	1	FALSE	NA	NA	NA	NA	NA	NA
NC_045512.2	28028	G	A	36656	15624	49	1	0	34	2.72792e-05	36658	1	FALSE	NA	NA	NA	NA	NA	NA
NC_045512.2	28029	T	C	36415	16007	50	1	0	34	2.74589e-05	36418	1	FALSE	NA	NA	NA	NA	NA	NA
NC_045512.2	28029	T	A	36415	16007	50	2	1	30	5.49179e-05	36418	1	FALSE	NA	NA	NA	NA	NA	NA
NC_045512.2	28030	A	T	37635	16306	50	2	0	34	5.31364e-05	37639	1	FALSE	NA	NA	NA	NA	NA	NA
NC_045512.2	28030	A	G	37635	16306	50	1	1	60	2.65682e-05	37639	0.499987	FALSE	NA	NA	NA	NA	NA	NA
NC_045512.2	28030	A	C	37635	16306	50	1	0	27	2.65682e-05	37639	1	FALSE	NA	NA	NA	NA	NA	NA
NC_045512.2	28031	T	C	37515	15662	49	1	1	68	2.66532e-05	37519	0.499987	FALSE	NA	NA	NA	NA	NA	NA
NC_045512.2	28031	T	A	37515	15662	49	3	3	24	7.99595e-05	37519	1	FALSE	NA	NA	NA	NA	NA	NA
NC_045512.2	28032	A	T	37705	16570	50	4	2	27	0.000106073	37710	1	FALSE	NA	NA	NA	NA	NA	NA
NC_045512.2	28032	A	C	37705	16570	50	1	0	34	2.65182e-05	37710	1	FALSE	NA	NA	NA	NA	NA	NA
NC_045512.2	28032	A	-T	37705	16570	50	1	0	20	2.65182e-05	37710	1	FALSE	NA	NA	NA	NA	NA	NA
NC_045512.2	28033	T	G	37114	16076	49	8	5	25	0.000215494	37124	1	FALSE	NA	NA	NA	NA	NA	NA
NC_045512.2	28033	T	A	37114	16076	49	2	1	25	5.38735e-05	37124	1	FALSE	NA	NA	NA	NA	NA	NA
NC_045512.2	28034	T	G	37734	16845	49	1	1	27	2.64985e-05	37738	1	FALSE	NA	NA	NA	NA	NA	NA
NC_045512.2	28034	T	C	37734	16845	49	3	2	51	7.94955e-05	37738	0.124995	FALSE	NA	NA	NA	NA	NA	NA
NC_045512.2	28035	A	T	37040	16837	49	11	0	27	0.000296864	37054	1	FALSE	NA	NA	NA	NA	NA	NA
NC_045512.2	28035	A	G	37040	16837	49	2	1	51	5.39753e-05	37054	0.249922	FALSE	NA	NA	NA	NA	NA	NA
NC_045512.2	28035	A	C	37040	16837	49	1	1	27	2.69876e-05	37054	1	FALSE	NA	NA	NA	NA	NA	NA
NC_045512.2	28036	G	A	38402	16782	49	1	0	34	2.60396e-05	38403	1	FALSE	NA	NA	NA	NA	NA	NA
NC_045512.2	28037	A	T	36517	15206	50	2	1	36	5.4766e-05	36519	1	FALSE	NA	NA	NA	NA	NA	NA
NC_045512.2	28038	G	T	36402	15067	50	3	2	40	8.24063e-05	36405	0.656269	FALSE	NA	NA	NA	NA	NA	NA
NC_045512.2	28039	T	G	35423	14490	49	6	6	27	0.000169338	35432	1	FALSE	NA	NA	NA	NA	NA	NA
NC_045512.2	28039	T	A	35423	14490	49	3	0	29	8.46692e-05	35432	1	FALSE	NA	NA	NA	NA	NA	NA
NC_045512.2	28039	T	-A	35423	14490	49	1	0	20	2.82231e-05	35432	1	FALSE	NA	NA	NA	NA	NA	NA
NC_045512.2	28040	A	G	35831	14546	51	4	2	38	0.00011162	35836	1	FALSE	NA	NA	NA	NA	NA	NA
NC_045512.2	28040	A	C	35831	14546	51	1	1	26	2.79049e-05	35836	1	FALSE	NA	NA	NA	NA	NA	NA
NC_045512.2	28041	G	T	35456	14253	50	20	18	29	0.000563714	35479	1	FALSE	NA	NA	NA	NA	NA	NA
NC_045512.2	28041	G	C	35456	14253	50	3	3	26	8.45571e-05	35479	1	FALSE	NA	NA	NA	NA	NA	NA
NC_045512.2	28042	G	T	35863	16462	53	1	0	60	2.78784e-05	35870	0.499965	FALSE	NA	NA	NA	NA	NA	NA
NC_045512.2	28042	G	C	35863	16462	53	4	3	27	0.000111514	35870	1	FALSE	NA	NA	NA	NA	NA	NA
NC_045512.2	28042	G	A	35863	16462	53	2	2	68	5.57569e-05	35870	0.249969	FALSE	NA	NA	NA	NA	NA	NA
NC_045512.2	28043	A	T	36063	16753	53	3	2	47	8.31785e-05	36067	0.656256	FALSE	NA	NA	NA	NA	NA	NA
NC_045512.2	28043	A	C	36063	16753	53	1	1	27	2.77262e-05	36067	1	FALSE	NA	NA	NA	NA	NA	NA
NC_045512.2	28044	G	T	35863	16281	52	6	6	26	0.000167271	35870	1	FALSE	NA	NA	NA	NA	NA	NA
NC_045512.2	28044	G	C	35863	16281	52	1	0	27	2.78784e-05	35870	1	FALSE	NA	NA	NA	NA	NA	NA
NC_045512.2	28045	C	G	35233	16178	54	3	2	27	8.51354e-05	35238	1	FALSE	NA	NA	NA	NA	NA	NA
NC_045512.2	28045	C	A	35233	16178	54	2	1	29	5.67569e-05	35238	1	FALSE	NA	NA	NA	NA	NA	NA
NC_045512.2	28046	T	G	35446	16331	54	5	3	28	0.00014104	35451	1	FALSE	NA	NA	NA	NA	NA	NA
NC_045512.2	28047	A	T	35445	16520	54	2	0	51	5.64127e-05	35453	0.249961	FALSE	NA	NA	NA	NA	NA	NA
NC_045512.2	28047	A	G	35445	16520	54	3	0	40	8.46191e-05	35453	0.656204	FALSE	NA	NA	NA	NA	NA	NA
NC_045512.2	28047	A	C	35445	16520	54	3	0	26	8.46191e-05	35453	1	FALSE	NA	NA	NA	NA	NA	NA
NC_045512.2	28048	G	T	35030	15909	53	6	5	34	0.000171248	35037	1	FALSE	NA	NA	NA	NA	NA	NA
NC_045512.2	28048	G	C	35030	15909	53	1	1	27	2.85413e-05	35037	1	FALSE	NA	NA	NA	NA	NA	NA
NC_045512.2	28049	A	T	34741	16571	52	2	1	34	5.75639e-05	34744	1	FALSE	NA	NA	NA	NA	NA	NA
NC_045512.2	28049	A	G	34741	16571	52	1	0	27	2.87819e-05	34744	1	FALSE	NA	NA	NA	NA	NA	NA
NC_045512.2	28050	A	T	35569	16579	55	1	1	34	2.81057e-05	35580	1	FALSE	NA	NA	NA	NA	NA	NA
NC_045512.2	28050	A	G	35569	16579	55	6	2	47	0.000168634	35580	0.253837	FALSE	NA	NA	NA	NA	NA	NA
NC_045512.2	28050	A	C	35569	16579	55	4	4	37	0.000112423	35580	1	FALSE	NA	NA	NA	NA	NA	NA
NC_045512.2	28051	A	T	35707	16707	55	3	3	29	8.40077e-05	35711	1	FALSE	NA	NA	NA	NA	NA	NA
NC_045512.2	28051	A	G	35707	16707	55	1	1	27	2.80026e-05	35711	1	FALSE	NA	NA	NA	NA	NA	NA
NC_045512.2	28052	A	C	35680	16787	54	1	1	27	2.80261e-05	35681	1	FALSE	NA	NA	NA	NA	NA	NA
NC_045512.2	28053	T	G	35709	16802	55	2	2	23	5.6002e-05	35713	1	FALSE	NA	NA	NA	NA	NA	NA
NC_045512.2	28053	T	A	35709	16802	55	2	0	26	5.6002e-05	35713	1	FALSE	NA	NA	NA	NA	NA	NA
NC_045512.2	28054	C	T	35499	16712	54	2	1	68	5.63237e-05	35509	0.249947	FALSE	NA	NA	NA	NA	NA	NA
NC_045512.2	28054	C	G	35499	16712	54	6	3	29	0.000168971	35509	1	FALSE	NA	NA	NA	NA	NA	NA
NC_045512.2	28054	C	A	35499	16712	54	2	0	26	5.63237e-05	35509	1	FALSE	NA	NA	NA	NA	NA	NA
NC_045512.2	28055	A	T	35481	16681	54	5	1	26	0.000140881	35491	1	FALSE	NA	NA	NA	NA	NA	NA
NC_045512.2	28055	A	G	35481	16681	54	4	3	52	0.000112705	35491	0.0624771	FALSE	NA	NA	NA	NA	NA	NA
NC_045512.2	28055	A	C	35481	16681	54	1	1	27	2.81762e-05	35491	1	FALSE	NA	NA	NA	NA	NA	NA
NC_045512.2	28056	G	T	35221	16253	53	4	4	26	0.00011353	35233	1	FALSE	NA	NA	NA	NA	NA	NA
NC_045512.2	28056	G	C	35221	16253	53	7	5	32	0.000198677	35233	0.999999	FALSE	NA	NA	NA	NA	NA	NA
NC_045512.2	28056	G	A	35221	16253	53	1	1	60	2.83825e-05	35233	0.499929	FALSE	NA	NA	NA	NA	NA	NA
NC_045512.2	28057	C	T	35201	16813	54	2	1	68	5.67988e-05	35212	0.24994	FALSE	NA	NA	NA	NA	NA	NA
NC_045512.2	28057	C	G	35201	16813	54	2	2	26	5.67988e-05	35212	1	FALSE	NA	NA	NA	NA	NA	NA
NC_045512.2	28057	C	A	35201	16813	54	7	2	29	0.000198796	35212	1	FALSE	NA	NA	NA	NA	NA	NA
NC_045512.2	28058	A	T	35590	16755	54	3	1	28	8.42815e-05	35595	1	FALSE	NA	NA	NA	NA	NA	NA
NC_045512.2	28058	A	G	35590	16755	54	1	1	46	2.80938e-05	35595	0.937495	FALSE	NA	NA	NA	NA	NA	NA
NC_045512.2	28058	A	C	35590	16755	54	1	0	24	2.80938e-05	35595	1	FALSE	NA	NA	NA	NA	NA	NA
NC_045512.2	28059	C	G	36252	16736	54	2	1	27	5.51602e-05	36258	1	FALSE	NA	NA	NA	NA	NA	NA
NC_045512.2	28059	C	A	36252	16736	54	4	0	25	0.00011032	36258	1	FALSE	NA	NA	NA	NA	NA	NA
NC_045512.2	28060	C	G	36211	16975	54	1	1	34	2.76129e-05	36215	1	FALSE	NA	NA	NA	NA	NA	NA
NC_045512.2	28060	C	A	36211	16975	54	3	1	25	8.28386e-05	36215	1	FALSE	NA	NA	NA	NA	NA	NA
NC_045512.2	28061	T	G	35970	16482	53	9	8	31	0.000250104	35985	0.999987	FALSE	NA	NA	NA	NA	NA	NA
NC_045512.2	28061	T	C	35970	16482	53	4	3	53	0.000111157	35985	0.0624601	FALSE	NA	NA	NA	NA	NA	NA
NC_045512.2	28061	T	A	35970	16482	53	2	1	30	5.55787e-05	35985	1	FALSE	NA	NA	NA	NA	NA	NA
NC_045512.2	28062	T	G	35594	16344	52	7	6	26	0.000196618	35602	1	FALSE	NA	NA	NA	NA	NA	NA
NC_045512.2	28062	T	C	35594	16344	52	1	0	68	2.80883e-05	35602	0.499958	FALSE	NA	NA	NA	NA	NA	NA
NC_045512.2	28063	T	G	36709	17008	54	1	1	27	2.7239e-05	36712	1	FALSE	NA	NA	NA	NA	NA	NA
NC_045512.2	28063	T	C	36709	17008	54	1	1	24	2.7239e-05	36712	1	FALSE	NA	NA	NA	NA	NA	NA
NC_045512.2	28063	T	A	36709	17008	54	1	1	34	2.7239e-05	36712	1	FALSE	NA	NA	NA	NA	NA	NA
NC_045512.2	28064	A	T	36622	17043	54	2	1	29	5.46045e-05	36627	1	FALSE	NA	NA	NA	NA	NA	NA
NC_045512.2	28064	A	G	36622	17043	54	2	0	30	5.46045e-05	36627	1	FALSE	NA	NA	NA	NA	NA	NA
NC_045512.2	28064	A	C	36622	17043	54	1	0	34	2.73023e-05	36627	1	FALSE	NA	NA	NA	NA	NA	NA
NC_045512.2	28065	A	T	35889	17448	51	2	2	23	5.56886e-05	35914	1	FALSE	NA	NA	NA	NA	NA	NA
NC_045512.2	28065	A	G	35889	17448	51	1	0	34	2.78443e-05	35914	1	FALSE	NA	NA	NA	NA	NA	NA
NC_045512.2	28065	A	C	35889	17448	51	22	0	27	0.000612574	35914	1	FALSE	NA	NA	NA	NA	NA	NA
NC_045512.2	28066	T	G	37180	17062	53	4	4	28	0.000107567	37186	1	FALSE	NA	NA	NA	NA	NA	NA
NC_045512.2	28066	T	A	37180	17062	53	2	1	26	5.37837e-05	37186	1	FALSE	NA	NA	NA	NA	NA	NA
NC_045512.2	28067	T	G	35120	15076	49	19	18	27	0.000540602	35146	1	FALSE	NA	NA	NA	NA	NA	NA
NC_045512.2	28067	T	C	35120	15076	49	5	2	32	0.000142264	35146	1	FALSE	NA	NA	NA	NA	NA	NA
NC_045512.2	28067	T	A	35120	15076	49	2	0	30	5.69055e-05	35146	1	FALSE	NA	NA	NA	NA	NA	NA
NC_045512.2	28067	T	-G	35120	15076	49	1	0	20	2.84527e-05	35146	1	FALSE	NA	NA	NA	NA	NA	NA
NC_045512.2	28068	G	T	36678	16844	54	1	1	34	2.72561e-05	36689	1	FALSE	NA	NA	NA	NA	NA	NA
NC_045512.2	28068	G	C	36678	16844	54	6	3	25	0.000163537	36689	1	FALSE	NA	NA	NA	NA	NA	NA
NC_045512.2	28068	G	A	36678	16844	54	4	2	59	0.000109025	36689	0.062471	FALSE	NA	NA	NA	NA	NA	NA
NC_045512.2	28069	A	T	35924	16868	53	3	3	26	8.34771e-05	35938	1	FALSE	NA	NA	NA	NA	NA	NA
NC_045512.2	28069	A	G	35924	16868	53	5	1	42	0.000139128	35938	0.363152	FALSE	NA	NA	NA	NA	NA	NA
NC_045512.2	28069	A	C	35924	16868	53	6	0	27	0.000166954	35938	1	FALSE	NA	NA	NA	NA	NA	NA
NC_045512.2	28070	A	T	35975	16907	53	3	0	26	8.33611e-05	35988	1	FALSE	NA	NA	NA	NA	NA	NA
NC_045512.2	28070	A	C	35975	16907	53	10	1	26	0.00027787	35988	1	FALSE	NA	NA	NA	NA	NA	NA
NC_045512.2	28071	T	G	36423	17092	54	1	1	34	2.74492e-05	36431	1	FALSE	NA	NA	NA	NA	NA	NA
NC_045512.2	28071	T	C	36423	17092	54	3	3	33	8.23475e-05	36431	1	FALSE	NA	NA	NA	NA	NA	NA
NC_045512.2	28071	T	A	36423	17092	54	4	2	23	0.000109797	36431	1	FALSE	NA	NA	NA	NA	NA	NA
NC_045512.2	28072	T	G	36257	17124	54	2	2	27	5.51496e-05	36265	1	FALSE	NA	NA	NA	NA	NA	NA
NC_045512.2	28072	T	C	36257	17124	54	3	1	40	8.27244e-05	36265	0.656205	FALSE	NA	NA	NA	NA	NA	NA
NC_045512.2	28072	T	A	36257	17124	54	3	1	26	8.27244e-05	36265	1	FALSE	NA	NA	NA	NA	NA	NA
NC_045512.2	28073	G	T	37310	17548	54	1	1	68	2.68003e-05	37313	0.499993	FALSE	NA	NA	NA	NA	NA	NA
NC_045512.2	28073	G	C	37310	17548	54	1	0	27	2.68003e-05	37313	1	FALSE	NA	NA	NA	NA	NA	NA
NC_045512.2	28073	G	A	37310	17548	54	1	0	34	2.68003e-05	37313	1	FALSE	NA	NA	NA	NA	NA	NA
NC_045512.2	28074	T	G	36331	16638	52	9	9	29	0.000247654	36341	1	FALSE	NA	NA	NA	NA	NA	NA
NC_045512.2	28074	T	A	36331	16638	52	1	0	34	2.75171e-05	36341	1	FALSE	NA	NA	NA	NA	NA	NA
NC_045512.2	28076	C	T	36604	17465	53	4	1	57	0.000109233	36619	0.0624607	FALSE	NA	NA	NA	NA	NA	NA
NC_045512.2	28076	C	G	36604	17465	53	7	5	25	0.000191158	36619	1	FALSE	NA	NA	NA	NA	NA	NA
NC_045512.2	28076	C	A	36604	17465	53	4	0	23	0.000109233	36619	1	FALSE	NA	NA	NA	NA	NA	NA
NC_045512.2	28077	G	T	36920	17444	54	3	2	31	8.12414e-05	36927	1	FALSE	NA	NA	NA	NA	NA	NA
NC_045512.2	28077	G	C	36920	17444	54	2	0	23	5.41609e-05	36927	1	FALSE	NA	NA	NA	NA	NA	NA
NC_045512.2	28077	G	A	36920	17444	54	2	1	51	5.41609e-05	36927	0.24997	FALSE	NA	NA	NA	NA	NA	NA
NC_045512.2	28078	T	G	36171	16747	51	3	2	27	8.29233e-05	36178	1	FALSE	NA	NA	NA	NA	NA	NA
NC_045512.2	28078	T	C	36171	16747	51	2	0	46	5.52822e-05	36178	0.812474	FALSE	NA	NA	NA	NA	NA	NA
NC_045512.2	28078	T	A	36171	16747	51	2	0	23	5.52822e-05	36178	1	FALSE	NA	NA	NA	NA	NA	NA
NC_045512.2	28079	G	T	36733	17381	53	5	5	29	0.00013608	36743	1	FALSE	NA	NA	NA	NA	NA	NA
NC_045512.2	28079	G	C	36733	17381	53	1	0	27	2.72161e-05	36743	1	FALSE	NA	NA	NA	NA	NA	NA
NC_045512.2	28079	G	A	36733	17381	53	4	3	48	0.000108864	36743	0.499926	FALSE	NA	NA	NA	NA	NA	NA
NC_045512.2	28080	G	T	36460	17381	52	4	4	26	0.000109688	36467	1	FALSE	NA	NA	NA	NA	NA	NA
NC_045512.2	28080	G	C	36460	17381	52	2	0	34	5.48441e-05	36467	1	FALSE	NA	NA	NA	NA	NA	NA
NC_045512.2	28080	G	A	36460	17381	52	1	0	27	2.74221e-05	36467	1	FALSE	NA	NA	NA	NA	NA	NA
NC_045512.2	28081	A	T	37020	17886	54	1	1	27	2.70095e-05	37024	1	FALSE	NA	NA	NA	NA	NA	NA
NC_045512.2	28081	A	G	37020	17886	54	2	1	68	5.4019e-05	37024	0.24999	FALSE	NA	NA	NA	NA	NA	NA
NC_045512.2	28081	A	C	37020	17886	54	1	0	27	2.70095e-05	37024	1	FALSE	NA	NA	NA	NA	NA	NA
NC_045512.2	28082	T	C	35979	17273	54	2	1	51	5.55818e-05	35983	0.24999	FALSE	NA	NA	NA	NA	NA	NA
NC_045512.2	28082	T	A	35979	17273	54	2	1	30	5.55818e-05	35983	1	FALSE	NA	NA	NA	NA	NA	NA
NC_045512.2	28083	G	T	35861	17295	54	1	1	34	2.78823e-05	35865	1	FALSE	NA	NA	NA	NA	NA	NA
NC_045512.2	28083	G	C	35861	17295	54	1	0	27	2.78823e-05	35865	1	FALSE	NA	NA	NA	NA	NA	NA
NC_045512.2	28083	G	A	35861	17295	54	2	1	51	5.57647e-05	35865	0.24999	FALSE	NA	NA	NA	NA	NA	NA
NC_045512.2	28084	A	G	35602	17523	54	2	0	51	5.61735e-05	35604	0.250004	FALSE	NA	NA	NA	NA	NA	NA
NC_045512.2	28085	G	T	35748	17412	55	4	4	26	0.000111872	35755	1	FALSE	NA	NA	NA	NA	NA	NA
NC_045512.2	28085	G	C	35748	17412	55	1	1	27	2.79681e-05	35755	1	FALSE	NA	NA	NA	NA	NA	NA
NC_045512.2	28085	G	A	35748	17412	55	2	1	64	5.59362e-05	35755	0.249969	FALSE	NA	NA	NA	NA	NA	NA
NC_045512.2	28086	G	T	35422	17479	54	2	2	47	5.64493e-05	35430	0.812465	FALSE	NA	NA	NA	NA	NA	NA
NC_045512.2	28086	G	C	35422	17479	54	4	1	24	0.000112899	35430	1	FALSE	NA	NA	NA	NA	NA	NA
NC_045512.2	28086	G	A	35422	17479	54	2	0	64	5.64493e-05	35430	0.249961	FALSE	NA	NA	NA	NA	NA	NA
NC_045512.2	28087	C	T	35460	17621	54	1	1	68	2.81944e-05	35468	0.499958	FALSE	NA	NA	NA	NA	NA	NA
NC_045512.2	28087	C	G	35460	17621	54	4	2	26	0.000112778	35468	1	FALSE	NA	NA	NA	NA	NA	NA
NC_045512.2	28087	C	A	35460	17621	54	3	1	26	8.45833e-05	35468	1	FALSE	NA	NA	NA	NA	NA	NA
NC_045512.2	28088	T	G	35307	17297	54	2	2	26	5.66332e-05	35315	1	FALSE	NA	NA	NA	NA	NA	NA
NC_045512.2	28088	T	C	35307	17297	54	3	0	68	8.49497e-05	35315	0.124973	FALSE	NA	NA	NA	NA	NA	NA
NC_045512.2	28088	T	A	35307	17297	54	3	3	26	8.49497e-05	35315	1	FALSE	NA	NA	NA	NA	NA	NA
NC_045512.2	28088	T	-G	35307	17297	54	1	0	20	2.83166e-05	35315	1	FALSE	NA	NA	NA	NA	NA	NA
NC_045512.2	28089	G	T	34153	16491	54	1	1	34	2.92766e-05	34157	1	FALSE	NA	NA	NA	NA	NA	NA
NC_045512.2	28089	G	A	34153	16491	54	3	1	68	8.78297e-05	34157	0.124989	FALSE	NA	NA	NA	NA	NA	NA
NC_045512.2	28090	G	T	34184	16657	54	8	5	30	0.000233952	34195	0.999992	FALSE	NA	NA	NA	NA	NA	NA
NC_045512.2	28090	G	C	34184	16657	54	2	0	30	5.84881e-05	34195	1	FALSE	NA	NA	NA	NA	NA	NA
NC_045512.2	28090	G	A	34184	16657	54	1	0	27	2.9244e-05	34195	1	FALSE	NA	NA	NA	NA	NA	NA
NC_045512.2	28090	G	-T	34184	16657	54	1	0	20	2.9244e-05	34195	1	FALSE	NA	NA	NA	NA	NA	NA
NC_045512.2	28091	T	G	34292	16734	54	2	2	30	5.83158e-05	34296	1	FALSE	NA	NA	NA	NA	NA	NA
NC_045512.2	28091	T	C	34292	16734	54	1	0	68	2.91579e-05	34296	0.499978	FALSE	NA	NA	NA	NA	NA	NA
NC_045512.2	28091	T	A	34292	16734	54	1	0	26	2.91579e-05	34296	1	FALSE	NA	NA	NA	NA	NA	NA
NC_045512.2	28092	T	G	34244	16753	53	1	0	34	2.91996e-05	34247	1	FALSE	NA	NA	NA	NA	NA	NA
NC_045512.2	28092	T	C	34244	16753	53	1	0	34	2.91996e-05	34247	1	FALSE	NA	NA	NA	NA	NA	NA
NC_045512.2	28092	T	A	34244	16753	53	1	0	34	2.91996e-05	34247	1	FALSE	NA	NA	NA	NA	NA	NA
NC_045512.2	28093	C	G	34274	16833	55	1	1	26	2.91749e-05	34276	1	FALSE	NA	NA	NA	NA	NA	NA
NC_045512.2	28093	C	A	34274	16833	55	1	1	26	2.91749e-05	34276	1	FALSE	NA	NA	NA	NA	NA	NA
NC_045512.2	28094	T	G	33946	16560	55	2	1	27	5.89084e-05	33951	1	FALSE	NA	NA	NA	NA	NA	NA
NC_045512.2	28094	T	C	33946	16560	55	2	2	30	5.89084e-05	33951	1	FALSE	NA	NA	NA	NA	NA	NA
NC_045512.2	28094	T	A	33946	16560	55	1	1	68	2.94542e-05	33951	0.499978	FALSE	NA	NA	NA	NA	NA	NA
NC_045512.2	28095	A	T	33849	16544	55	2	0	27	5.90737e-05	33856	1	FALSE	NA	NA	NA	NA	NA	NA
NC_045512.2	28095	A	G	33849	16544	55	3	0	40	8.86106e-05	33856	0.656215	FALSE	NA	NA	NA	NA	NA	NA
NC_045512.2	28095	A	C	33849	16544	55	2	0	30	5.90737e-05	33856	1	FALSE	NA	NA	NA	NA	NA	NA
NC_045512.2	28096	A	G	33358	16660	53	1	0	34	2.99688e-05	33368	1	FALSE	NA	NA	NA	NA	NA	NA
NC_045512.2	28096	A	C	33358	16660	53	9	0	27	0.000269719	33368	1	FALSE	NA	NA	NA	NA	NA	NA
NC_045512.2	28097	A	T	33549	16496	54	3	2	25	8.94055e-05	33555	1	FALSE	NA	NA	NA	NA	NA	NA
NC_045512.2	28097	A	G	33549	16496	54	1	1	68	2.98018e-05	33555	0.49997	FALSE	NA	NA	NA	NA	NA	NA
NC_045512.2	28097	A	C	33549	16496	54	2	0	34	5.96036e-05	33555	1	FALSE	NA	NA	NA	NA	NA	NA
NC_045512.2	28098	T	C	33425	16387	55	1	1	24	2.9915e-05	33428	1	FALSE	NA	NA	NA	NA	NA	NA
NC_045512.2	28098	T	A	33425	16387	55	2	1	47	5.98301e-05	33428	0.812509	FALSE	NA	NA	NA	NA	NA	NA
NC_045512.2	28099	C	T	31869	15505	54	3	3	43	9.41029e-05	31880	0.656154	FALSE	NA	NA	NA	NA	NA	NA
NC_045512.2	28099	C	G	31869	15505	54	6	6	28	0.000188206	31880	1	FALSE	NA	NA	NA	NA	NA	NA
NC_045512.2	28099	C	A	31869	15505	54	2	1	30	6.27353e-05	31880	1	FALSE	NA	NA	NA	NA	NA	NA
NC_045512.2	28100	A	T	31872	15929	55	3	2	28	9.41147e-05	31876	1	FALSE	NA	NA	NA	NA	NA	NA
NC_045512.2	28100	A	G	31872	15929	55	1	0	26	3.13716e-05	31876	1	FALSE	NA	NA	NA	NA	NA	NA
NC_045512.2	28101	C	T	31597	16053	54	1	1	68	3.16376e-05	31608	0.499929	FALSE	NA	NA	NA	NA	NA	NA
NC_045512.2	28101	C	G	31597	16053	54	9	0	26	0.000284738	31608	1	FALSE	NA	NA	NA	NA	NA	NA
NC_045512.2	28101	C	A	31597	16053	54	1	1	68	3.16376e-05	31608	0.499929	FALSE	NA	NA	NA	NA	NA	NA
NC_045512.2	28102	C	G	31444	16137	54	6	1	26	0.000190749	31455	1	FALSE	NA	NA	NA	NA	NA	NA
NC_045512.2	28102	C	A	31444	16137	54	5	1	36	0.000158957	31455	0.999999	FALSE	NA	NA	NA	NA	NA	NA
NC_045512.2	28103	C	G	31280	16055	54	6	2	26	0.000191761	31289	1	FALSE	NA	NA	NA	NA	NA	NA
NC_045512.2	28103	C	A	31280	16055	54	3	0	28	9.58803e-05	31289	1	FALSE	NA	NA	NA	NA	NA	NA
NC_045512.2	28104	A	T	30800	16000	53	1	1	27	3.24549e-05	30812	1	FALSE	NA	NA	NA	NA	NA	NA
NC_045512.2	28104	A	G	30800	16000	53	2	0	30	6.49098e-05	30812	1	FALSE	NA	NA	NA	NA	NA	NA
NC_045512.2	28104	A	C	30800	16000	53	9	1	26	0.000292094	30812	1	FALSE	NA	NA	NA	NA	NA	NA
NC_045512.2	28105	T	G	31056	16125	53	5	0	30	0.000160932	31069	0.999999	FALSE	NA	NA	NA	NA	NA	NA
NC_045512.2	28105	T	C	31056	16125	53	4	2	36	0.000128746	31069	1	FALSE	NA	NA	NA	NA	NA	NA
NC_045512.2	28105	T	A	31056	16125	53	4	3	26	0.000128746	31069	1	FALSE	NA	NA	NA	NA	NA	NA
NC_045512.2	28106	T	G	31142	16582	53	3	3	29	9.62865e-05	31157	1	FALSE	NA	NA	NA	NA	NA	NA
NC_045512.2	28106	T	C	31142	16582	53	3	2	30	9.62865e-05	31157	1	FALSE	NA	NA	NA	NA	NA	NA
NC_045512.2	28106	T	A	31142	16582	53	9	0	28	0.00028886	31157	1	FALSE	NA	NA	NA	NA	NA	NA
NC_045512.2	28107	C	G	31153	16549	53	8	4	29	0.000256715	31163	1	FALSE	NA	NA	NA	NA	NA	NA
NC_045512.2	28107	C	A	31153	16549	53	2	0	26	6.41787e-05	31163	1	FALSE	NA	NA	NA	NA	NA	NA
NC_045512.2	28108	A	T	38847	19312	49	2	2	30	5.14721e-05	38856	1	FALSE	NA	NA	NA	NA	NA	NA
NC_045512.2	28108	A	G	38847	19312	49	3	1	58	7.72082e-05	38856	0.124971	FALSE	NA	NA	NA	NA	NA	NA
NC_045512.2	28108	A	C	38847	19312	49	4	0	30	0.000102944	38856	1	FALSE	NA	NA	NA	NA	NA	NA
NC_045512.2	28109	G	T	39550	18639	49	10	10	27	0.000252761	39563	1	FALSE	NA	NA	NA	NA	NA	NA
NC_045512.2	28109	G	C	39550	18639	49	1	1	27	2.52761e-05	39563	1	FALSE	NA	NA	NA	NA	NA	NA
NC_045512.2	28109	G	A	39550	18639	49	2	2	34	5.05523e-05	39563	1	FALSE	NA	NA	NA	NA	NA	NA
NC_045512.2	28110	T	G	39473	18981	49	9	4	27	0.000227929	39486	1	FALSE	NA	NA	NA	NA	NA	NA
NC_045512.2	28110	T	C	39473	18981	49	2	0	57	5.06509e-05	39486	0.249934	FALSE	NA	NA	NA	NA	NA	NA
NC_045512.2	28110	T	A	39473	18981	49	2	0	30	5.06509e-05	39486	1	FALSE	NA	NA	NA	NA	NA	NA
NC_045512.2	28111	A	T	39533	19429	49	2	0	30	5.0583e-05	39539	1	FALSE	NA	NA	NA	NA	NA	NA
NC_045512.2	28111	A	C	39533	19429	49	4	2	27	0.000101166	39539	1	FALSE	NA	NA	NA	NA	NA	NA
NC_045512.2	28112	C	T	39012	19849	48	3	1	34	7.68699e-05	39027	1	FALSE	NA	NA	NA	NA	NA	NA
NC_045512.2	28112	C	G	39012	19849	48	9	0	26	0.00023061	39027	1	FALSE	NA	NA	NA	NA	NA	NA
NC_045512.2	28112	C	A	39012	19849	48	3	2	22	7.68699e-05	39027	1	FALSE	NA	NA	NA	NA	NA	NA
NC_045512.2	28113	A	T	37099	18518	48	7	1	31	0.000188633	37109	1	FALSE	NA	NA	NA	NA	NA	NA
NC_045512.2	28113	A	G	37099	18518	48	1	1	60	2.69476e-05	37109	0.499946	FALSE	NA	NA	NA	NA	NA	NA
NC_045512.2	28113	A	C	37099	18518	48	2	1	30	5.38953e-05	37109	1	FALSE	NA	NA	NA	NA	NA	NA
NC_045512.2	28114	T	G	37179	17891	48	11	11	28	0.000295763	37192	1	FALSE	NA	NA	NA	NA	NA	NA
NC_045512.2	28114	T	C	37179	17891	48	2	0	30	5.3775e-05	37192	1	FALSE	NA	NA	NA	NA	NA	NA
NC_045512.2	28115	C	T	37386	18419	48	3	2	56	8.02268e-05	37394	0.124975	FALSE	NA	NA	NA	NA	NA	NA
NC_045512.2	28115	C	G	37386	18419	48	4	4	28	0.000106969	37394	1	FALSE	NA	NA	NA	NA	NA	NA
NC_045512.2	28115	C	A	37386	18419	48	1	0	27	2.67423e-05	37394	1	FALSE	NA	NA	NA	NA	NA	NA
NC_045512.2	28116	G	T	37127	18138	48	4	4	24	0.000107706	37138	1	FALSE	NA	NA	NA	NA	NA	NA
NC_045512.2	28116	G	C	37127	18138	48	4	3	32	0.000107706	37138	1	FALSE	NA	NA	NA	NA	NA	NA
NC_045512.2	28116	G	A	37127	18138	48	3	1	35	8.07798e-05	37138	1	FALSE	NA	NA	NA	NA	NA	NA
NC_045512.2	28117	A	T	37322	18611	48	4	3	28	0.000107152	37330	1	FALSE	NA	NA	NA	NA	NA	NA
NC_045512.2	28117	A	G	37322	18611	48	2	0	47	5.35762e-05	37330	0.812467	FALSE	NA	NA	NA	NA	NA	NA
NC_045512.2	28117	A	C	37322	18611	48	2	0	30	5.35762e-05	37330	1	FALSE	NA	NA	NA	NA	NA	NA
NC_045512.2	28118	T	G	35895	17171	47	2	0	30	5.57041e-05	35904	1	FALSE	NA	NA	NA	NA	NA	NA
NC_045512.2	28118	T	C	35895	17171	47	2	1	30	5.57041e-05	35904	1	FALSE	NA	NA	NA	NA	NA	NA
NC_045512.2	28118	T	A	35895	17171	47	5	4	26	0.00013926	35904	1	FALSE	NA	NA	NA	NA	NA	NA
NC_045512.2	28119	A	T	36326	17964	48	3	1	26	8.25787e-05	36329	1	FALSE	NA	NA	NA	NA	NA	NA
NC_045512.2	28120	T	G	36206	17761	48	7	4	27	0.000193274	36218	1	FALSE	NA	NA	NA	NA	NA	NA
NC_045512.2	28120	T	C	36206	17761	48	3	3	31	8.28317e-05	36218	1	FALSE	NA	NA	NA	NA	NA	NA
NC_045512.2	28120	T	A	36206	17761	48	2	0	27	5.52212e-05	36218	1	FALSE	NA	NA	NA	NA	NA	NA
NC_045512.2	28121	C	T	35825	17503	48	2	1	46	5.5802e-05	35841	0.812395	FALSE	NA	NA	NA	NA	NA	NA
NC_045512.2	28121	C	G	35825	17503	48	12	11	28	0.000334812	35841	1	FALSE	NA	NA	NA	NA	NA	NA
NC_045512.2	28121	C	A	35825	17503	48	2	1	30	5.5802e-05	35841	1	FALSE	NA	NA	NA	NA	NA	NA
NC_045512.2	28122	G	T	35660	17420	48	6	3	29	0.000168199	35672	1	FALSE	NA	NA	NA	NA	NA	NA
NC_045512.2	28122	G	C	35660	17420	48	3	2	27	8.40996e-05	35672	1	FALSE	NA	NA	NA	NA	NA	NA
NC_045512.2	28122	G	A	35660	17420	48	3	1	38	8.40996e-05	35672	1	FALSE	NA	NA	NA	NA	NA	NA
NC_045512.2	28123	G	T	35556	17205	47	1	1	34	2.81128e-05	35571	1	FALSE	NA	NA	NA	NA	NA	NA
NC_045512.2	28123	G	C	35556	17205	47	9	5	30	0.000253015	35571	0.999987	FALSE	NA	NA	NA	NA	NA	NA
NC_045512.2	28123	G	A	35556	17205	47	5	2	37	0.000140564	35571	1	FALSE	NA	NA	NA	NA	NA	NA
NC_045512.2	28124	T	G	35670	17109	47	1	1	26	2.80245e-05	35683	1	FALSE	NA	NA	NA	NA	NA	NA
NC_045512.2	28124	T	C	35670	17109	47	1	1	52	2.80245e-05	35683	0.499923	FALSE	NA	NA	NA	NA	NA	NA
NC_045512.2	28124	T	A	35670	17109	47	11	8	26	0.00030827	35683	1	FALSE	NA	NA	NA	NA	NA	NA
NC_045512.2	28125	A	T	36610	18050	48	1	1	26	2.73134e-05	36612	1	FALSE	NA	NA	NA	NA	NA	NA
NC_045512.2	28125	A	C	36610	18050	48	1	0	20	2.73134e-05	36612	1	FALSE	NA	NA	NA	NA	NA	NA
NC_045512.2	28126	A	T	38529	19094	48	2	0	29	5.18995e-05	38536	1	FALSE	NA	NA	NA	NA	NA	NA
NC_045512.2	28126	A	G	38529	19094	48	3	1	38	7.78493e-05	38536	1	FALSE	NA	NA	NA	NA	NA	NA
NC_045512.2	28126	A	C	38529	19094	48	2	0	23	5.18995e-05	38536	1	FALSE	NA	NA	NA	NA	NA	NA
NC_045512.2	28127	T	G	38098	18243	48	1	1	26	2.62398e-05	38110	1	FALSE	NA	NA	NA	NA	NA	NA
NC_045512.2	28127	T	C	38098	18243	48	2	2	43	5.24797e-05	38110	0.812434	FALSE	NA	NA	NA	NA	NA	NA
NC_045512.2	28127	T	A	38098	18243	48	9	9	28	0.000236158	38110	1	FALSE	NA	NA	NA	NA	NA	NA
NC_045512.2	28128	T	G	38520	19180	48	4	1	25	0.000103802	38535	1	FALSE	NA	NA	NA	NA	NA	NA
NC_045512.2	28128	T	C	38520	19180	48	3	1	49	7.78513e-05	38535	0.656122	FALSE	NA	NA	NA	NA	NA	NA
NC_045512.2	28128	T	A	38520	19180	48	8	1	28	0.000207603	38535	1	FALSE	NA	NA	NA	NA	NA	NA
NC_045512.2	28128	T	-A	38520	19180	48	1	0	20	2.59504e-05	38535	1	FALSE	NA	NA	NA	NA	NA	NA
NC_045512.2	28129	A	T	39212	19395	48	3	2	32	7.64994e-05	39216	1	FALSE	NA	NA	NA	NA	NA	NA
NC_045512.2	28129	A	G	39212	19395	48	1	1	24	2.54998e-05	39216	1	FALSE	NA	NA	NA	NA	NA	NA
NC_045512.2	28130	T	G	38590	18753	48	1	1	27	2.59067e-05	38600	1	FALSE	NA	NA	NA	NA	NA	NA
NC_045512.2	28130	T	C	38590	18753	48	2	2	26	5.18135e-05	38600	1	FALSE	NA	NA	NA	NA	NA	NA
NC_045512.2	28130	T	A	38590	18753	48	7	4	27	0.000181347	38600	1	FALSE	NA	NA	NA	NA	NA	NA
NC_045512.2	28131	A	T	38761	19578	47	3	3	28	7.73874e-05	38766	1	FALSE	NA	NA	NA	NA	NA	NA
NC_045512.2	28131	A	G	38761	19578	47	2	0	34	5.15916e-05	38766	1	FALSE	NA	NA	NA	NA	NA	NA
NC_045512.2	28132	C	T	38743	19693	47	3	1	45	7.74214e-05	38749	0.656232	FALSE	NA	NA	NA	NA	NA	NA
NC_045512.2	28132	C	G	38743	19693	47	3	3	31	7.74214e-05	38749	1	FALSE	NA	NA	NA	NA	NA	NA
NC_045512.2	28133	A	T	38531	19248	48	1	1	26	2.59511e-05	38534	1	FALSE	NA	NA	NA	NA	NA	NA
NC_045512.2	28133	A	G	38531	19248	48	2	0	51	5.19022e-05	38534	0.249997	FALSE	NA	NA	NA	NA	NA	NA
NC_045512.2	28134	G	T	39101	19138	47	2	2	26	5.11404e-05	39108	1	FALSE	NA	NA	NA	NA	NA	NA
NC_045512.2	28134	G	C	39101	19138	47	3	1	26	7.67106e-05	39108	1	FALSE	NA	NA	NA	NA	NA	NA
NC_045512.2	28134	G	A	39101	19138	47	2	0	51	5.11404e-05	39108	0.249971	FALSE	NA	NA	NA	NA	NA	NA
NC_045512.2	28134	G	-T	39101	19138	47	1	0	20	2.55702e-05	39108	1	FALSE	NA	NA	NA	NA	NA	NA
NC_045512.2	28135	T	G	34793	16404	43	11	11	29	0.000316028	34807	1	FALSE	NA	NA	NA	NA	NA	NA
NC_045512.2	28135	T	C	34793	16404	43	2	0	34	5.74597e-05	34807	1	FALSE	NA	NA	NA	NA	NA	NA
NC_045512.2	28135	T	A	34793	16404	43	1	0	27	2.87299e-05	34807	1	FALSE	NA	NA	NA	NA	NA	NA
NC_045512.2	28136	T	G	36621	17785	47	2	2	27	5.45971e-05	36632	1	FALSE	NA	NA	NA	NA	NA	NA
NC_045512.2	28136	T	C	36621	17785	47	7	4	40	0.00019109	36632	0.171825	FALSE	NA	NA	NA	NA	NA	NA
NC_045512.2	28136	T	A	36621	17785	47	2	1	32	5.45971e-05	36632	1	FALSE	NA	NA	NA	NA	NA	NA
NC_045512.2	28137	T	G	36931	17977	47	3	0	26	8.12084e-05	36942	1	FALSE	NA	NA	NA	NA	NA	NA
NC_045512.2	28137	T	C	36931	17977	47	2	2	29	5.41389e-05	36942	1	FALSE	NA	NA	NA	NA	NA	NA
NC_045512.2	28137	T	A	36931	17977	47	6	3	25	0.000162417	36942	1	FALSE	NA	NA	NA	NA	NA	NA
NC_045512.2	28137	T	+C	36931	17977	47	1	0	20	2.70695e-05	36942	1	FALSE	NA	NA	NA	NA	NA	NA
NC_045512.2	28138	C	T	36837	17740	47	1	0	68	2.71415e-05	36844	0.499966	FALSE	NA	NA	NA	NA	NA	NA
NC_045512.2	28138	C	G	36837	17740	47	3	3	26	8.14244e-05	36844	1	FALSE	NA	NA	NA	NA	NA	NA
NC_045512.2	28138	C	A	36837	17740	47	3	2	28	8.14244e-05	36844	1	FALSE	NA	NA	NA	NA	NA	NA
NC_045512.2	28139	C	T	37171	18522	47	1	0	68	2.68889e-05	37190	0.499886	FALSE	NA	NA	NA	NA	NA	NA
NC_045512.2	28139	C	G	37171	18522	47	2	1	30	5.37779e-05	37190	1	FALSE	NA	NA	NA	NA	NA	NA
NC_045512.2	28139	C	A	37171	18522	47	16	0	26	0.000430223	37190	1	FALSE	NA	NA	NA	NA	NA	NA
NC_045512.2	28140	T	G	37480	18303	48	3	3	29	8.00277e-05	37487	1	FALSE	NA	NA	NA	NA	NA	NA
NC_045512.2	28140	T	C	37480	18303	48	4	1	38	0.000106704	37487	1	FALSE	NA	NA	NA	NA	NA	NA
NC_045512.2	28141	G	T	37387	18070	47	4	4	28	0.000106958	37398	1	FALSE	NA	NA	NA	NA	NA	NA
NC_045512.2	28141	G	C	37387	18070	47	7	7	31	0.000187176	37398	1	FALSE	NA	NA	NA	NA	NA	NA
NC_045512.2	28141	G	-T	37387	18070	47	1	0	20	2.67394e-05	37398	1	FALSE	NA	NA	NA	NA	NA	NA
NC_045512.2	28142	T	G	33080	13649	43	22	22	27	0.000664532	33106	1	FALSE	NA	NA	NA	NA	NA	NA
NC_045512.2	28142	T	C	33080	13649	43	2	1	53	6.0412e-05	33106	0.249815	FALSE	NA	NA	NA	NA	NA	NA
NC_045512.2	28142	T	A	33080	13649	43	2	0	26	6.0412e-05	33106	1	FALSE	NA	NA	NA	NA	NA	NA
NC_045512.2	28143	T	C	34499	16799	46	1	1	34	2.89855e-05	34500	1	FALSE	NA	NA	NA	NA	NA	NA
NC_045512.2	28144	T	G	34477	16860	46	1	1	34	2.90032e-05	34479	1	FALSE	NA	NA	NA	NA	NA	NA
NC_045512.2	28144	T	C	34477	16860	46	1	0	34	2.90032e-05	34479	1	FALSE	NA	NA	NA	NA	NA	NA
NC_045512.2	28145	A	T	34457	16793	46	3	3	26	8.70524e-05	34462	1	FALSE	NA	NA	NA	NA	NA	NA
NC_045512.2	28145	A	G	34457	16793	46	1	0	24	2.90175e-05	34462	1	FALSE	NA	NA	NA	NA	NA	NA
NC_045512.2	28145	A	C	34457	16793	46	1	1	27	2.90175e-05	34462	1	FALSE	NA	NA	NA	NA	NA	NA
NC_045512.2	28146	C	T	34333	16526	45	1	1	34	2.91223e-05	34338	1	FALSE	NA	NA	NA	NA	NA	NA
NC_045512.2	28146	C	G	34333	16526	45	4	3	27	0.000116489	34338	1	FALSE	NA	NA	NA	NA	NA	NA
NC_045512.2	28147	C	G	34221	17180	45	1	1	34	2.92201e-05	34223	1	FALSE	NA	NA	NA	NA	NA	NA
NC_045512.2	28147	C	A	34221	17180	45	1	0	27	2.92201e-05	34223	1	FALSE	NA	NA	NA	NA	NA	NA
NC_045512.2	28147	C	-T	34221	17180	45	9	0	20	0.000262981	34223	1	FALSE	NA	NA	NA	NA	NA	NA
NC_045512.2	28148	T	G	34385	17103	46	4	2	30	0.000116299	34394	1	FALSE	NA	NA	NA	NA	NA	NA
NC_045512.2	28148	T	C	34385	17103	46	4	3	57	0.000116299	34394	0.0624473	FALSE	NA	NA	NA	NA	NA	NA
NC_045512.2	28148	T	A	34385	17103	46	1	1	68	2.90748e-05	34394	0.499884	FALSE	NA	NA	NA	NA	NA	NA
NC_045512.2	28149	T	G	30830	13798	42	18	15	27	0.000583431	30852	1	FALSE	NA	NA	NA	NA	NA	NA
NC_045512.2	28149	T	C	30830	13798	42	3	1	34	9.72384e-05	30852	1	FALSE	NA	NA	NA	NA	NA	NA
NC_045512.2	28149	T	A	30830	13798	42	1	0	26	3.24128e-05	30852	1	FALSE	NA	NA	NA	NA	NA	NA
NC_045512.2	28150	T	G	34709	17395	46	2	2	27	5.7612e-05	34715	1	FALSE	NA	NA	NA	NA	NA	NA
NC_045512.2	28150	T	C	34709	17395	46	2	1	29	5.7612e-05	34715	1	FALSE	NA	NA	NA	NA	NA	NA
NC_045512.2	28150	T	A	34709	17395	46	2	2	26	5.7612e-05	34715	1	FALSE	NA	NA	NA	NA	NA	NA
NC_045512.2	28151	T	G	34645	17286	46	3	2	26	8.65751e-05	34652	1	FALSE	NA	NA	NA	NA	NA	NA
NC_045512.2	28151	T	C	34645	17286	46	2	1	30	5.77167e-05	34652	1	FALSE	NA	NA	NA	NA	NA	NA
NC_045512.2	28151	T	A	34645	17286	46	2	0	30	5.77167e-05	34652	1	FALSE	NA	NA	NA	NA	NA	NA
NC_045512.2	28152	A	T	34263	17530	45	1	1	68	2.91792e-05	34271	0.499956	FALSE	NA	NA	NA	NA	NA	NA
NC_045512.2	28152	A	G	34263	17530	45	1	0	34	2.91792e-05	34271	1	FALSE	NA	NA	NA	NA	NA	NA
NC_045512.2	28152	A	C	34263	17530	45	6	0	26	0.000175075	34271	1	FALSE	NA	NA	NA	NA	NA	NA
NC_045512.2	28153	C	G	34415	17739	45	1	0	26	2.90537e-05	34419	1	FALSE	NA	NA	NA	NA	NA	NA
NC_045512.2	28153	C	A	34415	17739	45	3	0	26	8.71612e-05	34419	1	FALSE	NA	NA	NA	NA	NA	NA
NC_045512.2	28154	A	T	34526	17697	45	1	1	27	2.8962e-05	34528	1	FALSE	NA	NA	NA	NA	NA	NA
NC_045512.2	28154	A	G	34526	17697	45	1	1	34	2.8962e-05	34528	1	FALSE	NA	NA	NA	NA	NA	NA
NC_045512.2	28155	A	T	34531	17854	45	2	1	30	5.79056e-05	34539	1	FALSE	NA	NA	NA	NA	NA	NA
NC_045512.2	28155	A	G	34531	17854	45	3	0	35	8.68583e-05	34539	1	FALSE	NA	NA	NA	NA	NA	NA
NC_045512.2	28155	A	C	34531	17854	45	3	0	24	8.68583e-05	34539	1	FALSE	NA	NA	NA	NA	NA	NA
NC_045512.2	28156	T	G	32919	16040	44	9	8	29	0.000273324	32928	1	FALSE	NA	NA	NA	NA	NA	NA
NC_045512.2	28157	T	G	34113	17476	45	2	1	34	5.86149e-05	34121	1	FALSE	NA	NA	NA	NA	NA	NA
NC_045512.2	28157	T	A	34113	17476	45	6	4	30	0.000175845	34121	0.999999	FALSE	NA	NA	NA	NA	NA	NA
NC_045512.2	28158	A	T	34717	17911	45	5	5	24	0.000143943	34736	1	FALSE	NA	NA	NA	NA	NA	NA
NC_045512.2	28158	A	G	34717	17911	45	6	3	30	0.000172731	34736	0.999999	FALSE	NA	NA	NA	NA	NA	NA
NC_045512.2	28158	A	C	34717	17911	45	8	8	31	0.000230309	34736	0.999992	FALSE	NA	NA	NA	NA	NA	NA
NC_045512.2	28159	A	T	31992	18082	43	1	1	26	3.12383e-05	32012	1	FALSE	NA	NA	NA	NA	NA	NA
NC_045512.2	28159	A	G	31992	18082	43	1	0	34	3.12383e-05	32012	1	FALSE	NA	NA	NA	NA	NA	NA
NC_045512.2	28159	A	C	31992	18082	43	18	0	27	0.000562289	32012	1	FALSE	NA	NA	NA	NA	NA	NA
NC_045512.2	28160	T	G	34572	18010	45	5	5	26	0.000144601	34578	1	FALSE	NA	NA	NA	NA	NA	NA
NC_045512.2	28160	T	A	34572	18010	45	1	0	26	2.89201e-05	34578	1	FALSE	NA	NA	NA	NA	NA	NA
NC_045512.2	28161	T	G	34389	18136	45	7	7	27	0.000203488	34400	1	FALSE	NA	NA	NA	NA	NA	NA
NC_045512.2	28161	T	C	34389	18136	45	4	1	36	0.000116279	34400	1	FALSE	NA	NA	NA	NA	NA	NA
NC_045512.2	28162	G	T	34489	18176	45	2	2	27	5.79794e-05	34495	1	FALSE	NA	NA	NA	NA	NA	NA
NC_045512.2	28162	G	C	34489	18176	45	4	0	28	0.000115959	34495	1	FALSE	NA	NA	NA	NA	NA	NA
NC_045512.2	28163	C	T	34312	18593	45	3	2	42	8.74202e-05	34317	0.656243	FALSE	NA	NA	NA	NA	NA	NA
NC_045512.2	28163	C	G	34312	18593	45	1	0	34	2.91401e-05	34317	1	FALSE	NA	NA	NA	NA	NA	NA
NC_045512.2	28163	C	A	34312	18593	45	1	0	27	2.91401e-05	34317	1	FALSE	NA	NA	NA	NA	NA	NA
NC_045512.2	28164	C	T	34556	18628	45	1	1	27	2.89335e-05	34562	1	FALSE	NA	NA	NA	NA	NA	NA
NC_045512.2	28164	C	G	34556	18628	45	2	0	43	5.7867e-05	34562	0.812482	FALSE	NA	NA	NA	NA	NA	NA
NC_045512.2	28164	C	A	34556	18628	45	3	1	31	8.68005e-05	34562	1	FALSE	NA	NA	NA	NA	NA	NA
NC_045512.2	28164	C	-A	34556	18628	45	1	0	20	2.89335e-05	34562	1	FALSE	NA	NA	NA	NA	NA	NA
NC_045512.2	28165	A	T	34645	18765	45	1	0	68	2.88584e-05	34652	0.499957	FALSE	NA	NA	NA	NA	NA	NA
NC_045512.2	28165	A	G	34645	18765	45	4	0	41	0.000115433	34652	0.499953	FALSE	NA	NA	NA	NA	NA	NA
NC_045512.2	28165	A	C	34645	18765	45	2	0	26	5.77167e-05	34652	1	FALSE	NA	NA	NA	NA	NA	NA
NC_045512.2	28166	G	T	34467	18294	45	7	6	25	0.000203028	34478	1	FALSE	NA	NA	NA	NA	NA	NA
NC_045512.2	28166	G	C	34467	18294	45	3	2	23	8.7012e-05	34478	1	FALSE	NA	NA	NA	NA	NA	NA
NC_045512.2	28166	G	A	34467	18294	45	1	1	34	2.9004e-05	34478	1	FALSE	NA	NA	NA	NA	NA	NA
NC_045512.2	28167	G	T	34499	18577	45	1	1	20	2.89771e-05	34510	1	FALSE	NA	NA	NA	NA	NA	NA
NC_045512.2	28167	G	C	34499	18577	45	10	5	28	0.000289771	34510	1	FALSE	NA	NA	NA	NA	NA	NA
NC_045512.2	28168	A	T	35526	18958	45	3	2	27	8.44333e-05	35531	1	FALSE	NA	NA	NA	NA	NA	NA
NC_045512.2	28168	A	G	35526	18958	45	2	0	51	5.62889e-05	35531	0.249982	FALSE	NA	NA	NA	NA	NA	NA
NC_045512.2	28169	A	T	35272	19084	45	1	0	20	2.83382e-05	35288	1	FALSE	NA	NA	NA	NA	NA	NA
NC_045512.2	28169	A	G	35272	19084	45	1	0	68	2.83382e-05	35288	0.499901	FALSE	NA	NA	NA	NA	NA	NA
NC_045512.2	28169	A	C	35272	19084	45	14	1	27	0.000396735	35288	1	FALSE	NA	NA	NA	NA	NA	NA
NC_045512.2	28170	C	G	36074	19105	45	1	1	27	2.77193e-05	36076	1	FALSE	NA	NA	NA	NA	NA	NA
NC_045512.2	28170	C	A	36074	19105	45	1	0	26	2.77193e-05	36076	1	FALSE	NA	NA	NA	NA	NA	NA
NC_045512.2	28171	C	T	36094	19418	45	2	0	53	5.53863e-05	36110	0.249907	FALSE	NA	NA	NA	NA	NA	NA
NC_045512.2	28171	C	G	36094	19418	45	5	1	29	0.000138466	36110	1	FALSE	NA	NA	NA	NA	NA	NA
NC_045512.2	28171	C	A	36094	19418	45	9	2	27	0.000249238	36110	1	FALSE	NA	NA	NA	NA	NA	NA
NC_045512.2	28172	T	G	36299	19738	46	7	3	26	0.000192784	36310	1	FALSE	NA	NA	NA	NA	NA	NA
NC_045512.2	28172	T	C	36299	19738	46	1	0	34	2.75406e-05	36310	1	FALSE	NA	NA	NA	NA	NA	NA
NC_045512.2	28172	T	A	36299	19738	46	3	0	29	8.26219e-05	36310	1	FALSE	NA	NA	NA	NA	NA	NA
NC_045512.2	28173	A	G	36673	20008	46	2	2	30	5.45227e-05	36682	1	FALSE	NA	NA	NA	NA	NA	NA
NC_045512.2	28173	A	C	36673	20008	46	7	0	26	0.000190829	36682	1	FALSE	NA	NA	NA	NA	NA	NA
NC_045512.2	28174	A	T	36497	20095	45	2	0	25	5.47885e-05	36504	1	FALSE	NA	NA	NA	NA	NA	NA
NC_045512.2	28174	A	C	36497	20095	45	5	0	28	0.000136971	36504	1	FALSE	NA	NA	NA	NA	NA	NA
NC_045512.2	28175	A	T	34864	19789	43	2	2	27	5.73247e-05	34889	1	FALSE	NA	NA	NA	NA	NA	NA
NC_045512.2	28175	A	C	34864	19789	43	23	1	28	0.000659234	34889	1	FALSE	NA	NA	NA	NA	NA	NA
NC_045512.2	28176	T	G	36326	19567	45	8	8	26	0.000220179	36334	1	FALSE	NA	NA	NA	NA	NA	NA
NC_045512.2	28177	T	G	33562	16905	43	41	39	27	0.0012198	33612	1	FALSE	NA	NA	NA	NA	NA	NA
NC_045512.2	28177	T	C	33562	16905	43	1	1	68	2.97513e-05	33612	0.499643	FALSE	NA	NA	NA	NA	NA	NA
NC_045512.2	28177	T	A	33562	16905	43	8	0	25	0.00023801	33612	1	FALSE	NA	NA	NA	NA	NA	NA
NC_045512.2	28178	G	T	36986	19934	46	1	0	27	2.70329e-05	36992	1	FALSE	NA	NA	NA	NA	NA	NA
NC_045512.2	28178	G	C	36986	19934	46	5	2	28	0.000135164	36992	1	FALSE	NA	NA	NA	NA	NA	NA
NC_045512.2	28179	G	T	35825	19911	45	3	3	29	8.3717e-05	35835	1	FALSE	NA	NA	NA	NA	NA	NA
NC_045512.2	28179	G	C	35825	19911	45	5	3	29	0.000139528	35835	1	FALSE	NA	NA	NA	NA	NA	NA
NC_045512.2	28179	G	A	35825	19911	45	2	0	51	5.58114e-05	35835	0.249948	FALSE	NA	NA	NA	NA	NA	NA
NC_045512.2	28180	G	T	36053	20166	45	2	2	23	5.54631e-05	36060	1	FALSE	NA	NA	NA	NA	NA	NA
NC_045512.2	28180	G	C	36053	20166	45	4	3	26	0.000110926	36060	1	FALSE	NA	NA	NA	NA	NA	NA
NC_045512.2	28180	G	A	36053	20166	45	1	1	68	2.77316e-05	36060	0.499965	FALSE	NA	NA	NA	NA	NA	NA
NC_045512.2	28181	T	G	36197	20500	45	1	1	27	2.76197e-05	36206	1	FALSE	NA	NA	NA	NA	NA	NA
NC_045512.2	28181	T	C	36197	20500	45	4	3	34	0.000110479	36206	1	FALSE	NA	NA	NA	NA	NA	NA
NC_045512.2	28181	T	A	36197	20500	45	4	0	30	0.000110479	36206	1	FALSE	NA	NA	NA	NA	NA	NA
NC_045512.2	28182	A	T	35594	20207	45	1	0	27	2.80875e-05	35603	1	FALSE	NA	NA	NA	NA	NA	NA
NC_045512.2	28182	A	G	35594	20207	45	2	1	47	5.6175e-05	35603	0.812456	FALSE	NA	NA	NA	NA	NA	NA
NC_045512.2	28182	A	C	35594	20207	45	6	0	30	0.000168525	35603	1	FALSE	NA	NA	NA	NA	NA	NA
NC_045512.2	28183	G	T	41597	21156	45	2	1	23	4.80735e-05	41603	1	FALSE	NA	NA	NA	NA	NA	NA
NC_045512.2	28183	G	C	41597	21156	45	1	1	27	2.40367e-05	41603	1	FALSE	NA	NA	NA	NA	NA	NA
NC_045512.2	28183	G	A	41597	21156	45	3	2	46	7.21102e-05	41603	0.773428	FALSE	NA	NA	NA	NA	NA	NA
NC_045512.2	28184	T	G	41041	20890	44	1	0	34	2.43605e-05	41050	1	FALSE	NA	NA	NA	NA	NA	NA
NC_045512.2	28184	T	C	41041	20890	44	1	1	27	2.43605e-05	41050	1	FALSE	NA	NA	NA	NA	NA	NA
NC_045512.2	28184	T	A	41041	20890	44	7	2	32	0.000170524	41050	1	FALSE	NA	NA	NA	NA	NA	NA
NC_045512.2	28185	C	T	41669	21452	44	1	0	34	2.39912e-05	41682	1	FALSE	NA	NA	NA	NA	NA	NA
NC_045512.2	28185	C	G	41669	21452	44	10	9	27	0.000239912	41682	1	FALSE	NA	NA	NA	NA	NA	NA
NC_045512.2	28185	C	A	41669	21452	44	2	0	30	4.79823e-05	41682	1	FALSE	NA	NA	NA	NA	NA	NA
NC_045512.2	28185	C	-T	41669	21452	44	1	0	20	2.39912e-05	41682	1	FALSE	NA	NA	NA	NA	NA	NA
NC_045512.2	28186	T	G	41822	21611	44	3	3	26	7.17154e-05	41832	1	FALSE	NA	NA	NA	NA	NA	NA
NC_045512.2	28186	T	C	41822	21611	44	7	4	40	0.000167336	41832	0.27436	FALSE	NA	NA	NA	NA	NA	NA
NC_045512.2	28187	T	G	41332	21390	45	3	1	24	7.25689e-05	41340	1	FALSE	NA	NA	NA	NA	NA	NA
NC_045512.2	28187	T	C	41332	21390	45	1	1	68	2.41896e-05	41340	0.499964	FALSE	NA	NA	NA	NA	NA	NA
NC_045512.2	28187	T	A	41332	21390	45	4	1	32	9.67586e-05	41340	1	FALSE	NA	NA	NA	NA	NA	NA
NC_045512.2	28188	G	T	42132	21292	44	11	9	29	0.000261004	42145	1	FALSE	NA	NA	NA	NA	NA	NA
NC_045512.2	28188	G	C	42132	21292	44	2	2	34	4.74552e-05	42145	1	FALSE	NA	NA	NA	NA	NA	NA
NC_045512.2	28189	T	G	42322	21705	45	3	2	28	7.087e-05	42331	1	FALSE	NA	NA	NA	NA	NA	NA
NC_045512.2	28189	T	C	42322	21705	45	2	2	34	4.72467e-05	42331	1	FALSE	NA	NA	NA	NA	NA	NA
NC_045512.2	28189	T	A	42322	21705	45	4	1	28	9.44934e-05	42331	1	FALSE	NA	NA	NA	NA	NA	NA
NC_045512.2	28190	A	T	42369	21884	45	4	3	26	9.43841e-05	42380	1	FALSE	NA	NA	NA	NA	NA	NA
NC_045512.2	28190	A	G	42369	21884	45	3	2	54	7.07881e-05	42380	0.124965	FALSE	NA	NA	NA	NA	NA	NA
NC_045512.2	28190	A	C	42369	21884	45	4	0	26	9.43841e-05	42380	1	FALSE	NA	NA	NA	NA	NA	NA
NC_045512.2	28191	G	C	42449	21829	45	1	0	27	2.35571e-05	42450	1	FALSE	NA	NA	NA	NA	NA	NA
NC_045512.2	28192	T	G	33785	13451	42	56	56	28	0.0016545	33847	1	FALSE	NA	NA	NA	NA	NA	NA
NC_045512.2	28192	T	C	33785	13451	42	4	3	49	0.000118179	33847	0.499078	FALSE	NA	NA	NA	NA	NA	NA
NC_045512.2	28192	T	A	33785	13451	42	2	0	34	5.90894e-05	33847	1	FALSE	NA	NA	NA	NA	NA	NA
NC_045512.2	28193	G	C	37612	17097	46	2	0	30	5.31703e-05	37615	1	FALSE	NA	NA	NA	NA	NA	NA
NC_045512.2	28193	G	A	37612	17097	46	1	0	34	2.65851e-05	37615	1	FALSE	NA	NA	NA	NA	NA	NA
NC_045512.2	28194	C	T	36716	16896	45	1	1	34	2.72309e-05	36723	1	FALSE	NA	NA	NA	NA	NA	NA
NC_045512.2	28194	C	G	36716	16896	45	5	0	25	0.000136154	36723	1	FALSE	NA	NA	NA	NA	NA	NA
NC_045512.2	28194	C	A	36716	16896	45	1	1	24	2.72309e-05	36723	1	FALSE	NA	NA	NA	NA	NA	NA
NC_045512.2	28195	G	T	37518	17041	46	3	3	29	7.99446e-05	37526	1	FALSE	NA	NA	NA	NA	NA	NA
NC_045512.2	28195	G	C	37518	17041	46	2	2	27	5.32964e-05	37526	1	FALSE	NA	NA	NA	NA	NA	NA
NC_045512.2	28195	G	A	37518	17041	46	3	2	54	7.99446e-05	37526	0.124975	FALSE	NA	NA	NA	NA	NA	NA
NC_045512.2	28196	T	G	37464	17264	46	10	5	29	0.000266795	37482	1	FALSE	NA	NA	NA	NA	NA	NA
NC_045512.2	28196	T	C	37464	17264	46	6	2	42	0.000160077	37482	0.253749	FALSE	NA	NA	NA	NA	NA	NA
NC_045512.2	28196	T	A	37464	17264	46	2	0	30	5.33589e-05	37482	1	FALSE	NA	NA	NA	NA	NA	NA
NC_045512.2	28197	T	C	37077	16847	46	4	3	39	0.000107866	37083	1	FALSE	NA	NA	NA	NA	NA	NA
NC_045512.2	28197	T	A	37077	16847	46	2	1	30	5.39331e-05	37083	1	FALSE	NA	NA	NA	NA	NA	NA
NC_045512.2	28198	G	T	37020	16591	46	2	2	23	5.4019e-05	37024	1	FALSE	NA	NA	NA	NA	NA	NA
NC_045512.2	28198	G	A	37020	16591	46	2	2	40	5.4019e-05	37024	0.8125	FALSE	NA	NA	NA	NA	NA	NA
NC_045512.2	28199	T	G	35944	15380	44	22	21	26	0.000611638	35969	1	FALSE	NA	NA	NA	NA	NA	NA
NC_045512.2	28199	T	C	35944	15380	44	1	0	68	2.78017e-05	35969	0.49984	FALSE	NA	NA	NA	NA	NA	NA
NC_045512.2	28199	T	A	35944	15380	44	2	1	23	5.56034e-05	35969	1	FALSE	NA	NA	NA	NA	NA	NA
NC_045512.2	28200	T	C	37365	17036	47	3	0	45	8.02783e-05	37370	0.656244	FALSE	NA	NA	NA	NA	NA	NA
NC_045512.2	28200	T	A	37365	17036	47	2	0	26	5.35189e-05	37370	1	FALSE	NA	NA	NA	NA	NA	NA
NC_045512.2	28201	C	T	36758	16823	46	3	1	45	8.15993e-05	36765	0.656218	FALSE	NA	NA	NA	NA	NA	NA
NC_045512.2	28201	C	G	36758	16823	46	3	1	26	8.15993e-05	36765	1	FALSE	NA	NA	NA	NA	NA	NA
NC_045512.2	28201	C	A	36758	16823	46	1	1	26	2.71998e-05	36765	1	FALSE	NA	NA	NA	NA	NA	NA
NC_045512.2	28202	G	T	36638	16423	46	4	3	26	0.000109149	36647	1	FALSE	NA	NA	NA	NA	NA	NA
NC_045512.2	28202	G	C	36638	16423	46	2	1	23	5.45747e-05	36647	1	FALSE	NA	NA	NA	NA	NA	NA
NC_045512.2	28202	G	A	36638	16423	46	3	1	56	8.18621e-05	36647	0.124969	FALSE	NA	NA	NA	NA	NA	NA
NC_045512.2	28203	T	G	36831	16515	46	2	2	23	5.42918e-05	36838	1	FALSE	NA	NA	NA	NA	NA	NA
NC_045512.2	28203	T	C	36831	16515	46	2	2	68	5.42918e-05	36838	0.249969	FALSE	NA	NA	NA	NA	NA	NA
NC_045512.2	28203	T	A	36831	16515	46	3	0	28	8.14376e-05	36838	1	FALSE	NA	NA	NA	NA	NA	NA
NC_045512.2	28204	T	A	36701	16394	46	3	1	31	8.1735e-05	36704	1	FALSE	NA	NA	NA	NA	NA	NA
NC_045512.2	28205	C	G	36743	16676	46	2	1	26	5.44173e-05	36753	1	FALSE	NA	NA	NA	NA	NA	NA
NC_045512.2	28205	C	A	36743	16676	46	8	2	30	0.000217669	36753	0.999997	FALSE	NA	NA	NA	NA	NA	NA
NC_045512.2	28206	T	C	36794	16509	46	3	2	34	8.1524e-05	36799	1	FALSE	NA	NA	NA	NA	NA	NA
NC_045512.2	28206	T	A	36794	16509	46	2	1	32	5.43493e-05	36799	1	FALSE	NA	NA	NA	NA	NA	NA
NC_045512.2	28207	A	C	37498	17014	47	2	0	23	5.33333e-05	37500	1	FALSE	NA	NA	NA	NA	NA	NA
NC_045512.2	28208	T	G	37128	16607	47	3	3	27	8.0795e-05	37131	1	FALSE	NA	NA	NA	NA	NA	NA
NC_045512.2	28209	G	T	36904	16827	46	4	4	26	0.000108357	36915	1	FALSE	NA	NA	NA	NA	NA	NA
NC_045512.2	28209	G	C	36904	16827	46	6	1	27	0.000162536	36915	1	FALSE	NA	NA	NA	NA	NA	NA
NC_045512.2	28209	G	A	36904	16827	46	1	0	68	2.70893e-05	36915	0.499939	FALSE	NA	NA	NA	NA	NA	NA
NC_045512.2	28210	A	T	36920	17384	46	2	2	26	5.41638e-05	36925	1	FALSE	NA	NA	NA	NA	NA	NA
NC_045512.2	28210	A	G	36920	17384	46	3	1	43	8.12458e-05	36925	0.656244	FALSE	NA	NA	NA	NA	NA	NA
NC_045512.2	28211	A	T	36601	17539	47	1	1	27	2.7306e-05	36622	1	FALSE	NA	NA	NA	NA	NA	NA
NC_045512.2	28211	A	G	36601	17539	47	3	1	41	8.1918e-05	36622	0.656039	FALSE	NA	NA	NA	NA	NA	NA
NC_045512.2	28211	A	C	36601	17539	47	17	1	29	0.000464202	36622	1	FALSE	NA	NA	NA	NA	NA	NA
NC_045512.2	28212	G	T	37033	17317	47	2	1	23	5.39986e-05	37038	1	FALSE	NA	NA	NA	NA	NA	NA
NC_045512.2	28212	G	C	37033	17317	47	1	0	34	2.69993e-05	37038	1	FALSE	NA	NA	NA	NA	NA	NA
NC_045512.2	28212	G	A	37033	17317	47	2	1	29	5.39986e-05	37038	1	FALSE	NA	NA	NA	NA	NA	NA
NC_045512.2	28213	A	T	37161	17593	47	3	3	27	8.07211e-05	37165	1	FALSE	NA	NA	NA	NA	NA	NA
NC_045512.2	28213	A	G	37161	17593	47	1	1	68	2.6907e-05	37165	0.499987	FALSE	NA	NA	NA	NA	NA	NA
NC_045512.2	28214	C	T	37716	17936	47	2	2	68	5.30195e-05	37722	0.249977	FALSE	NA	NA	NA	NA	NA	NA
NC_045512.2	28214	C	G	37716	17936	47	2	1	27	5.30195e-05	37722	1	FALSE	NA	NA	NA	NA	NA	NA
NC_045512.2	28214	C	A	37716	17936	47	2	0	30	5.30195e-05	37722	1	FALSE	NA	NA	NA	NA	NA	NA
NC_045512.2	28214	C	-T	37716	17936	47	4	0	20	0.000106039	37722	1	FALSE	NA	NA	NA	NA	NA	NA
NC_045512.2	28215	T	G	37091	17495	47	7	6	30	0.000188684	37099	1	FALSE	NA	NA	NA	NA	NA	NA
NC_045512.2	28215	T	A	37091	17495	47	1	0	34	2.69549e-05	37099	1	FALSE	NA	NA	NA	NA	NA	NA
NC_045512.2	28216	T	G	37217	18376	48	3	0	31	8.05888e-05	37226	1	FALSE	NA	NA	NA	NA	NA	NA
NC_045512.2	28216	T	C	37217	18376	48	4	4	40	0.000107452	37226	0.499941	FALSE	NA	NA	NA	NA	NA	NA
NC_045512.2	28216	T	A	37217	18376	48	2	1	25	5.37259e-05	37226	1	FALSE	NA	NA	NA	NA	NA	NA
NC_045512.2	28217	T	G	37517	18116	48	4	4	26	0.000106598	37524	1	FALSE	NA	NA	NA	NA	NA	NA
NC_045512.2	28217	T	C	37517	18116	48	3	0	40	7.99488e-05	37524	0.656219	FALSE	NA	NA	NA	NA	NA	NA
NC_045512.2	28218	T	G	37387	17953	47	10	1	28	0.000267358	37403	1	FALSE	NA	NA	NA	NA	NA	NA
NC_045512.2	28218	T	C	37387	17953	47	4	3	38	0.000106943	37403	1	FALSE	NA	NA	NA	NA	NA	NA
NC_045512.2	28218	T	A	37387	17953	47	2	0	34	5.34716e-05	37403	1	FALSE	NA	NA	NA	NA	NA	NA
NC_045512.2	28219	T	G	37844	18659	48	2	1	27	5.28443e-05	37847	1	FALSE	NA	NA	NA	NA	NA	NA
NC_045512.2	28219	T	C	37844	18659	48	1	0	68	2.64222e-05	37847	0.499993	FALSE	NA	NA	NA	NA	NA	NA
NC_045512.2	28220	A	T	37600	18785	49	1	1	20	2.65908e-05	37607	1	FALSE	NA	NA	NA	NA	NA	NA
NC_045512.2	28220	A	C	37600	18785	49	6	0	29	0.000159545	37607	1	FALSE	NA	NA	NA	NA	NA	NA
NC_045512.2	28221	G	T	37938	18665	49	2	1	30	5.27134e-05	37941	1	FALSE	NA	NA	NA	NA	NA	NA
NC_045512.2	28221	G	C	37938	18665	49	1	1	26	2.63567e-05	37941	1	FALSE	NA	NA	NA	NA	NA	NA
NC_045512.2	28222	A	T	37144	18393	48	1	1	20	2.69201e-05	37147	1	FALSE	NA	NA	NA	NA	NA	NA
NC_045512.2	28222	A	G	37144	18393	48	2	2	57	5.38401e-05	37147	0.249997	FALSE	NA	NA	NA	NA	NA	NA
NC_045512.2	28223	G	T	38581	18239	48	1	1	26	2.59155e-05	38587	1	FALSE	NA	NA	NA	NA	NA	NA
NC_045512.2	28223	G	C	38581	18239	48	4	4	28	0.000103662	38587	1	FALSE	NA	NA	NA	NA	NA	NA
NC_045512.2	28223	G	A	38581	18239	48	1	1	34	2.59155e-05	38587	1	FALSE	NA	NA	NA	NA	NA	NA
NC_045512.2	28224	T	G	37221	17802	47	1	0	34	2.68593e-05	37231	1	FALSE	NA	NA	NA	NA	NA	NA
NC_045512.2	28224	T	C	37221	17802	47	2	0	34	5.37187e-05	37231	1	FALSE	NA	NA	NA	NA	NA	NA
NC_045512.2	28224	T	A	37221	17802	47	7	5	26	0.000188015	37231	1	FALSE	NA	NA	NA	NA	NA	NA
NC_045512.2	28225	A	C	40163	18819	49	2	1	30	4.97946e-05	40165	1	FALSE	NA	NA	NA	NA	NA	NA
NC_045512.2	28226	T	G	39696	18297	48	3	0	29	7.55591e-05	39704	1	FALSE	NA	NA	NA	NA	NA	NA
NC_045512.2	28226	T	C	39696	18297	48	1	0	68	2.51864e-05	39704	0.499962	FALSE	NA	NA	NA	NA	NA	NA
NC_045512.2	28226	T	A	39696	18297	48	4	3	28	0.000100746	39704	1	FALSE	NA	NA	NA	NA	NA	NA
NC_045512.2	28227	C	G	39909	18701	48	4	4	26	0.000100213	39915	1	FALSE	NA	NA	NA	NA	NA	NA
NC_045512.2	28227	C	A	39909	18701	48	2	0	23	5.01065e-05	39915	1	FALSE	NA	NA	NA	NA	NA	NA
NC_045512.2	28228	A	T	39736	18906	48	7	2	29	0.000176114	39747	1	FALSE	NA	NA	NA	NA	NA	NA
NC_045512.2	28228	A	G	39736	18906	48	4	0	30	0.000100637	39747	1	FALSE	NA	NA	NA	NA	NA	NA
NC_045512.2	28229	T	G	40270	19095	49	1	1	34	2.48305e-05	40273	1	FALSE	NA	NA	NA	NA	NA	NA
NC_045512.2	28229	T	C	40270	19095	49	1	0	68	2.48305e-05	40273	0.499994	FALSE	NA	NA	NA	NA	NA	NA
NC_045512.2	28229	T	A	40270	19095	49	1	1	27	2.48305e-05	40273	1	FALSE	NA	NA	NA	NA	NA	NA
NC_045512.2	28230	G	T	39220	18876	48	4	2	34	0.000101958	39232	1	FALSE	NA	NA	NA	NA	NA	NA
NC_045512.2	28230	G	C	39220	18876	48	7	5	28	0.000178426	39232	1	FALSE	NA	NA	NA	NA	NA	NA
NC_045512.2	28230	G	A	39220	18876	48	1	0	68	2.54894e-05	39232	0.499936	FALSE	NA	NA	NA	NA	NA	NA
NC_045512.2	28231	A	G	39417	19118	47	1	0	34	2.53691e-05	39418	1	FALSE	NA	NA	NA	NA	NA	NA
NC_045512.2	28232	C	T	38021	17929	49	1	1	68	2.62992e-05	38024	0.499993	FALSE	NA	NA	NA	NA	NA	NA
NC_045512.2	28232	C	G	38021	17929	49	2	1	30	5.25984e-05	38024	1	FALSE	NA	NA	NA	NA	NA	NA
NC_045512.2	28233	G	T	37915	17901	49	4	4	26	0.000105466	37927	1	FALSE	NA	NA	NA	NA	NA	NA
NC_045512.2	28233	G	C	37915	17901	49	4	1	26	0.000105466	37927	1	FALSE	NA	NA	NA	NA	NA	NA
NC_045512.2	28233	G	A	37915	17901	49	4	3	47	0.000105466	37927	0.499899	FALSE	NA	NA	NA	NA	NA	NA
NC_045512.2	28234	T	G	34433	14681	47	22	20	28	0.000638347	34464	1	FALSE	NA	NA	NA	NA	NA	NA
NC_045512.2	28234	T	C	34433	14681	47	3	2	42	8.70474e-05	34464	0.655889	FALSE	NA	NA	NA	NA	NA	NA
NC_045512.2	28234	T	A	34433	14681	47	6	0	26	0.000174095	34464	1	FALSE	NA	NA	NA	NA	NA	NA
NC_045512.2	28235	T	G	36182	16738	51	1	1	20	2.76342e-05	36187	1	FALSE	NA	NA	NA	NA	NA	NA
NC_045512.2	28235	T	C	36182	16738	51	3	3	27	8.29027e-05	36187	1	FALSE	NA	NA	NA	NA	NA	NA
NC_045512.2	28235	T	A	36182	16738	51	1	0	26	2.76342e-05	36187	1	FALSE	NA	NA	NA	NA	NA	NA
NC_045512.2	28236	C	T	35433	16375	50	3	2	68	8.46525e-05	35439	0.124984	FALSE	NA	NA	NA	NA	NA	NA
NC_045512.2	28236	C	G	35433	16375	50	1	1	34	2.82175e-05	35439	1	FALSE	NA	NA	NA	NA	NA	NA
NC_045512.2	28236	C	A	35433	16375	50	2	0	30	5.6435e-05	35439	1	FALSE	NA	NA	NA	NA	NA	NA
NC_045512.2	28237	G	T	35695	16489	50	5	3	46	0.000140036	35705	0.363212	FALSE	NA	NA	NA	NA	NA	NA
NC_045512.2	28237	G	C	35695	16489	50	1	0	27	2.80073e-05	35705	1	FALSE	NA	NA	NA	NA	NA	NA
NC_045512.2	28237	G	A	35695	16489	50	4	0	40	0.000112029	35705	0.499923	FALSE	NA	NA	NA	NA	NA	NA
NC_045512.2	28238	T	G	35652	16588	50	3	2	54	8.41279e-05	35660	0.124974	FALSE	NA	NA	NA	NA	NA	NA
NC_045512.2	28238	T	C	35652	16588	50	2	2	64	5.60852e-05	35660	0.249961	FALSE	NA	NA	NA	NA	NA	NA
NC_045512.2	28238	T	A	35652	16588	50	3	2	29	8.41279e-05	35660	1	FALSE	NA	NA	NA	NA	NA	NA
NC_045512.2	28239	G	T	35661	16256	50	1	1	26	2.80387e-05	35665	1	FALSE	NA	NA	NA	NA	NA	NA
NC_045512.2	28239	G	C	35661	16256	50	2	0	30	5.60774e-05	35665	1	FALSE	NA	NA	NA	NA	NA	NA
NC_045512.2	28239	G	A	35661	16256	50	1	0	68	2.80387e-05	35665	0.499986	FALSE	NA	NA	NA	NA	NA	NA
NC_045512.2	28240	T	G	35616	16549	50	3	3	24	8.42129e-05	35624	1	FALSE	NA	NA	NA	NA	NA	NA
NC_045512.2	28240	T	C	35616	16549	50	4	3	28	0.000112284	35624	1	FALSE	NA	NA	NA	NA	NA	NA
NC_045512.2	28240	T	A	35616	16549	50	1	1	20	2.8071e-05	35624	1	FALSE	NA	NA	NA	NA	NA	NA
NC_045512.2	28241	T	G	35128	16711	51	3	0	45	8.53874e-05	35134	0.65623	FALSE	NA	NA	NA	NA	NA	NA
NC_045512.2	28241	T	C	35128	16711	51	2	2	29	5.69249e-05	35134	1	FALSE	NA	NA	NA	NA	NA	NA
NC_045512.2	28241	T	A	35128	16711	51	1	0	26	2.84625e-05	35134	1	FALSE	NA	NA	NA	NA	NA	NA
NC_045512.2	28241	T	-GTTTTA	35128	16711	51	2	0	20	5.69249e-05	35134	1	FALSE	NA	NA	NA	NA	NA	NA
NC_045512.2	28242	G	T	37290	16897	50	1	1	27	2.68154e-05	37292	1	FALSE	NA	NA	NA	NA	NA	NA
NC_045512.2	28242	G	C	37290	16897	50	1	1	34	2.68154e-05	37292	1	FALSE	NA	NA	NA	NA	NA	NA
NC_045512.2	28243	T	G	36742	16341	49	4	3	26	0.000108844	36750	1	FALSE	NA	NA	NA	NA	NA	NA
NC_045512.2	28243	T	C	36742	16341	49	3	1	45	8.16327e-05	36750	0.656193	FALSE	NA	NA	NA	NA	NA	NA
NC_045512.2	28243	T	A	36742	16341	49	1	0	27	2.72109e-05	36750	1	FALSE	NA	NA	NA	NA	NA	NA
NC_045512.2	28244	T	G	36696	16289	49	1	1	26	2.72465e-05	36702	1	FALSE	NA	NA	NA	NA	NA	NA
NC_045512.2	28244	T	C	36696	16289	49	4	3	51	0.000108986	36702	0.0624881	FALSE	NA	NA	NA	NA	NA	NA
NC_045512.2	28244	T	A	36696	16289	49	1	0	27	2.72465e-05	36702	1	FALSE	NA	NA	NA	NA	NA	NA
NC_045512.2	28245	T	G	36917	16865	50	2	2	30	5.41682e-05	36922	1	FALSE	NA	NA	NA	NA	NA	NA
NC_045512.2	28245	T	C	36917	16865	50	3	2	29	8.12524e-05	36922	1	FALSE	NA	NA	NA	NA	NA	NA
NC_045512.2	28246	T	G	37047	17393	50	1	1	26	2.69906e-05	37050	1	FALSE	NA	NA	NA	NA	NA	NA
NC_045512.2	28246	T	A	37047	17393	50	2	1	26	5.39811e-05	37050	1	FALSE	NA	NA	NA	NA	NA	NA
NC_045512.2	28247	A	T	37302	17709	51	3	2	26	8.04074e-05	37310	1	FALSE	NA	NA	NA	NA	NA	NA
NC_045512.2	28247	A	G	37302	17709	51	4	2	38	0.00010721	37310	1	FALSE	NA	NA	NA	NA	NA	NA
NC_045512.2	28247	A	C	37302	17709	51	1	1	34	2.68025e-05	37310	1	FALSE	NA	NA	NA	NA	NA	NA
NC_045512.2	28247	A	-GATTTC	37302	17709	51	2886	0	20	0.0773498	37311	0	TRUE	NA	NA	NA	NA	NA	NA
NC_045512.2	28248	G	T	34301	15743	51	1	1	26	2.91528e-05	34302	1	FALSE	NA	NA	NA	NA	NA	NA
NC_045512.2	28249	A	T	33208	15943	49	329	72	47	0.00980948	33539	3.12356e-100	TRUE	NA	NA	NA	NA	NA	NA
NC_045512.2	28249	A	C	33208	15943	49	2	2	27	5.96321e-05	33539	1	FALSE	NA	NA	NA	NA	NA	NA
NC_045512.2	28250	T	G	34303	15871	51	1	1	26	2.9146e-05	34310	1	FALSE	NA	NA	NA	NA	NA	NA
NC_045512.2	28250	T	C	34303	15871	51	5	0	59	0.00014573	34310	0.0254089	FALSE	NA	NA	NA	NA	NA	NA
NC_045512.2	28250	T	A	34303	15871	51	1	1	27	2.9146e-05	34310	1	FALSE	NA	NA	NA	NA	NA	NA
NC_045512.2	28251	T	G	31330	13398	49	17	17	27	0.000542213	31353	1	FALSE	NA	NA	NA	NA	NA	NA
NC_045512.2	28251	T	C	31330	13398	49	4	2	34	0.000127579	31353	1	FALSE	NA	NA	NA	NA	NA	NA
NC_045512.2	28251	T	A	31330	13398	49	2	0	26	6.37897e-05	31353	1	FALSE	NA	NA	NA	NA	NA	NA
NC_045512.2	28252	T	C	32312	14799	52	1	1	34	3.09463e-05	32314	1	FALSE	NA	NA	NA	NA	NA	NA
NC_045512.2	28252	T	A	32312	14799	52	1	1	26	3.09463e-05	32314	1	FALSE	NA	NA	NA	NA	NA	NA
NC_045512.2	28253	C	T	32125	14867	52	1	1	27	3.07654e-05	32504	1	FALSE	NA	NA	NA	NA	NA	NA
NC_045512.2	28253	C	G	32125	14867	52	2	2	26	6.15309e-05	32504	1	FALSE	NA	NA	NA	NA	NA	NA
NC_045512.2	28253	C	A	32125	14867	52	376	109	47	0.0115678	32504	2.14478e-115	TRUE	NA	NA	NA	NA	NA	NA
NC_045512.2	28254	A	T	34548	16325	50	1	1	34	2.89369e-05	34558	1	FALSE	NA	NA	NA	NA	NA	NA
NC_045512.2	28254	A	G	34548	16325	50	3	2	54	8.68106e-05	34558	0.124962	FALSE	NA	NA	NA	NA	NA	NA
NC_045512.2	28254	A	C	34548	16325	50	6	3	26	0.000173621	34558	1	FALSE	NA	NA	NA	NA	NA	NA
NC_045512.2	28255	T	A	35387	16751	51	1	1	26	2.82582e-05	35388	1	FALSE	NA	NA	NA	NA	NA	NA
NC_045512.2	28256	C	G	35346	17039	51	1	0	27	2.82901e-05	35348	1	FALSE	NA	NA	NA	NA	NA	NA
NC_045512.2	28256	C	A	35346	17039	51	1	0	34	2.82901e-05	35348	1	FALSE	NA	NA	NA	NA	NA	NA
NC_045512.2	28257	T	C	34898	16497	51	2	2	30	5.73066e-05	34900	1	FALSE	NA	NA	NA	NA	NA	NA
NC_045512.2	28258	A	T	34614	16845	51	1	1	34	2.88834e-05	34622	1	FALSE	NA	NA	NA	NA	NA	NA
NC_045512.2	28258	A	G	34614	16845	51	2	2	51	5.77667e-05	34622	0.24996	FALSE	NA	NA	NA	NA	NA	NA
NC_045512.2	28258	A	C	34614	16845	51	5	1	28	0.000144417	34622	1	FALSE	NA	NA	NA	NA	NA	NA
NC_045512.2	28259	A	G	34328	17014	51	1	0	68	2.9129e-05	34330	0.5	FALSE	NA	NA	NA	NA	NA	NA
NC_045512.2	28259	A	C	34328	17014	51	1	0	27	2.9129e-05	34330	1	FALSE	NA	NA	NA	NA	NA	NA
NC_045512.2	28260	A	T	32972	18169	48	1	1	26	3.0315e-05	32987	1	FALSE	NA	NA	NA	NA	NA	NA
NC_045512.2	28260	A	G	32972	18169	48	6	2	32	0.00018189	32987	0.999998	FALSE	NA	NA	NA	NA	NA	NA
NC_045512.2	28260	A	C	32972	18169	48	8	0	29	0.00024252	32987	1	FALSE	NA	NA	NA	NA	NA	NA
NC_045512.2	28261	C	T	35213	18269	52	2	1	51	5.67908e-05	35217	0.249989	FALSE	NA	NA	NA	NA	NA	NA
NC_045512.2	28261	C	G	35213	18269	52	2	1	26	5.67908e-05	35217	1	FALSE	NA	NA	NA	NA	NA	NA
NC_045512.2	28262	G	T	34955	17974	52	2	2	23	5.72066e-05	34961	1	FALSE	NA	NA	NA	NA	NA	NA
NC_045512.2	28262	G	C	34955	17974	52	4	1	28	0.000114413	34961	1	FALSE	NA	NA	NA	NA	NA	NA
NC_045512.2	28262	G	-A	34955	17974	52	1	0	20	2.86033e-05	34961	1	FALSE	NA	NA	NA	NA	NA	NA
NC_045512.2	28263	A	G	35346	18514	53	2	1	51	5.65787e-05	35349	0.249989	FALSE	NA	NA	NA	NA	NA	NA
NC_045512.2	28263	A	C	35346	18514	53	1	1	27	2.82893e-05	35349	1	FALSE	NA	NA	NA	NA	NA	NA
NC_045512.2	28264	A	G	34648	18644	51	3	2	44	8.65651e-05	34656	0.656203	FALSE	NA	NA	NA	NA	NA	NA
NC_045512.2	28264	A	C	34648	18644	51	5	0	29	0.000144275	34656	1	FALSE	NA	NA	NA	NA	NA	NA
NC_045512.2	28265	C	T	35289	18688	53	1	1	68	2.8335e-05	35292	0.499993	FALSE	NA	NA	NA	NA	NA	NA
NC_045512.2	28265	C	G	35289	18688	53	1	1	26	2.8335e-05	35292	1	FALSE	NA	NA	NA	NA	NA	NA
NC_045512.2	28265	C	A	35289	18688	53	1	0	27	2.8335e-05	35292	1	FALSE	NA	NA	NA	NA	NA	NA
NC_045512.2	28265	C	-A	35289	18688	53	1	0	20	2.8335e-05	35292	1	FALSE	NA	NA	NA	NA	NA	NA
NC_045512.2	28266	A	T	34900	18327	51	1	0	26	2.865e-05	34904	1	FALSE	NA	NA	NA	NA	NA	NA
NC_045512.2	28266	A	G	34900	18327	51	3	2	43	8.595e-05	34904	0.656243	FALSE	NA	NA	NA	NA	NA	NA
NC_045512.2	28267	A	G	36061	18811	53	3	3	34	8.31854e-05	36064	1	FALSE	NA	NA	NA	NA	NA	NA
NC_045512.2	28268	A	T	35618	19164	49	1	1	26	2.80678e-05	35628	1	FALSE	NA	NA	NA	NA	NA	NA
NC_045512.2	28268	A	C	35618	19164	49	9	2	27	0.00025261	35628	1	FALSE	NA	NA	NA	NA	NA	NA
NC_045512.2	28269	C	G	37355	19320	52	1	1	27	2.6768e-05	37358	1	FALSE	NA	NA	NA	NA	NA	NA
NC_045512.2	28269	C	A	37355	19320	52	2	0	26	5.35361e-05	37358	1	FALSE	NA	NA	NA	NA	NA	NA
NC_045512.2	28269	C	-T	37355	19320	52	4	0	20	0.000107072	37358	1	FALSE	NA	NA	NA	NA	NA	NA
NC_045512.2	28269	C	+G	37355	19320	52	1	0	20	2.6768e-05	37358	1	FALSE	NA	NA	NA	NA	NA	NA
NC_045512.2	28269	C	+A	37355	19320	52	1	0	20	2.6768e-05	37358	1	FALSE	NA	NA	NA	NA	NA	NA
NC_045512.2	28270	T	G	37058	18660	51	5	2	28	0.00013488	37070	1	FALSE	NA	NA	NA	NA	NA	NA
NC_045512.2	28270	T	C	37058	18660	51	3	1	38	8.0928e-05	37070	1	FALSE	NA	NA	NA	NA	NA	NA
NC_045512.2	28270	T	A	37058	18660	51	4	3	35	0.000107904	37070	1	FALSE	NA	NA	NA	NA	NA	NA
NC_045512.2	28270	T	-AA	37058	18660	51	1	0	20	2.6976e-05	37070	1	FALSE	NA	NA	NA	NA	NA	NA
NC_045512.2	28270	T	-A	37058	18660	51	3391	0	20	0.0914756	37070	0	TRUE	NA	NA	NA	NA	NA	NA
NC_045512.2	28271	A	T	348	276	43	33709	17364	53	0.989666	34061	0	TRUE	NA	NA	NA	NA	NA	NA
NC_045512.2	28271	A	G	348	276	43	2	1	22	5.87182e-05	34061	0.864773	FALSE	NA	NA	NA	NA	NA	NA
NC_045512.2	28271	A	C	348	276	43	2	1	40	5.87182e-05	34061	0.00083963	TRUE	NA	NA	NA	NA	NA	NA
NC_045512.2	28272	A	T	37568	19411	53	1	1	60	2.66163e-05	37571	0.499993	FALSE	NA	NA	NA	NA	NA	NA
NC_045512.2	28272	A	G	37568	19411	53	2	0	36	5.32325e-05	37571	1	FALSE	NA	NA	NA	NA	NA	NA
NC_045512.2	28273	A	T	36925	19336	52	3	2	26	8.12106e-05	36941	1	FALSE	NA	NA	NA	NA	NA	NA
NC_045512.2	28273	A	G	36925	19336	52	3	1	38	8.12106e-05	36941	1	FALSE	NA	NA	NA	NA	NA	NA
NC_045512.2	28273	A	C	36925	19336	52	10	3	26	0.000270702	36941	1	FALSE	NA	NA	NA	NA	NA	NA
NC_045512.2	28273	A	+TG	36925	19336	52	1	0	20	2.70702e-05	36941	1	FALSE	NA	NA	NA	NA	NA	NA
NC_045512.2	28273	A	+TC	36925	19336	52	1	0	20	2.70702e-05	36941	1	FALSE	NA	NA	NA	NA	NA	NA
NC_045512.2	28274	A	T	35849	18737	50	5	4	36	0.000139435	35859	1	FALSE	NA	NA	NA	NA	NA	NA
NC_045512.2	28274	A	G	35849	18737	50	1	0	68	2.7887e-05	35859	0.499944	FALSE	NA	NA	NA	NA	NA	NA
NC_045512.2	28274	A	C	35849	18737	50	4	1	24	0.000111548	35859	1	FALSE	NA	NA	NA	NA	NA	NA
NC_045512.2	28274	A	-T	35849	18737	50	4	0	20	0.000111548	35859	1	FALSE	NA	NA	NA	NA	NA	NA
NC_045512.2	28275	T	G	37223	19342	53	6	0	27	0.000161152	37232	1	FALSE	NA	NA	NA	NA	NA	NA
NC_045512.2	28275	T	C	37223	19342	53	3	2	40	8.05758e-05	37232	0.656093	FALSE	NA	NA	NA	NA	NA	NA
NC_045512.2	28276	G	T	37334	19485	52	2	0	23	5.35561e-05	37344	1	FALSE	NA	NA	NA	NA	NA	NA
NC_045512.2	28276	G	C	37334	19485	52	7	5	24	0.000187446	37344	1	FALSE	NA	NA	NA	NA	NA	NA
NC_045512.2	28276	G	A	37334	19485	52	1	1	34	2.67781e-05	37344	1	FALSE	NA	NA	NA	NA	NA	NA
NC_045512.2	28277	T	C	36262	18770	53	1	0	34	2.7574e-05	36266	1	FALSE	NA	NA	NA	NA	NA	NA
NC_045512.2	28277	T	A	36262	18770	53	3	1	29	8.27221e-05	36266	1	FALSE	NA	NA	NA	NA	NA	NA
NC_045512.2	28278	C	G	36225	19031	53	1	0	34	2.76045e-05	36226	1	FALSE	NA	NA	NA	NA	NA	NA
NC_045512.2	28279	T	C	36149	18686	53	2	0	51	5.53204e-05	36153	0.24999	FALSE	NA	NA	NA	NA	NA	NA
NC_045512.2	28279	T	A	36149	18686	53	2	2	30	5.53204e-05	36153	1	FALSE	NA	NA	NA	NA	NA	NA
NC_045512.2	28280	G	C	36474	18891	53	3	1	27	8.22436e-05	36477	1	FALSE	NA	NA	NA	NA	NA	NA
NC_045512.2	28281	A	T	37106	19267	53	1	0	24	2.69469e-05	37110	1	FALSE	NA	NA	NA	NA	NA	NA
NC_045512.2	28281	A	G	37106	19267	53	1	1	34	2.69469e-05	37110	1	FALSE	NA	NA	NA	NA	NA	NA
NC_045512.2	28281	A	C	37106	19267	53	2	0	23	5.38938e-05	37110	1	FALSE	NA	NA	NA	NA	NA	NA
NC_045512.2	28282	T	G	36877	18911	52	1	0	27	2.7112e-05	36884	1	FALSE	NA	NA	NA	NA	NA	NA
NC_045512.2	28282	T	C	36877	18911	52	1	1	38	2.7112e-05	36884	1	FALSE	NA	NA	NA	NA	NA	NA
NC_045512.2	28282	T	A	36877	18911	52	5	4	29	0.00013556	36884	1	FALSE	NA	NA	NA	NA	NA	NA
NC_045512.2	28283	A	T	36560	19049	52	1	1	34	2.73501e-05	36563	1	FALSE	NA	NA	NA	NA	NA	NA
NC_045512.2	28283	A	G	36560	19049	52	2	2	30	5.47001e-05	36563	1	FALSE	NA	NA	NA	NA	NA	NA
NC_045512.2	28284	A	T	33170	17482	53	4	0	25	0.000108307	36932	1	FALSE	NA	NA	NA	NA	NA	NA
NC_045512.2	28284	A	G	33170	17482	53	3757	1877	52	0.101727	36932	0	TRUE	NA	NA	NA	NA	NA	NA
NC_045512.2	28284	A	C	33170	17482	53	1	0	34	2.70768e-05	36932	1	FALSE	NA	NA	NA	NA	NA	NA
NC_045512.2	28285	T	G	36267	18991	52	1	1	34	2.75702e-05	36271	1	FALSE	NA	NA	NA	NA	NA	NA
NC_045512.2	28285	T	C	36267	18991	52	3	2	31	8.27107e-05	36271	1	FALSE	NA	NA	NA	NA	NA	NA
NC_045512.2	28286	G	T	36038	18803	52	2	2	44	5.54862e-05	36045	0.812474	FALSE	NA	NA	NA	NA	NA	NA
NC_045512.2	28286	G	C	36038	18803	52	4	4	28	0.000110972	36045	1	FALSE	NA	NA	NA	NA	NA	NA
NC_045512.2	28286	G	A	36038	18803	52	1	1	20	2.77431e-05	36045	1	FALSE	NA	NA	NA	NA	NA	NA
NC_045512.2	28287	G	T	36057	19227	52	2	2	29	5.54585e-05	36063	1	FALSE	NA	NA	NA	NA	NA	NA
NC_045512.2	28287	G	C	36057	19227	52	3	3	31	8.31878e-05	36063	1	FALSE	NA	NA	NA	NA	NA	NA
NC_045512.2	28287	G	A	36057	19227	52	1	0	34	2.77293e-05	36063	1	FALSE	NA	NA	NA	NA	NA	NA
NC_045512.2	28288	A	G	36116	19146	53	1	0	24	2.76863e-05	36119	1	FALSE	NA	NA	NA	NA	NA	NA
NC_045512.2	28288	A	C	36116	19146	53	2	1	29	5.53725e-05	36119	1	FALSE	NA	NA	NA	NA	NA	NA
NC_045512.2	28289	C	T	36644	19481	53	3	1	56	8.18554e-05	36650	0.124985	FALSE	NA	NA	NA	NA	NA	NA
NC_045512.2	28289	C	G	36644	19481	53	1	1	26	2.72851e-05	36650	1	FALSE	NA	NA	NA	NA	NA	NA
NC_045512.2	28289	C	A	36644	19481	53	2	1	34	5.45703e-05	36650	1	FALSE	NA	NA	NA	NA	NA	NA
NC_045512.2	28290	C	T	36008	19306	52	4	3	49	0.000111065	36015	0.49997	FALSE	NA	NA	NA	NA	NA	NA
NC_045512.2	28290	C	G	36008	19306	52	2	0	26	5.55324e-05	36015	1	FALSE	NA	NA	NA	NA	NA	NA
NC_045512.2	28290	C	A	36008	19306	52	1	1	27	2.77662e-05	36015	1	FALSE	NA	NA	NA	NA	NA	NA
NC_045512.2	28291	C	T	36042	19203	52	2	2	47	5.54816e-05	36048	0.812483	FALSE	NA	NA	NA	NA	NA	NA
NC_045512.2	28291	C	A	36042	19203	52	4	2	45	0.000110963	36048	0.499985	FALSE	NA	NA	NA	NA	NA	NA
NC_045512.2	28292	C	T	36259	19363	53	1	1	68	2.75786e-05	36260	0.500007	FALSE	NA	NA	NA	NA	NA	NA
NC_045512.2	28292	C	-A	36259	19363	53	4	0	20	0.000110314	36260	1	FALSE	NA	NA	NA	NA	NA	NA
NC_045512.2	28293	A	G	36213	19347	53	3	1	38	8.2802e-05	36231	1	FALSE	NA	NA	NA	NA	NA	NA
NC_045512.2	28293	A	C	36213	19347	53	15	7	50	0.00041401	36231	3.04355e-05	TRUE	NA	NA	NA	NA	NA	NA
NC_045512.2	28294	A	C	36295	19556	53	3	1	26	8.26492e-05	36298	1	FALSE	NA	NA	NA	NA	NA	NA
NC_045512.2	28295	A	T	35211	19565	49	1	1	26	2.83881e-05	35226	1	FALSE	NA	NA	NA	NA	NA	NA
NC_045512.2	28295	A	G	35211	19565	49	1	1	34	2.83881e-05	35226	1	FALSE	NA	NA	NA	NA	NA	NA
NC_045512.2	28295	A	C	35211	19565	49	13	0	27	0.000369046	35226	1	FALSE	NA	NA	NA	NA	NA	NA
NC_045512.2	28296	A	T	35927	19342	51	1	1	34	2.78288e-05	35934	1	FALSE	NA	NA	NA	NA	NA	NA
NC_045512.2	28296	A	G	35927	19342	51	1	1	34	2.78288e-05	35934	1	FALSE	NA	NA	NA	NA	NA	NA
NC_045512.2	28296	A	C	35927	19342	51	5	3	30	0.000139144	35934	1	FALSE	NA	NA	NA	NA	NA	NA
NC_045512.2	28297	T	G	36287	19687	53	3	3	26	8.26628e-05	36292	1	FALSE	NA	NA	NA	NA	NA	NA
NC_045512.2	28297	T	C	36287	19687	53	1	1	34	2.75543e-05	36292	1	FALSE	NA	NA	NA	NA	NA	NA
NC_045512.2	28297	T	A	36287	19687	53	1	1	34	2.75543e-05	36292	1	FALSE	NA	NA	NA	NA	NA	NA
NC_045512.2	28298	C	T	35629	19351	52	2	0	34	5.61262e-05	35634	1	FALSE	NA	NA	NA	NA	NA	NA
NC_045512.2	28298	C	G	35629	19351	52	2	2	30	5.61262e-05	35634	1	FALSE	NA	NA	NA	NA	NA	NA
NC_045512.2	28298	C	A	35629	19351	52	1	0	27	2.80631e-05	35634	1	FALSE	NA	NA	NA	NA	NA	NA
NC_045512.2	28299	A	T	35023	18906	52	6	1	36	0.000171248	35037	1	FALSE	NA	NA	NA	NA	NA	NA
NC_045512.2	28299	A	G	35023	18906	52	8	4	50	0.00022833	35037	0.00390246	TRUE	NA	NA	NA	NA	NA	NA
NC_045512.2	28300	G	C	35644	18994	53	2	0	20	5.61057e-05	35647	1	FALSE	NA	NA	NA	NA	NA	NA
NC_045512.2	28300	G	A	35644	18994	53	1	0	68	2.80529e-05	35647	0.499993	FALSE	NA	NA	NA	NA	NA	NA
NC_045512.2	28301	C	T	35683	19305	53	6	2	49	0.00016811	35691	0.253879	FALSE	NA	NA	NA	NA	NA	NA
NC_045512.2	28301	C	G	35683	19305	53	1	1	20	2.80183e-05	35691	1	FALSE	NA	NA	NA	NA	NA	NA
NC_045512.2	28301	C	A	35683	19305	53	1	0	26	2.80183e-05	35691	1	FALSE	NA	NA	NA	NA	NA	NA
NC_045512.2	28302	G	T	36538	19461	53	2	1	26	5.47256e-05	36546	1	FALSE	NA	NA	NA	NA	NA	NA
NC_045512.2	28302	G	C	36538	19461	53	2	1	30	5.47256e-05	36546	1	FALSE	NA	NA	NA	NA	NA	NA
NC_045512.2	28302	G	A	36538	19461	53	4	0	59	0.000109451	36546	0.0624846	FALSE	NA	NA	NA	NA	NA	NA
NC_045512.2	28303	A	T	36831	19665	53	1	1	26	2.71459e-05	36838	1	FALSE	NA	NA	NA	NA	NA	NA
NC_045512.2	28303	A	G	36831	19665	53	2	1	47	5.42918e-05	36838	0.812475	FALSE	NA	NA	NA	NA	NA	NA
NC_045512.2	28303	A	C	36831	19665	53	4	4	30	0.000108584	36838	1	FALSE	NA	NA	NA	NA	NA	NA
NC_045512.2	28304	A	G	36248	19554	52	3	2	32	8.27426e-05	36257	1	FALSE	NA	NA	NA	NA	NA	NA
NC_045512.2	28304	A	C	36248	19554	52	6	0	29	0.000165485	36257	1	FALSE	NA	NA	NA	NA	NA	NA
NC_045512.2	28305	A	T	36867	19509	53	2	2	30	5.42432e-05	36871	1	FALSE	NA	NA	NA	NA	NA	NA
NC_045512.2	28305	A	G	36867	19509	53	1	0	26	2.71216e-05	36871	1	FALSE	NA	NA	NA	NA	NA	NA
NC_045512.2	28305	A	C	36867	19509	53	1	1	34	2.71216e-05	36871	1	FALSE	NA	NA	NA	NA	NA	NA
NC_045512.2	28306	T	G	36924	19526	53	1	1	26	2.70805e-05	36927	1	FALSE	NA	NA	NA	NA	NA	NA
NC_045512.2	28306	T	C	36924	19526	53	2	0	46	5.41609e-05	36927	0.812508	FALSE	NA	NA	NA	NA	NA	NA
NC_045512.2	28307	G	T	37011	19429	52	3	2	25	8.10307e-05	37023	1	FALSE	NA	NA	NA	NA	NA	NA
NC_045512.2	28307	G	C	37011	19429	52	5	4	26	0.000135051	37023	1	FALSE	NA	NA	NA	NA	NA	NA
NC_045512.2	28307	G	A	37011	19429	52	4	0	42	0.000108041	37023	0.499897	FALSE	NA	NA	NA	NA	NA	NA
NC_045512.2	28307	G	+ACA	37011	19429	52	1	0	20	2.70102e-05	37023	1	FALSE	NA	NA	NA	NA	NA	NA
NC_045512.2	28308	C	G	37390	20092	52	1	0	26	2.6743e-05	37393	1	FALSE	NA	NA	NA	NA	NA	NA
NC_045512.2	28308	C	A	37390	20092	52	2	0	26	5.34859e-05	37393	1	FALSE	NA	NA	NA	NA	NA	NA
NC_045512.2	28309	A	T	36866	19797	52	2	1	30	5.42373e-05	36875	1	FALSE	NA	NA	NA	NA	NA	NA
NC_045512.2	28309	A	G	36866	19797	52	1	1	34	2.71186e-05	36875	1	FALSE	NA	NA	NA	NA	NA	NA
NC_045512.2	28309	A	C	36866	19797	52	6	0	29	0.000162712	36875	1	FALSE	NA	NA	NA	NA	NA	NA
NC_045512.2	28310	C	G	37382	19989	53	4	0	26	0.000106992	37386	1	FALSE	NA	NA	NA	NA	NA	NA
NC_045512.2	28311	C	T	3597	1772	53	32727	17424	53	0.9009	36327	0	TRUE	NA	NA	NA	NA	NA	NA
NC_045512.2	28311	C	G	3597	1772	53	1	1	26	2.75277e-05	36327	1	FALSE	NA	NA	NA	NA	NA	NA
NC_045512.2	28311	C	A	3597	1772	53	2	0	26	5.50555e-05	36327	1	FALSE	NA	NA	NA	NA	NA	NA
NC_045512.2	28312	C	G	37518	19698	53	2	2	34	5.33035e-05	37521	1	FALSE	NA	NA	NA	NA	NA	NA
NC_045512.2	28312	C	A	37518	19698	53	1	1	34	2.66517e-05	37521	1	FALSE	NA	NA	NA	NA	NA	NA
NC_045512.2	28313	C	T	37271	19843	53	2	1	51	5.36481e-05	37280	0.249956	FALSE	NA	NA	NA	NA	NA	NA
NC_045512.2	28313	C	G	37271	19843	53	6	1	25	0.000160944	37280	1	FALSE	NA	NA	NA	NA	NA	NA
NC_045512.2	28313	C	A	37271	19843	53	1	0	26	2.6824e-05	37280	1	FALSE	NA	NA	NA	NA	NA	NA
NC_045512.2	28314	G	T	38662	19510	52	3	1	29	7.75695e-05	38675	1	FALSE	NA	NA	NA	NA	NA	NA
NC_045512.2	28314	G	C	38662	19510	52	3	0	22	7.75695e-05	38675	1	FALSE	NA	NA	NA	NA	NA	NA
NC_045512.2	28314	G	A	38662	19510	52	7	2	57	0.000180995	38675	0.00780684	TRUE	NA	NA	NA	NA	NA	NA
NC_045512.2	28315	C	T	39041	19989	53	1	0	34	2.56102e-05	39047	1	FALSE	NA	NA	NA	NA	NA	NA
NC_045512.2	28315	C	G	39041	19989	53	4	2	24	0.000102441	39047	1	FALSE	NA	NA	NA	NA	NA	NA
NC_045512.2	28315	C	A	39041	19989	53	1	0	26	2.56102e-05	39047	1	FALSE	NA	NA	NA	NA	NA	NA
NC_045512.2	28316	A	T	38375	19998	51	1	0	26	2.60485e-05	38390	1	FALSE	NA	NA	NA	NA	NA	NA
NC_045512.2	28316	A	C	38375	19998	51	14	1	26	0.000364678	38390	1	FALSE	NA	NA	NA	NA	NA	NA
NC_045512.2	28317	T	G	38632	19823	53	8	0	27	0.000207018	38644	1	FALSE	NA	NA	NA	NA	NA	NA
NC_045512.2	28317	T	C	38632	19823	53	4	2	40	0.000103509	38644	0.499901	FALSE	NA	NA	NA	NA	NA	NA
NC_045512.2	28318	T	G	38730	19876	53	2	2	26	5.16249e-05	38741	1	FALSE	NA	NA	NA	NA	NA	NA
NC_045512.2	28318	T	C	38730	19876	53	7	7	29	0.000180687	38741	1	FALSE	NA	NA	NA	NA	NA	NA
NC_045512.2	28318	T	A	38730	19876	53	2	1	26	5.16249e-05	38741	1	FALSE	NA	NA	NA	NA	NA	NA
NC_045512.2	28319	A	T	39514	20250	51	7	1	25	0.000177108	39524	1	FALSE	NA	NA	NA	NA	NA	NA
NC_045512.2	28319	A	G	39514	20250	51	2	1	32	5.06022e-05	39524	1	FALSE	NA	NA	NA	NA	NA	NA
NC_045512.2	28319	A	C	39514	20250	51	1	1	27	2.53011e-05	39524	1	FALSE	NA	NA	NA	NA	NA	NA
NC_045512.2	28320	C	T	39821	20588	52	6	4	42	0.000150614	39837	0.253783	FALSE	NA	NA	NA	NA	NA	NA
NC_045512.2	28320	C	G	39821	20588	52	8	1	30	0.000200818	39837	0.999999	FALSE	NA	NA	NA	NA	NA	NA
NC_045512.2	28320	C	A	39821	20588	52	2	1	30	5.02046e-05	39837	1	FALSE	NA	NA	NA	NA	NA	NA
NC_045512.2	28321	G	C	39218	19933	52	2	0	30	5.09918e-05	39222	1	FALSE	NA	NA	NA	NA	NA	NA
NC_045512.2	28321	G	A	39218	19933	52	2	2	60	5.09918e-05	39222	0.24999	FALSE	NA	NA	NA	NA	NA	NA
NC_045512.2	28322	T	G	38293	19163	51	2	1	23	5.22234e-05	38297	1	FALSE	NA	NA	NA	NA	NA	NA
NC_045512.2	28322	T	C	38293	19163	51	1	1	26	2.61117e-05	38297	1	FALSE	NA	NA	NA	NA	NA	NA
NC_045512.2	28322	T	A	38293	19163	51	1	0	26	2.61117e-05	38297	1	FALSE	NA	NA	NA	NA	NA	NA
NC_045512.2	28323	T	G	36468	17672	51	11	10	27	0.000301502	36484	1	FALSE	NA	NA	NA	NA	NA	NA
NC_045512.2	28323	T	C	36468	17672	51	3	2	35	8.22278e-05	36484	1	FALSE	NA	NA	NA	NA	NA	NA
NC_045512.2	28323	T	A	36468	17672	51	2	0	23	5.48186e-05	36484	1	FALSE	NA	NA	NA	NA	NA	NA
NC_045512.2	28324	T	A	37399	18769	53	2	0	26	5.34745e-05	37401	1	FALSE	NA	NA	NA	NA	NA	NA
NC_045512.2	28325	G	T	37365	18597	53	3	3	28	8.02332e-05	37391	1	FALSE	NA	NA	NA	NA	NA	NA
NC_045512.2	28325	G	A	37365	18597	53	23	10	49	0.000615121	37391	4.38514e-05	TRUE	NA	NA	NA	NA	NA	NA
NC_045512.2	28326	G	T	37266	18707	52	2	0	47	5.36596e-05	37272	0.812483	FALSE	NA	NA	NA	NA	NA	NA
NC_045512.2	28326	G	C	37266	18707	52	2	0	30	5.36596e-05	37272	1	FALSE	NA	NA	NA	NA	NA	NA
NC_045512.2	28326	G	A	37266	18707	52	2	1	47	5.36596e-05	37272	0.812483	FALSE	NA	NA	NA	NA	NA	NA
NC_045512.2	28327	T	G	36625	18017	52	4	4	26	0.000109191	36633	1	FALSE	NA	NA	NA	NA	NA	NA
NC_045512.2	28327	T	C	36625	18017	52	2	0	29	5.45956e-05	36633	1	FALSE	NA	NA	NA	NA	NA	NA
NC_045512.2	28327	T	A	36625	18017	52	2	0	27	5.45956e-05	36633	1	FALSE	NA	NA	NA	NA	NA	NA
NC_045512.2	28328	G	T	36391	18188	53	1	0	34	2.7474e-05	36398	1	FALSE	NA	NA	NA	NA	NA	NA
NC_045512.2	28328	G	C	36391	18188	53	1	1	26	2.7474e-05	36398	1	FALSE	NA	NA	NA	NA	NA	NA
NC_045512.2	28328	G	A	36391	18188	53	5	4	47	0.00013737	36398	0.363259	FALSE	NA	NA	NA	NA	NA	NA
NC_045512.2	28329	G	T	36117	18573	53	1	0	20	2.76863e-05	36119	1	FALSE	NA	NA	NA	NA	NA	NA
NC_045512.2	28329	G	A	36117	18573	53	1	1	34	2.76863e-05	36119	1	FALSE	NA	NA	NA	NA	NA	NA
NC_045512.2	28330	A	T	36053	18497	54	3	0	40	8.31901e-05	36062	0.656191	FALSE	NA	NA	NA	NA	NA	NA
NC_045512.2	28330	A	G	36053	18497	54	5	3	56	0.00013865	36062	0.0312392	FALSE	NA	NA	NA	NA	NA	NA
NC_045512.2	28330	A	C	36053	18497	54	1	0	26	2.773e-05	36062	1	FALSE	NA	NA	NA	NA	NA	NA
NC_045512.2	28331	C	T	36505	18705	53	1	1	27	2.73883e-05	36512	1	FALSE	NA	NA	NA	NA	NA	NA
NC_045512.2	28331	C	G	36505	18705	53	5	0	29	0.000136941	36512	1	FALSE	NA	NA	NA	NA	NA	NA
NC_045512.2	28331	C	A	36505	18705	53	1	1	27	2.73883e-05	36512	1	FALSE	NA	NA	NA	NA	NA	NA
NC_045512.2	28332	C	G	36178	18764	52	4	1	28	0.000110543	36185	1	FALSE	NA	NA	NA	NA	NA	NA
NC_045512.2	28332	C	A	36178	18764	52	3	1	25	8.29073e-05	36185	1	FALSE	NA	NA	NA	NA	NA	NA
NC_045512.2	28333	C	G	36544	20064	51	2	0	26	5.47211e-05	36549	1	FALSE	NA	NA	NA	NA	NA	NA
NC_045512.2	28333	C	A	36544	20064	51	3	1	31	8.20816e-05	36549	1	FALSE	NA	NA	NA	NA	NA	NA
NC_045512.2	28334	T	G	36124	19622	51	2	0	23	5.53434e-05	36138	1	FALSE	NA	NA	NA	NA	NA	NA
NC_045512.2	28334	T	C	36124	19622	51	6	4	48	0.00016603	36138	0.253797	FALSE	NA	NA	NA	NA	NA	NA
NC_045512.2	28334	T	A	36124	19622	51	6	1	38	0.00016603	36138	1	FALSE	NA	NA	NA	NA	NA	NA
NC_045512.2	28335	C	T	36359	19950	51	2	0	47	5.5001e-05	36363	0.8125	FALSE	NA	NA	NA	NA	NA	NA
NC_045512.2	28335	C	G	36359	19950	51	1	1	68	2.75005e-05	36363	0.499986	FALSE	NA	NA	NA	NA	NA	NA
NC_045512.2	28335	C	A	36359	19950	51	1	0	34	2.75005e-05	36363	1	FALSE	NA	NA	NA	NA	NA	NA
NC_045512.2	28336	A	T	36400	20160	51	1	0	34	2.74665e-05	36408	1	FALSE	NA	NA	NA	NA	NA	NA
NC_045512.2	28336	A	G	36400	20160	51	4	1	59	0.000109866	36408	0.0624846	FALSE	NA	NA	NA	NA	NA	NA
NC_045512.2	28336	A	C	36400	20160	51	3	0	28	8.23995e-05	36408	1	FALSE	NA	NA	NA	NA	NA	NA
NC_045512.2	28337	G	T	36660	19980	51	1	1	26	2.72747e-05	36664	1	FALSE	NA	NA	NA	NA	NA	NA
NC_045512.2	28337	G	C	36660	19980	51	3	1	24	8.18241e-05	36664	1	FALSE	NA	NA	NA	NA	NA	NA
NC_045512.2	28338	A	T	36990	20344	51	1	0	27	2.70314e-05	36994	1	FALSE	NA	NA	NA	NA	NA	NA
NC_045512.2	28338	A	G	36990	20344	51	3	2	25	8.10942e-05	36994	1	FALSE	NA	NA	NA	NA	NA	NA
NC_045512.2	28339	T	G	36611	20319	50	1	0	27	2.73105e-05	36616	1	FALSE	NA	NA	NA	NA	NA	NA
NC_045512.2	28339	T	C	36611	20319	50	4	3	35	0.000109242	36616	1	FALSE	NA	NA	NA	NA	NA	NA
NC_045512.2	28340	T	G	35846	19656	50	2	1	26	5.57818e-05	35854	1	FALSE	NA	NA	NA	NA	NA	NA
NC_045512.2	28340	T	C	35846	19656	50	2	0	29	5.57818e-05	35854	1	FALSE	NA	NA	NA	NA	NA	NA
NC_045512.2	28340	T	A	35846	19656	50	4	0	26	0.000111564	35854	1	FALSE	NA	NA	NA	NA	NA	NA
NC_045512.2	28341	C	T	35937	19979	50	1	1	20	2.78226e-05	35942	1	FALSE	NA	NA	NA	NA	NA	NA
NC_045512.2	28341	C	G	35937	19979	50	2	1	47	5.56452e-05	35942	0.812491	FALSE	NA	NA	NA	NA	NA	NA
NC_045512.2	28341	C	A	35937	19979	50	2	0	26	5.56452e-05	35942	1	FALSE	NA	NA	NA	NA	NA	NA
NC_045512.2	28342	A	G	35452	19713	50	4	4	42	0.000112806	35459	0.499969	FALSE	NA	NA	NA	NA	NA	NA
NC_045512.2	28342	A	C	35452	19713	50	3	0	24	8.46048e-05	35459	1	FALSE	NA	NA	NA	NA	NA	NA
NC_045512.2	28343	A	T	34370	19835	47	1	1	27	2.90867e-05	34380	1	FALSE	NA	NA	NA	NA	NA	NA
NC_045512.2	28343	A	G	34370	19835	47	1	1	68	2.90867e-05	34380	0.499942	FALSE	NA	NA	NA	NA	NA	NA
NC_045512.2	28343	A	C	34370	19835	47	8	0	25	0.000232693	34380	1	FALSE	NA	NA	NA	NA	NA	NA
NC_045512.2	28344	C	T	35493	20175	49	1	0	46	2.81706e-05	35498	0.937495	FALSE	NA	NA	NA	NA	NA	NA
NC_045512.2	28344	C	G	35493	20175	49	2	0	32	5.63412e-05	35498	1	FALSE	NA	NA	NA	NA	NA	NA
NC_045512.2	28344	C	A	35493	20175	49	2	0	26	5.63412e-05	35498	1	FALSE	NA	NA	NA	NA	NA	NA
NC_045512.2	28345	T	G	35430	19706	50	1	1	26	2.82215e-05	35434	1	FALSE	NA	NA	NA	NA	NA	NA
NC_045512.2	28345	T	C	35430	19706	50	3	2	50	8.46644e-05	35434	0.124995	FALSE	NA	NA	NA	NA	NA	NA
NC_045512.2	28345	T	-G	35430	19706	50	1	0	20	2.82215e-05	35434	1	FALSE	NA	NA	NA	NA	NA	NA
NC_045512.2	28346	G	C	35209	19498	50	1	0	20	2.83978e-05	35214	1	FALSE	NA	NA	NA	NA	NA	NA
NC_045512.2	28346	G	A	35209	19498	50	4	1	55	0.000113591	35214	0.0624911	FALSE	NA	NA	NA	NA	NA	NA
NC_045512.2	28347	G	T	35771	19454	50	7	5	29	0.000195645	35779	1	FALSE	NA	NA	NA	NA	NA	NA
NC_045512.2	28347	G	C	35771	19454	50	1	0	26	2.79494e-05	35779	1	FALSE	NA	NA	NA	NA	NA	NA
NC_045512.2	28348	C	T	36071	20029	50	7	4	45	0.000193997	36083	0.171812	FALSE	NA	NA	NA	NA	NA	NA
NC_045512.2	28348	C	G	36071	20029	50	3	2	26	8.31416e-05	36083	1	FALSE	NA	NA	NA	NA	NA	NA
NC_045512.2	28348	C	A	36071	20029	50	2	1	47	5.54278e-05	36083	0.812431	FALSE	NA	NA	NA	NA	NA	NA
NC_045512.2	28349	A	T	36165	20185	50	1	1	26	2.76434e-05	36175	1	FALSE	NA	NA	NA	NA	NA	NA
NC_045512.2	28349	A	G	36165	20185	50	5	2	52	0.000138217	36175	0.031237	FALSE	NA	NA	NA	NA	NA	NA
NC_045512.2	28349	A	C	36165	20185	50	4	0	26	0.000110574	36175	1	FALSE	NA	NA	NA	NA	NA	NA
NC_045512.2	28350	G	C	36080	19985	50	3	3	29	8.31324e-05	36087	1	FALSE	NA	NA	NA	NA	NA	NA
NC_045512.2	28350	G	A	36080	19985	50	4	3	42	0.000110843	36087	0.49997	FALSE	NA	NA	NA	NA	NA	NA
NC_045512.2	28350	G	+T	36080	19985	50	1	0	20	2.77108e-05	36087	1	FALSE	NA	NA	NA	NA	NA	NA
NC_045512.2	28351	T	A	35496	19842	50	1	0	20	2.81714e-05	35497	1	FALSE	NA	NA	NA	NA	NA	NA
NC_045512.2	28352	A	T	36050	20404	51	2	1	30	5.54708e-05	36055	1	FALSE	NA	NA	NA	NA	NA	NA
NC_045512.2	28352	A	C	36050	20404	51	3	3	27	8.32062e-05	36055	1	FALSE	NA	NA	NA	NA	NA	NA
NC_045512.2	28353	A	G	35885	20363	51	2	1	51	5.57274e-05	35889	0.24999	FALSE	NA	NA	NA	NA	NA	NA
NC_045512.2	28353	A	C	35885	20363	51	2	1	29	5.57274e-05	35889	1	FALSE	NA	NA	NA	NA	NA	NA
NC_045512.2	28354	C	T	35918	20371	51	1	1	34	2.78389e-05	35921	1	FALSE	NA	NA	NA	NA	NA	NA
NC_045512.2	28354	C	G	35918	20371	51	1	0	27	2.78389e-05	35921	1	FALSE	NA	NA	NA	NA	NA	NA
NC_045512.2	28354	C	A	35918	20371	51	1	1	27	2.78389e-05	35921	1	FALSE	NA	NA	NA	NA	NA	NA
NC_045512.2	28355	C	G	35804	20452	50	4	0	27	0.000111707	35808	1	FALSE	NA	NA	NA	NA	NA	NA
NC_045512.2	28356	A	T	34223	19372	48	2	0	23	5.84283e-05	34230	1	FALSE	NA	NA	NA	NA	NA	NA
NC_045512.2	28356	A	G	34223	19372	48	1	0	60	2.92141e-05	34230	0.499963	FALSE	NA	NA	NA	NA	NA	NA
NC_045512.2	28356	A	C	34223	19372	48	4	0	25	0.000116857	34230	1	FALSE	NA	NA	NA	NA	NA	NA
NC_045512.2	28357	G	C	34940	19602	51	3	1	31	8.58492e-05	34945	1	FALSE	NA	NA	NA	NA	NA	NA
NC_045512.2	28357	G	A	34940	19602	51	2	2	51	5.72328e-05	34945	0.249982	FALSE	NA	NA	NA	NA	NA	NA
NC_045512.2	28357	G	-A	34940	19602	51	1	0	20	2.86164e-05	34945	1	FALSE	NA	NA	NA	NA	NA	NA
NC_045512.2	28359	A	T	34973	19803	50	1	0	20	2.85894e-05	34978	1	FALSE	NA	NA	NA	NA	NA	NA
NC_045512.2	28359	A	G	34973	19803	50	3	1	40	8.57682e-05	34978	0.656243	FALSE	NA	NA	NA	NA	NA	NA
NC_045512.2	28359	A	C	34973	19803	50	1	0	26	2.85894e-05	34978	1	FALSE	NA	NA	NA	NA	NA	NA
NC_045512.2	28359	A	-TGGAGAACG	34973	19803	50	2	0	20	5.71788e-05	34978	1	FALSE	NA	NA	NA	NA	NA	NA
NC_045512.2	28360	T	G	35036	19848	50	2	0	26	5.70793e-05	35039	1	FALSE	NA	NA	NA	NA	NA	NA
NC_045512.2	28360	T	C	35036	19848	50	1	0	46	2.85396e-05	35039	0.937502	FALSE	NA	NA	NA	NA	NA	NA
NC_045512.2	28360	T	-GGAGAACGC	35036	19848	50	52	0	20	0.00148406	35039	1	FALSE	NA	NA	NA	NA	NA	NA
NC_045512.2	28361	G	A	33841	18738	50	1	0	34	2.95491e-05	33842	1	FALSE	NA	NA	NA	NA	NA	NA
NC_045512.2	28361	G	-GAGAACGCA	33841	18738	50	25960	0	20	0.767049	33844	0	TRUE	NA	NA	NA	NA	NA	NA
NC_045512.2	28362	G	T	8137	4700	46	1	0	26	0.00012288	8138	1	FALSE	NA	NA	NA	NA	NA	NA
NC_045512.2	28362	G	-AGAACGCAGT	8137	4700	46	3	0	20	8.64977e-05	34683	1	FALSE	NA	NA	NA	NA	NA	NA
NC_045512.2	28362	G	-AGAACGCA	8137	4700	46	1	0	20	2.88326e-05	34683	1	FALSE	NA	NA	NA	NA	NA	NA
NC_045512.2	28363	A	T	3881	1861	51	384	35	33	0.0900352	4265	0	TRUE	NA	NA	NA	NA	NA	NA
NC_045512.2	28363	A	-GAACGCAGT	3881	1861	51	2	0	20	6.49077e-05	30813	1	FALSE	NA	NA	NA	NA	NA	NA
NC_045512.2	28364	G	-AACGCA	4177	1871	50	1	0	20	3.25277e-05	30743	1	FALSE	NA	NA	NA	NA	NA	NA
NC_045512.2	28365	A	G	3774	1847	49	1	0	26	0.000264901	3775	1	FALSE	NA	NA	NA	NA	NA	NA
NC_045512.2	28366	A	T	3877	1852	50	1	1	34	0.000257798	3879	0.975728	FALSE	NA	NA	NA	NA	NA	NA
NC_045512.2	28366	A	C	3877	1852	50	1	1	27	0.000257798	3879	1	FALSE	NA	NA	NA	NA	NA	NA
NC_045512.2	28367	C	G	3951	1890	51	1	0	26	0.000253036	3952	1	FALSE	NA	NA	NA	NA	NA	NA
NC_045512.2	28368	G	A	3913	1854	50	3	2	45	0.000766088	3916	0.0226059	FALSE	NA	NA	NA	NA	NA	NA
NC_045512.2	28370	A	G	3903	1857	51	693	166	46	0.150783	4596	0	TRUE	NA	NA	NA	NA	NA	NA
NC_045512.2	28371	G	T	35159	18316	51	2	0	68	5.68747e-05	35165	0.249833	FALSE	NA	NA	NA	NA	NA	NA
NC_045512.2	28371	G	C	35159	18316	51	3	3	28	8.53121e-05	35165	1	FALSE	NA	NA	NA	NA	NA	NA
NC_045512.2	28371	G	A	35159	18316	51	1	0	34	2.84374e-05	35165	1	FALSE	NA	NA	NA	NA	NA	NA
NC_045512.2	28371	G	+C	35159	18316	51	1	0	20	2.84212e-05	35185	1	FALSE	NA	NA	NA	NA	NA	NA
NC_045512.2	28372	T	C	35188	18371	51	1	1	24	2.84172e-05	35190	1	FALSE	NA	NA	NA	NA	NA	NA
NC_045512.2	28372	T	A	35188	18371	51	1	0	27	2.84172e-05	35190	1	FALSE	NA	NA	NA	NA	NA	NA
NC_045512.2	28373	G	T	35156	18275	51	2	2	47	5.68844e-05	35159	0.812509	FALSE	NA	NA	NA	NA	NA	NA
NC_045512.2	28373	G	A	35156	18275	51	1	0	34	2.84422e-05	35159	1	FALSE	NA	NA	NA	NA	NA	NA
NC_045512.2	28374	G	T	35026	18207	51	3	2	34	8.56384e-05	35031	1	FALSE	NA	NA	NA	NA	NA	NA
NC_045512.2	28374	G	A	35026	18207	51	2	0	64	5.70923e-05	35031	0.249982	FALSE	NA	NA	NA	NA	NA	NA
NC_045512.2	28375	G	T	34926	18034	51	1	1	27	2.86287e-05	34930	1	FALSE	NA	NA	NA	NA	NA	NA
NC_045512.2	28375	G	C	34926	18034	51	2	2	30	5.72574e-05	34930	1	FALSE	NA	NA	NA	NA	NA	NA
NC_045512.2	28375	G	A	34926	18034	51	1	0	68	2.86287e-05	34930	0.499986	FALSE	NA	NA	NA	NA	NA	NA
NC_045512.2	28375	G	+T	34926	18034	51	1	0	20	2.86287e-05	34930	1	FALSE	NA	NA	NA	NA	NA	NA
NC_045512.2	28376	G	T	34703	17857	51	3	3	28	8.64329e-05	34709	1	FALSE	NA	NA	NA	NA	NA	NA
NC_045512.2	28376	G	C	34703	17857	51	3	1	24	8.64329e-05	34709	1	FALSE	NA	NA	NA	NA	NA	NA
NC_045512.2	28377	C	T	34402	18438	50	2	1	46	5.8126e-05	34408	0.812482	FALSE	NA	NA	NA	NA	NA	NA
NC_045512.2	28377	C	G	34402	18438	50	3	0	26	8.7189e-05	34408	1	FALSE	NA	NA	NA	NA	NA	NA
NC_045512.2	28377	C	A	34402	18438	50	1	1	34	2.9063e-05	34408	1	FALSE	NA	NA	NA	NA	NA	NA
NC_045512.2	28378	G	T	34854	18077	51	2	2	30	5.73691e-05	34862	1	FALSE	NA	NA	NA	NA	NA	NA
NC_045512.2	28378	G	C	34854	18077	51	2	1	27	5.73691e-05	34862	1	FALSE	NA	NA	NA	NA	NA	NA
NC_045512.2	28378	G	A	34854	18077	51	4	2	42	0.000114738	34862	0.499953	FALSE	NA	NA	NA	NA	NA	NA
NC_045512.2	28379	C	T	34792	18297	51	1	1	68	2.87406e-05	34794	0.5	FALSE	NA	NA	NA	NA	NA	NA
NC_045512.2	28379	C	G	34792	18297	51	1	0	27	2.87406e-05	34794	1	FALSE	NA	NA	NA	NA	NA	NA
NC_045512.2	28380	G	T	35811	18514	52	1	1	68	2.79166e-05	35821	0.499944	FALSE	NA	NA	NA	NA	NA	NA
NC_045512.2	28380	G	A	35811	18514	52	9	5	53	0.000251249	35821	0.00195214	TRUE	NA	NA	NA	NA	NA	NA
NC_045512.2	28381	A	G	36158	18819	52	2	0	40	5.53082e-05	36161	0.812509	FALSE	NA	NA	NA	NA	NA	NA
NC_045512.2	28381	A	C	36158	18819	52	1	0	24	2.76541e-05	36161	1	FALSE	NA	NA	NA	NA	NA	NA
NC_045512.2	28382	T	C	35778	18715	51	2	1	30	5.58971e-05	35780	1	FALSE	NA	NA	NA	NA	NA	NA
NC_045512.2	28383	C	T	35988	19058	51	2	0	51	5.55679e-05	35992	0.24999	FALSE	NA	NA	NA	NA	NA	NA
NC_045512.2	28383	C	G	35988	19058	51	1	0	27	2.7784e-05	35992	1	FALSE	NA	NA	NA	NA	NA	NA
NC_045512.2	28383	C	A	35988	19058	51	1	0	68	2.7784e-05	35992	0.499986	FALSE	NA	NA	NA	NA	NA	NA
NC_045512.2	28383	C	-A	35988	19058	51	3	0	20	8.33519e-05	35992	1	FALSE	NA	NA	NA	NA	NA	NA
NC_045512.2	28384	A	G	35932	19164	51	1	0	34	2.78296e-05	35933	1	FALSE	NA	NA	NA	NA	NA	NA
NC_045512.2	28385	A	G	36682	19832	50	2	1	34	5.45152e-05	36687	1	FALSE	NA	NA	NA	NA	NA	NA
NC_045512.2	28385	A	C	36682	19832	50	3	0	40	8.17728e-05	36687	0.656244	FALSE	NA	NA	NA	NA	NA	NA
NC_045512.2	28386	A	T	36596	19698	50	1	0	27	2.73246e-05	36597	1	FALSE	NA	NA	NA	NA	NA	NA
NC_045512.2	28387	A	G	36491	19826	50	3	1	54	8.21963e-05	36498	0.124979	FALSE	NA	NA	NA	NA	NA	NA
NC_045512.2	28387	A	C	36491	19826	50	4	0	28	0.000109595	36498	1	FALSE	NA	NA	NA	NA	NA	NA
NC_045512.2	28388	C	A	36700	19901	50	1	0	27	2.72472e-05	36701	1	FALSE	NA	NA	NA	NA	NA	NA
NC_045512.2	28389	A	C	35833	19546	51	4	3	35	0.000111616	35837	1	FALSE	NA	NA	NA	NA	NA	NA
NC_045512.2	28390	A	T	35825	19708	51	2	2	26	5.58129e-05	35834	1	FALSE	NA	NA	NA	NA	NA	NA
NC_045512.2	28390	A	G	35825	19708	51	4	1	36	0.000111626	35834	1	FALSE	NA	NA	NA	NA	NA	NA
NC_045512.2	28390	A	C	35825	19708	51	3	1	26	8.37194e-05	35834	1	FALSE	NA	NA	NA	NA	NA	NA
NC_045512.2	28391	C	T	36131	20432	52	2	1	51	5.53357e-05	36143	0.249934	FALSE	NA	NA	NA	NA	NA	NA
NC_045512.2	28391	C	G	36131	20432	52	2	1	26	5.53357e-05	36143	1	FALSE	NA	NA	NA	NA	NA	NA
NC_045512.2	28391	C	A	36131	20432	52	8	5	40	0.000221343	36143	0.113237	FALSE	NA	NA	NA	NA	NA	NA
NC_045512.2	28392	G	C	36055	20558	51	3	2	25	8.3197e-05	36059	1	FALSE	NA	NA	NA	NA	NA	NA
NC_045512.2	28392	G	A	36055	20558	51	1	0	68	2.77323e-05	36059	0.499986	FALSE	NA	NA	NA	NA	NA	NA
NC_045512.2	28393	T	G	35964	20495	51	1	1	34	2.78009e-05	35970	1	FALSE	NA	NA	NA	NA	NA	NA
NC_045512.2	28393	T	C	35964	20495	51	3	1	56	8.34028e-05	35970	0.124984	FALSE	NA	NA	NA	NA	NA	NA
NC_045512.2	28393	T	A	35964	20495	51	2	0	23	5.56019e-05	35970	1	FALSE	NA	NA	NA	NA	NA	NA
NC_045512.2	28394	C	T	35365	20011	52	1	1	68	2.82741e-05	35368	0.499993	FALSE	NA	NA	NA	NA	NA	NA
NC_045512.2	28394	C	G	35365	20011	52	1	0	27	2.82741e-05	35368	1	FALSE	NA	NA	NA	NA	NA	NA
NC_045512.2	28394	C	A	35365	20011	52	1	0	68	2.82741e-05	35368	0.499993	FALSE	NA	NA	NA	NA	NA	NA
NC_045512.2	28395	G	T	35082	19790	52	1	0	34	2.84973e-05	35091	1	FALSE	NA	NA	NA	NA	NA	NA
NC_045512.2	28395	G	C	35082	19790	52	4	3	28	0.000113989	35091	1	FALSE	NA	NA	NA	NA	NA	NA
NC_045512.2	28395	G	A	35082	19790	52	4	4	41	0.000113989	35091	0.499938	FALSE	NA	NA	NA	NA	NA	NA
NC_045512.2	28396	G	T	34986	19692	52	1	1	34	2.8578e-05	34992	1	FALSE	NA	NA	NA	NA	NA	NA
NC_045512.2	28396	G	C	34986	19692	52	3	2	31	8.57339e-05	34992	1	FALSE	NA	NA	NA	NA	NA	NA
NC_045512.2	28396	G	A	34986	19692	52	2	1	51	5.71559e-05	34992	0.249975	FALSE	NA	NA	NA	NA	NA	NA
NC_045512.2	28396	G	-C	34986	19692	52	1	0	20	2.8578e-05	34992	1	FALSE	NA	NA	NA	NA	NA	NA
NC_045512.2	28397	C	T	35278	20024	52	3	3	45	8.50292e-05	35282	0.656243	FALSE	NA	NA	NA	NA	NA	NA
NC_045512.2	28397	C	A	35278	20024	52	1	0	27	2.83431e-05	35282	1	FALSE	NA	NA	NA	NA	NA	NA
NC_045512.2	28398	C	T	35275	20037	52	1	0	24	2.83463e-05	35278	1	FALSE	NA	NA	NA	NA	NA	NA
NC_045512.2	28398	C	G	35275	20037	52	1	1	27	2.83463e-05	35278	1	FALSE	NA	NA	NA	NA	NA	NA
NC_045512.2	28398	C	A	35275	20037	52	1	1	68	2.83463e-05	35278	0.499993	FALSE	NA	NA	NA	NA	NA	NA
NC_045512.2	28399	C	G	34960	19867	52	2	1	23	5.72033e-05	34963	1	FALSE	NA	NA	NA	NA	NA	NA
NC_045512.2	28399	C	A	34960	19867	52	1	1	68	2.86017e-05	34963	0.499993	FALSE	NA	NA	NA	NA	NA	NA
NC_045512.2	28400	C	G	35052	19944	52	2	1	26	5.70548e-05	35054	1	FALSE	NA	NA	NA	NA	NA	NA
NC_045512.2	28401	A	T	34706	19855	51	1	1	20	2.8806e-05	34715	1	FALSE	NA	NA	NA	NA	NA	NA
NC_045512.2	28401	A	G	34706	19855	51	2	0	27	5.7612e-05	34715	1	FALSE	NA	NA	NA	NA	NA	NA
NC_045512.2	28401	A	C	34706	19855	51	6	0	27	0.000172836	34715	1	FALSE	NA	NA	NA	NA	NA	NA
NC_045512.2	28402	A	T	34959	20676	51	2	0	26	5.72017e-05	34964	1	FALSE	NA	NA	NA	NA	NA	NA
NC_045512.2	28402	A	G	34959	20676	51	2	1	47	5.72017e-05	34964	0.812491	FALSE	NA	NA	NA	NA	NA	NA
NC_045512.2	28402	A	C	34959	20676	51	1	0	27	2.86008e-05	34964	1	FALSE	NA	NA	NA	NA	NA	NA
NC_045512.2	28403	G	T	34605	20325	51	3	2	40	8.66802e-05	34610	0.656243	FALSE	NA	NA	NA	NA	NA	NA
NC_045512.2	28403	G	C	34605	20325	51	1	0	27	2.88934e-05	34610	1	FALSE	NA	NA	NA	NA	NA	NA
NC_045512.2	28403	G	A	34605	20325	51	1	1	34	2.88934e-05	34610	1	FALSE	NA	NA	NA	NA	NA	NA
NC_045512.2	28404	G	T	34766	20478	51	1	1	34	2.87604e-05	34770	1	FALSE	NA	NA	NA	NA	NA	NA
NC_045512.2	28404	G	C	34766	20478	51	2	1	23	5.75209e-05	34770	1	FALSE	NA	NA	NA	NA	NA	NA
NC_045512.2	28404	G	A	34766	20478	51	1	1	68	2.87604e-05	34770	0.499986	FALSE	NA	NA	NA	NA	NA	NA
NC_045512.2	28405	T	G	29761	15638	46	18	17	28	0.000604433	29780	1	FALSE	NA	NA	NA	NA	NA	NA
NC_045512.2	28405	T	A	29761	15638	46	1	0	26	3.35796e-05	29780	1	FALSE	NA	NA	NA	NA	NA	NA
NC_045512.2	28406	T	C	32895	18946	51	1	0	27	3.0397e-05	32898	1	FALSE	NA	NA	NA	NA	NA	NA
NC_045512.2	28406	T	A	32895	18946	51	2	0	27	6.0794e-05	32898	1	FALSE	NA	NA	NA	NA	NA	NA
NC_045512.2	28407	T	C	33032	19088	52	1	0	24	3.02728e-05	33033	1	FALSE	NA	NA	NA	NA	NA	NA
NC_045512.2	28407	T	-A	33032	19088	52	1	0	20	3.02728e-05	33033	1	FALSE	NA	NA	NA	NA	NA	NA
NC_045512.2	28408	A	G	32890	19185	51	2	1	47	6.08032e-05	32893	0.8125	FALSE	NA	NA	NA	NA	NA	NA
NC_045512.2	28408	A	C	32890	19185	51	1	1	27	3.04016e-05	32893	1	FALSE	NA	NA	NA	NA	NA	NA
NC_045512.2	28409	C	T	32753	19171	51	2	0	51	6.10538e-05	32758	0.249981	FALSE	NA	NA	NA	NA	NA	NA
NC_045512.2	28409	C	G	32753	19171	51	2	1	27	6.10538e-05	32758	1	FALSE	NA	NA	NA	NA	NA	NA
NC_045512.2	28409	C	A	32753	19171	51	1	0	26	3.05269e-05	32758	1	FALSE	NA	NA	NA	NA	NA	NA
NC_045512.2	28410	C	G	32708	19149	51	1	0	26	3.05717e-05	32710	1	FALSE	NA	NA	NA	NA	NA	NA
NC_045512.2	28410	C	A	32708	19149	51	1	1	60	3.05717e-05	32710	0.5	FALSE	NA	NA	NA	NA	NA	NA
NC_045512.2	28412	A	C	31122	18036	50	6	0	27	0.000192753	31128	1	FALSE	NA	NA	NA	NA	NA	NA
NC_045512.2	28413	A	G	31490	18318	52	9	2	42	0.000285714	31500	0.0729789	FALSE	NA	NA	NA	NA	NA	NA
NC_045512.2	28413	A	C	31490	18318	52	1	0	20	3.1746e-05	31500	1	FALSE	NA	NA	NA	NA	NA	NA
NC_045512.2	28414	T	G	31218	17936	51	1	0	27	3.20256e-05	31225	1	FALSE	NA	NA	NA	NA	NA	NA
NC_045512.2	28414	T	C	31218	17936	51	3	2	42	9.60769e-05	31225	0.656212	FALSE	NA	NA	NA	NA	NA	NA
NC_045512.2	28414	T	A	31218	17936	51	3	2	29	9.60769e-05	31225	1	FALSE	NA	NA	NA	NA	NA	NA
NC_045512.2	28415	A	T	31242	18144	51	3	1	26	9.59754e-05	31258	1	FALSE	NA	NA	NA	NA	NA	NA
NC_045512.2	28415	A	G	31242	18144	51	5	0	25	0.000159959	31258	1	FALSE	NA	NA	NA	NA	NA	NA
NC_045512.2	28415	A	C	31242	18144	51	8	6	26	0.000255934	31258	1	FALSE	NA	NA	NA	NA	NA	NA
NC_045512.2	28416	A	G	31360	18162	51	3	1	42	9.5645e-05	31366	0.656228	FALSE	NA	NA	NA	NA	NA	NA
NC_045512.2	28416	A	C	31360	18162	51	3	2	34	9.5645e-05	31366	1	FALSE	NA	NA	NA	NA	NA	NA
NC_045512.2	28417	T	G	31187	18075	51	4	4	30	0.00012823	31194	1	FALSE	NA	NA	NA	NA	NA	NA
NC_045512.2	28417	T	C	31187	18075	51	2	2	31	6.41149e-05	31194	1	FALSE	NA	NA	NA	NA	NA	NA
NC_045512.2	28417	T	A	31187	18075	51	1	0	27	3.20574e-05	31194	1	FALSE	NA	NA	NA	NA	NA	NA
NC_045512.2	28418	A	T	30118	17347	51	4	0	27	0.000132789	30123	1	FALSE	NA	NA	NA	NA	NA	NA
NC_045512.2	28418	A	G	30118	17347	51	1	0	34	3.31972e-05	30123	1	FALSE	NA	NA	NA	NA	NA	NA
NC_045512.2	28419	C	T	30408	17786	51	3	2	42	9.86323e-05	30416	0.656196	FALSE	NA	NA	NA	NA	NA	NA
NC_045512.2	28419	C	G	30408	17786	51	1	0	34	3.28774e-05	30416	1	FALSE	NA	NA	NA	NA	NA	NA
NC_045512.2	28419	C	A	30408	17786	51	4	0	23	0.00013151	30416	1	FALSE	NA	NA	NA	NA	NA	NA
NC_045512.2	28420	T	G	42272	19631	45	2	1	26	4.73059e-05	42278	1	FALSE	NA	NA	NA	NA	NA	NA
NC_045512.2	28420	T	C	42272	19631	45	4	2	51	9.46119e-05	42278	0.0624926	FALSE	NA	NA	NA	NA	NA	NA
NC_045512.2	28421	G	T	42524	19758	45	2	0	30	4.70234e-05	42532	1	FALSE	NA	NA	NA	NA	NA	NA
NC_045512.2	28421	G	C	42524	19758	45	5	0	26	0.000117559	42532	1	FALSE	NA	NA	NA	NA	NA	NA
NC_045512.2	28421	G	A	42524	19758	45	1	1	68	2.35117e-05	42532	0.499965	FALSE	NA	NA	NA	NA	NA	NA
NC_045512.2	28422	C	T	41494	19006	45	2	1	68	4.81951e-05	41498	0.249991	FALSE	NA	NA	NA	NA	NA	NA
NC_045512.2	28422	C	G	41494	19006	45	1	0	27	2.40975e-05	41498	1	FALSE	NA	NA	NA	NA	NA	NA
NC_045512.2	28422	C	A	41494	19006	45	1	0	26	2.40975e-05	41498	1	FALSE	NA	NA	NA	NA	NA	NA
NC_045512.2	28423	G	C	41884	19032	46	2	2	26	4.77475e-05	41887	1	FALSE	NA	NA	NA	NA	NA	NA
NC_045512.2	28423	G	A	41884	19032	46	1	1	26	2.38738e-05	41887	1	FALSE	NA	NA	NA	NA	NA	NA
NC_045512.2	28424	T	G	39887	16827	43	1	1	68	2.50683e-05	39891	0.499987	FALSE	NA	NA	NA	NA	NA	NA
NC_045512.2	28424	T	C	39887	16827	43	1	0	68	2.50683e-05	39891	0.499987	FALSE	NA	NA	NA	NA	NA	NA
NC_045512.2	28424	T	A	39887	16827	43	2	0	46	5.01366e-05	39891	0.8125	FALSE	NA	NA	NA	NA	NA	NA
NC_045512.2	28425	C	A	42207	19401	46	3	3	29	7.10732e-05	42210	1	FALSE	NA	NA	NA	NA	NA	NA
NC_045512.2	28426	T	G	41781	18913	45	5	5	29	0.000119654	41787	1	FALSE	NA	NA	NA	NA	NA	NA
NC_045512.2	28426	T	A	41781	18913	45	1	0	26	2.39309e-05	41787	1	FALSE	NA	NA	NA	NA	NA	NA
NC_045512.2	28427	T	G	42341	19652	46	1	1	26	2.36167e-05	42343	1	FALSE	NA	NA	NA	NA	NA	NA
NC_045512.2	28427	T	A	42341	19652	46	1	1	27	2.36167e-05	42343	1	FALSE	NA	NA	NA	NA	NA	NA
NC_045512.2	28428	G	T	42187	19498	45	3	2	26	7.11035e-05	42192	1	FALSE	NA	NA	NA	NA	NA	NA
NC_045512.2	28428	G	C	42187	19498	45	2	1	34	4.74024e-05	42192	1	FALSE	NA	NA	NA	NA	NA	NA
NC_045512.2	28429	G	T	41244	18297	44	1	1	34	2.4243e-05	41249	1	FALSE	NA	NA	NA	NA	NA	NA
NC_045512.2	28429	G	C	41244	18297	44	2	0	26	4.8486e-05	41249	1	FALSE	NA	NA	NA	NA	NA	NA
NC_045512.2	28429	G	A	41244	18297	44	2	1	47	4.8486e-05	41249	0.890622	FALSE	NA	NA	NA	NA	NA	NA
NC_045512.2	28430	T	G	41336	18544	44	10	10	27	0.000241856	41347	1	FALSE	NA	NA	NA	NA	NA	NA
NC_045512.2	28430	T	C	41336	18544	44	1	1	34	2.41856e-05	41347	1	FALSE	NA	NA	NA	NA	NA	NA
NC_045512.2	28431	T	C	42883	20137	46	2	0	30	4.66353e-05	42886	1	FALSE	NA	NA	NA	NA	NA	NA
NC_045512.2	28431	T	A	42883	20137	46	1	1	24	2.33176e-05	42886	1	FALSE	NA	NA	NA	NA	NA	NA
NC_045512.2	28432	C	G	42666	20288	46	2	0	30	4.68724e-05	42669	1	FALSE	NA	NA	NA	NA	NA	NA
NC_045512.2	28432	C	A	42666	20288	46	1	0	27	2.34362e-05	42669	1	FALSE	NA	NA	NA	NA	NA	NA
NC_045512.2	28433	A	T	41639	19992	45	1	1	34	2.40102e-05	41649	1	FALSE	NA	NA	NA	NA	NA	NA
NC_045512.2	28433	A	G	41639	19992	45	2	0	51	4.80204e-05	41649	0.249955	FALSE	NA	NA	NA	NA	NA	NA
NC_045512.2	28433	A	C	41639	19992	45	7	1	29	0.000168071	41649	1	FALSE	NA	NA	NA	NA	NA	NA
NC_045512.2	28434	C	T	42159	19775	46	4	0	59	9.48587e-05	42168	0.0624837	FALSE	NA	NA	NA	NA	NA	NA
NC_045512.2	28434	C	G	42159	19775	46	4	2	26	9.48587e-05	42168	1	FALSE	NA	NA	NA	NA	NA	NA
NC_045512.2	28434	C	A	42159	19775	46	1	0	34	2.37147e-05	42168	1	FALSE	NA	NA	NA	NA	NA	NA
NC_045512.2	28435	C	T	42167	20152	46	2	2	34	4.74237e-05	42173	1	FALSE	NA	NA	NA	NA	NA	NA
NC_045512.2	28435	C	G	42167	20152	46	1	1	68	2.37119e-05	42173	0.499976	FALSE	NA	NA	NA	NA	NA	NA
NC_045512.2	28435	C	A	42167	20152	46	3	1	30	7.11356e-05	42173	1	FALSE	NA	NA	NA	NA	NA	NA
NC_045512.2	28436	G	T	41351	18982	45	10	10	28	0.000241686	41376	1	FALSE	NA	NA	NA	NA	NA	NA
NC_045512.2	28436	G	C	41351	18982	45	4	0	25	9.66744e-05	41376	1	FALSE	NA	NA	NA	NA	NA	NA
NC_045512.2	28436	G	A	41351	18982	45	11	4	57	0.000265855	41376	0.000487114	TRUE	NA	NA	NA	NA	NA	NA
NC_045512.2	28436	G	-CT	41351	18982	45	1	0	20	2.41686e-05	41376	1	FALSE	NA	NA	NA	NA	NA	NA
NC_045512.2	28437	C	T	42092	20324	46	1	0	34	2.37564e-05	42094	1	FALSE	NA	NA	NA	NA	NA	NA
NC_045512.2	28437	C	A	42092	20324	46	1	0	26	2.37564e-05	42094	1	FALSE	NA	NA	NA	NA	NA	NA
NC_045512.2	28438	T	G	40116	17276	43	2	0	27	4.98455e-05	40124	1	FALSE	NA	NA	NA	NA	NA	NA
NC_045512.2	28438	T	C	40116	17276	43	5	2	37	0.000124614	40124	1	FALSE	NA	NA	NA	NA	NA	NA
NC_045512.2	28438	T	A	40116	17276	43	1	1	20	2.49227e-05	40124	1	FALSE	NA	NA	NA	NA	NA	NA
NC_045512.2	28439	C	T	40477	20412	45	4	1	51	9.87947e-05	40488	0.0624768	FALSE	NA	NA	NA	NA	NA	NA
NC_045512.2	28439	C	G	40477	20412	45	7	0	26	0.000172891	40488	1	FALSE	NA	NA	NA	NA	NA	NA
NC_045512.2	28440	T	C	38767	17188	45	3	2	45	7.73774e-05	38771	0.656256	FALSE	NA	NA	NA	NA	NA	NA
NC_045512.2	28440	T	A	38767	17188	45	1	1	20	2.57925e-05	38771	1	FALSE	NA	NA	NA	NA	NA	NA
NC_045512.2	28441	C	G	39587	17606	45	1	1	27	2.52602e-05	39588	1	FALSE	NA	NA	NA	NA	NA	NA
NC_045512.2	28442	A	T	38151	17425	44	3	3	29	7.8604e-05	38166	1	FALSE	NA	NA	NA	NA	NA	NA
NC_045512.2	28442	A	C	38151	17425	44	12	0	27	0.000314416	38166	1	FALSE	NA	NA	NA	NA	NA	NA
NC_045512.2	28442	A	+G	38151	17425	44	1	0	20	2.62013e-05	38166	1	FALSE	NA	NA	NA	NA	NA	NA
NC_045512.2	28443	C	G	39992	17789	45	1	0	26	2.50031e-05	39995	1	FALSE	NA	NA	NA	NA	NA	NA
NC_045512.2	28443	C	A	39992	17789	45	2	1	30	5.00063e-05	39995	1	FALSE	NA	NA	NA	NA	NA	NA
NC_045512.2	28444	T	G	39701	17389	45	2	2	30	5.03715e-05	39705	1	FALSE	NA	NA	NA	NA	NA	NA
NC_045512.2	28444	T	C	39701	17389	45	1	1	68	2.51857e-05	39705	0.499987	FALSE	NA	NA	NA	NA	NA	NA
NC_045512.2	28444	T	A	39701	17389	45	1	0	26	2.51857e-05	39705	1	FALSE	NA	NA	NA	NA	NA	NA
NC_045512.2	28445	C	T	40849	18571	46	1	1	27	2.4478e-05	40853	1	FALSE	NA	NA	NA	NA	NA	NA
NC_045512.2	28445	C	G	40849	18571	46	1	0	27	2.4478e-05	40853	1	FALSE	NA	NA	NA	NA	NA	NA
NC_045512.2	28445	C	A	40849	18571	46	2	0	34	4.8956e-05	40853	1	FALSE	NA	NA	NA	NA	NA	NA
NC_045512.2	28446	A	G	39370	18735	45	1	1	34	2.5393e-05	39381	1	FALSE	NA	NA	NA	NA	NA	NA
NC_045512.2	28446	A	C	39370	18735	45	10	0	29	0.00025393	39381	1	FALSE	NA	NA	NA	NA	NA	NA
NC_045512.2	28447	A	T	40143	18901	45	4	4	32	9.95991e-05	40161	1	FALSE	NA	NA	NA	NA	NA	NA
NC_045512.2	28447	A	G	40143	18901	45	5	2	54	0.000124499	40161	0.0312228	FALSE	NA	NA	NA	NA	NA	NA
NC_045512.2	28447	A	C	40143	18901	45	9	2	27	0.000224098	40161	1	FALSE	NA	NA	NA	NA	NA	NA
NC_045512.2	28448	C	T	40902	18936	46	1	0	26	2.44445e-05	40909	1	FALSE	NA	NA	NA	NA	NA	NA
NC_045512.2	28448	C	G	40902	18936	46	4	1	28	9.7778e-05	40909	1	FALSE	NA	NA	NA	NA	NA	NA
NC_045512.2	28448	C	A	40902	18936	46	2	0	30	4.8889e-05	40909	1	FALSE	NA	NA	NA	NA	NA	NA
NC_045512.2	28449	A	T	40613	18437	46	4	2	30	9.84397e-05	40634	1	FALSE	NA	NA	NA	NA	NA	NA
NC_045512.2	28449	A	G	40613	18437	46	10	6	40	0.000246099	40634	0.0896888	FALSE	NA	NA	NA	NA	NA	NA
NC_045512.2	28449	A	C	40613	18437	46	7	7	28	0.00017227	40634	1	FALSE	NA	NA	NA	NA	NA	NA
NC_045512.2	28450	T	G	41548	19075	46	1	1	20	2.40662e-05	41552	1	FALSE	NA	NA	NA	NA	NA	NA
NC_045512.2	28450	T	C	41548	19075	46	1	1	34	2.40662e-05	41552	1	FALSE	NA	NA	NA	NA	NA	NA
NC_045512.2	28450	T	A	41548	19075	46	2	1	30	4.81325e-05	41552	1	FALSE	NA	NA	NA	NA	NA	NA
NC_045512.2	28451	G	T	41504	18960	46	1	0	68	2.40865e-05	41517	0.499934	FALSE	NA	NA	NA	NA	NA	NA
NC_045512.2	28451	G	C	41504	18960	46	9	2	26	0.000216779	41517	1	FALSE	NA	NA	NA	NA	NA	NA
NC_045512.2	28451	G	A	41504	18960	46	3	1	46	7.22596e-05	41517	0.773358	FALSE	NA	NA	NA	NA	NA	NA
NC_045512.2	28452	G	T	42055	19097	46	3	1	40	7.13114e-05	42069	0.77335	FALSE	NA	NA	NA	NA	NA	NA
NC_045512.2	28452	G	C	42055	19097	46	6	6	25	0.000142623	42069	1	FALSE	NA	NA	NA	NA	NA	NA
NC_045512.2	28452	G	A	42055	19097	46	5	1	46	0.000118852	42069	0.499883	FALSE	NA	NA	NA	NA	NA	NA
NC_045512.2	28453	C	T	42519	19679	47	7	5	37	0.000164566	42536	1	FALSE	NA	NA	NA	NA	NA	NA
NC_045512.2	28453	C	G	42519	19679	47	7	2	24	0.000164566	42536	1	FALSE	NA	NA	NA	NA	NA	NA
NC_045512.2	28453	C	A	42519	19679	47	3	0	29	7.05285e-05	42536	1	FALSE	NA	NA	NA	NA	NA	NA
NC_045512.2	28454	A	T	42363	19690	46	1	1	26	2.35988e-05	42375	1	FALSE	NA	NA	NA	NA	NA	NA
NC_045512.2	28454	A	G	42363	19690	46	3	1	54	7.07965e-05	42375	0.12496	FALSE	NA	NA	NA	NA	NA	NA
NC_045512.2	28454	A	C	42363	19690	46	8	4	28	0.000188791	42375	1	FALSE	NA	NA	NA	NA	NA	NA
NC_045512.2	28455	A	T	42466	19915	46	3	3	29	7.06231e-05	42479	1	FALSE	NA	NA	NA	NA	NA	NA
NC_045512.2	28455	A	G	42466	19915	46	5	2	29	0.000117705	42479	1	FALSE	NA	NA	NA	NA	NA	NA
NC_045512.2	28455	A	C	42466	19915	46	5	1	26	0.000117705	42479	1	FALSE	NA	NA	NA	NA	NA	NA
NC_045512.2	28456	G	T	42458	19494	46	1	1	27	2.35483e-05	42466	1	FALSE	NA	NA	NA	NA	NA	NA
NC_045512.2	28456	G	C	42458	19494	46	5	1	25	0.000117741	42466	1	FALSE	NA	NA	NA	NA	NA	NA
NC_045512.2	28456	G	A	42458	19494	46	2	1	36	4.70965e-05	42466	1	FALSE	NA	NA	NA	NA	NA	NA
NC_045512.2	28457	G	T	42864	20306	47	3	2	29	6.99774e-05	42871	1	FALSE	NA	NA	NA	NA	NA	NA
NC_045512.2	28457	G	C	42864	20306	47	4	2	26	9.33032e-05	42871	1	FALSE	NA	NA	NA	NA	NA	NA
NC_045512.2	28458	A	T	43110	20517	47	4	2	26	9.27687e-05	43118	1	FALSE	NA	NA	NA	NA	NA	NA
NC_045512.2	28458	A	G	43110	20517	47	3	0	31	6.95765e-05	43118	1	FALSE	NA	NA	NA	NA	NA	NA
NC_045512.2	28458	A	C	43110	20517	47	1	0	27	2.31922e-05	43118	1	FALSE	NA	NA	NA	NA	NA	NA
NC_045512.2	28459	A	T	43231	20733	47	1	1	34	2.31257e-05	43242	1	FALSE	NA	NA	NA	NA	NA	NA
NC_045512.2	28459	A	G	43231	20733	47	7	3	37	0.00016188	43242	1	FALSE	NA	NA	NA	NA	NA	NA
NC_045512.2	28459	A	C	43231	20733	47	3	2	25	6.9377e-05	43242	1	FALSE	NA	NA	NA	NA	NA	NA
NC_045512.2	28460	G	C	43050	20685	47	4	1	27	9.29044e-05	43055	1	FALSE	NA	NA	NA	NA	NA	NA
NC_045512.2	28460	G	A	43050	20685	47	1	0	68	2.32261e-05	43055	0.499983	FALSE	NA	NA	NA	NA	NA	NA
NC_045512.2	28461	A	T	39255	19294	47	8	1	26	0.000185357	43160	1	FALSE	NA	NA	NA	NA	NA	NA
NC_045512.2	28461	A	G	39255	19294	47	3897	2001	47	0.0902919	43160	0	TRUE	NA	NA	NA	NA	NA	NA
NC_045512.2	28461	A	+G	39255	19294	47	1	0	20	2.31696e-05	43160	1	FALSE	NA	NA	NA	NA	NA	NA
NC_045512.2	28462	C	G	45054	21483	47	6	3	30	0.00013315	45062	1	FALSE	NA	NA	NA	NA	NA	NA
NC_045512.2	28462	C	A	45054	21483	47	2	0	26	4.43833e-05	45062	1	FALSE	NA	NA	NA	NA	NA	NA
NC_045512.2	28462	C	+AT	45054	21483	47	1	0	20	2.21916e-05	45062	1	FALSE	NA	NA	NA	NA	NA	NA
NC_045512.2	28463	C	T	45358	21893	48	1	0	68	2.20298e-05	45393	0.499818	FALSE	NA	NA	NA	NA	NA	NA
NC_045512.2	28463	C	A	45358	21893	48	34	16	46	0.000749014	45393	3.00471e-07	TRUE	NA	NA	NA	NA	NA	NA
NC_045512.2	28463	C	-T	45358	21893	48	1	0	20	2.20298e-05	45393	1	FALSE	NA	NA	NA	NA	NA	NA
NC_045512.2	28464	T	G	44997	21332	47	8	6	39	0.000177738	45010	1	FALSE	NA	NA	NA	NA	NA	NA
NC_045512.2	28464	T	C	44997	21332	47	5	2	34	0.000111086	45010	1	FALSE	NA	NA	NA	NA	NA	NA
NC_045512.2	28465	T	G	45327	21917	47	2	1	25	4.4118e-05	45333	1	FALSE	NA	NA	NA	NA	NA	NA
NC_045512.2	28465	T	C	45327	21917	47	3	1	40	6.6177e-05	45333	0.773428	FALSE	NA	NA	NA	NA	NA	NA
NC_045512.2	28465	T	A	45327	21917	47	1	0	46	2.2059e-05	45333	0.968747	FALSE	NA	NA	NA	NA	NA	NA
NC_045512.2	28466	A	T	44956	21849	47	3	0	26	6.6723e-05	44962	1	FALSE	NA	NA	NA	NA	NA	NA
NC_045512.2	28466	A	G	44956	21849	47	2	2	51	4.4482e-05	44962	0.249981	FALSE	NA	NA	NA	NA	NA	NA
NC_045512.2	28466	A	C	44956	21849	47	1	0	26	2.2241e-05	44962	1	FALSE	NA	NA	NA	NA	NA	NA
NC_045512.2	28467	A	T	45240	23820	49	2	2	23	4.4194e-05	45255	1	FALSE	NA	NA	NA	NA	NA	NA
NC_045512.2	28467	A	G	45240	23820	49	6	2	40	0.000132582	45255	0.376838	FALSE	NA	NA	NA	NA	NA	NA
NC_045512.2	28467	A	C	45240	23820	49	7	0	27	0.000154679	45255	1	FALSE	NA	NA	NA	NA	NA	NA
NC_045512.2	28468	A	T	42998	24019	46	1	1	27	2.3245e-05	43020	1	FALSE	NA	NA	NA	NA	NA	NA
NC_045512.2	28468	A	G	42998	24019	46	1	1	27	2.3245e-05	43020	1	FALSE	NA	NA	NA	NA	NA	NA
NC_045512.2	28468	A	C	42998	24019	46	20	1	29	0.0004649	43020	1	FALSE	NA	NA	NA	NA	NA	NA
NC_045512.2	28469	T	G	45523	23443	49	10	10	26	0.000219587	45540	1	FALSE	NA	NA	NA	NA	NA	NA
NC_045512.2	28469	T	C	45523	23443	49	2	1	47	4.39174e-05	45540	0.890561	FALSE	NA	NA	NA	NA	NA	NA
NC_045512.2	28469	T	A	45523	23443	49	5	4	28	0.000109794	45540	1	FALSE	NA	NA	NA	NA	NA	NA
NC_045512.2	28470	T	G	45205	23443	49	1	1	27	2.21175e-05	45213	1	FALSE	NA	NA	NA	NA	NA	NA
NC_045512.2	28470	T	C	45205	23443	49	4	2	31	8.84701e-05	45213	1	FALSE	NA	NA	NA	NA	NA	NA
NC_045512.2	28470	T	A	45205	23443	49	3	2	25	6.63526e-05	45213	1	FALSE	NA	NA	NA	NA	NA	NA
NC_045512.2	28471	C	T	44028	23416	49	3	2	54	6.81292e-05	44034	0.124987	FALSE	NA	NA	NA	NA	NA	NA
NC_045512.2	28471	C	G	44028	23416	49	1	0	26	2.27097e-05	44034	1	FALSE	NA	NA	NA	NA	NA	NA
NC_045512.2	28471	C	A	44028	23416	49	2	0	27	4.54194e-05	44034	1	FALSE	NA	NA	NA	NA	NA	NA
NC_045512.2	28472	C	T	44033	23203	49	1	1	34	2.27046e-05	44044	1	FALSE	NA	NA	NA	NA	NA	NA
NC_045512.2	28472	C	G	44033	23203	49	3	2	24	6.81137e-05	44044	1	FALSE	NA	NA	NA	NA	NA	NA
NC_045512.2	28472	C	A	44033	23203	49	7	0	28	0.000158932	44044	1	FALSE	NA	NA	NA	NA	NA	NA
NC_045512.2	28473	C	G	45356	24230	49	3	2	26	6.61332e-05	45363	1	FALSE	NA	NA	NA	NA	NA	NA
NC_045512.2	28473	C	A	45356	24230	49	4	0	28	8.81776e-05	45363	1	FALSE	NA	NA	NA	NA	NA	NA
NC_045512.2	28474	T	G	45357	24018	49	4	4	28	8.81679e-05	45368	1	FALSE	NA	NA	NA	NA	NA	NA
NC_045512.2	28474	T	C	45357	24018	49	4	1	59	8.81679e-05	45368	0.0624793	FALSE	NA	NA	NA	NA	NA	NA
NC_045512.2	28474	T	A	45357	24018	49	3	1	28	6.61259e-05	45368	1	FALSE	NA	NA	NA	NA	NA	NA
NC_045512.2	28475	C	T	45206	23960	49	2	2	68	4.4236e-05	45212	0.249981	FALSE	NA	NA	NA	NA	NA	NA
NC_045512.2	28475	C	G	45206	23960	49	2	0	26	4.4236e-05	45212	1	FALSE	NA	NA	NA	NA	NA	NA
NC_045512.2	28475	C	A	45206	23960	49	2	0	30	4.4236e-05	45212	1	FALSE	NA	NA	NA	NA	NA	NA
NC_045512.2	28476	G	T	45234	24056	49	1	1	26	2.21038e-05	45241	1	FALSE	NA	NA	NA	NA	NA	NA
NC_045512.2	28476	G	C	45234	24056	49	3	1	24	6.63115e-05	45241	1	FALSE	NA	NA	NA	NA	NA	NA
NC_045512.2	28476	G	A	45234	24056	49	3	2	42	6.63115e-05	45241	0.773419	FALSE	NA	NA	NA	NA	NA	NA
NC_045512.2	28477	A	T	45689	24342	49	5	5	29	0.000109402	45703	1	FALSE	NA	NA	NA	NA	NA	NA
NC_045512.2	28477	A	C	45689	24342	49	9	0	26	0.000196924	45703	1	FALSE	NA	NA	NA	NA	NA	NA
NC_045512.2	28478	G	T	47305	24273	49	6	6	23	0.000126802	47318	1	FALSE	NA	NA	NA	NA	NA	NA
NC_045512.2	28478	G	C	47305	24273	49	5	4	28	0.000105668	47318	1	FALSE	NA	NA	NA	NA	NA	NA
NC_045512.2	28478	G	A	47305	24273	49	2	2	68	4.22672e-05	47318	0.249945	FALSE	NA	NA	NA	NA	NA	NA
NC_045512.2	28479	G	T	47646	25139	49	1	1	68	2.09846e-05	47654	0.499969	FALSE	NA	NA	NA	NA	NA	NA
NC_045512.2	28479	G	C	47646	25139	49	6	4	28	0.000125908	47654	1	FALSE	NA	NA	NA	NA	NA	NA
NC_045512.2	28479	G	A	47646	25139	49	1	1	46	2.09846e-05	47654	0.968743	FALSE	NA	NA	NA	NA	NA	NA
NC_045512.2	28480	A	T	48040	25724	50	4	1	27	8.32553e-05	48045	1	FALSE	NA	NA	NA	NA	NA	NA
NC_045512.2	28480	A	G	48040	25724	50	1	1	68	2.08138e-05	48045	0.499984	FALSE	NA	NA	NA	NA	NA	NA
NC_045512.2	28481	C	T	47865	25689	50	1	0	24	2.08895e-05	47871	1	FALSE	NA	NA	NA	NA	NA	NA
NC_045512.2	28481	C	G	47865	25689	50	4	3	24	8.35579e-05	47871	1	FALSE	NA	NA	NA	NA	NA	NA
NC_045512.2	28481	C	A	47865	25689	50	1	1	27	2.08895e-05	47871	1	FALSE	NA	NA	NA	NA	NA	NA
NC_045512.2	28482	A	T	46984	24854	50	1	1	34	2.12816e-05	46989	1	FALSE	NA	NA	NA	NA	NA	NA
NC_045512.2	28482	A	G	46984	24854	50	3	2	60	6.38447e-05	46989	0.124992	FALSE	NA	NA	NA	NA	NA	NA
NC_045512.2	28482	A	C	46984	24854	50	1	1	27	2.12816e-05	46989	1	FALSE	NA	NA	NA	NA	NA	NA
NC_045512.2	28483	A	T	47213	25066	50	3	3	38	6.35189e-05	47230	1	FALSE	NA	NA	NA	NA	NA	NA
NC_045512.2	28483	A	G	47213	25066	50	10	4	59	0.00021173	47230	0.000975477	TRUE	NA	NA	NA	NA	NA	NA
NC_045512.2	28483	A	C	47213	25066	50	4	1	28	8.46919e-05	47230	1	FALSE	NA	NA	NA	NA	NA	NA
NC_045512.2	28484	G	T	46811	25023	49	7	2	44	0.000149477	46830	0.27427	FALSE	NA	NA	NA	NA	NA	NA
NC_045512.2	28484	G	C	46811	25023	49	11	7	27	0.000234892	46830	1	FALSE	NA	NA	NA	NA	NA	NA
NC_045512.2	28484	G	A	46811	25023	49	1	1	46	2.13538e-05	46830	0.968725	FALSE	NA	NA	NA	NA	NA	NA
NC_045512.2	28485	G	T	47205	25874	50	4	4	36	8.47206e-05	47214	1	FALSE	NA	NA	NA	NA	NA	NA
NC_045512.2	28485	G	C	47205	25874	50	4	1	25	8.47206e-05	47214	1	FALSE	NA	NA	NA	NA	NA	NA
NC_045512.2	28485	G	A	47205	25874	50	1	1	68	2.11802e-05	47214	0.499963	FALSE	NA	NA	NA	NA	NA	NA
NC_045512.2	28486	C	T	46846	26033	50	1	1	68	2.13429e-05	46854	0.499968	FALSE	NA	NA	NA	NA	NA	NA
NC_045512.2	28486	C	G	46846	26033	50	6	4	27	0.000128057	46854	1	FALSE	NA	NA	NA	NA	NA	NA
NC_045512.2	28486	C	A	46846	26033	50	1	0	26	2.13429e-05	46854	1	FALSE	NA	NA	NA	NA	NA	NA
NC_045512.2	28487	G	T	46064	24843	51	1	1	27	2.17023e-05	46078	1	FALSE	NA	NA	NA	NA	NA	NA
NC_045512.2	28487	G	C	46064	24843	51	9	5	27	0.000195321	46078	1	FALSE	NA	NA	NA	NA	NA	NA
NC_045512.2	28487	G	A	46064	24843	51	4	1	51	8.68093e-05	46078	0.0624688	FALSE	NA	NA	NA	NA	NA	NA
NC_045512.2	28487	G	-T	46064	24843	51	1	0	20	2.17019e-05	46079	1	FALSE	NA	NA	NA	NA	NA	NA
NC_045512.2	28488	T	G	45671	24943	50	3	3	22	6.56671e-05	45685	1	FALSE	NA	NA	NA	NA	NA	NA
NC_045512.2	28488	T	C	45671	24943	50	4	2	52	8.75561e-05	45685	0.0624685	FALSE	NA	NA	NA	NA	NA	NA
NC_045512.2	28488	T	A	45671	24943	50	7	1	31	0.000153223	45685	1	FALSE	NA	NA	NA	NA	NA	NA
NC_045512.2	28489	T	C	46395	25788	51	2	1	34	4.31044e-05	46399	1	FALSE	NA	NA	NA	NA	NA	NA
NC_045512.2	28489	T	A	46395	25788	51	2	0	30	4.31044e-05	46399	1	FALSE	NA	NA	NA	NA	NA	NA
NC_045512.2	28490	C	T	45917	25679	50	1	0	46	2.17756e-05	45923	0.968747	FALSE	NA	NA	NA	NA	NA	NA
NC_045512.2	28490	C	G	45917	25679	50	4	3	25	8.71023e-05	45923	1	FALSE	NA	NA	NA	NA	NA	NA
NC_045512.2	28490	C	A	45917	25679	50	1	0	24	2.17756e-05	45923	1	FALSE	NA	NA	NA	NA	NA	NA
NC_045512.2	28491	C	T	46335	25987	51	2	2	34	4.31583e-05	46341	1	FALSE	NA	NA	NA	NA	NA	NA
NC_045512.2	28491	C	G	46335	25987	51	3	0	27	6.47375e-05	46341	1	FALSE	NA	NA	NA	NA	NA	NA
NC_045512.2	28491	C	A	46335	25987	51	1	1	27	2.15792e-05	46341	1	FALSE	NA	NA	NA	NA	NA	NA
NC_045512.2	28492	A	T	46942	26153	51	5	2	25	0.000106476	46959	1	FALSE	NA	NA	NA	NA	NA	NA
NC_045512.2	28492	A	G	46942	26153	51	4	2	45	8.51807e-05	46959	0.636585	FALSE	NA	NA	NA	NA	NA	NA
NC_045512.2	28492	A	C	46942	26153	51	8	2	25	0.000170361	46959	1	FALSE	NA	NA	NA	NA	NA	NA
NC_045512.2	28493	A	T	46961	26888	50	4	4	26	8.51336e-05	46985	1	FALSE	NA	NA	NA	NA	NA	NA
NC_045512.2	28493	A	G	46961	26888	50	1	0	34	2.12834e-05	46985	1	FALSE	NA	NA	NA	NA	NA	NA
NC_045512.2	28493	A	C	46961	26888	50	19	2	27	0.000404384	46985	1	FALSE	NA	NA	NA	NA	NA	NA
NC_045512.2	28494	T	G	45750	25239	50	18	17	28	0.000393236	45774	1	FALSE	NA	NA	NA	NA	NA	NA
NC_045512.2	28494	T	C	45750	25239	50	3	2	42	6.55394e-05	45774	0.773267	FALSE	NA	NA	NA	NA	NA	NA
NC_045512.2	28494	T	A	45750	25239	50	3	1	45	6.55394e-05	45774	0.773267	FALSE	NA	NA	NA	NA	NA	NA
NC_045512.2	28495	T	G	47031	26634	51	2	0	30	4.25143e-05	47043	1	FALSE	NA	NA	NA	NA	NA	NA
NC_045512.2	28495	T	C	47031	26634	51	1	0	68	2.12571e-05	47043	0.499947	FALSE	NA	NA	NA	NA	NA	NA
NC_045512.2	28495	T	A	47031	26634	51	9	4	24	0.000191314	47043	1	FALSE	NA	NA	NA	NA	NA	NA
NC_045512.2	28496	A	T	47302	27090	52	5	3	30	0.000105684	47311	1	FALSE	NA	NA	NA	NA	NA	NA
NC_045512.2	28496	A	G	47302	27090	52	2	1	30	4.22735e-05	47311	1	FALSE	NA	NA	NA	NA	NA	NA
NC_045512.2	28496	A	C	47302	27090	52	2	2	30	4.22735e-05	47311	1	FALSE	NA	NA	NA	NA	NA	NA
NC_045512.2	28496	A	+AC	47302	27090	52	1	0	20	2.11367e-05	47311	1	FALSE	NA	NA	NA	NA	NA	NA
NC_045512.2	28497	A	T	46432	27192	49	1	1	27	2.15346e-05	46437	1	FALSE	NA	NA	NA	NA	NA	NA
NC_045512.2	28497	A	G	46432	27192	49	1	1	68	2.15346e-05	46437	0.499984	FALSE	NA	NA	NA	NA	NA	NA
NC_045512.2	28497	A	C	46432	27192	49	3	0	26	6.46037e-05	46437	1	FALSE	NA	NA	NA	NA	NA	NA
NC_045512.2	28498	C	T	48795	27977	52	2	2	51	4.09769e-05	48808	0.249946	FALSE	NA	NA	NA	NA	NA	NA
NC_045512.2	28498	C	G	48795	27977	52	2	1	47	4.09769e-05	48808	0.890584	FALSE	NA	NA	NA	NA	NA	NA
NC_045512.2	28498	C	A	48795	27977	52	9	1	28	0.000184396	48808	1	FALSE	NA	NA	NA	NA	NA	NA
NC_045512.2	28499	A	T	49126	27799	52	3	2	29	6.1055e-05	49136	1	FALSE	NA	NA	NA	NA	NA	NA
NC_045512.2	28499	A	G	49126	27799	52	4	2	37	8.14067e-05	49136	1	FALSE	NA	NA	NA	NA	NA	NA
NC_045512.2	28499	A	C	49126	27799	52	3	2	24	6.1055e-05	49136	1	FALSE	NA	NA	NA	NA	NA	NA
NC_045512.2	28500	C	G	50370	28412	52	4	2	30	7.94029e-05	50376	1	FALSE	NA	NA	NA	NA	NA	NA
NC_045512.2	28500	C	A	50370	28412	52	2	0	25	3.97014e-05	50376	1	FALSE	NA	NA	NA	NA	NA	NA
NC_045512.2	28501	C	T	50233	28347	53	2	1	34	3.98081e-05	50241	1	FALSE	NA	NA	NA	NA	NA	NA
NC_045512.2	28501	C	G	50233	28347	53	3	2	27	5.97122e-05	50241	1	FALSE	NA	NA	NA	NA	NA	NA
NC_045512.2	28501	C	A	50233	28347	53	3	0	29	5.97122e-05	50241	1	FALSE	NA	NA	NA	NA	NA	NA
NC_045512.2	28502	A	T	50289	28235	53	4	4	28	7.95229e-05	50300	1	FALSE	NA	NA	NA	NA	NA	NA
NC_045512.2	28502	A	G	50289	28235	53	4	2	42	7.95229e-05	50300	0.746045	FALSE	NA	NA	NA	NA	NA	NA
NC_045512.2	28502	A	C	50289	28235	53	3	1	29	5.96421e-05	50300	1	FALSE	NA	NA	NA	NA	NA	NA
NC_045512.2	28503	A	T	49257	28387	51	2	2	30	4.05721e-05	49295	1	FALSE	NA	NA	NA	NA	NA	NA
NC_045512.2	28503	A	G	49257	28387	51	11	0	31	0.000223146	49295	1	FALSE	NA	NA	NA	NA	NA	NA
NC_045512.2	28503	A	C	49257	28387	51	25	7	26	0.000507151	49295	1	FALSE	NA	NA	NA	NA	NA	NA
NC_045512.2	28504	T	G	50858	28535	52	2	2	20	3.93198e-05	50865	1	FALSE	NA	NA	NA	NA	NA	NA
NC_045512.2	28504	T	C	50858	28535	52	1	1	60	1.96599e-05	50865	0.499975	FALSE	NA	NA	NA	NA	NA	NA
NC_045512.2	28504	T	A	50858	28535	52	4	0	28	7.86395e-05	50865	1	FALSE	NA	NA	NA	NA	NA	NA
NC_045512.2	28505	A	T	50414	28657	51	7	3	24	0.000138817	50426	1	FALSE	NA	NA	NA	NA	NA	NA
NC_045512.2	28505	A	G	50414	28657	51	3	2	34	5.94931e-05	50426	1	FALSE	NA	NA	NA	NA	NA	NA
NC_045512.2	28505	A	C	50414	28657	51	2	2	27	3.96621e-05	50426	1	FALSE	NA	NA	NA	NA	NA	NA
NC_045512.2	28506	G	T	50689	28572	52	5	4	25	9.86057e-05	50707	1	FALSE	NA	NA	NA	NA	NA	NA
NC_045512.2	28506	G	C	50689	28572	52	8	4	32	0.000157769	50707	1	FALSE	NA	NA	NA	NA	NA	NA
NC_045512.2	28506	G	A	50689	28572	52	5	2	54	9.86057e-05	50707	0.0312284	FALSE	NA	NA	NA	NA	NA	NA
NC_045512.2	28507	C	T	50255	28502	52	1	1	27	1.98946e-05	50265	1	FALSE	NA	NA	NA	NA	NA	NA
NC_045512.2	28507	C	G	50255	28502	52	1	1	27	1.98946e-05	50265	1	FALSE	NA	NA	NA	NA	NA	NA
NC_045512.2	28507	C	A	50255	28502	52	8	0	25	0.000159156	50265	1	FALSE	NA	NA	NA	NA	NA	NA
NC_045512.2	28508	A	T	49475	27625	53	1	1	27	2.0209e-05	49483	1	FALSE	NA	NA	NA	NA	NA	NA
NC_045512.2	28508	A	G	49475	27625	53	5	4	50	0.000101045	49483	0.0312437	FALSE	NA	NA	NA	NA	NA	NA
NC_045512.2	28508	A	C	49475	27625	53	2	0	22	4.04179e-05	49483	1	FALSE	NA	NA	NA	NA	NA	NA
NC_045512.2	28509	G	T	50639	28080	53	4	0	36	7.8964e-05	50656	1	FALSE	NA	NA	NA	NA	NA	NA
NC_045512.2	28509	G	C	50639	28080	53	7	6	26	0.000138187	50656	1	FALSE	NA	NA	NA	NA	NA	NA
NC_045512.2	28509	G	A	50639	28080	53	6	2	59	0.000118446	50656	0.0156134	FALSE	NA	NA	NA	NA	NA	NA
NC_045512.2	28509	G	-T	50639	28080	53	1	0	20	1.9741e-05	50656	1	FALSE	NA	NA	NA	NA	NA	NA
NC_045512.2	28510	T	G	50569	28206	53	1	0	20	1.97738e-05	50572	1	FALSE	NA	NA	NA	NA	NA	NA
NC_045512.2	28510	T	C	50569	28206	53	1	1	68	1.97738e-05	50572	0.49999	FALSE	NA	NA	NA	NA	NA	NA
NC_045512.2	28510	T	A	50569	28206	53	1	0	27	1.97738e-05	50572	1	FALSE	NA	NA	NA	NA	NA	NA
NC_045512.2	28511	C	G	50367	28224	53	2	0	27	3.9703e-05	50374	1	FALSE	NA	NA	NA	NA	NA	NA
NC_045512.2	28511	C	A	50367	28224	53	5	0	26	9.92576e-05	50374	1	FALSE	NA	NA	NA	NA	NA	NA
NC_045512.2	28512	C	G	50239	28337	53	3	0	26	5.97051e-05	50247	1	FALSE	NA	NA	NA	NA	NA	NA
NC_045512.2	28512	C	A	50239	28337	53	5	1	27	9.95084e-05	50247	1	FALSE	NA	NA	NA	NA	NA	NA
NC_045512.2	28513	A	T	49910	28165	53	3	3	40	6.00841e-05	49930	0.773314	FALSE	NA	NA	NA	NA	NA	NA
NC_045512.2	28513	A	G	49910	28165	53	1	1	46	2.0028e-05	49930	0.968725	FALSE	NA	NA	NA	NA	NA	NA
NC_045512.2	28513	A	C	49910	28165	53	16	1	25	0.000320449	49930	1	FALSE	NA	NA	NA	NA	NA	NA
NC_045512.2	28514	G	T	49630	27843	52	10	10	28	0.000201406	49651	1	FALSE	NA	NA	NA	NA	NA	NA
NC_045512.2	28514	G	C	49630	27843	52	8	0	27	0.000161125	49651	1	FALSE	NA	NA	NA	NA	NA	NA
NC_045512.2	28514	G	A	49630	27843	52	3	1	45	6.04217e-05	49651	0.773305	FALSE	NA	NA	NA	NA	NA	NA
NC_045512.2	28515	A	T	49727	28138	52	8	3	31	0.00016084	49739	1	FALSE	NA	NA	NA	NA	NA	NA
NC_045512.2	28515	A	G	49727	28138	52	3	3	34	6.03148e-05	49739	1	FALSE	NA	NA	NA	NA	NA	NA
NC_045512.2	28515	A	C	49727	28138	52	1	1	27	2.01049e-05	49739	1	FALSE	NA	NA	NA	NA	NA	NA
NC_045512.2	28516	T	G	49751	27952	52	4	3	30	8.03891e-05	49758	1	FALSE	NA	NA	NA	NA	NA	NA
NC_045512.2	28516	T	A	49751	27952	52	3	2	40	6.02918e-05	49758	0.773421	FALSE	NA	NA	NA	NA	NA	NA
NC_045512.2	28517	G	T	49844	28424	52	3	3	26	6.01769e-05	49853	1	FALSE	NA	NA	NA	NA	NA	NA
NC_045512.2	28517	G	C	49844	28424	52	6	4	25	0.000120354	49853	1	FALSE	NA	NA	NA	NA	NA	NA
NC_045512.2	28518	A	T	49310	27817	53	4	0	26	8.11046e-05	49319	1	FALSE	NA	NA	NA	NA	NA	NA
NC_045512.2	28518	A	G	49310	27817	53	4	4	52	8.11046e-05	49319	0.0624861	FALSE	NA	NA	NA	NA	NA	NA
NC_045512.2	28518	A	C	49310	27817	53	1	0	26	2.02762e-05	49319	1	FALSE	NA	NA	NA	NA	NA	NA
NC_045512.2	28519	C	T	49228	27768	53	3	3	68	6.09335e-05	49234	0.124989	FALSE	NA	NA	NA	NA	NA	NA
NC_045512.2	28519	C	G	49228	27768	53	1	1	27	2.03112e-05	49234	1	FALSE	NA	NA	NA	NA	NA	NA
NC_045512.2	28519	C	A	49228	27768	53	2	0	23	4.06223e-05	49234	1	FALSE	NA	NA	NA	NA	NA	NA
NC_045512.2	28520	C	T	48887	27938	52	5	2	47	0.000102249	48900	0.499912	FALSE	NA	NA	NA	NA	NA	NA
NC_045512.2	28520	C	G	48887	27938	52	4	1	26	8.17996e-05	48900	1	FALSE	NA	NA	NA	NA	NA	NA
NC_045512.2	28520	C	A	48887	27938	52	4	0	28	8.17996e-05	48900	1	FALSE	NA	NA	NA	NA	NA	NA
NC_045512.2	28520	C	-A	48887	27938	52	2	0	20	4.08998e-05	48900	1	FALSE	NA	NA	NA	NA	NA	NA
NC_045512.2	28521	A	T	49035	27875	53	3	0	26	6.11683e-05	49045	1	FALSE	NA	NA	NA	NA	NA	NA
NC_045512.2	28521	A	G	49035	27875	53	7	2	41	0.000142726	49045	0.274357	FALSE	NA	NA	NA	NA	NA	NA
NC_045512.2	28522	A	T	47552	28005	50	2	2	23	4.20336e-05	47581	1	FALSE	NA	NA	NA	NA	NA	NA
NC_045512.2	28522	A	G	47552	28005	50	2	1	68	4.20336e-05	47581	0.249861	FALSE	NA	NA	NA	NA	NA	NA
NC_045512.2	28522	A	C	47552	28005	50	25	0	26	0.00052542	47581	1	FALSE	NA	NA	NA	NA	NA	NA
NC_045512.2	28523	A	G	48665	27663	52	6	1	43	0.000123259	48678	0.376871	FALSE	NA	NA	NA	NA	NA	NA
NC_045512.2	28523	A	C	48665	27663	52	7	1	26	0.000143802	48678	1	FALSE	NA	NA	NA	NA	NA	NA
NC_045512.2	28524	T	G	48038	26966	51	16	16	26	0.000332931	48058	1	FALSE	NA	NA	NA	NA	NA	NA
NC_045512.2	28524	T	A	48038	26966	51	4	0	26	8.32328e-05	48058	1	FALSE	NA	NA	NA	NA	NA	NA
NC_045512.2	28525	T	G	48161	27616	51	9	9	25	0.000186792	48182	1	FALSE	NA	NA	NA	NA	NA	NA
NC_045512.2	28525	T	C	48161	27616	51	8	8	37	0.000166037	48182	1	FALSE	NA	NA	NA	NA	NA	NA
NC_045512.2	28525	T	A	48161	27616	51	4	3	26	8.30186e-05	48182	1	FALSE	NA	NA	NA	NA	NA	NA
NC_045512.2	28525	T	-G	48161	27616	51	1	0	20	2.07546e-05	48182	1	FALSE	NA	NA	NA	NA	NA	NA
NC_045512.2	28526	G	T	49368	28068	53	2	1	27	4.0508e-05	49373	1	FALSE	NA	NA	NA	NA	NA	NA
NC_045512.2	28526	G	C	49368	28068	53	3	0	24	6.0762e-05	49373	1	FALSE	NA	NA	NA	NA	NA	NA
NC_045512.2	28527	G	T	48843	27726	53	2	1	26	4.09425e-05	48849	1	FALSE	NA	NA	NA	NA	NA	NA
NC_045512.2	28527	G	C	48843	27726	53	3	0	28	6.14137e-05	48849	1	FALSE	NA	NA	NA	NA	NA	NA
NC_045512.2	28527	G	A	48843	27726	53	1	0	68	2.04712e-05	48849	0.49998	FALSE	NA	NA	NA	NA	NA	NA
NC_045512.2	28528	C	T	48858	27816	53	2	2	51	4.09283e-05	48866	0.249972	FALSE	NA	NA	NA	NA	NA	NA
NC_045512.2	28528	C	G	48858	27816	53	4	2	30	8.18565e-05	48866	1	FALSE	NA	NA	NA	NA	NA	NA
NC_045512.2	28528	C	A	48858	27816	53	2	1	47	4.09283e-05	48866	0.890608	FALSE	NA	NA	NA	NA	NA	NA
NC_045512.2	28529	T	C	49195	27839	53	2	1	68	4.06504e-05	49200	0.249987	FALSE	NA	NA	NA	NA	NA	NA
NC_045512.2	28529	T	A	49195	27839	53	3	2	24	6.09756e-05	49200	1	FALSE	NA	NA	NA	NA	NA	NA
NC_045512.2	28530	A	T	48711	27796	53	3	2	27	6.15764e-05	48720	1	FALSE	NA	NA	NA	NA	NA	NA
NC_045512.2	28530	A	G	48711	27796	53	1	1	24	2.05255e-05	48720	1	FALSE	NA	NA	NA	NA	NA	NA
NC_045512.2	28530	A	C	48711	27796	53	5	1	28	0.000102627	48720	1	FALSE	NA	NA	NA	NA	NA	NA
NC_045512.2	28531	C	T	50080	28725	53	3	3	45	5.98874e-05	50094	0.855413	FALSE	NA	NA	NA	NA	NA	NA
NC_045512.2	28531	C	G	50080	28725	53	5	0	29	9.98124e-05	50094	1	FALSE	NA	NA	NA	NA	NA	NA
NC_045512.2	28531	C	A	50080	28725	53	6	0	29	0.000119775	50094	1	FALSE	NA	NA	NA	NA	NA	NA
NC_045512.2	28532	T	C	50112	28583	53	4	2	31	7.98116e-05	50118	1	FALSE	NA	NA	NA	NA	NA	NA
NC_045512.2	28532	T	A	50112	28583	53	2	1	25	3.99058e-05	50118	1	FALSE	NA	NA	NA	NA	NA	NA
NC_045512.2	28533	A	T	50832	28961	54	6	2	26	0.000118013	50842	1	FALSE	NA	NA	NA	NA	NA	NA
NC_045512.2	28533	A	G	50832	28961	54	1	0	27	1.96688e-05	50842	1	FALSE	NA	NA	NA	NA	NA	NA
NC_045512.2	28533	A	C	50832	28961	54	3	1	26	5.90063e-05	50842	1	FALSE	NA	NA	NA	NA	NA	NA
NC_045512.2	28533	A	-CCG	50832	28961	54	2	0	20	3.93376e-05	50842	1	FALSE	NA	NA	NA	NA	NA	NA
NC_045512.2	28534	C	T	50776	29097	54	1	1	34	1.96924e-05	50781	1	FALSE	NA	NA	NA	NA	NA	NA
NC_045512.2	28534	C	G	50776	29097	54	2	0	27	3.93848e-05	50781	1	FALSE	NA	NA	NA	NA	NA	NA
NC_045512.2	28534	C	A	50776	29097	54	2	1	30	3.93848e-05	50781	1	FALSE	NA	NA	NA	NA	NA	NA
NC_045512.2	28534	C	-CGA	50776	29097	54	1	0	20	1.96916e-05	50783	1	FALSE	NA	NA	NA	NA	NA	NA
NC_045512.2	28535	C	T	44727	25417	54	3	2	43	6.2822e-05	47754	0.745748	FALSE	NA	NA	NA	NA	NA	NA
NC_045512.2	28535	C	G	44727	25417	54	2	0	30	4.18813e-05	47754	1	FALSE	NA	NA	NA	NA	NA	NA
NC_045512.2	28535	C	A	44727	25417	54	3022	1764	58	0.0632827	47754	0	TRUE	NA	NA	NA	NA	NA	NA
NC_045512.2	28536	G	T	44499	25183	54	2	2	30	4.20999e-05	47506	1	FALSE	NA	NA	NA	NA	NA	NA
NC_045512.2	28536	G	C	44499	25183	54	10	2	28	0.0002105	47506	1	FALSE	NA	NA	NA	NA	NA	NA
NC_045512.2	28536	G	A	44499	25183	54	2995	1776	58	0.0630447	47506	0	TRUE	NA	NA	NA	NA	NA	NA
NC_045512.2	28536	G	-A	44499	25183	54	2	0	20	4.20982e-05	47508	1	FALSE	NA	NA	NA	NA	NA	NA
NC_045512.2	28537	A	T	46740	27288	51	1	1	20	2.13844e-05	46763	1	FALSE	NA	NA	NA	NA	NA	NA
NC_045512.2	28537	A	C	46740	27288	51	22	2	28	0.000470457	46763	1	FALSE	NA	NA	NA	NA	NA	NA
NC_045512.2	28538	A	T	47392	27141	54	5	0	29	0.000105463	47410	1	FALSE	NA	NA	NA	NA	NA	NA
NC_045512.2	28538	A	G	47392	27141	54	4	4	45	8.43704e-05	47410	0.636575	FALSE	NA	NA	NA	NA	NA	NA
NC_045512.2	28538	A	C	47392	27141	54	9	0	26	0.000189833	47410	1	FALSE	NA	NA	NA	NA	NA	NA
NC_045512.2	28539	G	T	47396	27135	54	2	0	47	4.21772e-05	47419	0.890534	FALSE	NA	NA	NA	NA	NA	NA
NC_045512.2	28539	G	C	47396	27135	54	21	2	25	0.00044286	47419	1	FALSE	NA	NA	NA	NA	NA	NA
NC_045512.2	28540	A	T	44799	25318	55	4	1	30	8.92698e-05	44808	1	FALSE	NA	NA	NA	NA	NA	NA
NC_045512.2	28540	A	G	44799	25318	55	5	1	52	0.000111587	44808	0.0312413	FALSE	NA	NA	NA	NA	NA	NA
NC_045512.2	28541	G	T	44567	25011	55	3	2	28	6.72963e-05	44579	1	FALSE	NA	NA	NA	NA	NA	NA
NC_045512.2	28541	G	C	44567	25011	55	7	0	30	0.000157025	44579	1	FALSE	NA	NA	NA	NA	NA	NA
NC_045512.2	28541	G	A	44567	25011	55	2	1	34	4.48642e-05	44579	1	FALSE	NA	NA	NA	NA	NA	NA
NC_045512.2	28542	C	T	42256	23624	57	1	0	68	2.36591e-05	42267	0.499947	FALSE	NA	NA	NA	NA	NA	NA
NC_045512.2	28542	C	G	42256	23624	57	2	0	27	4.73182e-05	42267	1	FALSE	NA	NA	NA	NA	NA	NA
NC_045512.2	28542	C	A	42256	23624	57	8	5	32	0.000189273	42267	1	FALSE	NA	NA	NA	NA	NA	NA
NC_045512.2	28543	T	C	42280	23463	57	7	4	54	0.000165516	42292	0.00780797	TRUE	NA	NA	NA	NA	NA	NA
NC_045512.2	28543	T	A	42280	23463	57	5	3	28	0.000118226	42292	1	FALSE	NA	NA	NA	NA	NA	NA
NC_045512.2	28544	A	T	42311	23782	57	3	0	28	7.08935e-05	42317	1	FALSE	NA	NA	NA	NA	NA	NA
NC_045512.2	28544	A	G	42311	23782	57	2	2	34	4.72623e-05	42317	1	FALSE	NA	NA	NA	NA	NA	NA
NC_045512.2	28544	A	C	42311	23782	57	1	0	27	2.36312e-05	42317	1	FALSE	NA	NA	NA	NA	NA	NA
NC_045512.2	28545	C	T	42105	23789	57	2	1	64	4.74856e-05	42118	0.249938	FALSE	NA	NA	NA	NA	NA	NA
NC_045512.2	28545	C	G	42105	23789	57	10	0	26	0.000237428	42118	1	FALSE	NA	NA	NA	NA	NA	NA
NC_045512.2	28545	C	A	42105	23789	57	1	0	26	2.37428e-05	42118	1	FALSE	NA	NA	NA	NA	NA	NA
NC_045512.2	28546	C	T	41783	23929	56	2	2	68	4.78538e-05	41794	0.249949	FALSE	NA	NA	NA	NA	NA	NA
NC_045512.2	28546	C	G	41783	23929	56	4	1	30	9.57075e-05	41794	1	FALSE	NA	NA	NA	NA	NA	NA
NC_045512.2	28546	C	A	41783	23929	56	5	0	24	0.000119634	41794	1	FALSE	NA	NA	NA	NA	NA	NA
NC_045512.2	28547	A	T	41435	23735	56	1	1	68	2.41295e-05	41443	0.499964	FALSE	NA	NA	NA	NA	NA	NA
NC_045512.2	28547	A	C	41435	23735	56	7	2	26	0.000168907	41443	1	FALSE	NA	NA	NA	NA	NA	NA
NC_045512.2	28548	G	T	40851	23430	56	1	1	34	2.44696e-05	40867	1	FALSE	NA	NA	NA	NA	NA	NA
NC_045512.2	28548	G	C	40851	23430	56	14	0	26	0.000342575	40867	1	FALSE	NA	NA	NA	NA	NA	NA
NC_045512.2	28548	G	A	40851	23430	56	1	1	68	2.44696e-05	40867	0.499914	FALSE	NA	NA	NA	NA	NA	NA
NC_045512.2	28549	A	T	40556	23843	52	24	4	26	0.000591381	40583	1	FALSE	NA	NA	NA	NA	NA	NA
NC_045512.2	28549	A	G	40556	23843	52	3	2	42	7.39226e-05	40583	0.773215	FALSE	NA	NA	NA	NA	NA	NA
NC_045512.2	28550	C	T	40672	23240	57	3	3	46	7.37518e-05	40677	0.773438	FALSE	NA	NA	NA	NA	NA	NA
NC_045512.2	28550	C	A	40672	23240	57	2	1	26	4.91678e-05	40677	1	FALSE	NA	NA	NA	NA	NA	NA
NC_045512.2	28551	G	T	40061	22907	56	2	1	30	4.9899e-05	40081	1	FALSE	NA	NA	NA	NA	NA	NA
NC_045512.2	28551	G	C	40061	22907	56	14	0	26	0.000349293	40081	1	FALSE	NA	NA	NA	NA	NA	NA
NC_045512.2	28551	G	A	40061	22907	56	4	2	59	9.97979e-05	40081	0.0624485	FALSE	NA	NA	NA	NA	NA	NA
NC_045512.2	28552	A	T	40344	23025	57	1	1	27	2.47819e-05	40352	1	FALSE	NA	NA	NA	NA	NA	NA
NC_045512.2	28552	A	G	40344	23025	57	1	0	27	2.47819e-05	40352	1	FALSE	NA	NA	NA	NA	NA	NA
NC_045512.2	28552	A	C	40344	23025	57	6	4	28	0.000148692	40352	1	FALSE	NA	NA	NA	NA	NA	NA
NC_045512.2	28553	A	T	40055	23103	56	3	0	26	7.48559e-05	40077	1	FALSE	NA	NA	NA	NA	NA	NA
NC_045512.2	28553	A	G	40055	23103	56	6	3	37	0.000149712	40077	1	FALSE	NA	NA	NA	NA	NA	NA
NC_045512.2	28553	A	C	40055	23103	56	13	2	30	0.000324376	40077	0.999959	FALSE	NA	NA	NA	NA	NA	NA
NC_045512.2	28553	A	-TTC	40055	23103	56	1	0	20	2.4952e-05	40077	1	FALSE	NA	NA	NA	NA	NA	NA
NC_045512.2	28553	A	-T	40055	23103	56	1	0	20	2.4952e-05	40077	1	FALSE	NA	NA	NA	NA	NA	NA
NC_045512.2	28554	T	G	38872	22020	53	19	14	25	0.000488457	38898	1	FALSE	NA	NA	NA	NA	NA	NA
NC_045512.2	28554	T	C	38872	22020	53	2	1	30	5.14165e-05	38898	1	FALSE	NA	NA	NA	NA	NA	NA
NC_045512.2	28554	T	A	38872	22020	53	5	0	25	0.000128541	38898	1	FALSE	NA	NA	NA	NA	NA	NA
NC_045512.2	28555	T	C	40139	23505	56	1	1	68	2.49097e-05	40145	0.499975	FALSE	NA	NA	NA	NA	NA	NA
NC_045512.2	28555	T	A	40139	23505	56	5	0	28	0.000124549	40145	1	FALSE	NA	NA	NA	NA	NA	NA
NC_045512.2	28556	C	T	39840	23155	56	2	1	46	5.01869e-05	39851	0.812445	FALSE	NA	NA	NA	NA	NA	NA
NC_045512.2	28556	C	G	39840	23155	56	4	3	27	0.000100374	39851	1	FALSE	NA	NA	NA	NA	NA	NA
NC_045512.2	28556	C	A	39840	23155	56	5	1	26	0.000125467	39851	1	FALSE	NA	NA	NA	NA	NA	NA
NC_045512.2	28556	C	-G	39840	23155	56	1	0	20	2.50935e-05	39851	1	FALSE	NA	NA	NA	NA	NA	NA
NC_045512.2	28557	G	T	39060	22686	57	1	0	27	2.55997e-05	39063	1	FALSE	NA	NA	NA	NA	NA	NA
NC_045512.2	28557	G	C	39060	22686	57	2	0	30	5.11993e-05	39063	1	FALSE	NA	NA	NA	NA	NA	NA
NC_045512.2	28558	T	C	38957	22571	57	3	2	68	7.69961e-05	38963	0.124986	FALSE	NA	NA	NA	NA	NA	NA
NC_045512.2	28558	T	A	38957	22571	57	3	1	29	7.69961e-05	38963	1	FALSE	NA	NA	NA	NA	NA	NA
NC_045512.2	28559	G	A	39059	22652	57	5	3	32	0.000127995	39064	1	FALSE	NA	NA	NA	NA	NA	NA
NC_045512.2	28560	G	T	38885	22917	57	3	2	29	7.71407e-05	38890	1	FALSE	NA	NA	NA	NA	NA	NA
NC_045512.2	28560	G	C	38885	22917	57	2	0	29	5.14271e-05	38890	1	FALSE	NA	NA	NA	NA	NA	NA
NC_045512.2	28561	T	G	38046	22538	57	5	0	28	0.000131396	38053	1	FALSE	NA	NA	NA	NA	NA	NA
NC_045512.2	28561	T	C	38046	22538	57	1	1	26	2.62791e-05	38053	1	FALSE	NA	NA	NA	NA	NA	NA
NC_045512.2	28561	T	A	38046	22538	57	1	0	34	2.62791e-05	38053	1	FALSE	NA	NA	NA	NA	NA	NA
NC_045512.2	28561	T	-G	38046	22538	57	1	0	20	2.62791e-05	38053	1	FALSE	NA	NA	NA	NA	NA	NA
NC_045512.2	28562	G	T	37530	22992	56	1	0	60	2.66439e-05	37532	0.499993	FALSE	NA	NA	NA	NA	NA	NA
NC_045512.2	28562	G	A	37530	22992	56	1	1	68	2.66439e-05	37532	0.499993	FALSE	NA	NA	NA	NA	NA	NA
NC_045512.2	28563	G	T	37645	23382	56	2	1	26	5.31194e-05	37651	1	FALSE	NA	NA	NA	NA	NA	NA
NC_045512.2	28563	G	C	37645	23382	56	3	1	26	7.96792e-05	37651	1	FALSE	NA	NA	NA	NA	NA	NA
NC_045512.2	28563	G	A	37645	23382	56	1	1	68	2.65597e-05	37651	0.499973	FALSE	NA	NA	NA	NA	NA	NA
NC_045512.2	28564	T	C	37588	23552	56	1	0	68	2.66035e-05	37589	0.500007	FALSE	NA	NA	NA	NA	NA	NA
NC_045512.2	28565	G	T	37213	23158	55	1	1	34	2.68694e-05	37217	1	FALSE	NA	NA	NA	NA	NA	NA
NC_045512.2	28565	G	C	37213	23158	55	3	2	26	8.06083e-05	37217	1	FALSE	NA	NA	NA	NA	NA	NA
NC_045512.2	28566	A	T	37246	23308	55	4	3	25	0.000107374	37253	1	FALSE	NA	NA	NA	NA	NA	NA
NC_045512.2	28566	A	G	37246	23308	55	3	2	56	8.05304e-05	37253	0.12498	FALSE	NA	NA	NA	NA	NA	NA
NC_045512.2	28567	C	T	37231	23395	55	7	6	63	0.000187975	37239	0.0078103	TRUE	NA	NA	NA	NA	NA	NA
NC_045512.2	28567	C	G	37231	23395	55	1	0	27	2.68536e-05	37239	1	FALSE	NA	NA	NA	NA	NA	NA
NC_045512.2	28568	G	T	36942	23114	55	1	0	60	2.70643e-05	36949	0.499966	FALSE	NA	NA	NA	NA	NA	NA
NC_045512.2	28568	G	C	36942	23114	55	3	3	26	8.1193e-05	36949	1	FALSE	NA	NA	NA	NA	NA	NA
NC_045512.2	28568	G	A	36942	23114	55	3	2	68	8.1193e-05	36949	0.12498	FALSE	NA	NA	NA	NA	NA	NA
NC_045512.2	28569	G	C	36980	23203	55	1	0	27	2.7038e-05	36985	1	FALSE	NA	NA	NA	NA	NA	NA
NC_045512.2	28569	G	A	36980	23203	55	4	4	42	0.000108152	36985	0.5	FALSE	NA	NA	NA	NA	NA	NA
NC_045512.2	28570	T	G	37200	23512	55	4	1	28	0.00010751	37206	1	FALSE	NA	NA	NA	NA	NA	NA
NC_045512.2	28570	T	C	37200	23512	55	1	1	34	2.68774e-05	37206	1	FALSE	NA	NA	NA	NA	NA	NA
NC_045512.2	28570	T	A	37200	23512	55	1	0	26	2.68774e-05	37206	1	FALSE	NA	NA	NA	NA	NA	NA
NC_045512.2	28570	T	-A	37200	23512	55	2	0	20	5.37548e-05	37206	1	FALSE	NA	NA	NA	NA	NA	NA
NC_045512.2	28571	A	T	36388	22696	54	3	1	27	8.24312e-05	36394	1	FALSE	NA	NA	NA	NA	NA	NA
NC_045512.2	28571	A	G	36388	22696	54	3	1	35	8.24312e-05	36394	1	FALSE	NA	NA	NA	NA	NA	NA
NC_045512.2	28572	A	T	36733	23126	55	1	1	26	2.7222e-05	36735	1	FALSE	NA	NA	NA	NA	NA	NA
NC_045512.2	28572	A	G	36733	23126	55	1	1	38	2.7222e-05	36735	1	FALSE	NA	NA	NA	NA	NA	NA
NC_045512.2	28573	A	T	35870	23432	46	1	1	34	2.78652e-05	35887	1	FALSE	NA	NA	NA	NA	NA	NA
NC_045512.2	28573	A	G	35870	23432	46	2	1	51	5.57305e-05	35887	0.249899	FALSE	NA	NA	NA	NA	NA	NA
NC_045512.2	28573	A	C	35870	23432	46	14	1	25	0.000390113	35887	1	FALSE	NA	NA	NA	NA	NA	NA
NC_045512.2	28574	A	G	36824	23288	55	1	0	60	2.71533e-05	36828	0.499986	FALSE	NA	NA	NA	NA	NA	NA
NC_045512.2	28574	A	C	36824	23288	55	3	0	22	8.14598e-05	36828	1	FALSE	NA	NA	NA	NA	NA	NA
NC_045512.2	28575	T	G	36289	22879	55	3	2	29	8.26606e-05	36293	1	FALSE	NA	NA	NA	NA	NA	NA
NC_045512.2	28575	T	C	36289	22879	55	1	0	46	2.75535e-05	36293	0.937498	FALSE	NA	NA	NA	NA	NA	NA
NC_045512.2	28576	G	T	29636	18657	55	1	1	34	2.77863e-05	35989	1	FALSE	NA	NA	NA	NA	NA	NA
NC_045512.2	28576	G	C	29636	18657	55	1	0	27	2.77863e-05	35989	1	FALSE	NA	NA	NA	NA	NA	NA
NC_045512.2	28576	G	A	29636	18657	55	6351	4182	54	0.176471	35989	0	TRUE	NA	NA	NA	NA	NA	NA
NC_045512.2	28577	A	T	35946	22779	54	3	2	26	8.34469e-05	35951	1	FALSE	NA	NA	NA	NA	NA	NA
NC_045512.2	28577	A	G	35946	22779	54	2	0	47	5.56313e-05	35951	0.812491	FALSE	NA	NA	NA	NA	NA	NA
NC_045512.2	28578	A	G	35549	22482	54	1	1	60	2.81286e-05	35551	0.5	FALSE	NA	NA	NA	NA	NA	NA
NC_045512.2	28578	A	C	35549	22482	54	1	0	20	2.81286e-05	35551	1	FALSE	NA	NA	NA	NA	NA	NA
NC_045512.2	28579	A	T	35927	22879	55	4	2	57	0.0001113	35939	0.0624704	FALSE	NA	NA	NA	NA	NA	NA
NC_045512.2	28579	A	G	35927	22879	55	6	3	42	0.00016695	35939	0.253824	FALSE	NA	NA	NA	NA	NA	NA
NC_045512.2	28579	A	C	35927	22879	55	2	0	27	5.56499e-05	35939	1	FALSE	NA	NA	NA	NA	NA	NA
NC_045512.2	28580	G	C	35770	22917	54	2	0	26	5.59097e-05	35772	1	FALSE	NA	NA	NA	NA	NA	NA
NC_045512.2	28581	A	T	34719	22068	54	2	0	26	5.7602e-05	34721	1	FALSE	NA	NA	NA	NA	NA	NA
NC_045512.2	28582	T	G	32553	19852	52	1	0	27	3.07135e-05	32559	1	FALSE	NA	NA	NA	NA	NA	NA
NC_045512.2	28582	T	C	32553	19852	52	1	1	68	3.07135e-05	32559	0.499969	FALSE	NA	NA	NA	NA	NA	NA
NC_045512.2	28582	T	A	32553	19852	52	4	2	27	0.000122854	32559	1	FALSE	NA	NA	NA	NA	NA	NA
NC_045512.2	28583	C	T	34527	22016	55	1	1	68	2.89612e-05	34529	0.5	FALSE	NA	NA	NA	NA	NA	NA
NC_045512.2	28583	C	A	34527	22016	55	1	0	27	2.89612e-05	34529	1	FALSE	NA	NA	NA	NA	NA	NA
NC_045512.2	28584	T	G	34465	21910	55	2	0	27	5.80215e-05	34470	1	FALSE	NA	NA	NA	NA	NA	NA
NC_045512.2	28584	T	C	34465	21910	55	3	0	53	8.70322e-05	34470	0.124989	FALSE	NA	NA	NA	NA	NA	NA
NC_045512.2	28585	C	G	34330	21803	55	2	0	27	5.82547e-05	34332	1	FALSE	NA	NA	NA	NA	NA	NA
NC_045512.2	28586	A	G	34007	21641	54	5	1	41	0.000146994	34015	0.363241	FALSE	NA	NA	NA	NA	NA	NA
NC_045512.2	28586	A	C	34007	21641	54	3	1	26	8.81964e-05	34015	1	FALSE	NA	NA	NA	NA	NA	NA
NC_045512.2	28587	G	C	34343	21678	55	2	0	27	5.82326e-05	34345	1	FALSE	NA	NA	NA	NA	NA	NA
NC_045512.2	28588	T	C	34246	21853	54	3	2	38	8.75938e-05	34249	1	FALSE	NA	NA	NA	NA	NA	NA
NC_045512.2	28589	C	A	34128	21826	54	2	0	20	5.85995e-05	34130	1	FALSE	NA	NA	NA	NA	NA	NA
NC_045512.2	28590	C	G	33792	21711	54	2	0	26	5.91786e-05	33796	1	FALSE	NA	NA	NA	NA	NA	NA
NC_045512.2	28590	C	A	33792	21711	54	2	0	20	5.91786e-05	33796	1	FALSE	NA	NA	NA	NA	NA	NA
NC_045512.2	28591	A	T	33324	21267	54	1	1	27	3.00066e-05	33326	1	FALSE	NA	NA	NA	NA	NA	NA
NC_045512.2	28591	A	C	33324	21267	54	1	1	34	3.00066e-05	33326	1	FALSE	NA	NA	NA	NA	NA	NA
NC_045512.2	28592	A	G	33385	21652	54	2	0	47	5.99018e-05	33388	0.812509	FALSE	NA	NA	NA	NA	NA	NA
NC_045512.2	28592	A	C	33385	21652	54	1	0	27	2.99509e-05	33388	1	FALSE	NA	NA	NA	NA	NA	NA
NC_045512.2	28593	G	C	33413	21682	54	1	0	27	2.99276e-05	33414	1	FALSE	NA	NA	NA	NA	NA	NA
NC_045512.2	28594	A	T	33038	21681	50	5	2	29	0.000151318	33043	1	FALSE	NA	NA	NA	NA	NA	NA
NC_045512.2	28595	T	G	33219	21625	54	1	0	27	3.01005e-05	33222	1	FALSE	NA	NA	NA	NA	NA	NA
NC_045512.2	28595	T	C	33219	21625	54	1	0	60	3.01005e-05	33222	0.499992	FALSE	NA	NA	NA	NA	NA	NA
NC_045512.2	28595	T	A	33219	21625	54	1	0	27	3.01005e-05	33222	1	FALSE	NA	NA	NA	NA	NA	NA
NC_045512.2	28596	G	C	30049	19272	54	2	1	23	6.65535e-05	30051	1	FALSE	NA	NA	NA	NA	NA	NA
NC_045512.2	28597	G	A	30346	19458	54	1	0	34	3.29522e-05	30347	1	FALSE	NA	NA	NA	NA	NA	NA
NC_045512.2	28598	T	C	29902	19083	53	3	3	31	0.000100318	29905	1	FALSE	NA	NA	NA	NA	NA	NA
NC_045512.2	28599	A	G	30321	19565	53	3	2	53	9.8925e-05	30326	0.124988	FALSE	NA	NA	NA	NA	NA	NA
NC_045512.2	28599	A	C	30321	19565	53	2	0	23	6.595e-05	30326	1	FALSE	NA	NA	NA	NA	NA	NA
NC_045512.2	28600	T	C	30313	19481	54	2	2	57	6.59739e-05	30315	0.250004	FALSE	NA	NA	NA	NA	NA	NA
NC_045512.2	28601	T	G	30025	19495	53	1	0	27	3.33e-05	30030	1	FALSE	NA	NA	NA	NA	NA	NA
NC_045512.2	28601	T	C	30025	19495	53	3	2	49	9.99001e-05	30030	0.656242	FALSE	NA	NA	NA	NA	NA	NA
NC_045512.2	28601	T	A	30025	19495	53	1	0	27	3.33e-05	30030	1	FALSE	NA	NA	NA	NA	NA	NA
NC_045512.2	28602	T	C	29693	19187	53	4	2	51	0.000134694	29697	0.0624979	FALSE	NA	NA	NA	NA	NA	NA
NC_045512.2	28603	C	T	29582	19279	53	2	2	68	6.75995e-05	29586	0.249987	FALSE	NA	NA	NA	NA	NA	NA
NC_045512.2	28603	C	G	29582	19279	53	1	0	27	3.37998e-05	29586	1	FALSE	NA	NA	NA	NA	NA	NA
NC_045512.2	28603	C	A	29582	19279	53	1	0	27	3.37998e-05	29586	1	FALSE	NA	NA	NA	NA	NA	NA
NC_045512.2	28604	T	G	29572	19268	54	1	0	27	3.38112e-05	29576	1	FALSE	NA	NA	NA	NA	NA	NA
NC_045512.2	28604	T	C	29572	19268	54	3	3	42	0.000101434	29576	0.5	FALSE	NA	NA	NA	NA	NA	NA
NC_045512.2	28605	A	T	29222	19116	52	1	0	46	3.42103e-05	29231	0.874962	FALSE	NA	NA	NA	NA	NA	NA
NC_045512.2	28605	A	G	29222	19116	52	1	1	68	3.42103e-05	29231	0.49994	FALSE	NA	NA	NA	NA	NA	NA
NC_045512.2	28605	A	C	29222	19116	52	7	0	27	0.000239472	29231	1	FALSE	NA	NA	NA	NA	NA	NA
NC_045512.2	28606	C	T	29076	19101	53	2	1	68	6.87711e-05	29082	0.24997	FALSE	NA	NA	NA	NA	NA	NA
NC_045512.2	28606	C	G	29076	19101	53	3	1	33	0.000103157	29082	1	FALSE	NA	NA	NA	NA	NA	NA
NC_045512.2	28606	C	A	29076	19101	53	1	0	27	3.43855e-05	29082	1	FALSE	NA	NA	NA	NA	NA	NA
NC_045512.2	28608	A	T	27294	17674	52	2	1	26	7.32601e-05	27300	1	FALSE	NA	NA	NA	NA	NA	NA
NC_045512.2	28608	A	G	27294	17674	52	3	3	46	0.00010989	27300	0.499966	FALSE	NA	NA	NA	NA	NA	NA
NC_045512.2	28608	A	C	27294	17674	52	1	0	27	3.663e-05	27300	1	FALSE	NA	NA	NA	NA	NA	NA
NC_045512.2	28609	C	T	27494	17633	53	1	0	34	3.63689e-05	27496	1	FALSE	NA	NA	NA	NA	NA	NA
NC_045512.2	28609	C	A	27494	17633	53	1	0	46	3.63689e-05	27496	0.875007	FALSE	NA	NA	NA	NA	NA	NA
NC_045512.2	28610	C	G	26506	17119	53	1	0	27	3.77259e-05	26507	1	FALSE	NA	NA	NA	NA	NA	NA
NC_045512.2	28611	T	G	26283	16899	53	4	4	28	0.000152149	26290	1	FALSE	NA	NA	NA	NA	NA	NA
NC_045512.2	28611	T	C	26283	16899	53	2	2	30	7.60746e-05	26290	1	FALSE	NA	NA	NA	NA	NA	NA
NC_045512.2	28611	T	A	26283	16899	53	1	0	27	3.80373e-05	26290	1	FALSE	NA	NA	NA	NA	NA	NA
NC_045512.2	28612	A	C	25598	16719	51	5	0	27	0.00019529	25603	1	FALSE	NA	NA	NA	NA	NA	NA
NC_045512.2	28613	G	T	25516	16611	52	2	2	30	7.8376e-05	25518	1	FALSE	NA	NA	NA	NA	NA	NA
NC_045512.2	28614	G	T	25445	16583	52	1	1	27	3.92958e-05	25448	1	FALSE	NA	NA	NA	NA	NA	NA
NC_045512.2	28614	G	C	25445	16583	52	1	0	27	3.92958e-05	25448	1	FALSE	NA	NA	NA	NA	NA	NA
NC_045512.2	28614	G	A	25445	16583	52	1	0	68	3.92958e-05	25448	0.49999	FALSE	NA	NA	NA	NA	NA	NA
NC_045512.2	28615	A	T	25566	16694	53	2	1	30	7.82228e-05	25568	1	FALSE	NA	NA	NA	NA	NA	NA
NC_045512.2	28616	A	T	25316	16610	51	1	1	60	3.94882e-05	25324	0.499941	FALSE	NA	NA	NA	NA	NA	NA
NC_045512.2	28616	A	G	25316	16610	51	3	3	54	0.000118465	25324	0.124963	FALSE	NA	NA	NA	NA	NA	NA
NC_045512.2	28616	A	C	25316	16610	51	4	0	25	0.000157953	25324	1	FALSE	NA	NA	NA	NA	NA	NA
NC_045512.2	28618	T	G	18978	11676	54	1	0	27	5.26898e-05	18979	1	FALSE	NA	NA	NA	NA	NA	NA
NC_045512.2	28619	G	C	18767	11467	53	1	0	20	5.32765e-05	18770	1	FALSE	NA	NA	NA	NA	NA	NA
NC_045512.2	28619	G	A	18767	11467	53	2	2	51	0.000106553	18770	0.249993	FALSE	NA	NA	NA	NA	NA	NA
NC_045512.2	28620	G	A	18814	11490	53	1	0	68	5.31491e-05	18815	0.500013	FALSE	NA	NA	NA	NA	NA	NA
NC_045512.2	28621	G	C	18863	11523	54	1	0	27	5.30082e-05	18865	1	FALSE	NA	NA	NA	NA	NA	NA
NC_045512.2	28621	G	A	18863	11523	54	1	1	68	5.30082e-05	18865	0.5	FALSE	NA	NA	NA	NA	NA	NA
NC_045512.2	28622	C	T	18785	11577	54	7	7	34	0.000372479	18793	0.992699	FALSE	NA	NA	NA	NA	NA	NA
NC_045512.2	28622	C	A	18785	11577	54	1	1	68	5.32113e-05	18793	0.49992	FALSE	NA	NA	NA	NA	NA	NA
NC_045512.2	28623	C	G	17855	11089	53	8	1	28	0.000447828	17864	1	FALSE	NA	NA	NA	NA	NA	NA
NC_045512.2	28623	C	A	17855	11089	53	1	0	27	5.59785e-05	17864	1	FALSE	NA	NA	NA	NA	NA	NA
NC_045512.2	28624	A	G	17702	10961	54	2	1	51	0.000112956	17706	0.249979	FALSE	NA	NA	NA	NA	NA	NA
NC_045512.2	28624	A	C	17702	10961	54	2	1	27	0.000112956	17706	1	FALSE	NA	NA	NA	NA	NA	NA
NC_045512.2	28625	G	A	17649	10927	53	1	0	68	5.66572e-05	17650	0.500014	FALSE	NA	NA	NA	NA	NA	NA
NC_045512.2	28626	A	T	17616	10943	51	1	0	27	5.67634e-05	17617	1	FALSE	NA	NA	NA	NA	NA	NA
NC_045512.2	28627	A	T	17600	10942	52	1	0	27	5.68117e-05	17602	1	FALSE	NA	NA	NA	NA	NA	NA
NC_045512.2	28627	A	C	17600	10942	52	1	1	24	5.68117e-05	17602	1	FALSE	NA	NA	NA	NA	NA	NA
NC_045512.2	28628	G	C	17227	10762	52	4	0	25	0.00023214	17231	1	FALSE	NA	NA	NA	NA	NA	NA
NC_045512.2	28629	C	T	16630	10593	52	1	0	68	6.01178e-05	16634	0.49997	FALSE	NA	NA	NA	NA	NA	NA
NC_045512.2	28629	C	A	16630	10593	52	3	3	34	0.000180353	16634	0.999637	FALSE	NA	NA	NA	NA	NA	NA
NC_045512.2	28630	T	C	15654	9753	51	3	2	56	0.000191608	15657	0.125	FALSE	NA	NA	NA	NA	NA	NA
NC_045512.2	28631	G	C	15612	9655	51	3	1	29	0.000192098	15617	1	FALSE	NA	NA	NA	NA	NA	NA
NC_045512.2	28631	G	A	15612	9655	51	2	0	68	0.000128066	15617	0.24996	FALSE	NA	NA	NA	NA	NA	NA
NC_045512.2	28632	G	T	15940	10004	52	2	1	46	0.000125447	15943	0.5	FALSE	NA	NA	NA	NA	NA	NA
NC_045512.2	28632	G	A	15940	10004	52	1	1	68	6.27235e-05	15943	0.499984	FALSE	NA	NA	NA	NA	NA	NA
NC_045512.2	28633	A	G	15977	10028	52	1	1	24	6.25861e-05	15978	1	FALSE	NA	NA	NA	NA	NA	NA
NC_045512.2	28633	A	+C	15977	10028	52	1	0	20	6.25861e-05	15978	1	FALSE	NA	NA	NA	NA	NA	NA
NC_045512.2	28634	C	T	15865	10030	52	2	2	34	0.00012604	15868	0.999863	FALSE	NA	NA	NA	NA	NA	NA
NC_045512.2	28634	C	A	15865	10030	52	1	1	24	6.30199e-05	15868	1	FALSE	NA	NA	NA	NA	NA	NA
NC_045512.2	28634	C	-T	15865	10030	52	4	0	20	0.00025208	15868	1	FALSE	NA	NA	NA	NA	NA	NA
NC_045512.2	28634	C	+T	15865	10030	52	2	0	20	0.00012604	15868	1	FALSE	NA	NA	NA	NA	NA	NA
NC_045512.2	28635	T	C	11954	7137	52	2	1	29	0.000167266	11957	1	FALSE	NA	NA	NA	NA	NA	NA
NC_045512.2	28635	T	A	11954	7137	52	1	1	26	8.3633e-05	11957	1	FALSE	NA	NA	NA	NA	NA	NA
NC_045512.2	28636	T	C	12365	7032	52	3	2	49	0.000242522	12370	0.312455	FALSE	NA	NA	NA	NA	NA	NA
NC_045512.2	28636	T	A	12365	7032	52	2	0	25	0.000161681	12370	1	FALSE	NA	NA	NA	NA	NA	NA
NC_045512.2	28636	T	-C	12365	7032	52	7	0	20	0.000565885	12370	1	FALSE	NA	NA	NA	NA	NA	NA
NC_045512.2	28636	T	+C	12365	7032	52	3	0	20	0.000242522	12370	1	FALSE	NA	NA	NA	NA	NA	NA
NC_045512.2	28637	C	A	12209	6951	51	1	0	27	8.19001e-05	12210	1	FALSE	NA	NA	NA	NA	NA	NA
NC_045512.2	28638	C	T	11763	6614	51	3	0	65	0.000254972	11766	0.125	FALSE	NA	NA	NA	NA	NA	NA
NC_045512.2	28639	C	T	11812	6674	51	6	6	44	0.000507528	11822	0.0624306	FALSE	NA	NA	NA	NA	NA	NA
NC_045512.2	28639	C	A	11812	6674	51	4	1	40	0.000338352	11822	0.187341	FALSE	NA	NA	NA	NA	NA	NA
NC_045512.2	28639	C	-T	11812	6674	51	2	0	20	0.000169176	11822	1	FALSE	NA	NA	NA	NA	NA	NA
NC_045512.2	28639	C	+T	11812	6674	51	1	0	20	8.45881e-05	11822	1	FALSE	NA	NA	NA	NA	NA	NA
NC_045512.2	28640	T	C	9907	5277	52	2	2	47	0.000201755	9913	0.249861	FALSE	NA	NA	NA	NA	NA	NA
NC_045512.2	28640	T	A	9907	5277	52	4	1	40	0.000403511	9913	0.0624433	FALSE	NA	NA	NA	NA	NA	NA
NC_045512.2	28640	T	+A	9907	5277	52	1	0	20	0.000100857	9915	1	FALSE	NA	NA	NA	NA	NA	NA
NC_045512.2	28642	T	C	9709	5197	52	8	8	48	0.000823299	9717	0.00390223	TRUE	NA	NA	NA	NA	NA	NA
NC_045512.2	28643	G	C	8443	4349	51	1	0	68	0.000118427	8444	0.50003	FALSE	NA	NA	NA	NA	NA	NA
NC_045512.2	28644	G	C	8528	4433	51	1	0	26	0.000117247	8529	1	FALSE	NA	NA	NA	NA	NA	NA
NC_045512.2	28645	T	C	6380	2868	51	1	1	26	0.000156715	6381	1	FALSE	NA	NA	NA	NA	NA	NA
NC_045512.2	28646	G	T	6308	2794	50	1	1	20	0.000158453	6311	1	FALSE	NA	NA	NA	NA	NA	NA
NC_045512.2	28646	G	A	6308	2794	50	2	0	30	0.000316907	6311	0.964887	FALSE	NA	NA	NA	NA	NA	NA
NC_045512.2	28647	C	T	6347	3052	51	2	0	34	0.000314911	6351	0.96487	FALSE	NA	NA	NA	NA	NA	NA
NC_045512.2	28647	C	G	6347	3052	51	1	0	34	0.000157456	6351	0.992192	FALSE	NA	NA	NA	NA	NA	NA
NC_045512.2	28647	C	A	6347	3052	51	1	0	20	0.000157456	6351	1	FALSE	NA	NA	NA	NA	NA	NA
NC_045512.2	28648	T	G	6305	3001	52	1	1	20	0.000158579	6306	1	FALSE	NA	NA	NA	NA	NA	NA
NC_045512.2	28650	A	C	6291	3094	50	1	0	26	0.000158932	6292	1	FALSE	NA	NA	NA	NA	NA	NA
NC_045512.2	28651	C	A	6433	3210	52	1	1	26	0.000155424	6434	1	FALSE	NA	NA	NA	NA	NA	NA
NC_045512.2	28653	A	T	6299	3126	52	3	3	29	0.000475964	6303	1	FALSE	NA	NA	NA	NA	NA	NA
NC_045512.2	28653	A	C	6299	3126	52	1	1	27	0.000158655	6303	1	FALSE	NA	NA	NA	NA	NA	NA
NC_045512.2	28656	A	T	6298	3225	50	1	1	27	0.000158755	6299	1	FALSE	NA	NA	NA	NA	NA	NA
NC_045512.2	28657	C	+T	6372	3310	53	1	0	20	0.000156937	6372	1	FALSE	NA	NA	NA	NA	NA	NA
NC_045512.2	28659	G	T	6277	3181	51	1	1	27	0.00015921	6281	1	FALSE	NA	NA	NA	NA	NA	NA
NC_045512.2	28659	G	C	6277	3181	51	1	0	20	0.00015921	6281	1	FALSE	NA	NA	NA	NA	NA	NA
NC_045512.2	28659	G	A	6277	3181	51	2	1	51	0.000318421	6281	0.24994	FALSE	NA	NA	NA	NA	NA	NA
NC_045512.2	28660	C	G	6204	3273	50	1	1	27	0.00016116	6205	1	FALSE	NA	NA	NA	NA	NA	NA
NC_045512.2	28662	T	G	6504	3344	51	1	1	27	0.000153681	6507	1	FALSE	NA	NA	NA	NA	NA	NA
NC_045512.2	28662	T	C	6504	3344	51	1	1	68	0.000153681	6507	0.499962	FALSE	NA	NA	NA	NA	NA	NA
NC_045512.2	28662	T	A	6504	3344	51	1	1	34	0.000153681	6507	0.992196	FALSE	NA	NA	NA	NA	NA	NA
NC_045512.2	28663	C	G	6584	3320	51	1	1	20	0.00015186	6585	1	FALSE	NA	NA	NA	NA	NA	NA
NC_045512.2	28664	A	T	6561	3379	51	2	1	25	0.000304739	6563	1	FALSE	NA	NA	NA	NA	NA	NA
NC_045512.2	28665	T	C	6577	3357	51	1	1	24	0.000152022	6578	1	FALSE	NA	NA	NA	NA	NA	NA
NC_045512.2	28666	A	C	6536	3370	51	1	1	27	0.000152975	6537	1	FALSE	NA	NA	NA	NA	NA	NA
NC_045512.2	28666	A	+T	6536	3370	51	1	0	20	0.000152975	6537	1	FALSE	NA	NA	NA	NA	NA	NA
NC_045512.2	28668	G	C	6339	3154	51	1	0	27	0.000157679	6342	1	FALSE	NA	NA	NA	NA	NA	NA
NC_045512.2	28668	G	A	6339	3154	51	2	0	29	0.000315358	6342	1	FALSE	NA	NA	NA	NA	NA	NA
NC_045512.2	28670	G	A	6425	3176	51	1	1	68	0.000155618	6426	0.500039	FALSE	NA	NA	NA	NA	NA	NA
NC_045512.2	28671	T	A	6405	3179	52	1	0	26	0.000156104	6406	1	FALSE	NA	NA	NA	NA	NA	NA
NC_045512.2	28672	T	A	6302	3128	53	1	0	38	0.000158655	6303	0.992205	FALSE	NA	NA	NA	NA	NA	NA
NC_045512.2	28673	G	T	6234	3039	52	1	1	20	0.000160333	6237	1	FALSE	NA	NA	NA	NA	NA	NA
NC_045512.2	28673	G	A	6234	3039	52	2	2	68	0.000320667	6237	0.24998	FALSE	NA	NA	NA	NA	NA	NA
NC_045512.2	28674	C	T	6304	3135	53	1	0	34	0.000158579	6306	0.992201	FALSE	NA	NA	NA	NA	NA	NA
NC_045512.2	28674	C	A	6304	3135	53	1	0	27	0.000158579	6306	1	FALSE	NA	NA	NA	NA	NA	NA
NC_045512.2	28675	A	T	6301	3151	53	3	0	24	0.000475888	6304	1	FALSE	NA	NA	NA	NA	NA	NA
NC_045512.2	28676	A	T	6221	3140	52	1	1	27	0.000160668	6224	1	FALSE	NA	NA	NA	NA	NA	NA
NC_045512.2	28676	A	C	6221	3140	52	2	0	30	0.000321337	6224	0.964888	FALSE	NA	NA	NA	NA	NA	NA
NC_045512.2	28677	C	G	6270	3212	52	1	0	34	0.000159464	6271	0.992205	FALSE	NA	NA	NA	NA	NA	NA
NC_045512.2	28678	T	G	5984	2897	51	1	0	34	0.000167029	5987	0.984387	FALSE	NA	NA	NA	NA	NA	NA
NC_045512.2	28678	T	C	5984	2897	51	1	1	27	0.000167029	5987	1	FALSE	NA	NA	NA	NA	NA	NA
NC_045512.2	28678	T	A	5984	2897	51	1	1	34	0.000167029	5987	0.984387	FALSE	NA	NA	NA	NA	NA	NA
NC_045512.2	28681	G	T	0	0	0	6078	3036	53	1	6078	0	TRUE	NA	NA	NA	NA	NA	NA
NC_045512.2	28683	G	-A	6029	3106	52	1	0	20	0.000165865	6029	1	FALSE	NA	NA	NA	NA	NA	NA
NC_045512.2	28684	A	G	6062	3170	53	1	1	68	0.000164935	6063	0.5	FALSE	NA	NA	NA	NA	NA	NA
NC_045512.2	28687	C	-T	5967	3119	52	1	0	20	0.000167588	5967	1	FALSE	NA	NA	NA	NA	NA	NA
NC_045512.2	28688	T	G	5897	3067	52	1	1	34	0.00016952	5899	0.984387	FALSE	NA	NA	NA	NA	NA	NA
NC_045512.2	28688	T	C	5897	3067	52	1	0	68	0.00016952	5899	0.499958	FALSE	NA	NA	NA	NA	NA	NA
NC_045512.2	28689	T	C	5823	3027	52	1	0	27	0.000171703	5824	1	FALSE	NA	NA	NA	NA	NA	NA
NC_045512.2	28690	G	T	5875	3081	52	1	1	34	0.000170155	5877	0.984395	FALSE	NA	NA	NA	NA	NA	NA
NC_045512.2	28690	G	C	5875	3081	52	1	1	34	0.000170155	5877	0.984395	FALSE	NA	NA	NA	NA	NA	NA
NC_045512.2	28693	T	G	5872	3117	52	2	2	30	0.000340483	5874	0.937584	FALSE	NA	NA	NA	NA	NA	NA
NC_045512.2	28695	C	T	5425	2790	53	1	0	24	0.000184264	5427	1	FALSE	NA	NA	NA	NA	NA	NA
NC_045512.2	28695	C	G	5425	2790	53	1	0	27	0.000184264	5427	1	FALSE	NA	NA	NA	NA	NA	NA
NC_045512.2	28697	C	G	5309	2694	53	1	1	26	0.000188253	5312	1	FALSE	NA	NA	NA	NA	NA	NA
NC_045512.2	28697	C	A	5309	2694	53	2	1	47	0.000376506	5312	0.249976	FALSE	NA	NA	NA	NA	NA	NA
NC_045512.2	28700	A	C	5102	2735	51	1	0	34	0.000195963	5103	0.984407	FALSE	NA	NA	NA	NA	NA	NA
NC_045512.2	28702	A	G	5262	2747	54	1	0	34	0.000190006	5263	0.984406	FALSE	NA	NA	NA	NA	NA	NA
NC_045512.2	28703	G	A	6556	3231	50	1	0	60	0.000152509	6557	0.500038	FALSE	NA	NA	NA	NA	NA	NA
NC_045512.2	28704	A	T	6294	3104	48	1	1	26	0.000158806	6297	1	FALSE	NA	NA	NA	NA	NA	NA
NC_045512.2	28704	A	C	6294	3104	48	2	2	30	0.000317612	6297	0.964887	FALSE	NA	NA	NA	NA	NA	NA
NC_045512.2	28705	T	C	6448	3152	50	1	0	46	0.000155063	6449	0.500039	FALSE	NA	NA	NA	NA	NA	NA
NC_045512.2	28707	A	G	6413	3118	50	1	0	34	0.000155909	6414	0.992205	FALSE	NA	NA	NA	NA	NA	NA
NC_045512.2	28709	A	C	6511	3167	50	2	2	23	0.000307078	6513	1	FALSE	NA	NA	NA	NA	NA	NA
NC_045512.2	28710	T	G	6257	2906	48	1	1	26	0.00015977	6259	1	FALSE	NA	NA	NA	NA	NA	NA
NC_045512.2	28710	T	C	6257	2906	48	1	0	34	0.00015977	6259	0.992201	FALSE	NA	NA	NA	NA	NA	NA
NC_045512.2	28711	T	G	6446	3161	50	1	0	34	0.000155111	6447	0.992204	FALSE	NA	NA	NA	NA	NA	NA
NC_045512.2	28712	G	C	6431	3097	50	1	1	27	0.000155473	6432	1	FALSE	NA	NA	NA	NA	NA	NA
NC_045512.2	28713	G	T	6408	3091	50	1	1	34	0.000155982	6411	0.992196	FALSE	NA	NA	NA	NA	NA	NA
NC_045512.2	28713	G	A	6408	3091	50	2	1	34	0.000311964	6411	0.964886	FALSE	NA	NA	NA	NA	NA	NA
NC_045512.2	28714	C	T	6456	3162	50	1	1	68	0.000154871	6457	0.500039	FALSE	NA	NA	NA	NA	NA	NA
NC_045512.2	28716	C	T	6490	3167	50	1	0	68	0.000154059	6491	0.500039	FALSE	NA	NA	NA	NA	NA	NA
NC_045512.2	28719	G	T	6539	3123	50	1	1	34	0.000152788	6545	0.992183	FALSE	NA	NA	NA	NA	NA	NA
NC_045512.2	28719	G	C	6539	3123	50	1	0	27	0.000152788	6545	1	FALSE	NA	NA	NA	NA	NA	NA
NC_045512.2	28719	G	A	6539	3123	50	4	2	60	0.000611154	6545	0.0624522	FALSE	NA	NA	NA	NA	NA	NA
NC_045512.2	28722	A	C	6594	3193	50	1	0	27	0.00015163	6595	1	FALSE	NA	NA	NA	NA	NA	NA
NC_045512.2	28723	T	G	6616	3182	50	2	0	27	0.00030216	6619	1	FALSE	NA	NA	NA	NA	NA	NA
NC_045512.2	28723	T	C	6616	3182	50	1	1	68	0.00015108	6619	0.499962	FALSE	NA	NA	NA	NA	NA	NA
NC_045512.2	28731	A	C	6304	3127	48	3	0	27	0.000475662	6307	1	FALSE	NA	NA	NA	NA	NA	NA
NC_045512.2	28733	A	T	6447	3045	50	1	0	26	0.000155087	6448	1	FALSE	NA	NA	NA	NA	NA	NA
NC_045512.2	28734	A	C	6391	2970	49	1	0	24	0.000156446	6392	1	FALSE	NA	NA	NA	NA	NA	NA
NC_045512.2	28736	G	A	6399	3025	50	1	1	34	0.00015625	6400	0.992205	FALSE	NA	NA	NA	NA	NA	NA
NC_045512.2	28737	C	G	6409	3151	49	1	1	26	0.000155982	6411	1	FALSE	NA	NA	NA	NA	NA	NA
NC_045512.2	28737	C	A	6409	3151	49	1	0	34	0.000155982	6411	0.9922	FALSE	NA	NA	NA	NA	NA	NA
NC_045512.2	28738	T	C	6366	3085	50	1	1	34	0.00015706	6367	0.992205	FALSE	NA	NA	NA	NA	NA	NA
NC_045512.2	28739	G	T	6293	3012	49	2	2	27	0.000317662	6296	1	FALSE	NA	NA	NA	NA	NA	NA
NC_045512.2	28739	G	A	6293	3012	49	1	0	34	0.000158831	6296	0.992196	FALSE	NA	NA	NA	NA	NA	NA
NC_045512.2	28740	C	G	6347	3093	50	1	0	34	0.000157505	6349	0.9922	FALSE	NA	NA	NA	NA	NA	NA
NC_045512.2	28740	C	A	6347	3093	50	1	0	26	0.000157505	6349	1	FALSE	NA	NA	NA	NA	NA	NA
NC_045512.2	28741	A	C	6238	3033	50	2	1	30	0.000320513	6240	0.964905	FALSE	NA	NA	NA	NA	NA	NA
NC_045512.2	28742	A	C	6259	3057	49	2	0	30	0.000319438	6261	0.964905	FALSE	NA	NA	NA	NA	NA	NA
NC_045512.2	28744	C	G	6240	3074	50	1	1	26	0.000160231	6241	1	FALSE	NA	NA	NA	NA	NA	NA
NC_045512.2	28745	G	C	6212	3016	50	1	1	27	0.000160875	6216	1	FALSE	NA	NA	NA	NA	NA	NA
NC_045512.2	28745	G	A	6212	3016	50	3	0	45	0.000482625	6216	0.12497	FALSE	NA	NA	NA	NA	NA	NA
NC_045512.2	28747	G	T	6319	2975	49	1	1	26	0.000158228	6320	1	FALSE	NA	NA	NA	NA	NA	NA
NC_045512.2	28749	T	G	6404	3106	50	1	0	34	0.000156128	6405	0.992205	FALSE	NA	NA	NA	NA	NA	NA
NC_045512.2	28750	A	T	6351	3106	49	1	1	27	0.000157431	6352	1	FALSE	NA	NA	NA	NA	NA	NA
NC_045512.2	28751	C	G	6405	3148	50	1	0	27	0.000156079	6407	1	FALSE	NA	NA	NA	NA	NA	NA
NC_045512.2	28751	C	A	6405	3148	50	1	0	27	0.000156079	6407	1	FALSE	NA	NA	NA	NA	NA	NA
NC_045512.2	28753	A	G	6388	3152	49	1	1	68	0.000156519	6389	0.500039	FALSE	NA	NA	NA	NA	NA	NA
NC_045512.2	28754	C	T	5454	2646	48	1	1	27	0.000183251	5457	1	FALSE	NA	NA	NA	NA	NA	NA
NC_045512.2	28754	C	G	5454	2646	48	1	0	34	0.000183251	5457	0.984388	FALSE	NA	NA	NA	NA	NA	NA
NC_045512.2	28754	C	A	5454	2646	48	1	0	34	0.000183251	5457	0.984388	FALSE	NA	NA	NA	NA	NA	NA
NC_045512.2	28755	T	G	5481	2596	48	1	1	26	0.000182382	5483	1	FALSE	NA	NA	NA	NA	NA	NA
NC_045512.2	28755	T	A	5481	2596	48	1	0	20	0.000182382	5483	1	FALSE	NA	NA	NA	NA	NA	NA
NC_045512.2	28758	C	A	5554	2765	47	1	0	20	0.000180018	5555	1	FALSE	NA	NA	NA	NA	NA	NA
NC_045512.2	28761	A	G	5360	2683	47	1	0	46	0.000186498	5362	0.5	FALSE	NA	NA	NA	NA	NA	NA
NC_045512.2	28761	A	C	5360	2683	47	1	0	34	0.000186498	5362	0.984397	FALSE	NA	NA	NA	NA	NA	NA
NC_045512.2	28762	A	G	5481	2754	46	1	0	60	0.000182315	5485	0.499909	FALSE	NA	NA	NA	NA	NA	NA
NC_045512.2	28762	A	C	5481	2754	46	3	0	29	0.000546946	5485	1	FALSE	NA	NA	NA	NA	NA	NA
NC_045512.2	28763	G	C	5700	2752	47	1	0	26	0.000175408	5701	1	FALSE	NA	NA	NA	NA	NA	NA
NC_045512.2	28764	G	T	5843	2810	47	1	1	20	0.000171116	5844	1	FALSE	NA	NA	NA	NA	NA	NA
NC_045512.2	28765	A	G	5897	2870	48	1	0	34	0.000169549	5898	0.984403	FALSE	NA	NA	NA	NA	NA	NA
NC_045512.2	28766	A	C	5753	2865	46	2	0	23	0.000347524	5755	1	FALSE	NA	NA	NA	NA	NA	NA
NC_045512.2	28769	A	C	5938	2914	47	2	0	27	0.0003367	5940	1	FALSE	NA	NA	NA	NA	NA	NA
NC_045512.2	28771	A	T	5893	2860	47	2	0	47	0.000339213	5896	0.249979	FALSE	NA	NA	NA	NA	NA	NA
NC_045512.2	28771	A	G	5893	2860	47	1	1	34	0.000169607	5896	0.984387	FALSE	NA	NA	NA	NA	NA	NA
NC_045512.2	28772	T	G	5694	2656	46	6	5	28	0.00105245	5701	1	FALSE	NA	NA	NA	NA	NA	NA
NC_045512.2	28772	T	A	5694	2656	46	1	0	26	0.000175408	5701	1	FALSE	NA	NA	NA	NA	NA	NA
NC_045512.2	28775	C	T	6088	3007	47	2	1	68	0.000328299	6092	0.249938	FALSE	NA	NA	NA	NA	NA	NA
NC_045512.2	28775	C	G	6088	3007	47	1	0	27	0.00016415	6092	1	FALSE	NA	NA	NA	NA	NA	NA
NC_045512.2	28775	C	A	6088	3007	47	1	0	27	0.00016415	6092	1	FALSE	NA	NA	NA	NA	NA	NA
NC_045512.2	28777	A	G	5960	3026	47	1	1	68	0.000167729	5962	0.5	FALSE	NA	NA	NA	NA	NA	NA
NC_045512.2	28777	A	C	5960	3026	47	1	0	27	0.000167729	5962	1	FALSE	NA	NA	NA	NA	NA	NA
NC_045512.2	28778	A	C	5723	3101	45	4	0	26	0.000698446	5727	1	FALSE	NA	NA	NA	NA	NA	NA
NC_045512.2	28779	A	T	6000	3043	47	1	0	27	0.000166583	6003	1	FALSE	NA	NA	NA	NA	NA	NA
NC_045512.2	28779	A	G	6000	3043	47	1	0	27	0.000166583	6003	1	FALSE	NA	NA	NA	NA	NA	NA
NC_045512.2	28779	A	C	6000	3043	47	1	0	34	0.000166583	6003	0.992197	FALSE	NA	NA	NA	NA	NA	NA
NC_045512.2	28780	A	C	6056	3056	47	1	0	27	0.000165098	6057	1	FALSE	NA	NA	NA	NA	NA	NA
NC_045512.2	28781	G	C	6155	3107	47	1	1	27	0.000162417	6157	1	FALSE	NA	NA	NA	NA	NA	NA
NC_045512.2	28781	G	A	6155	3107	47	1	1	34	0.000162417	6157	0.992201	FALSE	NA	NA	NA	NA	NA	NA
NC_045512.2	28782	G	C	6154	3097	47	1	0	26	0.00016247	6155	1	FALSE	NA	NA	NA	NA	NA	NA
NC_045512.2	28783	C	G	6264	3156	47	1	0	20	0.000159617	6265	1	FALSE	NA	NA	NA	NA	NA	NA
NC_045512.2	28784	T	A	6187	3080	47	1	1	27	0.000161603	6188	1	FALSE	NA	NA	NA	NA	NA	NA
NC_045512.2	28784	T	-TC	6187	3080	47	1	0	20	0.000161603	6188	1	FALSE	NA	NA	NA	NA	NA	NA
NC_045512.2	28786	C	G	6183	3442	46	1	0	27	0.000161655	6186	1	FALSE	NA	NA	NA	NA	NA	NA
NC_045512.2	28786	C	A	6183	3442	46	2	0	27	0.000323311	6186	1	FALSE	NA	NA	NA	NA	NA	NA
NC_045512.2	28787	T	G	6145	3306	46	2	1	30	0.000325309	6148	0.964888	FALSE	NA	NA	NA	NA	NA	NA
NC_045512.2	28787	T	C	6145	3306	46	1	0	26	0.000162655	6148	1	FALSE	NA	NA	NA	NA	NA	NA
NC_045512.2	28789	C	A	6484	3526	46	1	0	27	0.000154202	6485	1	FALSE	NA	NA	NA	NA	NA	NA
NC_045512.2	28792	A	C	6151	3403	45	3	0	31	0.000487488	6154	0.910276	FALSE	NA	NA	NA	NA	NA	NA
NC_045512.2	28793	G	-A	6679	3421	46	1	0	20	0.000149723	6679	1	FALSE	NA	NA	NA	NA	NA	NA
NC_045512.2	28795	A	T	6757	3512	46	1	0	27	0.000147951	6759	1	FALSE	NA	NA	NA	NA	NA	NA
NC_045512.2	28795	A	G	6757	3512	46	1	0	68	0.000147951	6759	0.5	FALSE	NA	NA	NA	NA	NA	NA
NC_045512.2	28796	G	C	6733	3496	46	2	2	23	0.000296956	6735	1	FALSE	NA	NA	NA	NA	NA	NA
NC_045512.2	28798	G	A	6648	3198	46	1	0	34	0.000150399	6649	0.992204	FALSE	NA	NA	NA	NA	NA	NA
NC_045512.2	28799	A	G	6666	3271	47	1	0	27	0.000149993	6667	1	FALSE	NA	NA	NA	NA	NA	NA
NC_045512.2	28800	G	A	6621	3234	46	2	2	57	0.000301978	6623	0.250019	FALSE	NA	NA	NA	NA	NA	NA
NC_045512.2	28801	C	T	6595	3334	46	2	1	30	0.000303076	6599	0.964869	FALSE	NA	NA	NA	NA	NA	NA
NC_045512.2	28801	C	G	6595	3334	46	1	1	34	0.000151538	6599	0.992192	FALSE	NA	NA	NA	NA	NA	NA
NC_045512.2	28801	C	A	6595	3334	46	1	0	34	0.000151538	6599	0.992192	FALSE	NA	NA	NA	NA	NA	NA
NC_045512.2	28802	A	C	6261	3084	47	2	0	51	0.000319336	6263	0.25002	FALSE	NA	NA	NA	NA	NA	NA
NC_045512.2	28803	G	C	6358	3081	47	2	0	26	0.000314465	6360	1	FALSE	NA	NA	NA	NA	NA	NA
NC_045512.2	28804	A	C	6280	3023	47	1	1	34	0.00015921	6281	0.992205	FALSE	NA	NA	NA	NA	NA	NA
NC_045512.2	28805	G	A	6300	3014	47	1	1	68	0.000158705	6301	0.5	FALSE	NA	NA	NA	NA	NA	NA
NC_045512.2	28806	G	A	6234	2986	47	1	0	27	0.000160385	6235	1	FALSE	NA	NA	NA	NA	NA	NA
NC_045512.2	28807	C	T	5833	2765	47	2	0	64	0.000342583	5838	0.249893	FALSE	NA	NA	NA	NA	NA	NA
NC_045512.2	28807	C	G	5833	2765	47	3	0	26	0.000513875	5838	1	FALSE	NA	NA	NA	NA	NA	NA
NC_045512.2	28809	G	C	5939	2828	48	1	0	26	0.00016835	5940	1	FALSE	NA	NA	NA	NA	NA	NA
NC_045512.2	28810	C	T	5942	2893	48	2	1	51	0.000336474	5944	0.250021	FALSE	NA	NA	NA	NA	NA	NA
NC_045512.2	28811	A	G	6097	2947	48	2	1	51	0.000327761	6102	0.249898	FALSE	NA	NA	NA	NA	NA	NA
NC_045512.2	28811	A	C	6097	2947	48	3	0	34	0.000491642	6102	0.910197	FALSE	NA	NA	NA	NA	NA	NA
NC_045512.2	28813	T	A	6112	2963	47	2	0	27	0.000327118	6114	1	FALSE	NA	NA	NA	NA	NA	NA
NC_045512.2	28814	C	G	6136	3029	48	1	0	27	0.000162946	6137	1	FALSE	NA	NA	NA	NA	NA	NA
NC_045512.2	28815	A	T	6142	3022	47	1	1	26	0.000162787	6143	1	FALSE	NA	NA	NA	NA	NA	NA
NC_045512.2	28816	A	T	6098	3062	47	1	0	26	0.000163961	6099	1	FALSE	NA	NA	NA	NA	NA	NA
NC_045512.2	28817	G	C	6176	3061	47	2	0	26	0.000323729	6178	1	FALSE	NA	NA	NA	NA	NA	NA
NC_045512.2	28818	C	G	6218	3070	47	1	1	27	0.000160798	6219	1	FALSE	NA	NA	NA	NA	NA	NA
NC_045512.2	28819	C	T	6256	3139	47	1	1	34	0.000159795	6258	0.992201	FALSE	NA	NA	NA	NA	NA	NA
NC_045512.2	28819	C	G	6256	3139	47	1	0	34	0.000159795	6258	0.992201	FALSE	NA	NA	NA	NA	NA	NA
NC_045512.2	28821	C	G	5966	2859	48	1	1	27	0.00016756	5968	1	FALSE	NA	NA	NA	NA	NA	NA
NC_045512.2	28821	C	A	5966	2859	48	1	1	20	0.00016756	5968	1	FALSE	NA	NA	NA	NA	NA	NA
NC_045512.2	28823	T	A	5700	2551	44	3	2	28	0.000526039	5703	1	FALSE	NA	NA	NA	NA	NA	NA
NC_045512.2	28824	C	G	6018	2921	48	1	1	26	0.000166141	6019	1	FALSE	NA	NA	NA	NA	NA	NA
NC_045512.2	28826	C	T	5860	2800	48	1	0	34	0.00017059	5862	0.984395	FALSE	NA	NA	NA	NA	NA	NA
NC_045512.2	28826	C	A	5860	2800	48	1	0	34	0.00017059	5862	0.984395	FALSE	NA	NA	NA	NA	NA	NA
NC_045512.2	28827	G	C	5828	2758	48	2	0	26	0.000343053	5830	1	FALSE	NA	NA	NA	NA	NA	NA
NC_045512.2	28828	T	G	5737	2701	48	1	1	34	0.000174277	5738	0.984404	FALSE	NA	NA	NA	NA	NA	NA
NC_045512.2	28829	T	A	5827	2796	49	1	0	27	0.000171585	5828	1	FALSE	NA	NA	NA	NA	NA	NA
NC_045512.2	28830	C	G	5791	2730	48	1	0	26	0.000172652	5792	1	FALSE	NA	NA	NA	NA	NA	NA
NC_045512.2	28831	C	T	5765	2735	48	1	0	68	0.00017337	5768	0.499957	FALSE	NA	NA	NA	NA	NA	NA
NC_045512.2	28831	C	G	5765	2735	48	2	0	26	0.000346741	5768	1	FALSE	NA	NA	NA	NA	NA	NA
NC_045512.2	28832	T	C	5793	2671	49	1	0	52	0.000172592	5794	0.500043	FALSE	NA	NA	NA	NA	NA	NA
NC_045512.2	28834	A	C	5694	2701	49	3	0	24	0.000526593	5697	1	FALSE	NA	NA	NA	NA	NA	NA
NC_045512.2	28835	T	G	5786	2733	49	1	1	34	0.000172771	5788	0.984395	FALSE	NA	NA	NA	NA	NA	NA
NC_045512.2	28835	T	A	5786	2733	49	1	0	34	0.000172771	5788	0.984395	FALSE	NA	NA	NA	NA	NA	NA
NC_045512.2	28836	C	A	5700	2771	49	1	0	34	0.000175408	5701	0.984404	FALSE	NA	NA	NA	NA	NA	NA
NC_045512.2	28837	A	C	5638	2769	49	2	0	30	0.00035461	5640	0.937587	FALSE	NA	NA	NA	NA	NA	NA
NC_045512.2	28838	C	G	5651	2781	49	2	0	34	0.000353794	5653	0.937587	FALSE	NA	NA	NA	NA	NA	NA
NC_045512.2	28839	G	T	5550	2692	49	2	2	23	0.000360231	5552	1	FALSE	NA	NA	NA	NA	NA	NA
NC_045512.2	28841	A	C	5660	2737	49	3	0	34	0.000529755	5663	0.855614	FALSE	NA	NA	NA	NA	NA	NA
NC_045512.2	28842	G	C	5760	2723	49	1	1	34	0.000173581	5761	0.984403	FALSE	NA	NA	NA	NA	NA	NA
NC_045512.2	28843	T	A	5788	2757	49	1	1	68	0.000172741	5789	0.500043	FALSE	NA	NA	NA	NA	NA	NA
NC_045512.2	28844	C	A	5766	2786	50	1	0	34	0.0001734	5767	0.984403	FALSE	NA	NA	NA	NA	NA	NA
NC_045512.2	28845	G	C	5720	2741	49	2	2	26	0.000349528	5722	1	FALSE	NA	NA	NA	NA	NA	NA
NC_045512.2	28846	C	G	5766	2818	49	1	1	34	0.0001734	5767	0.984403	FALSE	NA	NA	NA	NA	NA	NA
NC_045512.2	28847	A	T	5726	2854	50	1	0	34	0.000174551	5729	0.984387	FALSE	NA	NA	NA	NA	NA	NA
NC_045512.2	28847	A	G	5726	2854	50	2	1	57	0.000349101	5729	0.249978	FALSE	NA	NA	NA	NA	NA	NA
NC_045512.2	28848	A	C	5714	2858	49	1	0	27	0.000174978	5715	1	FALSE	NA	NA	NA	NA	NA	NA
NC_045512.2	28849	C	G	5751	2848	49	1	1	27	0.000173792	5754	1	FALSE	NA	NA	NA	NA	NA	NA
NC_045512.2	28849	C	A	5751	2848	49	2	1	25	0.000347584	5754	1	FALSE	NA	NA	NA	NA	NA	NA
NC_045512.2	28850	A	G	5538	2654	50	2	0	51	0.000361011	5540	0.250023	FALSE	NA	NA	NA	NA	NA	NA
NC_045512.2	28851	G	T	5583	2629	49	1	0	20	0.000179051	5585	1	FALSE	NA	NA	NA	NA	NA	NA
NC_045512.2	28851	G	C	5583	2629	49	1	1	26	0.000179051	5585	1	FALSE	NA	NA	NA	NA	NA	NA
NC_045512.2	28852	T	G	5275	2335	47	5	4	28	0.00094697	5280	1	FALSE	NA	NA	NA	NA	NA	NA
NC_045512.2	28854	C	A	5526	2746	50	1	0	34	0.00018093	5527	0.984405	FALSE	NA	NA	NA	NA	NA	NA
NC_045512.2	28855	A	G	5173	2710	48	1	0	34	0.000192976	5182	0.984334	FALSE	NA	NA	NA	NA	NA	NA
NC_045512.2	28855	A	C	5173	2710	48	8	0	27	0.00154381	5182	1	FALSE	NA	NA	NA	NA	NA	NA
NC_045512.2	28856	A	T	5491	2703	50	1	1	20	0.00018205	5493	1	FALSE	NA	NA	NA	NA	NA	NA
NC_045512.2	28856	A	C	5491	2703	50	1	1	34	0.00018205	5493	0.984396	FALSE	NA	NA	NA	NA	NA	NA
NC_045512.2	28857	G	T	5457	2658	50	2	1	30	0.0003663	5460	0.93756	FALSE	NA	NA	NA	NA	NA	NA
NC_045512.2	28857	G	C	5457	2658	50	1	0	34	0.00018315	5460	0.984388	FALSE	NA	NA	NA	NA	NA	NA
NC_045512.2	28858	A	T	5351	2794	48	4	2	26	0.000746408	5359	1	FALSE	NA	NA	NA	NA	NA	NA
NC_045512.2	28858	A	G	5351	2794	48	1	0	46	0.000186602	5359	0.49972	FALSE	NA	NA	NA	NA	NA	NA
NC_045512.2	28858	A	C	5351	2794	48	3	3	26	0.000559806	5359	1	FALSE	NA	NA	NA	NA	NA	NA
NC_045512.2	28859	A	T	5552	2840	51	1	1	26	0.00018005	5554	1	FALSE	NA	NA	NA	NA	NA	NA
NC_045512.2	28859	A	G	5552	2840	51	1	0	46	0.00018005	5554	0.5	FALSE	NA	NA	NA	NA	NA	NA
NC_045512.2	28860	A	T	5542	2764	51	1	1	26	0.000180408	5543	1	FALSE	NA	NA	NA	NA	NA	NA
NC_045512.2	28862	T	G	5529	2771	51	1	1	20	0.000180766	5532	1	FALSE	NA	NA	NA	NA	NA	NA
NC_045512.2	28862	T	C	5529	2771	51	1	0	20	0.000180766	5532	1	FALSE	NA	NA	NA	NA	NA	NA
NC_045512.2	28862	T	A	5529	2771	51	1	0	26	0.000180766	5532	1	FALSE	NA	NA	NA	NA	NA	NA
NC_045512.2	28863	C	A	5520	2816	51	2	0	26	0.000362188	5522	1	FALSE	NA	NA	NA	NA	NA	NA
NC_045512.2	28864	A	G	5432	2795	50	1	0	68	0.000183993	5435	0.499954	FALSE	NA	NA	NA	NA	NA	NA
NC_045512.2	28864	A	C	5432	2795	50	2	0	26	0.000367985	5435	1	FALSE	NA	NA	NA	NA	NA	NA
NC_045512.2	28865	A	C	5323	2828	48	2	0	26	0.000375587	5325	1	FALSE	NA	NA	NA	NA	NA	NA
NC_045512.2	28866	C	G	5605	2932	50	2	0	27	0.000356697	5607	1	FALSE	NA	NA	NA	NA	NA	NA
NC_045512.2	28870	A	T	5529	2778	50	1	0	24	0.000180799	5531	1	FALSE	NA	NA	NA	NA	NA	NA
NC_045512.2	28870	A	G	5529	2778	50	1	0	27	0.000180799	5531	1	FALSE	NA	NA	NA	NA	NA	NA
NC_045512.2	28872	G	C	5577	2782	50	1	0	26	0.000179276	5578	1	FALSE	NA	NA	NA	NA	NA	NA
NC_045512.2	28873	C	T	5609	2836	51	1	0	68	0.000178253	5610	0.500045	FALSE	NA	NA	NA	NA	NA	NA
NC_045512.2	28875	G	C	5410	2712	50	1	0	26	0.000184809	5411	1	FALSE	NA	NA	NA	NA	NA	NA
NC_045512.2	28876	C	T	5465	2783	50	1	1	34	0.000182916	5467	0.984396	FALSE	NA	NA	NA	NA	NA	NA
NC_045512.2	28876	C	G	5465	2783	50	1	1	26	0.000182916	5467	1	FALSE	NA	NA	NA	NA	NA	NA
NC_045512.2	28880	A	T	5263	2754	49	1	1	20	0.000189897	5266	1	FALSE	NA	NA	NA	NA	NA	NA
NC_045512.2	28880	A	G	5263	2754	49	1	0	27	0.000189897	5266	1	FALSE	NA	NA	NA	NA	NA	NA
NC_045512.2	28880	A	C	5263	2754	49	1	0	34	0.000189897	5266	0.984388	FALSE	NA	NA	NA	NA	NA	NA
NC_045512.2	28881	G	A	1	0	26	4982	2522	50	0.999799	4983	0	TRUE	NA	NA	NA	NA	NA	NA
NC_045512.2	28882	G	T	0	0	0	1	1	20	0.00021427	4667	0.0100707	FALSE	NA	NA	NA	NA	NA	NA
NC_045512.2	28882	G	C	0	0	0	2	0	30	0.000428541	4667	1.37706e-06	TRUE	NA	NA	NA	NA	NA	NA
NC_045512.2	28882	G	A	0	0	0	4664	2531	47	0.999357	4667	0	TRUE	NA	NA	NA	NA	NA	NA
NC_045512.2	28883	G	T	0	0	0	1	1	34	0.00019976	5006	0.00119856	TRUE	NA	NA	NA	NA	NA	NA
NC_045512.2	28883	G	C	0	0	0	5005	2544	50	0.9998	5006	0	TRUE	NA	NA	NA	NA	NA	NA
NC_045512.2	28884	G	C	5369	2653	50	1	1	26	0.00018622	5370	1	FALSE	NA	NA	NA	NA	NA	NA
NC_045512.2	28885	A	T	5566	2728	50	1	0	27	0.00017963	5567	1	FALSE	NA	NA	NA	NA	NA	NA
NC_045512.2	28886	A	G	5461	2688	50	1	0	68	0.000183083	5462	0.500046	FALSE	NA	NA	NA	NA	NA	NA
NC_045512.2	28887	C	A	5568	2743	50	2	0	26	0.000359066	5570	1	FALSE	NA	NA	NA	NA	NA	NA
NC_045512.2	28889	T	A	5515	2619	48	2	1	26	0.000362516	5517	1	FALSE	NA	NA	NA	NA	NA	NA
NC_045512.2	28890	C	A	5666	2791	50	1	0	34	0.00017646	5667	0.984404	FALSE	NA	NA	NA	NA	NA	NA
NC_045512.2	28892	C	A	5643	2795	50	1	0	26	0.000177179	5644	1	FALSE	NA	NA	NA	NA	NA	NA
NC_045512.2	28893	C	T	5682	2836	50	1	1	68	0.000175963	5683	0.500044	FALSE	NA	NA	NA	NA	NA	NA
NC_045512.2	28894	T	C	5560	2697	51	1	1	34	0.000179824	5561	0.984404	FALSE	NA	NA	NA	NA	NA	NA
NC_045512.2	28895	G	T	5643	2733	50	1	1	27	0.000177179	5644	1	FALSE	NA	NA	NA	NA	NA	NA
NC_045512.2	28896	C	G	5622	2794	50	1	0	27	0.000177841	5623	1	FALSE	NA	NA	NA	NA	NA	NA
NC_045512.2	28898	A	G	5537	2750	50	1	0	34	0.000180505	5540	0.984388	FALSE	NA	NA	NA	NA	NA	NA
NC_045512.2	28898	A	C	5537	2750	50	2	0	26	0.000361011	5540	1	FALSE	NA	NA	NA	NA	NA	NA
NC_045512.2	28900	A	T	5450	2717	49	2	0	24	0.000366838	5452	1	FALSE	NA	NA	NA	NA	NA	NA
NC_045512.2	28901	A	C	5483	2696	50	1	0	26	0.000182349	5484	1	FALSE	NA	NA	NA	NA	NA	NA
NC_045512.2	28902	T	C	5502	2675	50	1	1	27	0.000181719	5503	1	FALSE	NA	NA	NA	NA	NA	NA
NC_045512.2	28905	C	G	5440	2664	50	1	1	27	0.000183756	5442	1	FALSE	NA	NA	NA	NA	NA	NA
NC_045512.2	28905	C	A	5440	2664	50	1	0	34	0.000183756	5442	0.984397	FALSE	NA	NA	NA	NA	NA	NA
NC_045512.2	28906	T	C	5484	2674	51	1	0	68	0.000182315	5485	0.500046	FALSE	NA	NA	NA	NA	NA	NA
NC_045512.2	28907	G	C	5523	2668	50	1	0	27	0.000180995	5525	1	FALSE	NA	NA	NA	NA	NA	NA
NC_045512.2	28907	G	A	5523	2668	50	1	0	68	0.000180995	5525	0.5	FALSE	NA	NA	NA	NA	NA	NA
NC_045512.2	28908	G	A	5497	2652	50	1	0	34	0.000181884	5498	0.984405	FALSE	NA	NA	NA	NA	NA	NA
NC_045512.2	28909	C	G	5563	2689	50	1	0	20	0.000179727	5564	1	FALSE	NA	NA	NA	NA	NA	NA
NC_045512.2	28911	A	C	5514	2685	50	1	0	20	0.000181324	5515	1	FALSE	NA	NA	NA	NA	NA	NA
NC_045512.2	28912	T	G	5525	2665	50	1	1	27	0.000180963	5526	1	FALSE	NA	NA	NA	NA	NA	NA
NC_045512.2	28916	G	A	5485	2673	50	1	0	34	0.000182282	5486	0.984405	FALSE	NA	NA	NA	NA	NA	NA
NC_045512.2	28917	G	A	5558	2725	50	1	0	34	0.000179888	5559	0.984405	FALSE	NA	NA	NA	NA	NA	NA
NC_045512.2	28918	T	G	5460	2665	50	1	0	26	0.000183117	5461	1	FALSE	NA	NA	NA	NA	NA	NA
NC_045512.2	28920	A	G	5615	2726	50	1	1	68	0.000178063	5616	0.500045	FALSE	NA	NA	NA	NA	NA	NA
NC_045512.2	28921	T	C	5588	2696	49	2	1	46	0.000357782	5590	0.250022	FALSE	NA	NA	NA	NA	NA	NA
NC_045512.2	28922	G	T	5515	2663	49	1	0	27	0.000181258	5517	1	FALSE	NA	NA	NA	NA	NA	NA
NC_045512.2	28922	G	C	5515	2663	49	1	0	27	0.000181258	5517	1	FALSE	NA	NA	NA	NA	NA	NA
NC_045512.2	28925	G	A	5644	2666	49	1	0	34	0.000177148	5645	0.984404	FALSE	NA	NA	NA	NA	NA	NA
NC_045512.2	28927	T	A	5507	2585	47	1	0	26	0.000181554	5508	1	FALSE	NA	NA	NA	NA	NA	NA
NC_045512.2	28931	G	T	5503	2641	50	1	1	26	0.000181686	5504	1	FALSE	NA	NA	NA	NA	NA	NA
NC_045512.2	28932	C	T	5515	2783	50	1	1	68	0.000181291	5516	0.500045	FALSE	NA	NA	NA	NA	NA	NA
NC_045512.2	28933	T	G	5320	2516	49	2	1	26	0.000375799	5322	1	FALSE	NA	NA	NA	NA	NA	NA
NC_045512.2	28934	T	G	5274	2532	50	2	2	26	0.000379003	5277	1	FALSE	NA	NA	NA	NA	NA	NA
NC_045512.2	28934	T	C	5274	2532	50	1	0	68	0.000189502	5277	0.499953	FALSE	NA	NA	NA	NA	NA	NA
NC_045512.2	28935	T	A	5303	2597	51	1	0	24	0.000188537	5304	1	FALSE	NA	NA	NA	NA	NA	NA
NC_045512.2	28936	G	T	5317	2606	50	1	1	27	0.000188041	5318	1	FALSE	NA	NA	NA	NA	NA	NA
NC_045512.2	28937	C	A	5342	2830	51	2	0	23	0.000374251	5344	1	FALSE	NA	NA	NA	NA	NA	NA
NC_045512.2	28938	T	A	5389	2861	52	1	1	27	0.000185529	5390	1	FALSE	NA	NA	NA	NA	NA	NA
NC_045512.2	28939	G	T	5305	2782	51	1	1	27	0.00018843	5307	1	FALSE	NA	NA	NA	NA	NA	NA
NC_045512.2	28939	G	C	5305	2782	51	1	1	52	0.00018843	5307	0.5	FALSE	NA	NA	NA	NA	NA	NA
NC_045512.2	28940	C	A	5410	2883	51	1	0	26	0.000184809	5411	1	FALSE	NA	NA	NA	NA	NA	NA
NC_045512.2	28941	T	A	5394	2846	51	1	0	27	0.000185357	5395	1	FALSE	NA	NA	NA	NA	NA	NA
NC_045512.2	28942	G	T	5462	2850	51	3	2	31	0.000548847	5466	0.855559	FALSE	NA	NA	NA	NA	NA	NA
NC_045512.2	28942	G	A	5462	2850	51	1	1	34	0.000182949	5466	0.984379	FALSE	NA	NA	NA	NA	NA	NA
NC_045512.2	28943	C	A	5438	2984	50	1	0	27	0.000183857	5439	1	FALSE	NA	NA	NA	NA	NA	NA
NC_045512.2	28944	T	G	5168	2653	48	6	6	28	0.00115964	5174	1	FALSE	NA	NA	NA	NA	NA	NA
NC_045512.2	28949	A	T	5221	2936	49	1	0	26	0.000191498	5222	1	FALSE	NA	NA	NA	NA	NA	NA
NC_045512.2	28950	G	C	5539	2951	50	1	0	27	0.000180505	5540	1	FALSE	NA	NA	NA	NA	NA	NA
NC_045512.2	28952	T	G	5355	2855	50	1	1	26	0.000186672	5357	1	FALSE	NA	NA	NA	NA	NA	NA
NC_045512.2	28952	T	C	5355	2855	50	1	0	24	0.000186672	5357	1	FALSE	NA	NA	NA	NA	NA	NA
NC_045512.2	28958	C	A	5477	2922	50	1	0	27	0.000182548	5478	1	FALSE	NA	NA	NA	NA	NA	NA
NC_045512.2	28960	G	A	5271	2685	50	1	0	68	0.000189681	5272	0.500047	FALSE	NA	NA	NA	NA	NA	NA
NC_045512.2	28961	C	A	5292	2819	50	1	0	27	0.000188929	5293	1	FALSE	NA	NA	NA	NA	NA	NA
NC_045512.2	28962	T	G	5259	2784	50	2	1	30	0.000380156	5261	0.937594	FALSE	NA	NA	NA	NA	NA	NA
NC_045512.2	28963	T	G	5104	2637	50	1	1	26	0.000195886	5105	1	FALSE	NA	NA	NA	NA	NA	NA
NC_045512.2	28964	G	A	5204	2729	50	1	1	34	0.000192123	5205	0.984407	FALSE	NA	NA	NA	NA	NA	NA
NC_045512.2	28967	A	G	5213	2984	49	1	0	27	0.000191791	5214	1	FALSE	NA	NA	NA	NA	NA	NA
NC_045512.2	28968	G	T	5253	2834	51	1	1	68	0.000190295	5255	0.5	FALSE	NA	NA	NA	NA	NA	NA
NC_045512.2	28968	G	A	5253	2834	51	1	1	34	0.000190295	5255	0.984397	FALSE	NA	NA	NA	NA	NA	NA
NC_045512.2	28969	C	-A	5315	3011	52	1	0	20	0.000188147	5315	1	FALSE	NA	NA	NA	NA	NA	NA
NC_045512.2	28970	A	G	5261	2950	51	1	1	34	0.000190042	5262	0.984397	FALSE	NA	NA	NA	NA	NA	NA
NC_045512.2	28971	A	G	5284	2972	52	2	1	30	0.000378358	5286	0.937593	FALSE	NA	NA	NA	NA	NA	NA
NC_045512.2	28972	A	C	5036	3017	47	1	0	34	0.000198531	5037	0.984408	FALSE	NA	NA	NA	NA	NA	NA
NC_045512.2	28975	G	T	5352	3012	51	1	1	68	0.000186811	5353	0.500047	FALSE	NA	NA	NA	NA	NA	NA
NC_045512.2	28976	T	A	5303	2982	51	1	0	26	0.000188537	5304	1	FALSE	NA	NA	NA	NA	NA	NA
NC_045512.2	28977	C	A	5317	3014	52	1	1	26	0.000188041	5318	1	FALSE	NA	NA	NA	NA	NA	NA
NC_045512.2	28979	G	A	5378	2960	51	1	1	34	0.000185908	5379	0.984405	FALSE	NA	NA	NA	NA	NA	NA
NC_045512.2	28981	T	-A	5485	3083	52	2	0	20	0.000364631	5485	1	FALSE	NA	NA	NA	NA	NA	NA
NC_045512.2	28984	A	G	5088	2998	48	1	1	68	0.000196464	5090	0.5	FALSE	NA	NA	NA	NA	NA	NA
NC_045512.2	28984	A	C	5088	2998	48	1	0	27	0.000196464	5090	1	FALSE	NA	NA	NA	NA	NA	NA
NC_045512.2	28985	G	C	5305	2954	52	1	1	27	0.000188466	5306	1	FALSE	NA	NA	NA	NA	NA	NA
NC_045512.2	28986	G	C	5261	2937	51	2	1	42	0.000379939	5264	0.249976	FALSE	NA	NA	NA	NA	NA	NA
NC_045512.2	28986	G	A	5261	2937	51	1	1	60	0.00018997	5264	0.499952	FALSE	NA	NA	NA	NA	NA	NA
NC_045512.2	28987	C	-CAA	5273	2956	51	7	0	20	0.00132752	5273	1	FALSE	NA	NA	NA	NA	NA	NA
NC_045512.2	28989	A	T	5062	2805	51	1	0	34	0.000197433	5065	0.984333	FALSE	NA	NA	NA	NA	NA	NA
NC_045512.2	28989	A	G	5062	2805	51	1	0	34	0.000197433	5065	0.984333	FALSE	NA	NA	NA	NA	NA	NA
NC_045512.2	28989	A	C	5062	2805	51	1	1	34	0.000197433	5065	0.984333	FALSE	NA	NA	NA	NA	NA	NA
NC_045512.2	28990	A	C	4799	2889	47	6	0	29	0.0012487	4805	1	FALSE	NA	NA	NA	NA	NA	NA
NC_045512.2	28992	A	T	5040	2877	50	1	0	26	0.000198373	5041	1	FALSE	NA	NA	NA	NA	NA	NA
NC_045512.2	28995	A	T	4877	2749	51	1	1	26	0.00020496	4879	1	FALSE	NA	NA	NA	NA	NA	NA
NC_045512.2	28995	A	G	4877	2749	51	1	1	46	0.00020496	4879	0.5	FALSE	NA	NA	NA	NA	NA	NA
NC_045512.2	29001	G	T	4728	2731	50	1	1	20	0.000211416	4730	1	FALSE	NA	NA	NA	NA	NA	NA
NC_045512.2	29001	G	C	4728	2731	50	1	0	26	0.000211416	4730	1	FALSE	NA	NA	NA	NA	NA	NA
NC_045512.2	29004	A	T	4514	2593	51	1	1	46	0.000221435	4516	0.5	FALSE	NA	NA	NA	NA	NA	NA
NC_045512.2	29004	A	C	4514	2593	51	1	0	27	0.000221435	4516	1	FALSE	NA	NA	NA	NA	NA	NA
NC_045512.2	29005	A	C	4467	2621	50	2	0	34	0.000447527	4469	0.890756	FALSE	NA	NA	NA	NA	NA	NA
NC_045512.2	29006	A	C	4413	2620	49	1	0	27	0.000226552	4414	1	FALSE	NA	NA	NA	NA	NA	NA
NC_045512.2	29007	C	A	4555	2634	51	1	0	27	0.000219491	4556	1	FALSE	NA	NA	NA	NA	NA	NA
NC_045512.2	29008	T	G	0	0	0	1	1	27	0.000225887	4427	0.0101649	FALSE	NA	NA	NA	NA	NA	NA
NC_045512.2	29008	T	C	0	0	0	4426	2558	51	0.999774	4427	0	TRUE	NA	NA	NA	NA	NA	NA
NC_045512.2	29009	G	C	4288	2430	51	1	0	27	0.0002331	4290	1	FALSE	NA	NA	NA	NA	NA	NA
NC_045512.2	29009	G	A	4288	2430	51	1	0	68	0.0002331	4290	0.5	FALSE	NA	NA	NA	NA	NA	NA
NC_045512.2	29010	T	C	4146	2378	51	1	1	24	0.000241138	4147	1	FALSE	NA	NA	NA	NA	NA	NA
NC_045512.2	29012	A	C	5203	2767	47	3	0	24	0.000576258	5206	1	FALSE	NA	NA	NA	NA	NA	NA
NC_045512.2	29014	T	G	5266	2760	48	1	1	27	0.000189861	5267	1	FALSE	NA	NA	NA	NA	NA	NA
NC_045512.2	29015	A	G	5274	2809	48	1	1	26	0.000189573	5275	1	FALSE	NA	NA	NA	NA	NA	NA
NC_045512.2	29016	A	C	5197	2863	47	1	0	34	0.000192382	5198	0.984407	FALSE	NA	NA	NA	NA	NA	NA
NC_045512.2	29017	G	A	5340	2844	47	1	1	68	0.000187231	5341	0.500047	FALSE	NA	NA	NA	NA	NA	NA
NC_045512.2	29019	A	C	5273	2795	47	1	0	27	0.000189609	5274	1	FALSE	NA	NA	NA	NA	NA	NA
NC_045512.2	29022	C	T	5321	2940	47	1	0	68	0.000187864	5323	0.5	FALSE	NA	NA	NA	NA	NA	NA
NC_045512.2	29022	C	G	5321	2940	47	1	1	34	0.000187864	5323	0.984397	FALSE	NA	NA	NA	NA	NA	NA
NC_045512.2	29024	G	T	5270	2876	48	1	1	27	0.000189681	5272	1	FALSE	NA	NA	NA	NA	NA	NA
NC_045512.2	29024	G	C	5270	2876	48	1	0	20	0.000189681	5272	1	FALSE	NA	NA	NA	NA	NA	NA
NC_045512.2	29025	C	G	5347	2987	47	1	1	38	0.000186986	5348	0.984406	FALSE	NA	NA	NA	NA	NA	NA
NC_045512.2	29026	T	A	5274	2869	48	1	1	34	0.000189573	5275	0.984406	FALSE	NA	NA	NA	NA	NA	NA
NC_045512.2	29028	C	T	5350	2984	47	1	0	34	0.000186881	5351	0.984406	FALSE	NA	NA	NA	NA	NA	NA
NC_045512.2	29029	T	C	5346	2947	48	4	1	42	0.000747664	5350	0.0624883	FALSE	NA	NA	NA	NA	NA	NA
NC_045512.2	29034	C	T	5370	2940	46	2	1	51	0.000372162	5374	0.24993	FALSE	NA	NA	NA	NA	NA	NA
NC_045512.2	29034	C	A	5370	2940	46	2	1	51	0.000372162	5374	0.24993	FALSE	NA	NA	NA	NA	NA	NA
NC_045512.2	29035	T	G	5427	2940	47	1	1	24	0.00018423	5428	1	FALSE	NA	NA	NA	NA	NA	NA
NC_045512.2	29036	T	A	5355	2844	46	2	1	30	0.000373343	5357	0.937592	FALSE	NA	NA	NA	NA	NA	NA
NC_045512.2	29037	C	T	5415	2907	47	1	1	26	0.000184604	5417	1	FALSE	NA	NA	NA	NA	NA	NA
NC_045512.2	29037	C	G	5415	2907	47	1	0	34	0.000184604	5417	0.984397	FALSE	NA	NA	NA	NA	NA	NA
NC_045512.2	29039	A	C	4948	2585	46	1	1	27	0.000202061	4949	1	FALSE	NA	NA	NA	NA	NA	NA
NC_045512.2	29042	A	T	4572	2627	43	1	0	27	0.000218675	4573	1	FALSE	NA	NA	NA	NA	NA	NA
NC_045512.2	29043	A	T	4894	2639	45	2	0	30	0.000408413	4897	0.890697	FALSE	NA	NA	NA	NA	NA	NA
NC_045512.2	29043	A	C	4894	2639	45	1	1	46	0.000204207	4897	0.499949	FALSE	NA	NA	NA	NA	NA	NA
NC_045512.2	29044	G	C	4908	2597	45	1	0	34	0.000203707	4909	0.968798	FALSE	NA	NA	NA	NA	NA	NA
NC_045512.2	29047	T	G	5014	2685	46	1	1	26	0.000199402	5015	1	FALSE	NA	NA	NA	NA	NA	NA
NC_045512.2	29049	G	T	5012	2654	46	1	0	26	0.000199481	5013	1	FALSE	NA	NA	NA	NA	NA	NA
NC_045512.2	29050	G	T	4997	2611	45	1	0	24	0.00020004	4999	1	FALSE	NA	NA	NA	NA	NA	NA
NC_045512.2	29050	G	A	4997	2611	45	1	1	34	0.00020004	4999	0.968781	FALSE	NA	NA	NA	NA	NA	NA
NC_045512.2	29051	C	T	5079	2727	46	1	1	68	0.00019685	5080	0.500049	FALSE	NA	NA	NA	NA	NA	NA
NC_045512.2	29051	C	-A	5079	2727	46	3	0	20	0.000590551	5080	1	FALSE	NA	NA	NA	NA	NA	NA
NC_045512.2	29052	A	T	5010	2624	45	1	1	34	0.000199561	5011	0.98438	FALSE	NA	NA	NA	NA	NA	NA
NC_045512.2	29054	A	G	5010	2760	45	1	0	34	0.000199561	5011	0.984408	FALSE	NA	NA	NA	NA	NA	NA
NC_045512.2	29056	A	C	5028	2756	44	1	0	27	0.000198847	5029	1	FALSE	NA	NA	NA	NA	NA	NA
NC_045512.2	29057	C	A	5133	2781	45	1	0	27	0.00019478	5134	1	FALSE	NA	NA	NA	NA	NA	NA
NC_045512.2	29058	G	A	5188	2766	46	2	1	47	0.000385356	5190	0.250024	FALSE	NA	NA	NA	NA	NA	NA
NC_045512.2	29060	A	C	5208	2841	46	1	0	20	0.000191975	5209	1	FALSE	NA	NA	NA	NA	NA	NA
NC_045512.2	29062	T	C	5181	2803	46	1	0	38	0.000192976	5182	0.984407	FALSE	NA	NA	NA	NA	NA	NA
NC_045512.2	29063	G	C	5122	2743	46	2	1	30	0.00039032	5124	0.937596	FALSE	NA	NA	NA	NA	NA	NA
NC_045512.2	29064	C	T	5284	2910	46	2	0	34	0.000378286	5287	0.937562	FALSE	NA	NA	NA	NA	NA	NA
NC_045512.2	29064	C	A	5284	2910	46	1	1	34	0.000189143	5287	0.984388	FALSE	NA	NA	NA	NA	NA	NA
NC_045512.2	29066	A	T	5377	2946	46	2	1	30	0.000371816	5379	0.937591	FALSE	NA	NA	NA	NA	NA	NA
NC_045512.2	29070	A	T	5442	2986	45	1	1	26	0.000183722	5443	1	FALSE	NA	NA	NA	NA	NA	NA
NC_045512.2	29071	A	G	5549	2989	45	1	0	27	0.000180148	5551	1	FALSE	NA	NA	NA	NA	NA	NA
NC_045512.2	29071	A	C	5549	2989	45	1	0	27	0.000180148	5551	1	FALSE	NA	NA	NA	NA	NA	NA
NC_045512.2	29073	C	T	5777	3060	46	1	1	27	0.00017307	5778	1	FALSE	NA	NA	NA	NA	NA	NA
NC_045512.2	29074	A	C	5852	3070	46	1	0	34	0.000170853	5853	0.984403	FALSE	NA	NA	NA	NA	NA	NA
NC_045512.2	29075	T	G	5837	3050	46	1	1	27	0.000171233	5840	1	FALSE	NA	NA	NA	NA	NA	NA
NC_045512.2	29075	T	A	5837	3050	46	2	0	23	0.000342466	5840	1	FALSE	NA	NA	NA	NA	NA	NA
NC_045512.2	29076	A	T	5760	3120	45	1	1	26	0.000173581	5761	1	FALSE	NA	NA	NA	NA	NA	NA
NC_045512.2	29077	C	G	5962	3145	45	1	0	34	0.000167701	5963	0.984403	FALSE	NA	NA	NA	NA	NA	NA
NC_045512.2	29078	A	C	5699	2917	45	1	0	27	0.000175439	5700	1	FALSE	NA	NA	NA	NA	NA	NA
NC_045512.2	29079	A	G	6284	3054	45	1	0	24	0.000159109	6285	1	FALSE	NA	NA	NA	NA	NA	NA
NC_045512.2	29080	T	G	6165	2958	45	2	1	27	0.000324307	6167	1	FALSE	NA	NA	NA	NA	NA	NA
NC_045512.2	29082	T	A	5965	2793	45	1	1	34	0.000167616	5966	0.984402	FALSE	NA	NA	NA	NA	NA	NA
NC_045512.2	29083	A	G	5906	2872	45	1	0	34	0.000169262	5908	0.984395	FALSE	NA	NA	NA	NA	NA	NA
NC_045512.2	29083	A	C	5906	2872	45	1	0	26	0.000169262	5908	1	FALSE	NA	NA	NA	NA	NA	NA
NC_045512.2	29084	A	T	6049	2857	45	1	1	26	0.000165262	6051	1	FALSE	NA	NA	NA	NA	NA	NA
NC_045512.2	29084	A	G	6049	2857	45	1	1	60	0.000165262	6051	0.5	FALSE	NA	NA	NA	NA	NA	NA
NC_045512.2	29086	A	G	5822	2705	45	1	1	24	0.000171733	5823	1	FALSE	NA	NA	NA	NA	NA	NA
NC_045512.2	29087	C	G	5830	2746	45	1	0	34	0.000171497	5831	0.984403	FALSE	NA	NA	NA	NA	NA	NA
NC_045512.2	29088	A	T	5438	2371	45	1	1	24	0.000183857	5439	1	FALSE	NA	NA	NA	NA	NA	NA
NC_045512.2	29089	A	T	5433	2391	45	1	0	26	0.000183993	5435	1	FALSE	NA	NA	NA	NA	NA	NA
NC_045512.2	29089	A	G	5433	2391	45	1	1	34	0.000183993	5435	0.984397	FALSE	NA	NA	NA	NA	NA	NA
NC_045512.2	29090	G	C	5421	2413	44	1	0	34	0.000184434	5422	0.984405	FALSE	NA	NA	NA	NA	NA	NA
NC_045512.2	29092	T	G	5409	2398	45	1	0	34	0.000184809	5411	0.984397	FALSE	NA	NA	NA	NA	NA	NA
NC_045512.2	29092	T	A	5409	2398	45	1	0	26	0.000184809	5411	1	FALSE	NA	NA	NA	NA	NA	NA
NC_045512.2	29093	T	G	5428	2457	45	1	0	34	0.000184196	5429	0.984405	FALSE	NA	NA	NA	NA	NA	NA
NC_045512.2	29095	C	-G	5469	2506	45	1	0	20	0.000182849	5469	1	FALSE	NA	NA	NA	NA	NA	NA
NC_045512.2	29096	G	T	5489	2492	45	1	1	26	0.000182149	5490	1	FALSE	NA	NA	NA	NA	NA	NA
NC_045512.2	29097	G	C	5479	2450	44	1	0	20	0.000182482	5480	1	FALSE	NA	NA	NA	NA	NA	NA
NC_045512.2	29099	A	C	5387	2447	45	1	0	26	0.000185598	5388	1	FALSE	NA	NA	NA	NA	NA	NA
NC_045512.2	29100	G	C	5464	2452	45	1	0	26	0.000182949	5466	1	FALSE	NA	NA	NA	NA	NA	NA
NC_045512.2	29100	G	A	5464	2452	45	1	0	60	0.000182949	5466	0.5	FALSE	NA	NA	NA	NA	NA	NA
NC_045512.2	29103	G	T	5468	2542	45	1	0	20	0.000182849	5469	1	FALSE	NA	NA	NA	NA	NA	NA
NC_045512.2	29104	T	A	5518	2584	45	1	0	26	0.000181192	5519	1	FALSE	NA	NA	NA	NA	NA	NA
NC_045512.2	29105	G	T	5455	2525	45	1	1	26	0.000183284	5456	1	FALSE	NA	NA	NA	NA	NA	NA
NC_045512.2	29108	C	G	6190	2742	45	1	1	27	0.000161525	6191	1	FALSE	NA	NA	NA	NA	NA	NA
NC_045512.2	29109	C	G	6096	2740	45	1	0	34	0.000164015	6097	0.992205	FALSE	NA	NA	NA	NA	NA	NA
NC_045512.2	29110	A	C	5887	2730	44	3	0	28	0.000509338	5890	1	FALSE	NA	NA	NA	NA	NA	NA
NC_045512.2	29111	G	T	6373	2719	45	1	1	26	0.000156814	6377	1	FALSE	NA	NA	NA	NA	NA	NA
NC_045512.2	29111	G	C	6373	2719	45	1	0	26	0.000156814	6377	1	FALSE	NA	NA	NA	NA	NA	NA
NC_045512.2	29111	G	A	6373	2719	45	2	0	34	0.000313627	6377	0.964869	FALSE	NA	NA	NA	NA	NA	NA
NC_045512.2	29113	A	C	6321	2763	45	1	0	26	0.000158178	6322	1	FALSE	NA	NA	NA	NA	NA	NA
NC_045512.2	29114	C	A	6345	2760	46	1	0	26	0.00015758	6346	1	FALSE	NA	NA	NA	NA	NA	NA
NC_045512.2	29115	A	T	5664	2235	47	1	1	26	0.000176491	5666	1	FALSE	NA	NA	NA	NA	NA	NA
NC_045512.2	29115	A	G	5664	2235	47	1	0	34	0.000176491	5666	0.984396	FALSE	NA	NA	NA	NA	NA	NA
NC_045512.2	29116	A	T	5639	2200	47	1	0	34	0.000177274	5641	0.984396	FALSE	NA	NA	NA	NA	NA	NA
NC_045512.2	29116	A	C	5639	2200	47	1	0	26	0.000177274	5641	1	FALSE	NA	NA	NA	NA	NA	NA
NC_045512.2	29117	A	C	4533	2223	43	2	0	30	0.000441014	4535	0.890754	FALSE	NA	NA	NA	NA	NA	NA
NC_045512.2	29119	C	A	5629	2349	47	1	0	27	0.00017762	5630	1	FALSE	NA	NA	NA	NA	NA	NA
NC_045512.2	29120	C	G	5344	2138	48	1	1	27	0.000187056	5346	1	FALSE	NA	NA	NA	NA	NA	NA
NC_045512.2	29120	C	A	5344	2138	48	1	1	27	0.000187056	5346	1	FALSE	NA	NA	NA	NA	NA	NA
NC_045512.2	29121	A	G	5061	2084	46	2	1	51	0.000394711	5067	0.249827	FALSE	NA	NA	NA	NA	NA	NA
NC_045512.2	29121	A	C	5061	2084	46	4	0	26	0.000789422	5067	1	FALSE	NA	NA	NA	NA	NA	NA
NC_045512.2	29122	A	C	5300	2111	47	1	0	27	0.000188644	5301	1	FALSE	NA	NA	NA	NA	NA	NA
NC_045512.2	29123	G	C	5326	2096	47	2	0	27	0.000375375	5328	1	FALSE	NA	NA	NA	NA	NA	NA
NC_045512.2	29126	A	G	5389	2495	50	1	1	26	0.000185494	5391	1	FALSE	NA	NA	NA	NA	NA	NA
NC_045512.2	29126	A	C	5389	2495	50	1	0	34	0.000185494	5391	0.984397	FALSE	NA	NA	NA	NA	NA	NA
NC_045512.2	29127	A	G	5433	2552	51	1	0	34	0.000183993	5435	0.984397	FALSE	NA	NA	NA	NA	NA	NA
NC_045512.2	29127	A	C	5433	2552	51	1	1	27	0.000183993	5435	1	FALSE	NA	NA	NA	NA	NA	NA
NC_045512.2	29128	T	A	5400	2476	50	1	0	27	0.000185151	5401	1	FALSE	NA	NA	NA	NA	NA	NA
NC_045512.2	29129	T	G	5407	2528	50	1	1	34	0.000184911	5408	0.984405	FALSE	NA	NA	NA	NA	NA	NA
NC_045512.2	29130	T	G	5449	2611	51	1	1	27	0.000183419	5452	1	FALSE	NA	NA	NA	NA	NA	NA
NC_045512.2	29130	T	A	5449	2611	51	2	1	26	0.000366838	5452	1	FALSE	NA	NA	NA	NA	NA	NA
NC_045512.2	29131	T	G	5475	2662	52	2	1	57	0.00036503	5479	0.249932	FALSE	NA	NA	NA	NA	NA	NA
NC_045512.2	29131	T	A	5475	2662	52	2	1	26	0.00036503	5479	1	FALSE	NA	NA	NA	NA	NA	NA
NC_045512.2	29131	T	-G	5475	2662	52	1	0	20	0.000182515	5479	1	FALSE	NA	NA	NA	NA	NA	NA
NC_045512.2	29132	G	T	5461	2680	52	1	1	26	0.000183083	5462	1	FALSE	NA	NA	NA	NA	NA	NA
NC_045512.2	29132	G	+C	5461	2680	52	1	0	20	0.00018305	5463	1	FALSE	NA	NA	NA	NA	NA	NA
NC_045512.2	29133	G	C	5465	2674	51	1	1	27	0.000182916	5467	1	FALSE	NA	NA	NA	NA	NA	NA
NC_045512.2	29133	G	A	5465	2674	51	1	0	38	0.000182916	5467	0.984396	FALSE	NA	NA	NA	NA	NA	NA
NC_045512.2	29134	G	C	5433	2596	51	1	1	26	0.000184026	5434	1	FALSE	NA	NA	NA	NA	NA	NA
NC_045512.2	29135	G	A	5511	2731	52	2	2	30	0.000362779	5513	0.937589	FALSE	NA	NA	NA	NA	NA	NA
NC_045512.2	29137	C	A	5529	2727	52	1	0	34	0.000180832	5530	0.984405	FALSE	NA	NA	NA	NA	NA	NA
NC_045512.2	29138	C	G	5511	2771	52	2	2	22	0.000362779	5513	1	FALSE	NA	NA	NA	NA	NA	NA
NC_045512.2	29139	A	G	5555	2786	52	1	1	34	0.000179953	5557	0.984396	FALSE	NA	NA	NA	NA	NA	NA
NC_045512.2	29139	A	C	5555	2786	52	1	0	34	0.000179953	5557	0.984396	FALSE	NA	NA	NA	NA	NA	NA
NC_045512.2	29140	G	T	5542	2700	51	2	2	30	0.00036062	5546	0.93753	FALSE	NA	NA	NA	NA	NA	NA
NC_045512.2	29140	G	A	5542	2700	51	2	1	51	0.00036062	5546	0.249932	FALSE	NA	NA	NA	NA	NA	NA
NC_045512.2	29142	A	T	5892	2946	52	1	1	24	0.000169664	5894	1	FALSE	NA	NA	NA	NA	NA	NA
NC_045512.2	29142	A	G	5892	2946	52	1	1	68	0.000169664	5894	0.5	FALSE	NA	NA	NA	NA	NA	NA
NC_045512.2	29143	A	G	5732	2942	51	1	0	60	0.000174338	5736	0.499913	FALSE	NA	NA	NA	NA	NA	NA
NC_045512.2	29143	A	C	5732	2942	51	3	0	31	0.000523013	5736	0.855555	FALSE	NA	NA	NA	NA	NA	NA
NC_045512.2	29145	T	G	5774	2921	51	1	0	27	0.00017316	5775	1	FALSE	NA	NA	NA	NA	NA	NA
NC_045512.2	29147	A	G	5681	2842	51	1	1	68	0.000175932	5684	0.499956	FALSE	NA	NA	NA	NA	NA	NA
NC_045512.2	29147	A	C	5681	2842	51	2	1	34	0.000351865	5684	0.937558	FALSE	NA	NA	NA	NA	NA	NA
NC_045512.2	29148	T	G	5865	2932	53	1	0	27	0.000170474	5866	1	FALSE	NA	NA	NA	NA	NA	NA
NC_045512.2	29149	C	G	5799	2926	52	1	1	27	0.000172414	5800	1	FALSE	NA	NA	NA	NA	NA	NA
NC_045512.2	29150	A	G	5552	2783	53	1	0	60	0.00018005	5554	0.5	FALSE	NA	NA	NA	NA	NA	NA
NC_045512.2	29150	A	C	5552	2783	53	1	1	34	0.00018005	5554	0.984396	FALSE	NA	NA	NA	NA	NA	NA
NC_045512.2	29152	A	T	5765	2856	52	1	1	20	0.0001734	5767	1	FALSE	NA	NA	NA	NA	NA	NA
NC_045512.2	29152	A	G	5765	2856	52	1	1	68	0.0001734	5767	0.5	FALSE	NA	NA	NA	NA	NA	NA
NC_045512.2	29154	A	C	5697	2835	52	2	1	30	0.000350939	5699	0.937586	FALSE	NA	NA	NA	NA	NA	NA
NC_045512.2	29156	G	C	5623	2722	52	1	1	34	0.000177809	5624	0.984404	FALSE	NA	NA	NA	NA	NA	NA
NC_045512.2	29157	G	C	5737	2762	52	1	1	26	0.000174277	5738	1	FALSE	NA	NA	NA	NA	NA	NA
NC_045512.2	29159	A	G	5513	2848	50	1	0	27	0.000181192	5519	1	FALSE	NA	NA	NA	NA	NA	NA
NC_045512.2	29159	A	C	5513	2848	50	5	0	25	0.000905961	5519	1	FALSE	NA	NA	NA	NA	NA	NA
NC_045512.2	29163	A	G	5779	2786	53	1	0	34	0.00017301	5780	0.984403	FALSE	NA	NA	NA	NA	NA	NA
NC_045512.2	29164	T	G	5741	2775	52	1	0	27	0.000174125	5743	1	FALSE	NA	NA	NA	NA	NA	NA
NC_045512.2	29164	T	C	5741	2775	52	1	1	27	0.000174125	5743	1	FALSE	NA	NA	NA	NA	NA	NA
NC_045512.2	29165	T	A	5825	2767	52	2	1	30	0.00034323	5827	0.937584	FALSE	NA	NA	NA	NA	NA	NA
NC_045512.2	29168	A	T	5741	2729	53	1	1	27	0.000174155	5742	1	FALSE	NA	NA	NA	NA	NA	NA
NC_045512.2	29169	A	C	5752	2700	52	1	0	20	0.000173822	5753	1	FALSE	NA	NA	NA	NA	NA	NA
NC_045512.2	29170	A	C	5414	2746	49	4	0	28	0.00073828	5418	1	FALSE	NA	NA	NA	NA	NA	NA
NC_045512.2	29171	C	G	5751	2704	52	1	0	27	0.000173853	5752	1	FALSE	NA	NA	NA	NA	NA	NA
NC_045512.2	29172	A	C	5651	2579	52	1	1	34	0.000176929	5652	0.984404	FALSE	NA	NA	NA	NA	NA	NA
NC_045512.2	29173	T	A	5510	2496	51	2	0	23	0.000362845	5512	1	FALSE	NA	NA	NA	NA	NA	NA
NC_045512.2	29174	T	C	5517	2551	52	1	1	24	0.000181225	5518	1	FALSE	NA	NA	NA	NA	NA	NA
NC_045512.2	29175	G	A	5604	2619	53	3	0	31	0.000535045	5607	0.855615	FALSE	NA	NA	NA	NA	NA	NA
NC_045512.2	29179	G	T	5529	2550	52	1	1	27	0.000180734	5533	1	FALSE	NA	NA	NA	NA	NA	NA
NC_045512.2	29179	G	A	5529	2550	52	3	2	42	0.000542201	5533	0.124966	FALSE	NA	NA	NA	NA	NA	NA
NC_045512.2	29182	A	G	5588	2586	53	1	1	24	0.000178859	5591	1	FALSE	NA	NA	NA	NA	NA	NA
NC_045512.2	29182	A	C	5588	2586	53	2	1	27	0.000357718	5591	1	FALSE	NA	NA	NA	NA	NA	NA
NC_045512.2	29183	A	C	5308	2655	50	1	0	27	0.000188359	5309	1	FALSE	NA	NA	NA	NA	NA	NA
NC_045512.2	29185	T	G	5521	2596	51	1	1	34	0.000181094	5522	0.984405	FALSE	NA	NA	NA	NA	NA	NA
NC_045512.2	29186	G	T	5541	2592	51	1	1	26	0.000180408	5543	1	FALSE	NA	NA	NA	NA	NA	NA
NC_045512.2	29186	G	C	5541	2592	51	1	1	20	0.000180408	5543	1	FALSE	NA	NA	NA	NA	NA	NA
NC_045512.2	29187	C	T	5542	2659	52	1	1	27	0.000180375	5544	1	FALSE	NA	NA	NA	NA	NA	NA
NC_045512.2	29187	C	A	5542	2659	52	1	1	34	0.000180375	5544	0.984396	FALSE	NA	NA	NA	NA	NA	NA
NC_045512.2	29188	A	C	5529	2667	51	3	0	27	0.000542299	5532	1	FALSE	NA	NA	NA	NA	NA	NA
NC_045512.2	29192	T	G	5398	2410	49	4	4	24	0.000740466	5402	1	FALSE	NA	NA	NA	NA	NA	NA
NC_045512.2	29193	T	C	5570	2617	52	3	1	45	0.00053831	5573	0.125	FALSE	NA	NA	NA	NA	NA	NA
NC_045512.2	29195	G	-C	5579	2641	52	1	0	20	0.000179244	5579	1	FALSE	NA	NA	NA	NA	NA	NA
NC_045512.2	29196	C	A	5589	2723	52	1	0	27	0.000178891	5590	1	FALSE	NA	NA	NA	NA	NA	NA
NC_045512.2	29198	C	T	5592	2749	52	1	0	34	0.000178699	5596	0.984379	FALSE	NA	NA	NA	NA	NA	NA
NC_045512.2	29198	C	G	5592	2749	52	1	1	34	0.000178699	5596	0.984379	FALSE	NA	NA	NA	NA	NA	NA
NC_045512.2	29198	C	A	5592	2749	52	2	0	30	0.000357398	5596	0.937529	FALSE	NA	NA	NA	NA	NA	NA
NC_045512.2	29199	C	G	5538	2709	53	1	0	27	0.000180538	5539	1	FALSE	NA	NA	NA	NA	NA	NA
NC_045512.2	29199	C	+A	5538	2709	53	1	0	20	0.000180538	5539	1	FALSE	NA	NA	NA	NA	NA	NA
NC_045512.2	29200	C	G	5504	2674	52	1	1	34	0.000181653	5505	0.984405	FALSE	NA	NA	NA	NA	NA	NA
NC_045512.2	29201	A	C	5439	2677	52	1	0	34	0.000183824	5440	0.984405	FALSE	NA	NA	NA	NA	NA	NA
NC_045512.2	29202	G	C	5535	2680	52	2	0	27	0.000361206	5537	1	FALSE	NA	NA	NA	NA	NA	NA
NC_045512.2	29203	C	T	5563	2722	52	1	1	68	0.000179695	5565	0.5	FALSE	NA	NA	NA	NA	NA	NA
NC_045512.2	29203	C	G	5563	2722	52	1	1	20	0.000179695	5565	1	FALSE	NA	NA	NA	NA	NA	NA
NC_045512.2	29205	C	T	5712	2740	52	2	1	68	0.000349956	5715	0.249978	FALSE	NA	NA	NA	NA	NA	NA
NC_045512.2	29205	C	G	5712	2740	52	1	0	27	0.000174978	5715	1	FALSE	NA	NA	NA	NA	NA	NA
NC_045512.2	29206	T	G	5585	2619	51	2	2	30	0.000357974	5587	0.937588	FALSE	NA	NA	NA	NA	NA	NA
NC_045512.2	29207	T	G	5640	2664	51	1	1	26	0.000177242	5642	1	FALSE	NA	NA	NA	NA	NA	NA
NC_045512.2	29207	T	A	5640	2664	51	1	0	24	0.000177242	5642	1	FALSE	NA	NA	NA	NA	NA	NA
NC_045512.2	29208	C	G	5664	2721	52	1	1	26	0.000176523	5665	1	FALSE	NA	NA	NA	NA	NA	NA
NC_045512.2	29210	G	C	5571	2591	50	4	2	28	0.000717489	5575	1	FALSE	NA	NA	NA	NA	NA	NA
NC_045512.2	29213	T	C	5539	2666	52	1	0	60	0.000180505	5540	0.500045	FALSE	NA	NA	NA	NA	NA	NA
NC_045512.2	29215	C	G	5564	2673	52	2	0	26	0.000359324	5566	1	FALSE	NA	NA	NA	NA	NA	NA
NC_045512.2	29216	T	G	5500	2570	51	2	2	23	0.000363504	5502	1	FALSE	NA	NA	NA	NA	NA	NA
NC_045512.2	29217	T	G	5562	2625	51	1	0	27	0.000179759	5563	1	FALSE	NA	NA	NA	NA	NA	NA
NC_045512.2	29218	C	G	5597	2691	52	1	1	27	0.000178635	5598	1	FALSE	NA	NA	NA	NA	NA	NA
NC_045512.2	29219	G	C	5531	2608	52	1	0	34	0.000180766	5532	0.984405	FALSE	NA	NA	NA	NA	NA	NA
NC_045512.2	29220	G	C	5523	2701	51	1	0	26	0.000181028	5524	1	FALSE	NA	NA	NA	NA	NA	NA
NC_045512.2	29221	A	G	5512	2732	52	3	2	28	0.000543971	5515	1	FALSE	NA	NA	NA	NA	NA	NA
NC_045512.2	29222	A	T	5457	2845	51	2	0	23	0.000366367	5459	1	FALSE	NA	NA	NA	NA	NA	NA
NC_045512.2	29223	T	G	5476	2839	51	1	0	34	0.000182548	5478	0.984396	FALSE	NA	NA	NA	NA	NA	NA
NC_045512.2	29223	T	A	5476	2839	51	1	0	27	0.000182548	5478	1	FALSE	NA	NA	NA	NA	NA	NA
NC_045512.2	29224	G	C	5419	2795	52	2	2	23	0.000368936	5421	1	FALSE	NA	NA	NA	NA	NA	NA
NC_045512.2	29225	T	G	5448	2842	52	1	0	34	0.00018352	5449	0.984405	FALSE	NA	NA	NA	NA	NA	NA
NC_045512.2	29226	C	G	5374	2809	52	1	1	68	0.000186047	5375	0.500047	FALSE	NA	NA	NA	NA	NA	NA
NC_045512.2	29227	G	T	5380	2804	51	1	1	27	0.000185839	5381	1	FALSE	NA	NA	NA	NA	NA	NA
NC_045512.2	29228	C	A	5381	2888	51	1	0	27	0.000185805	5382	1	FALSE	NA	NA	NA	NA	NA	NA
NC_045512.2	29229	G	C	5280	2786	51	1	1	26	0.000189358	5281	1	FALSE	NA	NA	NA	NA	NA	NA
NC_045512.2	29230	C	G	5296	2960	50	1	1	27	0.000188786	5297	1	FALSE	NA	NA	NA	NA	NA	NA
NC_045512.2	29231	A	C	5274	3039	49	2	0	27	0.000379075	5276	1	FALSE	NA	NA	NA	NA	NA	NA
NC_045512.2	29232	T	G	5095	2800	48	2	2	26	0.000392311	5098	1	FALSE	NA	NA	NA	NA	NA	NA
NC_045512.2	29232	T	C	5095	2800	48	1	1	20	0.000196155	5098	1	FALSE	NA	NA	NA	NA	NA	NA
NC_045512.2	29233	T	G	5284	3027	50	1	0	26	0.000189107	5288	1	FALSE	NA	NA	NA	NA	NA	NA
NC_045512.2	29233	T	C	5284	3027	50	2	1	68	0.000378215	5288	0.249929	FALSE	NA	NA	NA	NA	NA	NA
NC_045512.2	29233	T	A	5284	3027	50	1	0	20	0.000189107	5288	1	FALSE	NA	NA	NA	NA	NA	NA
NC_045512.2	29234	G	C	5467	3064	50	1	1	26	0.000182882	5468	1	FALSE	NA	NA	NA	NA	NA	NA
NC_045512.2	29235	G	A	5537	3056	50	1	1	68	0.000180571	5538	0.500045	FALSE	NA	NA	NA	NA	NA	NA
NC_045512.2	29237	A	T	5600	3142	50	1	1	34	0.000178508	5602	0.984396	FALSE	NA	NA	NA	NA	NA	NA
NC_045512.2	29237	A	G	5600	3142	50	1	0	34	0.000178508	5602	0.984396	FALSE	NA	NA	NA	NA	NA	NA
NC_045512.2	29238	T	G	5544	3070	50	2	2	30	0.000360555	5547	0.937559	FALSE	NA	NA	NA	NA	NA	NA
NC_045512.2	29238	T	C	5544	3070	50	1	0	68	0.000180278	5547	0.499955	FALSE	NA	NA	NA	NA	NA	NA
NC_045512.2	29239	G	A	5545	3070	50	1	1	34	0.00018031	5546	0.984405	FALSE	NA	NA	NA	NA	NA	NA
NC_045512.2	29240	G	C	5603	3102	50	1	1	27	0.000178444	5604	1	FALSE	NA	NA	NA	NA	NA	NA
NC_045512.2	29241	A	T	5712	3173	50	1	1	26	0.000175009	5714	1	FALSE	NA	NA	NA	NA	NA	NA
NC_045512.2	29241	A	G	5712	3173	50	1	0	24	0.000175009	5714	1	FALSE	NA	NA	NA	NA	NA	NA
NC_045512.2	29242	A	G	5892	3228	50	1	0	68	0.000169693	5893	0.500042	FALSE	NA	NA	NA	NA	NA	NA
NC_045512.2	29243	G	C	5762	3108	49	1	1	26	0.000173521	5763	1	FALSE	NA	NA	NA	NA	NA	NA
NC_045512.2	29245	C	T	5656	3046	49	1	1	68	0.000176772	5657	0.500044	FALSE	NA	NA	NA	NA	NA	NA
NC_045512.2	29246	A	T	5642	3049	50	1	0	34	0.000177148	5645	0.984387	FALSE	NA	NA	NA	NA	NA	NA
NC_045512.2	29246	A	G	5642	3049	50	1	1	68	0.000177148	5645	0.499956	FALSE	NA	NA	NA	NA	NA	NA
NC_045512.2	29246	A	C	5642	3049	50	1	0	34	0.000177148	5645	0.984387	FALSE	NA	NA	NA	NA	NA	NA
NC_045512.2	29248	A	C	5620	3008	50	2	2	27	0.000355745	5622	1	FALSE	NA	NA	NA	NA	NA	NA
NC_045512.2	29250	C	G	5669	3051	49	1	0	26	0.000176367	5670	1	FALSE	NA	NA	NA	NA	NA	NA
NC_045512.2	29251	T	G	5453	2861	49	2	2	23	0.000366435	5458	1	FALSE	NA	NA	NA	NA	NA	NA
NC_045512.2	29251	T	C	5453	2861	49	2	0	68	0.000366435	5458	0.249885	FALSE	NA	NA	NA	NA	NA	NA
NC_045512.2	29251	T	A	5453	2861	49	1	0	34	0.000183217	5458	0.984371	FALSE	NA	NA	NA	NA	NA	NA
NC_045512.2	29253	C	T	5549	2953	49	1	0	34	0.00018018	5550	0.984405	FALSE	NA	NA	NA	NA	NA	NA
NC_045512.2	29254	G	T	5525	2914	49	2	2	34	0.00036186	5527	0.937589	FALSE	NA	NA	NA	NA	NA	NA
NC_045512.2	29258	A	T	5276	3048	47	1	1	26	0.000189466	5278	1	FALSE	NA	NA	NA	NA	NA	NA
NC_045512.2	29258	A	C	5276	3048	47	1	0	27	0.000189466	5278	1	FALSE	NA	NA	NA	NA	NA	NA
NC_045512.2	29260	G	C	5362	3048	48	1	0	26	0.000186428	5364	1	FALSE	NA	NA	NA	NA	NA	NA
NC_045512.2	29260	G	A	5362	3048	48	1	1	34	0.000186428	5364	0.984397	FALSE	NA	NA	NA	NA	NA	NA
NC_045512.2	29261	T	A	5537	3083	48	1	0	26	0.000180571	5538	1	FALSE	NA	NA	NA	NA	NA	NA
NC_045512.2	29262	G	T	5465	3091	47	1	1	20	0.000182882	5468	1	FALSE	NA	NA	NA	NA	NA	NA
NC_045512.2	29262	G	C	5465	3091	47	2	1	23	0.000365764	5468	1	FALSE	NA	NA	NA	NA	NA	NA
NC_045512.2	29264	T	G	4865	2461	44	7	7	29	0.00143678	4872	1	FALSE	NA	NA	NA	NA	NA	NA
NC_045512.2	29266	G	T	6165	3226	46	1	1	34	0.000162153	6167	0.992201	FALSE	NA	NA	NA	NA	NA	NA
NC_045512.2	29266	G	C	6165	3226	46	1	1	34	0.000162153	6167	0.992201	FALSE	NA	NA	NA	NA	NA	NA
NC_045512.2	29267	A	G	6253	3372	47	1	1	26	0.000159898	6254	1	FALSE	NA	NA	NA	NA	NA	NA
NC_045512.2	29268	C	T	6278	3346	47	1	1	34	0.000159261	6279	0.992205	FALSE	NA	NA	NA	NA	NA	NA
NC_045512.2	29270	T	C	6093	3123	47	2	1	51	0.000328138	6095	0.250021	FALSE	NA	NA	NA	NA	NA	NA
NC_045512.2	29271	A	G	6410	3185	46	1	0	34	0.000155958	6412	0.9922	FALSE	NA	NA	NA	NA	NA	NA
NC_045512.2	29271	A	C	6410	3185	46	1	0	34	0.000155958	6412	0.9922	FALSE	NA	NA	NA	NA	NA	NA
NC_045512.2	29272	C	T	6480	3273	47	1	0	34	0.000154273	6482	0.9922	FALSE	NA	NA	NA	NA	NA	NA
NC_045512.2	29272	C	A	6480	3273	47	1	0	20	0.000154273	6482	1	FALSE	NA	NA	NA	NA	NA	NA
NC_045512.2	29273	A	G	6435	3258	47	1	0	34	0.000155376	6436	0.992204	FALSE	NA	NA	NA	NA	NA	NA
NC_045512.2	29276	G	T	5639	2469	47	1	1	34	0.000177305	5640	0.984404	FALSE	NA	NA	NA	NA	NA	NA
NC_045512.2	29277	G	C	5626	2547	48	1	0	34	0.000177715	5627	0.984404	FALSE	NA	NA	NA	NA	NA	NA
NC_045512.2	29278	T	C	5533	2461	49	1	1	26	0.000180701	5534	1	FALSE	NA	NA	NA	NA	NA	NA
NC_045512.2	29279	G	T	5515	2438	48	1	1	34	0.000181225	5518	0.984388	FALSE	NA	NA	NA	NA	NA	NA
NC_045512.2	29279	G	C	5515	2438	48	1	0	68	0.000181225	5518	0.499955	FALSE	NA	NA	NA	NA	NA	NA
NC_045512.2	29279	G	A	5515	2438	48	1	0	68	0.000181225	5518	0.499955	FALSE	NA	NA	NA	NA	NA	NA
NC_045512.2	29280	C	T	5197	2201	49	2	1	51	0.000384541	5201	0.249928	FALSE	NA	NA	NA	NA	NA	NA
NC_045512.2	29280	C	G	5197	2201	49	2	2	30	0.000384541	5201	0.937532	FALSE	NA	NA	NA	NA	NA	NA
NC_045512.2	29282	A	T	5307	2251	50	1	0	68	0.000188359	5309	0.5	FALSE	NA	NA	NA	NA	NA	NA
NC_045512.2	29282	A	G	5307	2251	50	1	1	34	0.000188359	5309	0.984397	FALSE	NA	NA	NA	NA	NA	NA
NC_045512.2	29283	T	A	5282	2243	49	2	0	26	0.000378501	5284	1	FALSE	NA	NA	NA	NA	NA	NA
NC_045512.2	29284	C	G	5226	2248	49	1	0	27	0.000191314	5227	1	FALSE	NA	NA	NA	NA	NA	NA
NC_045512.2	29286	A	T	5057	2194	48	1	1	20	0.000197668	5059	1	FALSE	NA	NA	NA	NA	NA	NA
NC_045512.2	29286	A	C	5057	2194	48	1	0	26	0.000197668	5059	1	FALSE	NA	NA	NA	NA	NA	NA
NC_045512.2	29288	T	G	5118	2152	48	2	2	30	0.000390625	5120	0.937596	FALSE	NA	NA	NA	NA	NA	NA
NC_045512.2	29289	T	C	5104	2144	48	1	1	34	0.000195886	5105	0.984407	FALSE	NA	NA	NA	NA	NA	NA
NC_045512.2	29292	A	G	5180	2289	49	1	0	68	0.000193013	5181	0.500048	FALSE	NA	NA	NA	NA	NA	NA
NC_045512.2	29293	T	C	5065	2181	48	1	1	60	0.000197394	5066	0.500049	FALSE	NA	NA	NA	NA	NA	NA
NC_045512.2	29294	G	C	5123	2268	49	1	0	27	0.00019516	5124	1	FALSE	NA	NA	NA	NA	NA	NA
NC_045512.2	29295	A	G	5089	2261	49	1	1	24	0.000196464	5090	1	FALSE	NA	NA	NA	NA	NA	NA
NC_045512.2	29297	A	T	5087	2300	49	2	1	25	0.000393005	5089	1	FALSE	NA	NA	NA	NA	NA	NA
NC_045512.2	29298	A	T	5115	2287	49	1	1	26	0.000195465	5116	1	FALSE	NA	NA	NA	NA	NA	NA
NC_045512.2	29299	A	G	4807	2270	47	1	0	34	0.000207987	4808	0.968799	FALSE	NA	NA	NA	NA	NA	NA
NC_045512.2	29300	G	A	5031	2230	49	1	1	68	0.000198728	5032	0.50005	FALSE	NA	NA	NA	NA	NA	NA
NC_045512.2	29305	A	C	4874	2335	48	1	0	34	0.000205128	4875	0.968798	FALSE	NA	NA	NA	NA	NA	NA
NC_045512.2	29306	A	G	4796	2349	48	1	0	27	0.000208464	4797	1	FALSE	NA	NA	NA	NA	NA	NA
NC_045512.2	29307	A	C	4896	2377	48	1	0	27	0.000204207	4897	1	FALSE	NA	NA	NA	NA	NA	NA
NC_045512.2	29309	T	C	4911	2361	49	1	0	34	0.000203583	4912	0.968798	FALSE	NA	NA	NA	NA	NA	NA
NC_045512.2	29312	A	G	4860	2391	49	1	0	34	0.000205677	4862	0.968782	FALSE	NA	NA	NA	NA	NA	NA
NC_045512.2	29312	A	C	4860	2391	49	1	0	27	0.000205677	4862	1	FALSE	NA	NA	NA	NA	NA	NA
NC_045512.2	29313	A	C	4764	2450	48	1	0	20	0.000209864	4765	1	FALSE	NA	NA	NA	NA	NA	NA
NC_045512.2	29314	A	T	4671	2487	47	1	0	34	0.000213858	4676	0.968733	FALSE	NA	NA	NA	NA	NA	NA
NC_045512.2	29314	A	C	4671	2487	47	4	0	30	0.000855432	4676	0.636777	FALSE	NA	NA	NA	NA	NA	NA
NC_045512.2	29318	C	A	4867	2457	49	1	0	34	0.000205423	4868	0.968798	FALSE	NA	NA	NA	NA	NA	NA
NC_045512.2	29319	A	G	4891	2444	49	1	1	24	0.000204415	4892	1	FALSE	NA	NA	NA	NA	NA	NA
NC_045512.2	29320	A	C	5341	2703	48	1	0	34	0.000187196	5342	0.984406	FALSE	NA	NA	NA	NA	NA	NA
NC_045512.2	29321	G	C	5372	2678	48	2	0	26	0.000372162	5374	1	FALSE	NA	NA	NA	NA	NA	NA
NC_045512.2	29323	C	G	5419	2726	49	1	1	26	0.000184502	5420	1	FALSE	NA	NA	NA	NA	NA	NA
NC_045512.2	29324	A	C	5371	2663	49	1	1	34	0.00018615	5372	0.984406	FALSE	NA	NA	NA	NA	NA	NA
NC_045512.2	29327	T	C	5368	2735	49	1	1	34	0.000186254	5369	0.984406	FALSE	NA	NA	NA	NA	NA	NA
NC_045512.2	29329	G	T	5214	2561	48	1	1	27	0.000191755	5215	1	FALSE	NA	NA	NA	NA	NA	NA
NC_045512.2	29330	C	T	5240	2738	48	1	1	34	0.000190767	5242	0.984397	FALSE	NA	NA	NA	NA	NA	NA
NC_045512.2	29330	C	A	5240	2738	48	1	0	26	0.000190767	5242	1	FALSE	NA	NA	NA	NA	NA	NA
NC_045512.2	29331	T	C	5319	2675	49	1	1	34	0.00018797	5320	0.984406	FALSE	NA	NA	NA	NA	NA	NA
NC_045512.2	29332	G	C	5522	2714	49	2	0	23	0.000362056	5524	1	FALSE	NA	NA	NA	NA	NA	NA
NC_045512.2	29334	A	T	5534	2743	49	1	0	26	0.000180603	5537	1	FALSE	NA	NA	NA	NA	NA	NA
NC_045512.2	29334	A	G	5534	2743	49	1	0	27	0.000180603	5537	1	FALSE	NA	NA	NA	NA	NA	NA
NC_045512.2	29334	A	C	5534	2743	49	1	0	26	0.000180603	5537	1	FALSE	NA	NA	NA	NA	NA	NA
NC_045512.2	29335	T	G	5491	2673	48	2	2	23	0.000364033	5494	1	FALSE	NA	NA	NA	NA	NA	NA
NC_045512.2	29335	T	A	5491	2673	48	1	0	26	0.000182017	5494	1	FALSE	NA	NA	NA	NA	NA	NA
NC_045512.2	29338	G	T	5692	2711	48	2	2	26	0.000351247	5694	1	FALSE	NA	NA	NA	NA	NA	NA
NC_045512.2	29339	C	T	5732	2800	48	1	1	68	0.000174368	5735	0.499956	FALSE	NA	NA	NA	NA	NA	NA
NC_045512.2	29339	C	G	5732	2800	48	1	1	27	0.000174368	5735	1	FALSE	NA	NA	NA	NA	NA	NA
NC_045512.2	29339	C	A	5732	2800	48	1	0	27	0.000174368	5735	1	FALSE	NA	NA	NA	NA	NA	NA
NC_045512.2	29340	A	T	5819	2820	48	1	0	60	0.000171821	5820	0.500043	FALSE	NA	NA	NA	NA	NA	NA
NC_045512.2	29347	C	G	5486	2554	48	1	0	34	0.000182249	5487	0.984405	FALSE	NA	NA	NA	NA	NA	NA
NC_045512.2	29348	G	T	5377	2431	47	1	1	20	0.000185943	5378	1	FALSE	NA	NA	NA	NA	NA	NA
NC_045512.2	29350	A	G	5684	2547	48	1	0	46	0.000175901	5685	0.500044	FALSE	NA	NA	NA	NA	NA	NA
NC_045512.2	29353	C	G	5745	2584	48	1	0	34	0.000173974	5748	0.984387	FALSE	NA	NA	NA	NA	NA	NA
NC_045512.2	29353	C	A	5745	2584	48	2	0	30	0.000347947	5748	0.937557	FALSE	NA	NA	NA	NA	NA	NA
NC_045512.2	29356	A	T	4280	1907	45	2	1	47	0.000467071	4282	0.250029	FALSE	NA	NA	NA	NA	NA	NA
NC_045512.2	29358	C	G	4824	1930	47	1	0	34	0.000207254	4825	0.968799	FALSE	NA	NA	NA	NA	NA	NA
NC_045512.2	29360	T	G	4864	2006	48	1	1	20	0.00020555	4865	1	FALSE	NA	NA	NA	NA	NA	NA
NC_045512.2	29362	C	G	4996	2117	48	1	1	26	0.00020012	4997	1	FALSE	NA	NA	NA	NA	NA	NA
NC_045512.2	29365	A	C	5183	2196	46	7	0	28	0.00134875	5190	1	FALSE	NA	NA	NA	NA	NA	NA
NC_045512.2	29366	C	A	5391	2184	48	1	1	34	0.00018546	5392	0.984405	FALSE	NA	NA	NA	NA	NA	NA
NC_045512.2	29369	A	C	5126	2269	45	2	0	26	0.000390016	5128	1	FALSE	NA	NA	NA	NA	NA	NA
NC_045512.2	29370	C	G	5403	2259	46	1	1	27	0.000185048	5404	1	FALSE	NA	NA	NA	NA	NA	NA
NC_045512.2	29372	G	C	5370	2224	47	2	0	23	0.000372301	5372	1	FALSE	NA	NA	NA	NA	NA	NA
NC_045512.2	29373	A	T	5584	2355	48	1	0	26	0.000179019	5586	1	FALSE	NA	NA	NA	NA	NA	NA
NC_045512.2	29373	A	G	5584	2355	48	1	0	68	0.000179019	5586	0.5	FALSE	NA	NA	NA	NA	NA	NA
NC_045512.2	29374	G	C	5647	2390	47	5	0	27	0.000884643	5652	1	FALSE	NA	NA	NA	NA	NA	NA
NC_045512.2	29375	C	G	5778	2438	48	2	2	27	0.000346021	5780	1	FALSE	NA	NA	NA	NA	NA	NA
NC_045512.2	29376	C	G	5809	2459	48	1	0	34	0.000172117	5810	0.984403	FALSE	NA	NA	NA	NA	NA	NA
NC_045512.2	29377	T	A	5782	2497	48	1	0	68	0.000172921	5783	0.500043	FALSE	NA	NA	NA	NA	NA	NA
NC_045512.2	29377	T	-A	5782	2497	48	1	0	20	0.000172921	5783	1	FALSE	NA	NA	NA	NA	NA	NA
NC_045512.2	29378	A	C	5747	2490	47	1	0	26	0.000173974	5748	1	FALSE	NA	NA	NA	NA	NA	NA
NC_045512.2	29379	A	T	5814	2497	48	1	0	27	0.000171969	5815	1	FALSE	NA	NA	NA	NA	NA	NA
NC_045512.2	29380	A	C	5626	2582	47	5	0	29	0.000887942	5631	1	FALSE	NA	NA	NA	NA	NA	NA
NC_045512.2	29381	A	C	5809	2509	48	1	0	20	0.000172117	5810	1	FALSE	NA	NA	NA	NA	NA	NA
NC_045512.2	29382	A	G	5667	2595	47	3	1	45	0.000529101	5670	0.125	FALSE	NA	NA	NA	NA	NA	NA
NC_045512.2	29383	G	T	5623	2360	47	1	1	34	0.000177778	5625	0.984396	FALSE	NA	NA	NA	NA	NA	NA
NC_045512.2	29383	G	A	5623	2360	47	1	1	34	0.000177778	5625	0.984396	FALSE	NA	NA	NA	NA	NA	NA
NC_045512.2	29384	G	C	5614	2424	48	1	0	34	0.000178094	5615	0.984404	FALSE	NA	NA	NA	NA	NA	NA
NC_045512.2	29385	A	G	5715	2572	49	1	1	60	0.000174948	5716	0.500044	FALSE	NA	NA	NA	NA	NA	NA
NC_045512.2	29386	C	G	5725	2635	49	1	0	26	0.000174642	5726	1	FALSE	NA	NA	NA	NA	NA	NA
NC_045512.2	29386	C	-A	5725	2635	49	1	0	20	0.000174642	5726	1	FALSE	NA	NA	NA	NA	NA	NA
NC_045512.2	29388	A	G	5738	2638	49	1	0	68	0.000174216	5740	0.5	FALSE	NA	NA	NA	NA	NA	NA
NC_045512.2	29388	A	C	5738	2638	49	1	0	26	0.000174216	5740	1	FALSE	NA	NA	NA	NA	NA	NA
NC_045512.2	29389	A	C	5325	2635	47	3	1	24	0.000563063	5328	1	FALSE	NA	NA	NA	NA	NA	NA
NC_045512.2	29391	A	C	5620	2671	48	1	0	27	0.000177904	5621	1	FALSE	NA	NA	NA	NA	NA	NA
NC_045512.2	29392	G	C	5818	2708	48	1	0	26	0.000171821	5820	1	FALSE	NA	NA	NA	NA	NA	NA
NC_045512.2	29392	G	A	5818	2708	48	1	0	38	0.000171821	5820	0.984395	FALSE	NA	NA	NA	NA	NA	NA
NC_045512.2	29395	G	C	5808	2784	48	2	1	30	0.000344234	5810	0.937585	FALSE	NA	NA	NA	NA	NA	NA
NC_045512.2	29397	A	T	5866	2772	49	1	0	26	0.000170416	5868	1	FALSE	NA	NA	NA	NA	NA	NA
NC_045512.2	29397	A	G	5866	2772	49	1	1	38	0.000170416	5868	0.984395	FALSE	NA	NA	NA	NA	NA	NA
NC_045512.2	29398	G	C	5879	2779	48	2	2	30	0.000340078	5881	0.937584	FALSE	NA	NA	NA	NA	NA	NA
NC_045512.2	29399	G	A	5841	2792	48	1	0	68	0.000171174	5842	0.500043	FALSE	NA	NA	NA	NA	NA	NA
NC_045512.2	29400	C	A	5914	2898	49	1	0	27	0.000169062	5915	1	FALSE	NA	NA	NA	NA	NA	NA
NC_045512.2	29401	T	C	5765	2753	49	1	0	68	0.00017343	5766	0.500043	FALSE	NA	NA	NA	NA	NA	NA
NC_045512.2	29403	A	C	5999	2880	50	1	0	26	0.000166667	6000	1	FALSE	NA	NA	NA	NA	NA	NA
NC_045512.2	29405	G	A	5929	2878	49	1	1	34	0.000168634	5930	0.984403	FALSE	NA	NA	NA	NA	NA	NA
NC_045512.2	29406	A	G	5976	2976	50	1	0	68	0.000167308	5977	0.500042	FALSE	NA	NA	NA	NA	NA	NA
NC_045512.2	29407	A	T	5964	2981	50	1	0	34	0.000167588	5967	0.984387	FALSE	NA	NA	NA	NA	NA	NA
NC_045512.2	29407	A	G	5964	2981	50	1	0	34	0.000167588	5967	0.984387	FALSE	NA	NA	NA	NA	NA	NA
NC_045512.2	29407	A	C	5964	2981	50	1	1	24	0.000167588	5967	1	FALSE	NA	NA	NA	NA	NA	NA
NC_045512.2	29408	A	C	6347	3044	50	1	1	34	0.00015753	6348	0.992205	FALSE	NA	NA	NA	NA	NA	NA
NC_045512.2	29409	C	T	6400	3120	50	1	1	68	0.000156177	6403	0.499961	FALSE	NA	NA	NA	NA	NA	NA
NC_045512.2	29409	C	A	6400	3120	50	2	0	26	0.000312354	6403	1	FALSE	NA	NA	NA	NA	NA	NA
NC_045512.2	29410	T	A	6429	3146	51	1	0	26	0.000155521	6430	1	FALSE	NA	NA	NA	NA	NA	NA
NC_045512.2	29411	C	G	6303	3143	50	2	1	30	0.000317158	6306	0.964887	FALSE	NA	NA	NA	NA	NA	NA
NC_045512.2	29411	C	A	6303	3143	50	1	0	26	0.000158579	6306	1	FALSE	NA	NA	NA	NA	NA	NA
NC_045512.2	29412	A	C	6156	3106	49	2	0	30	0.000324781	6158	0.964906	FALSE	NA	NA	NA	NA	NA	NA
NC_045512.2	29413	A	T	6253	3106	50	1	0	34	0.000159847	6256	0.992196	FALSE	NA	NA	NA	NA	NA	NA
NC_045512.2	29413	A	C	6253	3106	50	2	0	26	0.000319693	6256	1	FALSE	NA	NA	NA	NA	NA	NA
NC_045512.2	29414	G	C	6249	3106	50	6	1	26	0.000959233	6255	1	FALSE	NA	NA	NA	NA	NA	NA
NC_045512.2	29415	C	G	6434	3203	49	1	1	27	0.000155352	6437	1	FALSE	NA	NA	NA	NA	NA	NA
NC_045512.2	29415	C	A	6434	3203	49	2	0	23	0.000310704	6437	1	FALSE	NA	NA	NA	NA	NA	NA
NC_045512.2	29416	C	A	6401	3387	48	1	0	27	0.000156201	6402	1	FALSE	NA	NA	NA	NA	NA	NA
NC_045512.2	29417	T	G	6158	3105	49	1	1	27	0.000162364	6159	1	FALSE	NA	NA	NA	NA	NA	NA
NC_045512.2	29418	T	A	6170	3162	49	1	0	27	0.000162048	6171	1	FALSE	NA	NA	NA	NA	NA	NA
NC_045512.2	29419	A	T	6174	3172	49	1	0	34	0.000161943	6175	0.992205	FALSE	NA	NA	NA	NA	NA	NA
NC_045512.2	29421	C	T	6165	3298	48	1	1	68	0.000162153	6167	0.5	FALSE	NA	NA	NA	NA	NA	NA
NC_045512.2	29421	C	A	6165	3298	48	1	0	26	0.000162153	6167	1	FALSE	NA	NA	NA	NA	NA	NA
NC_045512.2	29422	G	C	6044	3179	48	2	1	27	0.000330743	6047	1	FALSE	NA	NA	NA	NA	NA	NA
NC_045512.2	29422	G	A	6044	3179	48	1	1	34	0.000165371	6047	0.992197	FALSE	NA	NA	NA	NA	NA	NA
NC_045512.2	29423	C	G	6048	3187	48	1	1	34	0.000165317	6049	0.992206	FALSE	NA	NA	NA	NA	NA	NA
NC_045512.2	29424	A	G	5966	3148	48	1	0	27	0.000167532	5969	1	FALSE	NA	NA	NA	NA	NA	NA
NC_045512.2	29424	A	C	5966	3148	48	2	0	34	0.000335064	5969	0.937555	FALSE	NA	NA	NA	NA	NA	NA
NC_045512.2	29425	G	C	5963	3119	48	1	0	34	0.000167673	5964	0.984402	FALSE	NA	NA	NA	NA	NA	NA
NC_045512.2	29426	A	C	6033	3272	50	2	0	34	0.0003314	6035	0.964907	FALSE	NA	NA	NA	NA	NA	NA
NC_045512.2	29427	G	T	6065	3274	49	1	1	27	0.000164826	6067	1	FALSE	NA	NA	NA	NA	NA	NA
NC_045512.2	29427	G	C	6065	3274	49	1	1	27	0.000164826	6067	1	FALSE	NA	NA	NA	NA	NA	NA
NC_045512.2	29428	A	T	5965	3292	47	1	0	27	0.000167616	5966	1	FALSE	NA	NA	NA	NA	NA	NA
NC_045512.2	29429	C	G	6092	3282	49	1	1	27	0.000164123	6093	1	FALSE	NA	NA	NA	NA	NA	NA
NC_045512.2	29432	A	C	6097	3240	50	1	1	26	0.000163988	6098	1	FALSE	NA	NA	NA	NA	NA	NA
NC_045512.2	29433	A	C	6132	3284	50	1	0	26	0.000163052	6133	1	FALSE	NA	NA	NA	NA	NA	NA
NC_045512.2	29434	G	C	6071	3230	50	1	0	34	0.00016469	6072	0.992206	FALSE	NA	NA	NA	NA	NA	NA
NC_045512.2	29435	A	C	6129	3260	50	1	1	27	0.000163132	6130	1	FALSE	NA	NA	NA	NA	NA	NA
NC_045512.2	29437	A	G	6028	3229	49	1	1	60	0.000165837	6030	0.5	FALSE	NA	NA	NA	NA	NA	NA
NC_045512.2	29437	A	C	6028	3229	49	1	0	26	0.000165837	6030	1	FALSE	NA	NA	NA	NA	NA	NA
NC_045512.2	29442	A	G	6032	3218	50	2	0	25	0.000331455	6034	1	FALSE	NA	NA	NA	NA	NA	NA
NC_045512.2	29443	A	T	6046	3155	49	1	1	27	0.000165371	6047	1	FALSE	NA	NA	NA	NA	NA	NA
NC_045512.2	29444	A	G	5285	3128	43	1	0	46	0.000188964	5292	0.499764	FALSE	NA	NA	NA	NA	NA	NA
NC_045512.2	29444	A	C	5285	3128	43	6	0	24	0.00113379	5292	1	FALSE	NA	NA	NA	NA	NA	NA
NC_045512.2	29446	T	C	6167	3113	49	1	1	52	0.000162048	6171	0.499919	FALSE	NA	NA	NA	NA	NA	NA
NC_045512.2	29446	T	A	6167	3113	49	3	0	27	0.000486145	6171	1	FALSE	NA	NA	NA	NA	NA	NA
NC_045512.2	29448	T	A	6203	3120	50	1	1	26	0.000161186	6204	1	FALSE	NA	NA	NA	NA	NA	NA
NC_045512.2	29449	G	C	6270	3183	50	1	1	34	0.000159464	6271	0.992205	FALSE	NA	NA	NA	NA	NA	NA
NC_045512.2	29451	C	G	6409	3330	49	2	0	30	0.000311915	6412	0.964886	FALSE	NA	NA	NA	NA	NA	NA
NC_045512.2	29451	C	A	6409	3330	49	1	0	26	0.000155958	6412	1	FALSE	NA	NA	NA	NA	NA	NA
NC_045512.2	29453	C	G	6459	3303	50	2	1	23	0.00030955	6461	1	FALSE	NA	NA	NA	NA	NA	NA
NC_045512.2	29454	T	G	6236	3198	51	1	1	26	0.000160333	6237	1	FALSE	NA	NA	NA	NA	NA	NA
NC_045512.2	29455	T	C	6231	3115	48	1	1	34	0.000160462	6232	0.992205	FALSE	NA	NA	NA	NA	NA	NA
NC_045512.2	29456	C	A	6402	3310	51	1	0	27	0.000156177	6403	1	FALSE	NA	NA	NA	NA	NA	NA
NC_045512.2	29457	T	C	6347	3233	51	1	1	34	0.000157505	6349	0.9922	FALSE	NA	NA	NA	NA	NA	NA
NC_045512.2	29457	T	A	6347	3233	51	1	0	20	0.000157505	6349	1	FALSE	NA	NA	NA	NA	NA	NA
NC_045512.2	29459	C	G	6295	3280	51	3	3	26	0.000476342	6298	1	FALSE	NA	NA	NA	NA	NA	NA
NC_045512.2	29460	C	T	6272	3356	52	1	0	68	0.000159413	6273	0.50004	FALSE	NA	NA	NA	NA	NA	NA
NC_045512.2	29461	T	C	6274	3322	53	1	0	34	0.000159337	6276	0.992201	FALSE	NA	NA	NA	NA	NA	NA
NC_045512.2	29461	T	A	6274	3322	53	1	1	26	0.000159337	6276	1	FALSE	NA	NA	NA	NA	NA	NA
NC_045512.2	29463	C	T	6230	3327	52	1	1	34	0.000160436	6233	0.992196	FALSE	NA	NA	NA	NA	NA	NA
NC_045512.2	29463	C	A	6230	3327	52	2	0	26	0.000320873	6233	1	FALSE	NA	NA	NA	NA	NA	NA
NC_045512.2	29464	T	G	6181	3291	53	1	1	34	0.000161734	6183	0.992201	FALSE	NA	NA	NA	NA	NA	NA
NC_045512.2	29464	T	C	6181	3291	53	1	0	68	0.000161734	6183	0.5	FALSE	NA	NA	NA	NA	NA	NA
NC_045512.2	29466	C	A	6152	3324	52	1	0	34	0.000162522	6153	0.992205	FALSE	NA	NA	NA	NA	NA	NA
NC_045512.2	29467	A	C	6194	3332	53	2	0	23	0.000322789	6196	1	FALSE	NA	NA	NA	NA	NA	NA
NC_045512.2	29468	G	C	6279	3329	52	1	0	27	0.000159236	6280	1	FALSE	NA	NA	NA	NA	NA	NA
NC_045512.2	29469	A	T	6274	3375	53	2	1	27	0.000318674	6276	1	FALSE	NA	NA	NA	NA	NA	NA
NC_045512.2	29470	T	G	6137	3207	52	1	1	27	0.000162893	6139	1	FALSE	NA	NA	NA	NA	NA	NA
NC_045512.2	29470	T	C	6137	3207	52	1	0	60	0.000162893	6139	0.5	FALSE	NA	NA	NA	NA	NA	NA
NC_045512.2	29471	T	G	6055	3140	51	2	2	34	0.000330087	6059	0.964871	FALSE	NA	NA	NA	NA	NA	NA
NC_045512.2	29471	T	C	6055	3140	51	2	2	34	0.000330087	6059	0.964871	FALSE	NA	NA	NA	NA	NA	NA
NC_045512.2	29472	T	G	6042	3122	51	1	1	34	0.000165481	6043	0.992206	FALSE	NA	NA	NA	NA	NA	NA
NC_045512.2	29473	G	T	6189	3284	53	3	2	40	0.000484496	6192	0.125	FALSE	NA	NA	NA	NA	NA	NA
NC_045512.2	29474	G	C	6213	3293	53	1	0	26	0.000160927	6214	1	FALSE	NA	NA	NA	NA	NA	NA
NC_045512.2	29476	T	C	6245	3352	53	3	2	31	0.000480154	6248	0.910274	FALSE	NA	NA	NA	NA	NA	NA
NC_045512.2	29477	G	T	6122	3257	53	1	1	68	0.000163292	6124	0.5	FALSE	NA	NA	NA	NA	NA	NA
NC_045512.2	29477	G	C	6122	3257	53	1	1	46	0.000163292	6124	0.5	FALSE	NA	NA	NA	NA	NA	NA
NC_045512.2	29478	A	T	6079	3290	53	2	0	26	0.000328893	6081	1	FALSE	NA	NA	NA	NA	NA	NA
NC_045512.2	29479	T	C	6089	3280	53	1	1	38	0.000164204	6090	0.992205	FALSE	NA	NA	NA	NA	NA	NA
NC_045512.2	29480	T	G	6092	3273	53	2	1	24	0.000328138	6095	1	FALSE	NA	NA	NA	NA	NA	NA
NC_045512.2	29480	T	A	6092	3273	53	1	1	27	0.000164069	6095	1	FALSE	NA	NA	NA	NA	NA	NA
NC_045512.2	29482	C	G	6163	3380	53	1	0	27	0.000162206	6165	1	FALSE	NA	NA	NA	NA	NA	NA
NC_045512.2	29482	C	A	6163	3380	53	1	0	27	0.000162206	6165	1	FALSE	NA	NA	NA	NA	NA	NA
NC_045512.2	29484	C	T	6089	3312	52	1	1	38	0.00016415	6092	0.992196	FALSE	NA	NA	NA	NA	NA	NA
NC_045512.2	29484	C	G	6089	3312	52	2	1	23	0.000328299	6092	1	FALSE	NA	NA	NA	NA	NA	NA
NC_045512.2	29486	A	T	6087	3343	52	1	0	27	0.000164177	6091	1	FALSE	NA	NA	NA	NA	NA	NA
NC_045512.2	29486	A	G	6087	3343	52	1	1	68	0.000164177	6091	0.499918	FALSE	NA	NA	NA	NA	NA	NA
NC_045512.2	29486	A	C	6087	3343	52	2	0	26	0.000328353	6091	1	FALSE	NA	NA	NA	NA	NA	NA
NC_045512.2	29487	A	T	5993	3419	50	1	1	27	0.000166806	5995	1	FALSE	NA	NA	NA	NA	NA	NA
NC_045512.2	29487	A	C	5993	3419	50	1	0	34	0.000166806	5995	0.984395	FALSE	NA	NA	NA	NA	NA	NA
NC_045512.2	29489	C	G	6100	3452	52	1	0	34	0.000163908	6101	0.992205	FALSE	NA	NA	NA	NA	NA	NA
NC_045512.2	29490	A	C	6061	3421	52	1	0	34	0.000164962	6062	0.992206	FALSE	NA	NA	NA	NA	NA	NA
NC_045512.2	29491	A	C	5994	3441	52	1	1	34	0.000166806	5995	0.984402	FALSE	NA	NA	NA	NA	NA	NA
NC_045512.2	29492	T	A	5973	3439	52	2	0	30	0.000334728	5975	0.937582	FALSE	NA	NA	NA	NA	NA	NA
NC_045512.2	29493	T	G	6013	3487	52	1	0	27	0.000166251	6015	1	FALSE	NA	NA	NA	NA	NA	NA
NC_045512.2	29493	T	A	6013	3487	52	1	0	34	0.000166251	6015	0.992201	FALSE	NA	NA	NA	NA	NA	NA
NC_045512.2	29494	G	T	5958	3433	51	2	2	26	0.000335514	5961	1	FALSE	NA	NA	NA	NA	NA	NA
NC_045512.2	29494	G	C	5958	3433	51	1	0	34	0.000167757	5961	0.984387	FALSE	NA	NA	NA	NA	NA	NA
NC_045512.2	29495	C	G	5981	3511	52	1	0	34	0.000167168	5982	0.984402	FALSE	NA	NA	NA	NA	NA	NA
NC_045512.2	29496	A	C	5913	3503	51	2	0	26	0.000338123	5915	1	FALSE	NA	NA	NA	NA	NA	NA
NC_045512.2	29497	A	C	5942	3547	51	1	0	26	0.000168265	5943	1	FALSE	NA	NA	NA	NA	NA	NA
NC_045512.2	29498	C	T	5898	3518	51	1	1	46	0.00016952	5899	0.500042	FALSE	NA	NA	NA	NA	NA	NA
NC_045512.2	29500	A	T	5821	3426	52	1	0	27	0.000171703	5824	1	FALSE	NA	NA	NA	NA	NA	NA
NC_045512.2	29500	A	G	5821	3426	52	2	0	23	0.000343407	5824	1	FALSE	NA	NA	NA	NA	NA	NA
NC_045512.2	29502	C	T	5782	3592	50	1	1	27	0.000172861	5785	1	FALSE	NA	NA	NA	NA	NA	NA
NC_045512.2	29502	C	G	5782	3592	50	1	1	27	0.000172861	5785	1	FALSE	NA	NA	NA	NA	NA	NA
NC_045512.2	29502	C	A	5782	3592	50	1	0	26	0.000172861	5785	1	FALSE	NA	NA	NA	NA	NA	NA
NC_045512.2	29503	C	A	5799	3599	51	1	0	26	0.000172414	5800	1	FALSE	NA	NA	NA	NA	NA	NA
NC_045512.2	29504	A	C	5630	3514	48	3	1	29	0.000532576	5633	1	FALSE	NA	NA	NA	NA	NA	NA
NC_045512.2	29505	T	G	5478	3291	50	3	2	29	0.000547345	5481	1	FALSE	NA	NA	NA	NA	NA	NA
NC_045512.2	29506	G	C	5706	3581	50	1	0	27	0.000175223	5707	1	FALSE	NA	NA	NA	NA	NA	NA
NC_045512.2	29507	A	T	5709	3603	50	1	0	26	0.000175131	5710	1	FALSE	NA	NA	NA	NA	NA	NA
NC_045512.2	29508	G	C	5336	3210	48	2	1	27	0.000374672	5338	1	FALSE	NA	NA	NA	NA	NA	NA
NC_045512.2	29508	G	+C	5336	3210	48	2	0	20	0.000374672	5338	1	FALSE	NA	NA	NA	NA	NA	NA
NC_045512.2	29509	C	T	5678	3582	50	1	1	34	0.000176087	5679	0.984404	FALSE	NA	NA	NA	NA	NA	NA
NC_045512.2	29510	A	T	0	0	0	1	1	27	0.000188395	5308	0.0101733	FALSE	NA	NA	NA	NA	NA	NA
NC_045512.2	29510	A	C	0	0	0	5307	3350	50	0.999812	5308	0	TRUE	NA	NA	NA	NA	NA	NA
NC_045512.2	29511	G	C	5149	3197	50	1	1	26	0.000194175	5150	1	FALSE	NA	NA	NA	NA	NA	NA
NC_045512.2	29512	T	C	5326	3376	50	1	1	68	0.000187723	5327	0.500047	FALSE	NA	NA	NA	NA	NA	NA
NC_045512.2	29514	C	T	5638	4187	41	2	1	30	0.00035292	5667	0.9368	FALSE	NA	NA	NA	NA	NA	NA
NC_045512.2	29514	C	G	5638	4187	41	27	0	27	0.00476443	5667	0.999579	FALSE	NA	NA	NA	NA	NA	NA
NC_045512.2	29515	T	G	6270	3867	46	1	0	26	0.000159464	6271	1	FALSE	NA	NA	NA	NA	NA	NA
NC_045512.2	29516	G	T	6349	3843	46	1	1	26	0.00015748	6350	1	FALSE	NA	NA	NA	NA	NA	NA
NC_045512.2	29517	A	T	5744	4010	42	3	2	30	0.00052183	5749	0.855497	FALSE	NA	NA	NA	NA	NA	NA
NC_045512.2	29517	A	C	5744	4010	42	2	1	26	0.000347887	5749	1	FALSE	NA	NA	NA	NA	NA	NA
NC_045512.2	29518	C	G	5742	4249	41	82	0	28	0.0140797	5824	0.0251235	FALSE	NA	NA	NA	NA	NA	NA
NC_045512.2	29520	C	G	6033	3854	44	7	1	25	0.00115894	6040	1	FALSE	NA	NA	NA	NA	NA	NA
NC_045512.2	29521	A	C	5998	3842	43	10	0	27	0.00166445	6008	1	FALSE	NA	NA	NA	NA	NA	NA
NC_045512.2	29522	A	T	6139	3838	43	1	1	26	0.000162734	6145	1	FALSE	NA	NA	NA	NA	NA	NA
NC_045512.2	29522	A	C	6139	3838	43	5	1	28	0.00081367	6145	1	FALSE	NA	NA	NA	NA	NA	NA
NC_045512.2	29523	C	T	6284	3934	45	2	1	47	0.000318117	6287	0.24998	FALSE	NA	NA	NA	NA	NA	NA
NC_045512.2	29523	C	G	6284	3934	45	1	0	34	0.000159058	6287	0.992196	FALSE	NA	NA	NA	NA	NA	NA
NC_045512.2	29525	C	G	6090	3846	44	2	0	23	0.000328299	6092	1	FALSE	NA	NA	NA	NA	NA	NA
NC_045512.2	29526	A	G	6035	3781	44	1	0	68	0.00016559	6039	0.499917	FALSE	NA	NA	NA	NA	NA	NA
NC_045512.2	29526	A	C	6035	3781	44	3	0	31	0.000496771	6039	0.910238	FALSE	NA	NA	NA	NA	NA	NA
NC_045512.2	29527	G	T	6436	3725	45	2	2	30	0.000310655	6438	0.964903	FALSE	NA	NA	NA	NA	NA	NA
NC_045512.2	29528	G	T	6466	3754	45	1	1	27	0.000154631	6467	1	FALSE	NA	NA	NA	NA	NA	NA
NC_045512.2	29529	C	T	6522	3793	46	2	2	40	0.00030656	6524	0.250019	FALSE	NA	NA	NA	NA	NA	NA
NC_045512.2	29530	C	A	6584	3871	46	1	0	68	0.00015186	6585	0.500038	FALSE	NA	NA	NA	NA	NA	NA
NC_045512.2	29531	T	G	6372	3688	46	1	1	26	0.000156863	6375	1	FALSE	NA	NA	NA	NA	NA	NA
NC_045512.2	29531	T	C	6372	3688	46	2	2	34	0.000313725	6375	0.964887	FALSE	NA	NA	NA	NA	NA	NA
NC_045512.2	29532	A	T	6432	3714	46	1	1	26	0.000155448	6433	1	FALSE	NA	NA	NA	NA	NA	NA
NC_045512.2	29533	A	G	6456	3688	46	2	1	34	0.000309693	6458	0.964903	FALSE	NA	NA	NA	NA	NA	NA
NC_045512.2	29534	A	T	6027	3684	43	1	1	34	0.000165893	6028	0.992206	FALSE	NA	NA	NA	NA	NA	NA
NC_045512.2	29536	T	A	6085	3383	45	2	2	27	0.000328569	6087	1	FALSE	NA	NA	NA	NA	NA	NA
NC_045512.2	29537	C	T	6221	3503	47	1	0	20	0.00016072	6222	1	FALSE	NA	NA	NA	NA	NA	NA
NC_045512.2	29538	A	C	6076	3485	45	3	0	29	0.000493502	6079	1	FALSE	NA	NA	NA	NA	NA	NA
NC_045512.2	29540	G	C	6157	3486	46	3	0	26	0.000487013	6160	1	FALSE	NA	NA	NA	NA	NA	NA
NC_045512.2	29541	C	T	6191	3566	46	1	0	68	0.000161421	6195	0.499919	FALSE	NA	NA	NA	NA	NA	NA
NC_045512.2	29541	C	G	6191	3566	46	2	1	26	0.000322841	6195	1	FALSE	NA	NA	NA	NA	NA	NA
NC_045512.2	29541	C	A	6191	3566	46	1	0	26	0.000161421	6195	1	FALSE	NA	NA	NA	NA	NA	NA
NC_045512.2	29542	A	G	6192	3509	46	1	1	34	0.000161394	6196	0.992192	FALSE	NA	NA	NA	NA	NA	NA
NC_045512.2	29542	A	C	6192	3509	46	3	0	29	0.000484183	6196	1	FALSE	NA	NA	NA	NA	NA	NA
NC_045512.2	29543	G	C	6229	3474	46	5	1	25	0.000802053	6234	1	FALSE	NA	NA	NA	NA	NA	NA
NC_045512.2	29544	A	-C	6266	3471	47	1	0	20	0.000159591	6266	1	FALSE	NA	NA	NA	NA	NA	NA
NC_045512.2	29545	C	T	6259	3452	46	1	1	34	0.000159719	6261	0.992196	FALSE	NA	NA	NA	NA	NA	NA
NC_045512.2	29545	C	A	6259	3452	46	1	1	20	0.000159719	6261	1	FALSE	NA	NA	NA	NA	NA	NA
NC_045512.2	29547	A	C	6620	3603	47	1	0	27	0.000151035	6621	1	FALSE	NA	NA	NA	NA	NA	NA
NC_045512.2	29549	A	C	6642	3684	48	1	0	27	0.000150534	6643	1	FALSE	NA	NA	NA	NA	NA	NA
NC_045512.2	29550	C	T	6633	3701	48	2	1	34	0.000301432	6635	0.964901	FALSE	NA	NA	NA	NA	NA	NA
NC_045512.2	29550	C	-A	6633	3701	48	1	0	20	0.000150716	6635	1	FALSE	NA	NA	NA	NA	NA	NA
NC_045512.2	29551	A	C	6421	3533	47	1	0	26	0.000155715	6422	1	FALSE	NA	NA	NA	NA	NA	NA
NC_045512.2	29553	G	T	6562	3618	47	1	1	34	0.00015223	6569	0.992179	FALSE	NA	NA	NA	NA	NA	NA
NC_045512.2	29553	G	C	6562	3618	47	5	3	28	0.000761151	6569	1	FALSE	NA	NA	NA	NA	NA	NA
NC_045512.2	29553	G	A	6562	3618	47	1	1	34	0.00015223	6569	0.992179	FALSE	NA	NA	NA	NA	NA	NA
NC_045512.2	29554	G	T	6561	3655	48	2	1	27	0.000304646	6565	1	FALSE	NA	NA	NA	NA	NA	NA
NC_045512.2	29554	G	C	6561	3655	48	2	1	22	0.000304646	6565	1	FALSE	NA	NA	NA	NA	NA	NA
NC_045512.2	29555	C	G	6640	3736	48	3	2	29	0.000451603	6643	1	FALSE	NA	NA	NA	NA	NA	NA
NC_045512.2	29556	A	C	6294	3539	48	2	0	27	0.000317662	6296	1	FALSE	NA	NA	NA	NA	NA	NA
NC_045512.2	29558	A	T	6314	3527	48	1	0	27	0.000158353	6315	1	FALSE	NA	NA	NA	NA	NA	NA
NC_045512.2	29559	T	G	6098	3393	47	2	1	22	0.000327869	6100	1	FALSE	NA	NA	NA	NA	NA	NA
NC_045512.2	29561	G	C	6236	3448	48	2	2	30	0.000320616	6238	0.964905	FALSE	NA	NA	NA	NA	NA	NA
NC_045512.2	29562	G	T	6223	3430	48	1	1	34	0.000160668	6224	0.992205	FALSE	NA	NA	NA	NA	NA	NA
NC_045512.2	29565	A	T	6574	3626	49	1	0	27	0.000152091	6575	1	FALSE	NA	NA	NA	NA	NA	NA
NC_045512.2	29567	A	T	6458	3664	47	1	0	34	0.000154823	6459	0.992204	FALSE	NA	NA	NA	NA	NA	NA
NC_045512.2	29569	A	T	6411	3567	48	1	1	26	0.000155958	6412	1	FALSE	NA	NA	NA	NA	NA	NA
NC_045512.2	29570	A	T	6348	3494	48	1	0	26	0.00015748	6350	1	FALSE	NA	NA	NA	NA	NA	NA
NC_045512.2	29570	A	C	6348	3494	48	1	1	26	0.00015748	6350	1	FALSE	NA	NA	NA	NA	NA	NA
NC_045512.2	29571	A	C	5791	3486	44	2	0	30	0.000345244	5793	0.937585	FALSE	NA	NA	NA	NA	NA	NA
NC_045512.2	29573	G	C	6349	3524	48	1	0	20	0.00015748	6350	1	FALSE	NA	NA	NA	NA	NA	NA
NC_045512.2	29574	T	G	5448	2621	45	8	8	26	0.00146628	5456	1	FALSE	NA	NA	NA	NA	NA	NA
NC_045512.2	29575	T	A	5948	3169	49	2	1	30	0.000336134	5950	0.937583	FALSE	NA	NA	NA	NA	NA	NA
NC_045512.2	29576	T	A	5911	3116	49	1	1	26	0.000169147	5912	1	FALSE	NA	NA	NA	NA	NA	NA
NC_045512.2	29578	C	G	5938	3194	49	1	0	27	0.000168379	5939	1	FALSE	NA	NA	NA	NA	NA	NA
NC_045512.2	29579	G	C	5951	3185	49	1	0	27	0.000168011	5952	1	FALSE	NA	NA	NA	NA	NA	NA
NC_045512.2	29582	T	G	5916	3203	48	1	0	20	0.000169005	5917	1	FALSE	NA	NA	NA	NA	NA	NA
NC_045512.2	29585	C	G	5900	3232	48	1	1	27	0.000169463	5901	1	FALSE	NA	NA	NA	NA	NA	NA
NC_045512.2	29586	C	T	5927	3267	49	1	1	68	0.000168634	5930	0.499958	FALSE	NA	NA	NA	NA	NA	NA
NC_045512.2	29586	C	G	5927	3267	49	1	0	34	0.000168634	5930	0.984387	FALSE	NA	NA	NA	NA	NA	NA
NC_045512.2	29586	C	A	5927	3267	49	1	0	26	0.000168634	5930	1	FALSE	NA	NA	NA	NA	NA	NA
NC_045512.2	29587	G	T	5970	3242	49	1	1	26	0.000167476	5971	1	FALSE	NA	NA	NA	NA	NA	NA
NC_045512.2	29588	T	G	4675	1875	42	6	6	28	0.0012815	4682	1	FALSE	NA	NA	NA	NA	NA	NA
NC_045512.2	29588	T	C	4675	1875	42	1	0	27	0.000213584	4682	1	FALSE	NA	NA	NA	NA	NA	NA
NC_045512.2	29589	T	G	5974	3298	49	1	0	27	0.000167364	5975	1	FALSE	NA	NA	NA	NA	NA	NA
NC_045512.2	29590	T	G	5867	3183	48	2	2	26	0.000340774	5869	1	FALSE	NA	NA	NA	NA	NA	NA
NC_045512.2	29591	A	T	6035	3320	49	1	1	26	0.000165645	6037	1	FALSE	NA	NA	NA	NA	NA	NA
NC_045512.2	29591	A	G	6035	3320	49	1	0	34	0.000165645	6037	0.992201	FALSE	NA	NA	NA	NA	NA	NA
NC_045512.2	29592	C	T	6049	3339	49	1	0	68	0.000165262	6051	0.5	FALSE	NA	NA	NA	NA	NA	NA
NC_045512.2	29592	C	G	6049	3339	49	1	0	27	0.000165262	6051	1	FALSE	NA	NA	NA	NA	NA	NA
NC_045512.2	29594	A	G	6285	3460	50	1	1	34	0.000159033	6288	0.992196	FALSE	NA	NA	NA	NA	NA	NA
NC_045512.2	29594	A	C	6285	3460	50	2	2	27	0.000318066	6288	1	FALSE	NA	NA	NA	NA	NA	NA
NC_045512.2	29595	T	G	6287	3497	49	1	1	34	0.000159033	6288	0.992205	FALSE	NA	NA	NA	NA	NA	NA
NC_045512.2	29596	A	T	6461	3629	48	1	1	27	0.000154751	6462	1	FALSE	NA	NA	NA	NA	NA	NA
NC_045512.2	29597	T	A	6590	3620	49	1	0	27	0.000151722	6591	1	FALSE	NA	NA	NA	NA	NA	NA
NC_045512.2	29598	A	T	6621	3757	50	2	0	26	0.000301887	6625	1	FALSE	NA	NA	NA	NA	NA	NA
NC_045512.2	29598	A	G	6621	3757	50	1	0	68	0.000150943	6625	0.499925	FALSE	NA	NA	NA	NA	NA	NA
NC_045512.2	29598	A	C	6621	3757	50	1	0	27	0.000150943	6625	1	FALSE	NA	NA	NA	NA	NA	NA
NC_045512.2	29601	G	T	7102	3871	50	3	1	29	0.000422178	7106	1	FALSE	NA	NA	NA	NA	NA	NA
NC_045512.2	29601	G	A	7102	3871	50	1	1	26	0.000140726	7106	1	FALSE	NA	NA	NA	NA	NA	NA
NC_045512.2	29604	T	G	7046	4156	53	1	1	26	0.000141884	7048	1	FALSE	NA	NA	NA	NA	NA	NA
NC_045512.2	29604	T	C	7046	4156	53	1	0	68	0.000141884	7048	0.5	FALSE	NA	NA	NA	NA	NA	NA
NC_045512.2	29605	A	T	6774	4033	51	1	1	34	0.000147558	6777	0.992196	FALSE	NA	NA	NA	NA	NA	NA
NC_045512.2	29605	A	C	6774	4033	51	2	0	30	0.000295116	6777	0.964884	FALSE	NA	NA	NA	NA	NA	NA
NC_045512.2	29606	C	G	7065	4208	54	1	1	27	0.000141503	7067	1	FALSE	NA	NA	NA	NA	NA	NA
NC_045512.2	29606	C	A	7065	4208	54	1	0	34	0.000141503	7067	0.996101	FALSE	NA	NA	NA	NA	NA	NA
NC_045512.2	29609	T	G	7056	4150	55	2	1	30	0.000283326	7059	0.980499	FALSE	NA	NA	NA	NA	NA	NA
NC_045512.2	29609	T	C	7056	4150	55	1	0	34	0.000141663	7059	0.996099	FALSE	NA	NA	NA	NA	NA	NA
NC_045512.2	29611	G	C	6696	3833	56	2	2	27	0.000298597	6698	1	FALSE	NA	NA	NA	NA	NA	NA
NC_045512.2	29612	T	G	6717	3831	55	2	2	30	0.000297663	6719	0.964901	FALSE	NA	NA	NA	NA	NA	NA
NC_045512.2	29613	G	T	6638	3737	55	2	2	23	0.000301205	6640	1	FALSE	NA	NA	NA	NA	NA	NA
NC_045512.2	29614	C	A	6639	3825	55	1	0	27	0.000150602	6640	1	FALSE	NA	NA	NA	NA	NA	NA
NC_045512.2	29615	A	C	6500	3720	57	2	0	30	0.000307598	6502	0.964903	FALSE	NA	NA	NA	NA	NA	NA
NC_045512.2	29616	G	T	6592	3707	56	3	3	24	0.00045489	6595	1	FALSE	NA	NA	NA	NA	NA	NA
NC_045512.2	29617	A	T	6542	3688	57	1	1	20	0.000152835	6543	1	FALSE	NA	NA	NA	NA	NA	NA
NC_045512.2	29618	A	C	6507	3701	57	2	1	25	0.000307267	6509	1	FALSE	NA	NA	NA	NA	NA	NA
NC_045512.2	29619	T	G	6396	3572	55	4	3	26	0.000625	6400	1	FALSE	NA	NA	NA	NA	NA	NA
NC_045512.2	29620	G	T	6520	3691	56	1	1	27	0.000153327	6522	1	FALSE	NA	NA	NA	NA	NA	NA
NC_045512.2	29620	G	A	6520	3691	56	1	0	34	0.000153327	6522	0.9922	FALSE	NA	NA	NA	NA	NA	NA
NC_045512.2	29621	A	G	6543	3719	56	1	0	68	0.000152812	6544	0.500038	FALSE	NA	NA	NA	NA	NA	NA
NC_045512.2	29622	A	G	6457	3759	55	2	1	35	0.000309406	6464	0.964818	FALSE	NA	NA	NA	NA	NA	NA
NC_045512.2	29622	A	C	6457	3759	55	5	0	26	0.000773515	6464	1	FALSE	NA	NA	NA	NA	NA	NA
NC_045512.2	29623	T	G	6498	3663	56	3	3	27	0.000461255	6504	1	FALSE	NA	NA	NA	NA	NA	NA
NC_045512.2	29623	T	C	6498	3663	56	2	1	49	0.000307503	6504	0.249865	FALSE	NA	NA	NA	NA	NA	NA
NC_045512.2	29623	T	A	6498	3663	56	1	0	46	0.000153752	6504	0.499846	FALSE	NA	NA	NA	NA	NA	NA
NC_045512.2	29624	T	A	6302	3479	53	2	1	23	0.000317259	6304	1	FALSE	NA	NA	NA	NA	NA	NA
NC_045512.2	29625	C	A	6478	3702	57	1	0	27	0.000154345	6479	1	FALSE	NA	NA	NA	NA	NA	NA
NC_045512.2	29627	C	T	6509	3687	57	1	1	68	0.00015361	6510	0.500038	FALSE	NA	NA	NA	NA	NA	NA
NC_045512.2	29629	T	G	6613	3735	56	1	0	27	0.000151194	6614	1	FALSE	NA	NA	NA	NA	NA	NA
NC_045512.2	29631	A	T	6642	3763	58	1	0	26	0.000150534	6643	1	FALSE	NA	NA	NA	NA	NA	NA
NC_045512.2	29633	T	G	6726	3805	58	1	1	34	0.000148655	6727	0.992204	FALSE	NA	NA	NA	NA	NA	NA
NC_045512.2	29634	A	T	6901	3914	58	1	1	20	0.000144886	6902	1	FALSE	NA	NA	NA	NA	NA	NA
NC_045512.2	29635	C	G	6862	3900	58	2	0	27	0.000291375	6864	1	FALSE	NA	NA	NA	NA	NA	NA
NC_045512.2	29636	A	G	6850	3874	58	1	0	68	0.000145964	6851	0.500036	FALSE	NA	NA	NA	NA	NA	NA
NC_045512.2	29637	T	C	6761	3806	57	1	1	68	0.000147842	6764	0.499963	FALSE	NA	NA	NA	NA	NA	NA
NC_045512.2	29637	T	A	6761	3806	57	2	1	30	0.000295683	6764	0.964884	FALSE	NA	NA	NA	NA	NA	NA
NC_045512.2	29639	G	T	6587	3706	58	1	0	34	0.000151791	6588	0.992204	FALSE	NA	NA	NA	NA	NA	NA
NC_045512.2	29641	A	C	6463	3680	58	1	1	27	0.000154703	6464	1	FALSE	NA	NA	NA	NA	NA	NA
NC_045512.2	29643	A	G	6221	3491	58	1	1	68	0.00016072	6222	0.50004	FALSE	NA	NA	NA	NA	NA	NA
NC_045512.2	29647	A	G	6208	3539	58	1	0	27	0.000161057	6209	1	FALSE	NA	NA	NA	NA	NA	NA
NC_045512.2	29648	G	T	5883	3297	59	2	1	26	0.000339789	5886	1	FALSE	NA	NA	NA	NA	NA	NA
NC_045512.2	29648	G	C	5883	3297	59	1	1	27	0.000169895	5886	1	FALSE	NA	NA	NA	NA	NA	NA
NC_045512.2	29649	A	T	5898	3340	57	2	0	30	0.000338926	5901	0.937528	FALSE	NA	NA	NA	NA	NA	NA
NC_045512.2	29649	A	C	5898	3340	57	1	0	34	0.000169463	5901	0.984379	FALSE	NA	NA	NA	NA	NA	NA
NC_045512.2	29650	T	A	5912	3346	59	1	1	26	0.000169119	5913	1	FALSE	NA	NA	NA	NA	NA	NA
NC_045512.2	29651	G	C	5788	3270	59	1	1	34	0.000172741	5789	0.984403	FALSE	NA	NA	NA	NA	NA	NA
NC_045512.2	29655	T	G	5338	2925	56	2	2	27	0.000374532	5340	1	FALSE	NA	NA	NA	NA	NA	NA
NC_045512.2	29656	T	C	5533	3132	60	1	1	27	0.000180668	5535	1	FALSE	NA	NA	NA	NA	NA	NA
NC_045512.2	29656	T	A	5533	3132	60	1	1	34	0.000180668	5535	0.984396	FALSE	NA	NA	NA	NA	NA	NA
NC_045512.2	29657	A	G	5441	3062	58	1	0	27	0.000183722	5443	1	FALSE	NA	NA	NA	NA	NA	NA
NC_045512.2	29657	A	C	5441	3062	58	1	0	27	0.000183722	5443	1	FALSE	NA	NA	NA	NA	NA	NA
NC_045512.2	29658	A	C	5429	3116	54	3	0	24	0.000552283	5432	1	FALSE	NA	NA	NA	NA	NA	NA
NC_045512.2	29659	C	A	5463	3100	59	2	0	23	0.000365965	5465	1	FALSE	NA	NA	NA	NA	NA	NA
NC_045512.2	29661	T	G	5314	2969	58	1	0	24	0.00018797	5320	1	FALSE	NA	NA	NA	NA	NA	NA
NC_045512.2	29661	T	C	5314	2969	58	4	4	26	0.00075188	5320	1	FALSE	NA	NA	NA	NA	NA	NA
NC_045512.2	29661	T	A	5314	2969	58	1	1	26	0.00018797	5320	1	FALSE	NA	NA	NA	NA	NA	NA
NC_045512.2	29663	A	C	4262	2397	60	1	1	27	0.000234577	4263	1	FALSE	NA	NA	NA	NA	NA	NA
NC_045512.2	29664	A	C	4240	2414	55	1	0	26	0.000235793	4241	1	FALSE	NA	NA	NA	NA	NA	NA
NC_045512.2	29665	T	C	4259	2399	59	1	1	68	0.000234687	4261	0.5	FALSE	NA	NA	NA	NA	NA	NA
NC_045512.2	29665	T	A	4259	2399	59	1	1	26	0.000234687	4261	1	FALSE	NA	NA	NA	NA	NA	NA
NC_045512.2	29668	C	A	4264	2429	59	1	0	27	0.000234467	4265	1	FALSE	NA	NA	NA	NA	NA	NA
NC_045512.2	29670	C	G	4256	2424	59	1	0	27	0.000234907	4257	1	FALSE	NA	NA	NA	NA	NA	NA
NC_045512.2	29674	G	A	4243	2442	58	1	1	68	0.000235627	4244	0.500059	FALSE	NA	NA	NA	NA	NA	NA
NC_045512.2	29675	C	A	4245	2453	58	2	0	26	0.000470921	4247	1	FALSE	NA	NA	NA	NA	NA	NA
NC_045512.2	29681	T	C	4131	2374	56	1	0	60	0.000242014	4132	0.500061	FALSE	NA	NA	NA	NA	NA	NA
NC_045512.2	29682	T	C	4261	2516	58	2	1	53	0.000469153	4263	0.250029	FALSE	NA	NA	NA	NA	NA	NA
NC_045512.2	29684	A	T	4215	2492	56	1	1	26	0.000237192	4216	1	FALSE	NA	NA	NA	NA	NA	NA
NC_045512.2	29685	T	G	4245	2517	57	1	1	27	0.000235516	4246	1	FALSE	NA	NA	NA	NA	NA	NA
NC_045512.2	29686	C	A	4235	2533	56	2	1	22	0.000472032	4237	1	FALSE	NA	NA	NA	NA	NA	NA
NC_045512.2	29689	T	A	4205	2509	57	1	0	27	0.000237756	4206	1	FALSE	NA	NA	NA	NA	NA	NA
NC_045512.2	29692	G	C	4222	2521	57	1	0	26	0.000236798	4223	1	FALSE	NA	NA	NA	NA	NA	NA
NC_045512.2	29693	T	G	4250	2564	57	1	0	27	0.000235183	4252	1	FALSE	NA	NA	NA	NA	NA	NA
NC_045512.2	29693	T	C	4250	2564	57	1	0	68	0.000235183	4252	0.5	FALSE	NA	NA	NA	NA	NA	NA
NC_045512.2	29695	A	G	4254	2593	56	1	1	34	0.000235018	4255	0.968805	FALSE	NA	NA	NA	NA	NA	NA
NC_045512.2	29697	A	T	4241	2630	54	1	0	24	0.000235738	4242	1	FALSE	NA	NA	NA	NA	NA	NA
NC_045512.2	29698	T	G	4224	2665	54	2	1	26	0.000473261	4226	1	FALSE	NA	NA	NA	NA	NA	NA
NC_045512.2	29700	A	T	3958	2479	54	1	0	27	0.000252589	3959	1	FALSE	NA	NA	NA	NA	NA	NA
NC_045512.2	29701	G	T	3924	2442	55	2	1	53	0.000509424	3926	0.250032	FALSE	NA	NA	NA	NA	NA	NA
NC_045512.2	29702	G	A	3899	2427	56	1	0	68	0.00025641	3900	0.500064	FALSE	NA	NA	NA	NA	NA	NA
NC_045512.2	29703	G	T	3914	2480	55	1	1	20	0.000255428	3915	1	FALSE	NA	NA	NA	NA	NA	NA
NC_045512.2	29704	A	T	3486	2175	56	1	1	26	0.000286615	3489	1	FALSE	NA	NA	NA	NA	NA	NA
NC_045512.2	29704	A	G	3486	2175	56	2	2	64	0.00057323	3489	0.249964	FALSE	NA	NA	NA	NA	NA	NA
NC_045512.2	29706	G	C	3332	2078	56	1	0	20	0.00030003	3333	1	FALSE	NA	NA	NA	NA	NA	NA
NC_045512.2	29709	T	C	3197	1948	54	2	1	29	0.000625	3200	1	FALSE	NA	NA	NA	NA	NA	NA
NC_045512.2	29709	T	A	3197	1948	54	1	0	20	0.0003125	3200	1	FALSE	NA	NA	NA	NA	NA	NA
NC_045512.2	29715	G	T	3124	2012	53	1	0	27	0.00032	3125	1	FALSE	NA	NA	NA	NA	NA	NA
NC_045512.2	29716	A	G	3029	2010	49	1	0	60	0.000329924	3031	0.5	FALSE	NA	NA	NA	NA	NA	NA
NC_045512.2	29716	A	C	3029	2010	49	1	1	27	0.000329924	3031	1	FALSE	NA	NA	NA	NA	NA	NA
NC_045512.2	29720	A	G	2962	1937	54	1	1	24	0.000337496	2963	1	FALSE	NA	NA	NA	NA	NA	NA
NC_045512.2	29734	G	T	0	0	0	33	23	48	1	33	2.7703e-19	TRUE	NA	NA	NA	NA	NA	NA
