REGION	POS	REF	ALT	REF_DP	REF_RV	REF_QUAL	ALT_DP	ALT_RV	ALT_QUAL	ALT_FREQ	TOTAL_DP	PVAL	PASS	GFF_FEATURE	REF_CODON	REF_AA	ALT_CODON	ALT_AA	POS_AA
NC_045512.2	670	T	G	0	0	0	20	20	34	1	20	1.45089e-11	TRUE	NA	NA	NA	NA	NA	NA
NC_045512.2	1009	C	A	209	40	35	1	0	34	0.0047619	210	0.501193	FALSE	NA	NA	NA	NA	NA	NA
NC_045512.2	1036	T	A	256	62	41	1	1	26	0.00389105	257	0.876461	FALSE	NA	NA	NA	NA	NA	NA
NC_045512.2	1049	A	G	201	70	39	1	0	34	0.0049505	202	0.501241	FALSE	NA	NA	NA	NA	NA	NA
NC_045512.2	1070	G	C	324	81	43	1	1	34	0.00307692	325	0.50077	FALSE	NA	NA	NA	NA	NA	NA
NC_045512.2	1072	A	C	320	85	44	1	1	34	0.00311526	321	0.50078	FALSE	NA	NA	NA	NA	NA	NA
NC_045512.2	1073	T	A	325	86	44	1	1	26	0.00306748	326	0.938458	FALSE	NA	NA	NA	NA	NA	NA
NC_045512.2	1074	G	C	326	88	45	1	1	26	0.0030581	327	0.938455	FALSE	NA	NA	NA	NA	NA	NA
NC_045512.2	1094	T	C	347	125	50	1	1	68	0.00287356	348	0.500719	FALSE	NA	NA	NA	NA	NA	NA
NC_045512.2	1100	T	A	344	128	50	1	1	34	0.00289855	345	0.500726	FALSE	NA	NA	NA	NA	NA	NA
NC_045512.2	1111	G	C	390	161	52	1	1	34	0.00255754	391	0.50064	FALSE	NA	NA	NA	NA	NA	NA
NC_045512.2	1113	C	A	399	160	52	2	2	34	0.00498753	401	0.250312	FALSE	NA	NA	NA	NA	NA	NA
NC_045512.2	1114	T	A	378	149	50	2	1	34	0.00526316	380	0.250329	FALSE	NA	NA	NA	NA	NA	NA
NC_045512.2	1116	T	A	394	155	52	1	1	34	0.00253165	395	0.500634	FALSE	NA	NA	NA	NA	NA	NA
NC_045512.2	1172	G	C	381	209	43	1	1	34	0.0026178	382	0.500655	FALSE	NA	NA	NA	NA	NA	NA
NC_045512.2	1202	A	T	359	225	48	1	1	20	0.00277008	361	0.938021	FALSE	NA	NA	NA	NA	NA	NA
NC_045512.2	1202	A	G	359	225	48	1	1	68	0.00277008	361	0.5	FALSE	NA	NA	NA	NA	NA	NA
NC_045512.2	1219	A	G	359	273	49	1	1	68	0.00277778	360	0.500695	FALSE	NA	NA	NA	NA	NA	NA
NC_045512.2	1229	A	G	364	266	50	1	0	24	0.00273973	365	0.938356	FALSE	NA	NA	NA	NA	NA	NA
NC_045512.2	1258	G	T	261	182	52	1	1	34	0.00381679	262	0.500956	FALSE	NA	NA	NA	NA	NA	NA
NC_045512.2	1273	T	C	223	161	49	1	1	24	0.00446429	224	0.876676	FALSE	NA	NA	NA	NA	NA	NA
NC_045512.2	1294	T	C	213	163	48	1	1	34	0.0046729	214	0.501171	FALSE	NA	NA	NA	NA	NA	NA
NC_045512.2	1543	T	C	95	67	54	1	1	60	0.0104167	96	0.502618	FALSE	NA	NA	NA	NA	NA	NA
NC_045512.2	1602	T	A	2453	308	35	1	0	27	0.000407498	2454	1	FALSE	NA	NA	NA	NA	NA	NA
NC_045512.2	1603	T	C	2453	306	35	1	0	34	0.000407498	2454	0.875153	FALSE	NA	NA	NA	NA	NA	NA
NC_045512.2	1608	A	T	2667	400	36	1	0	34	0.000374813	2668	0.875141	FALSE	NA	NA	NA	NA	NA	NA
NC_045512.2	1610	A	T	2651	397	36	1	1	24	0.000377074	2652	1	FALSE	NA	NA	NA	NA	NA	NA
NC_045512.2	1616	C	A	3014	421	37	2	0	34	0.00066313	3016	0.812707	FALSE	NA	NA	NA	NA	NA	NA
NC_045512.2	1620	A	T	3081	432	37	1	0	34	0.000324465	3082	0.937601	FALSE	NA	NA	NA	NA	NA	NA
NC_045512.2	1624	A	T	2957	433	36	6	6	31	0.00202497	2963	0.144476	FALSE	NA	NA	NA	NA	NA	NA
NC_045512.2	1628	C	A	3217	482	38	1	0	34	0.000310752	3218	0.937597	FALSE	NA	NA	NA	NA	NA	NA
NC_045512.2	1630	A	G	2953	576	38	1	0	20	0.000338524	2954	1	FALSE	NA	NA	NA	NA	NA	NA
NC_045512.2	1631	A	G	3141	573	39	1	0	34	0.000318269	3142	0.937599	FALSE	NA	NA	NA	NA	NA	NA
NC_045512.2	1638	A	G	3401	618	40	1	0	34	0.000293945	3402	0.937592	FALSE	NA	NA	NA	NA	NA	NA
NC_045512.2	1639	A	G	3454	623	40	1	0	34	0.000289436	3455	0.93759	FALSE	NA	NA	NA	NA	NA	NA
NC_045512.2	1640	G	A	3628	633	39	1	0	34	0.000275558	3629	0.937586	FALSE	NA	NA	NA	NA	NA	NA
NC_045512.2	1644	A	G	3289	651	38	1	0	34	0.00030349	3295	0.937405	FALSE	NA	NA	NA	NA	NA	NA
NC_045512.2	1644	A	C	3289	651	38	5	0	32	0.00151745	3295	0.363198	FALSE	NA	NA	NA	NA	NA	NA
NC_045512.2	1645	C	T	4199	679	39	1	0	60	0.000238039	4201	0.5	FALSE	NA	NA	NA	NA	NA	NA
NC_045512.2	1645	C	G	4199	679	39	1	0	34	0.000238039	4201	0.968787	FALSE	NA	NA	NA	NA	NA	NA
NC_045512.2	1646	A	T	3697	708	38	1	0	26	0.000270416	3698	1	FALSE	NA	NA	NA	NA	NA	NA
NC_045512.2	1647	T	A	4460	727	40	3	0	34	0.000672194	4463	0.773621	FALSE	NA	NA	NA	NA	NA	NA
NC_045512.2	1648	C	A	4491	730	40	1	0	34	0.000222618	4492	0.968802	FALSE	NA	NA	NA	NA	NA	NA
NC_045512.2	1649	A	G	4457	731	39	1	0	34	0.000224316	4458	0.968803	FALSE	NA	NA	NA	NA	NA	NA
NC_045512.2	1652	A	T	4244	739	38	2	0	26	0.000471032	4246	1	FALSE	NA	NA	NA	NA	NA	NA
NC_045512.2	1653	T	A	4651	731	39	2	0	26	0.00042983	4653	1	FALSE	NA	NA	NA	NA	NA	NA
NC_045512.2	1656	T	A	4736	661	38	6	0	32	0.00126529	4742	0.377018	FALSE	NA	NA	NA	NA	NA	NA
NC_045512.2	1657	T	C	4781	728	39	1	0	34	0.000209118	4782	0.968799	FALSE	NA	NA	NA	NA	NA	NA
NC_045512.2	1659	G	T	4748	719	40	6	0	32	0.0012621	4754	0.377018	FALSE	NA	NA	NA	NA	NA	NA
NC_045512.2	1661	G	C	4789	724	40	1	0	34	0.000208768	4790	0.968799	FALSE	NA	NA	NA	NA	NA	NA
NC_045512.2	1662	A	G	5005	743	39	1	0	34	0.00019976	5006	0.984408	FALSE	NA	NA	NA	NA	NA	NA
NC_045512.2	1664	T	G	5595	752	39	1	0	34	0.000178603	5599	0.984379	FALSE	NA	NA	NA	NA	NA	NA
NC_045512.2	1664	T	A	5595	752	39	3	0	34	0.00053581	5599	0.855557	FALSE	NA	NA	NA	NA	NA	NA
NC_045512.2	1666	T	A	5607	777	39	1	0	34	0.000178317	5608	0.984404	FALSE	NA	NA	NA	NA	NA	NA
NC_045512.2	1667	A	G	5622	767	39	1	0	34	0.000177841	5623	0.984404	FALSE	NA	NA	NA	NA	NA	NA
NC_045512.2	1671	T	C	5713	827	39	2	0	34	0.000349956	5715	0.937586	FALSE	NA	NA	NA	NA	NA	NA
NC_045512.2	1674	A	G	5756	855	40	2	0	51	0.000347343	5758	0.250022	FALSE	NA	NA	NA	NA	NA	NA
NC_045512.2	1675	T	C	5812	857	40	1	0	34	0.000171999	5814	0.984395	FALSE	NA	NA	NA	NA	NA	NA
NC_045512.2	1675	T	A	5812	857	40	1	0	26	0.000171999	5814	1	FALSE	NA	NA	NA	NA	NA	NA
NC_045512.2	1676	G	C	5791	861	40	1	0	34	0.000172622	5793	0.984395	FALSE	NA	NA	NA	NA	NA	NA
NC_045512.2	1676	G	A	5791	861	40	1	0	34	0.000172622	5793	0.984395	FALSE	NA	NA	NA	NA	NA	NA
NC_045512.2	1678	A	G	5796	861	40	1	0	34	0.000172503	5797	0.984403	FALSE	NA	NA	NA	NA	NA	NA
NC_045512.2	1679	G	T	5846	858	40	1	0	34	0.000171028	5847	0.984403	FALSE	NA	NA	NA	NA	NA	NA
NC_045512.2	1683	T	C	5916	941	41	1	0	34	0.000169005	5917	0.984403	FALSE	NA	NA	NA	NA	NA	NA
NC_045512.2	1685	G	A	5869	905	39	1	0	34	0.000170358	5870	0.984403	FALSE	NA	NA	NA	NA	NA	NA
NC_045512.2	1685	G	-C	5869	905	39	1	0	20	0.000170358	5870	1	FALSE	NA	NA	NA	NA	NA	NA
NC_045512.2	1687	C	A	6056	1170	43	4	0	32	0.000660066	6060	0.828294	FALSE	NA	NA	NA	NA	NA	NA
NC_045512.2	1690	T	C	6047	1155	42	1	0	34	0.000165344	6048	0.992206	FALSE	NA	NA	NA	NA	NA	NA
NC_045512.2	1693	T	C	6151	1246	43	1	0	34	0.000162549	6152	0.992205	FALSE	NA	NA	NA	NA	NA	NA
NC_045512.2	1697	G	A	6121	1255	44	1	0	68	0.000163345	6122	0.500041	FALSE	NA	NA	NA	NA	NA	NA
NC_045512.2	1698	C	A	6100	1276	44	1	0	27	0.000163908	6101	1	FALSE	NA	NA	NA	NA	NA	NA
NC_045512.2	1701	C	A	6282	1311	44	1	1	20	0.00015916	6283	1	FALSE	NA	NA	NA	NA	NA	NA
NC_045512.2	1702	T	C	6294	1330	44	3	1	45	0.000476417	6297	0.125	FALSE	NA	NA	NA	NA	NA	NA
NC_045512.2	1703	T	C	6290	1691	48	1	1	68	0.000158957	6291	0.50004	FALSE	NA	NA	NA	NA	NA	NA
NC_045512.2	1704	T	C	6326	1703	48	1	0	68	0.000158053	6327	0.50004	FALSE	NA	NA	NA	NA	NA	NA
NC_045512.2	1706	T	C	6250	1726	47	2	1	34	0.000319898	6252	0.964905	FALSE	NA	NA	NA	NA	NA	NA
NC_045512.2	1708	T	A	6292	1769	49	1	1	27	0.000158907	6293	1	FALSE	NA	NA	NA	NA	NA	NA
NC_045512.2	1709	G	T	6326	1780	49	2	2	34	0.000316006	6329	0.964887	FALSE	NA	NA	NA	NA	NA	NA
NC_045512.2	1709	G	C	6326	1780	49	1	0	26	0.000158003	6329	1	FALSE	NA	NA	NA	NA	NA	NA
NC_045512.2	1710	C	T	6287	1820	50	1	1	68	0.000159008	6289	0.5	FALSE	NA	NA	NA	NA	NA	NA
NC_045512.2	1710	C	G	6287	1820	50	1	0	34	0.000159008	6289	0.992201	FALSE	NA	NA	NA	NA	NA	NA
NC_045512.2	1712	T	C	6359	1824	50	2	0	34	0.000314416	6361	0.964904	FALSE	NA	NA	NA	NA	NA	NA
NC_045512.2	1717	A	G	6309	1874	49	2	2	68	0.000316907	6311	0.25002	FALSE	NA	NA	NA	NA	NA	NA
NC_045512.2	1718	A	G	6371	1851	50	1	0	27	0.000156937	6372	1	FALSE	NA	NA	NA	NA	NA	NA
NC_045512.2	1719	G	T	6484	1859	50	1	0	34	0.000154202	6485	0.992204	FALSE	NA	NA	NA	NA	NA	NA
NC_045512.2	1721	G	T	6481	2038	52	1	1	20	0.000154273	6482	1	FALSE	NA	NA	NA	NA	NA	NA
NC_045512.2	1722	C	G	6430	2052	52	1	0	34	0.000155497	6431	0.992204	FALSE	NA	NA	NA	NA	NA	NA
NC_045512.2	1723	T	C	6506	2048	52	1	0	24	0.000153681	6507	1	FALSE	NA	NA	NA	NA	NA	NA
NC_045512.2	1724	T	C	6403	1972	47	1	0	34	0.000156152	6404	0.992205	FALSE	NA	NA	NA	NA	NA	NA
NC_045512.2	1725	T	C	6519	2049	52	1	0	34	0.000153374	6520	0.992204	FALSE	NA	NA	NA	NA	NA	NA
NC_045512.2	1727	G	-T	6585	2065	52	1	0	20	0.00015186	6585	1	FALSE	NA	NA	NA	NA	NA	NA
NC_045512.2	1728	T	G	6564	2056	52	1	0	34	0.000152323	6565	0.9922	FALSE	NA	NA	NA	NA	NA	NA
NC_045512.2	1729	G	C	6563	2062	52	1	1	34	0.000152323	6565	0.9922	FALSE	NA	NA	NA	NA	NA	NA
NC_045512.2	1729	G	A	6563	2062	52	1	1	68	0.000152323	6565	0.5	FALSE	NA	NA	NA	NA	NA	NA
NC_045512.2	1730	G	-AAAC	6551	2071	52	1	0	20	0.000152648	6551	1	FALSE	NA	NA	NA	NA	NA	NA
NC_045512.2	1733	A	G	6292	2136	51	2	1	34	0.000317763	6294	0.964887	FALSE	NA	NA	NA	NA	NA	NA
NC_045512.2	1734	C	A	6699	2276	53	1	0	68	0.000149254	6700	0.5	FALSE	NA	NA	NA	NA	NA	NA
NC_045512.2	1735	T	G	6689	2259	53	1	1	24	0.000149477	6690	1	FALSE	NA	NA	NA	NA	NA	NA
NC_045512.2	1737	T	G	6783	2306	53	1	0	24	0.000147406	6784	1	FALSE	NA	NA	NA	NA	NA	NA
NC_045512.2	1737	T	+GGGG	6783	2306	53	1	0	20	0.000147406	6784	1	FALSE	NA	NA	NA	NA	NA	NA
NC_045512.2	1739	A	G	6733	2370	53	1	0	34	0.0001485	6734	0.992204	FALSE	NA	NA	NA	NA	NA	NA
NC_045512.2	1740	A	G	6451	2472	51	1	0	34	0.000154991	6452	0.992204	FALSE	NA	NA	NA	NA	NA	NA
NC_045512.2	1741	A	G	6604	2584	52	2	1	29	0.000302755	6606	1	FALSE	NA	NA	NA	NA	NA	NA
NC_045512.2	1743	G	T	6834	2660	51	1	1	20	0.000146284	6836	1	FALSE	NA	NA	NA	NA	NA	NA
NC_045512.2	1743	G	A	6834	2660	51	1	0	34	0.000146284	6836	0.992199	FALSE	NA	NA	NA	NA	NA	NA
NC_045512.2	1748	G	A	6809	2672	52	1	1	34	0.000146843	6810	0.992204	FALSE	NA	NA	NA	NA	NA	NA
NC_045512.2	1749	A	G	6791	2894	52	1	0	34	0.000147232	6792	0.992204	FALSE	NA	NA	NA	NA	NA	NA
NC_045512.2	1750	T	C	6713	3131	49	1	0	60	0.00014892	6715	0.5	FALSE	NA	NA	NA	NA	NA	NA
NC_045512.2	1750	T	A	6713	3131	49	1	0	27	0.00014892	6715	1	FALSE	NA	NA	NA	NA	NA	NA
NC_045512.2	1751	T	A	6578	3038	48	2	0	27	0.000303951	6580	1	FALSE	NA	NA	NA	NA	NA	NA
NC_045512.2	1754	A	T	6417	3112	46	1	1	27	0.000155812	6418	1	FALSE	NA	NA	NA	NA	NA	NA
NC_045512.2	1755	A	T	6527	3133	47	1	0	34	0.000153186	6528	0.992204	FALSE	NA	NA	NA	NA	NA	NA
NC_045512.2	1756	A	T	6246	3093	47	1	1	34	0.000160026	6249	0.992196	FALSE	NA	NA	NA	NA	NA	NA
NC_045512.2	1756	A	G	6246	3093	47	1	0	68	0.000160026	6249	0.49996	FALSE	NA	NA	NA	NA	NA	NA
NC_045512.2	1756	A	C	6246	3093	47	1	0	34	0.000160026	6249	0.992196	FALSE	NA	NA	NA	NA	NA	NA
NC_045512.2	1757	G	A	6458	3064	48	1	0	24	0.000154823	6459	1	FALSE	NA	NA	NA	NA	NA	NA
NC_045512.2	1758	C	A	6450	3087	48	1	0	34	0.000155015	6451	0.992204	FALSE	NA	NA	NA	NA	NA	NA
NC_045512.2	1760	T	C	6457	3046	49	1	0	24	0.000154847	6458	1	FALSE	NA	NA	NA	NA	NA	NA
NC_045512.2	1764	A	T	6514	3192	49	1	0	20	0.000153492	6515	1	FALSE	NA	NA	NA	NA	NA	NA
NC_045512.2	1765	A	G	5695	3281	44	1	0	68	0.000175562	5696	0.500044	FALSE	NA	NA	NA	NA	NA	NA
NC_045512.2	1769	A	G	6245	3281	47	1	0	68	0.000160102	6246	0.50004	FALSE	NA	NA	NA	NA	NA	NA
NC_045512.2	1771	T	C	6391	3209	48	1	0	68	0.000156421	6393	0.5	FALSE	NA	NA	NA	NA	NA	NA
NC_045512.2	1771	T	A	6391	3209	48	1	1	27	0.000156421	6393	1	FALSE	NA	NA	NA	NA	NA	NA
NC_045512.2	1772	G	A	6643	3311	48	1	1	26	0.000150512	6644	1	FALSE	NA	NA	NA	NA	NA	NA
NC_045512.2	1773	T	G	6604	3268	48	2	1	30	0.000302709	6607	0.964885	FALSE	NA	NA	NA	NA	NA	NA
NC_045512.2	1773	T	A	6604	3268	48	1	0	26	0.000151355	6607	1	FALSE	NA	NA	NA	NA	NA	NA
NC_045512.2	1775	G	C	6645	3347	48	1	1	27	0.000150376	6650	1	FALSE	NA	NA	NA	NA	NA	NA
NC_045512.2	1775	G	A	6645	3347	48	4	3	42	0.000601504	6650	0.0624718	FALSE	NA	NA	NA	NA	NA	NA
NC_045512.2	1776	A	T	6815	3864	50	1	0	34	0.000146692	6817	0.9922	FALSE	NA	NA	NA	NA	NA	NA
NC_045512.2	1776	A	G	6815	3864	50	1	1	34	0.000146692	6817	0.9922	FALSE	NA	NA	NA	NA	NA	NA
NC_045512.2	1777	A	T	6940	4026	51	1	0	26	0.000144051	6942	1	FALSE	NA	NA	NA	NA	NA	NA
NC_045512.2	1777	A	G	6940	4026	51	1	0	34	0.000144051	6942	0.992199	FALSE	NA	NA	NA	NA	NA	NA
NC_045512.2	1779	C	G	6815	3940	51	1	0	34	0.000146692	6817	0.9922	FALSE	NA	NA	NA	NA	NA	NA
NC_045512.2	1779	C	A	6815	3940	51	1	0	24	0.000146692	6817	1	FALSE	NA	NA	NA	NA	NA	NA
NC_045512.2	1780	C	G	6843	3986	51	1	0	34	0.000146113	6844	0.992203	FALSE	NA	NA	NA	NA	NA	NA
NC_045512.2	1781	T	G	6654	3798	52	1	0	24	0.000150218	6657	1	FALSE	NA	NA	NA	NA	NA	NA
NC_045512.2	1781	T	C	6654	3798	52	1	1	27	0.000150218	6657	1	FALSE	NA	NA	NA	NA	NA	NA
NC_045512.2	1781	T	A	6654	3798	52	1	0	34	0.000150218	6657	0.992196	FALSE	NA	NA	NA	NA	NA	NA
NC_045512.2	1782	G	C	6646	3787	52	1	1	27	0.000150444	6647	1	FALSE	NA	NA	NA	NA	NA	NA
NC_045512.2	1783	T	C	6673	3810	52	2	2	47	0.000299625	6675	0.250019	FALSE	NA	NA	NA	NA	NA	NA
NC_045512.2	1784	G	T	6576	3708	51	1	1	26	0.000152045	6577	1	FALSE	NA	NA	NA	NA	NA	NA
NC_045512.2	1785	G	T	6615	3818	51	1	1	34	0.000151126	6617	0.9922	FALSE	NA	NA	NA	NA	NA	NA
NC_045512.2	1785	G	C	6615	3818	51	1	1	27	0.000151126	6617	1	FALSE	NA	NA	NA	NA	NA	NA
NC_045512.2	1786	T	C	6590	3909	52	1	1	27	0.000151722	6591	1	FALSE	NA	NA	NA	NA	NA	NA
NC_045512.2	1787	A	T	6569	3902	52	1	1	24	0.000152207	6570	1	FALSE	NA	NA	NA	NA	NA	NA
NC_045512.2	1790	T	G	6296	3651	50	1	1	26	0.000158781	6298	1	FALSE	NA	NA	NA	NA	NA	NA
NC_045512.2	1790	T	C	6296	3651	50	1	1	24	0.000158781	6298	1	FALSE	NA	NA	NA	NA	NA	NA
NC_045512.2	1791	T	G	6541	3991	51	1	1	26	0.000152788	6545	1	FALSE	NA	NA	NA	NA	NA	NA
NC_045512.2	1791	T	C	6541	3991	51	3	3	31	0.000458365	6545	0.910231	FALSE	NA	NA	NA	NA	NA	NA
NC_045512.2	1792	T	C	6627	4074	52	1	1	27	0.000150875	6628	1	FALSE	NA	NA	NA	NA	NA	NA
NC_045512.2	1793	A	G	6616	4074	52	1	0	26	0.000151126	6617	1	FALSE	NA	NA	NA	NA	NA	NA
NC_045512.2	1795	A	G	6538	4210	49	1	0	34	0.000152905	6540	0.9922	FALSE	NA	NA	NA	NA	NA	NA
NC_045512.2	1795	A	C	6538	4210	49	1	0	26	0.000152905	6540	1	FALSE	NA	NA	NA	NA	NA	NA
NC_045512.2	1801	A	C	6396	4363	48	1	1	27	0.000156323	6397	1	FALSE	NA	NA	NA	NA	NA	NA
NC_045512.2	1802	A	G	6501	4508	49	1	0	68	0.000153799	6502	0.500038	FALSE	NA	NA	NA	NA	NA	NA
NC_045512.2	1803	A	T	6473	4538	47	1	1	26	0.000154464	6474	1	FALSE	NA	NA	NA	NA	NA	NA
NC_045512.2	1804	A	G	6539	4560	49	1	0	68	0.000152905	6540	0.500038	FALSE	NA	NA	NA	NA	NA	NA
NC_045512.2	1805	G	A	6446	4470	48	1	1	34	0.000155111	6447	0.992204	FALSE	NA	NA	NA	NA	NA	NA
NC_045512.2	1806	G	C	6595	4848	49	1	1	27	0.000151607	6596	1	FALSE	NA	NA	NA	NA	NA	NA
NC_045512.2	1807	A	T	6586	4850	49	2	2	47	0.000303536	6589	0.249981	FALSE	NA	NA	NA	NA	NA	NA
NC_045512.2	1807	A	G	6586	4850	49	1	1	68	0.000151768	6589	0.499962	FALSE	NA	NA	NA	NA	NA	NA
NC_045512.2	1809	A	T	6652	4953	50	1	1	34	0.000150308	6653	0.992204	FALSE	NA	NA	NA	NA	NA	NA
NC_045512.2	1810	A	T	6690	4995	49	1	1	26	0.000149454	6691	1	FALSE	NA	NA	NA	NA	NA	NA
NC_045512.2	1813	T	-A	6624	5342	46	7	0	20	0.00105676	6624	1	FALSE	NA	NA	NA	NA	NA	NA
NC_045512.2	1813	T	+A	6624	5342	46	1	0	20	0.000150966	6624	1	FALSE	NA	NA	NA	NA	NA	NA
NC_045512.2	1814	A	G	6593	5314	46	2	2	51	0.00030326	6595	0.249754	FALSE	NA	NA	NA	NA	NA	NA
NC_045512.2	1817	A	T	6625	5343	46	2	2	34	0.00030175	6628	0.964885	FALSE	NA	NA	NA	NA	NA	NA
NC_045512.2	1817	A	G	6625	5343	46	1	1	68	0.000150875	6628	0.499962	FALSE	NA	NA	NA	NA	NA	NA
NC_045512.2	1819	A	G	6562	5298	45	3	3	34	0.000456899	6566	0.910231	FALSE	NA	NA	NA	NA	NA	NA
NC_045512.2	1819	A	C	6562	5298	45	1	1	27	0.0001523	6566	1	FALSE	NA	NA	NA	NA	NA	NA
NC_045512.2	1820	G	C	6514	5261	46	1	1	27	0.000153492	6515	1	FALSE	NA	NA	NA	NA	NA	NA
NC_045512.2	1822	T	G	6392	5179	45	1	0	27	0.000156323	6397	1	FALSE	NA	NA	NA	NA	NA	NA
NC_045512.2	1822	T	C	6392	5179	45	4	4	39	0.000625293	6397	0.828221	FALSE	NA	NA	NA	NA	NA	NA
NC_045512.2	1826	T	A	6488	5319	45	2	2	34	0.000308166	6490	0.964903	FALSE	NA	NA	NA	NA	NA	NA
NC_045512.2	1827	G	T	6399	5232	45	1	1	34	0.00015625	6400	0.992205	FALSE	NA	NA	NA	NA	NA	NA
NC_045512.2	1828	G	C	6508	5304	45	2	2	30	0.00030722	6510	0.964903	FALSE	NA	NA	NA	NA	NA	NA
NC_045512.2	1832	A	C	6413	5266	44	1	1	27	0.000155909	6414	1	FALSE	NA	NA	NA	NA	NA	NA
NC_045512.2	1834	T	C	6396	5236	45	1	0	68	0.000156299	6398	0.5	FALSE	NA	NA	NA	NA	NA	NA
NC_045512.2	1834	T	A	6396	5236	45	1	1	26	0.000156299	6398	1	FALSE	NA	NA	NA	NA	NA	NA
NC_045512.2	1835	G	T	6347	5191	45	3	3	53	0.000472292	6352	0.124941	FALSE	NA	NA	NA	NA	NA	NA
NC_045512.2	1835	G	C	6347	5191	45	2	2	34	0.000314861	6352	0.964852	FALSE	NA	NA	NA	NA	NA	NA
NC_045512.2	1836	G	T	6397	5275	45	1	1	68	0.000156274	6399	0.5	FALSE	NA	NA	NA	NA	NA	NA
NC_045512.2	1836	G	A	6397	5275	45	1	1	34	0.000156274	6399	0.9922	FALSE	NA	NA	NA	NA	NA	NA
NC_045512.2	1838	G	T	5910	4856	45	1	1	27	0.000169176	5911	1	FALSE	NA	NA	NA	NA	NA	NA
NC_045512.2	1839	A	G	5872	4818	45	1	1	34	0.000170271	5873	0.984403	FALSE	NA	NA	NA	NA	NA	NA
NC_045512.2	1841	C	T	5897	4848	45	2	2	34	0.000339041	5899	0.937583	FALSE	NA	NA	NA	NA	NA	NA
NC_045512.2	1847	T	C	5773	4734	45	1	1	26	0.00017319	5774	1	FALSE	NA	NA	NA	NA	NA	NA
NC_045512.2	1849	A	G	5699	4669	45	1	1	38	0.000175439	5700	0.984404	FALSE	NA	NA	NA	NA	NA	NA
NC_045512.2	1851	T	C	5690	4683	45	1	1	34	0.000175716	5691	0.984404	FALSE	NA	NA	NA	NA	NA	NA
NC_045512.2	1852	A	G	5569	4602	44	1	1	34	0.000179533	5570	0.984404	FALSE	NA	NA	NA	NA	NA	NA
NC_045512.2	1855	G	C	4735	3822	46	1	0	27	0.000211149	4736	1	FALSE	NA	NA	NA	NA	NA	NA
NC_045512.2	1859	C	T	4527	3652	46	1	1	34	0.000220848	4528	0.968802	FALSE	NA	NA	NA	NA	NA	NA
NC_045512.2	1868	G	A	4279	3480	45	2	1	51	0.000467181	4281	0.250029	FALSE	NA	NA	NA	NA	NA	NA
NC_045512.2	1871	T	G	3361	2613	44	1	1	26	0.000297442	3362	1	FALSE	NA	NA	NA	NA	NA	NA
NC_045512.2	1873	T	C	3871	3145	46	2	2	34	0.000516396	3873	0.812661	FALSE	NA	NA	NA	NA	NA	NA
NC_045512.2	1879	A	G	3804	3119	45	1	1	26	0.000262812	3805	1	FALSE	NA	NA	NA	NA	NA	NA
NC_045512.2	1879	A	-GAGGCTGCTC	3804	3119	45	1	0	20	0.000262812	3805	1	FALSE	NA	NA	NA	NA	NA	NA
NC_045512.2	1881	A	G	3801	3126	44	1	1	34	0.000263019	3802	0.937549	FALSE	NA	NA	NA	NA	NA	NA
NC_045512.2	1883	G	A	3732	3064	45	1	1	34	0.000267881	3733	0.93755	FALSE	NA	NA	NA	NA	NA	NA
NC_045512.2	1885	T	C	3472	2948	43	2	2	51	0.000575705	3474	0.249964	FALSE	NA	NA	NA	NA	NA	NA
NC_045512.2	1886	G	T	3441	2917	43	2	0	30	0.000580889	3443	0.812591	FALSE	NA	NA	NA	NA	NA	NA
NC_045512.2	1887	C	T	3397	2874	43	1	1	34	0.000294291	3398	0.937555	FALSE	NA	NA	NA	NA	NA	NA
NC_045512.2	1888	T	C	3403	2881	43	1	0	68	0.000293772	3404	0.5	FALSE	NA	NA	NA	NA	NA	NA
NC_045512.2	1889	C	T	3336	2813	43	1	0	38	0.00029967	3337	0.937556	FALSE	NA	NA	NA	NA	NA	NA
NC_045512.2	1894	T	A	3183	2768	42	1	1	34	0.00031407	3184	0.937598	FALSE	NA	NA	NA	NA	NA	NA
NC_045512.2	1898	C	T	3074	2727	40	1	1	34	0.000325203	3075	0.937602	FALSE	NA	NA	NA	NA	NA	NA
NC_045512.2	1906	T	C	2870	2572	40	2	2	34	0.000696379	2872	0.687696	FALSE	NA	NA	NA	NA	NA	NA
NC_045512.2	1909	C	T	2831	2555	40	1	1	34	0.000353107	2832	0.875132	FALSE	NA	NA	NA	NA	NA	NA
NC_045512.2	1911	C	T	2800	2524	40	1	1	34	0.000357015	2801	0.875134	FALSE	NA	NA	NA	NA	NA	NA
NC_045512.2	1914	G	A	2576	2312	40	1	0	68	0.000388048	2577	0.500097	FALSE	NA	NA	NA	NA	NA	NA
NC_045512.2	1920	T	C	2422	2198	38	1	1	34	0.000412712	2423	0.875155	FALSE	NA	NA	NA	NA	NA	NA
NC_045512.2	1921	T	C	2520	2296	39	2	1	68	0.000793021	2522	0.25005	FALSE	NA	NA	NA	NA	NA	NA
NC_045512.2	1925	A	T	2506	2353	37	2	2	30	0.000796495	2511	0.687276	FALSE	NA	NA	NA	NA	NA	NA
NC_045512.2	1925	A	G	2506	2353	37	1	1	34	0.000398248	2511	0.87485	FALSE	NA	NA	NA	NA	NA	NA
NC_045512.2	1925	A	C	2506	2353	37	2	2	34	0.000796495	2511	0.687276	FALSE	NA	NA	NA	NA	NA	NA
NC_045512.2	1926	C	A	2368	2238	37	2	2	30	0.000843882	2370	0.687737	FALSE	NA	NA	NA	NA	NA	NA
NC_045512.2	1928	G	A	1379	1274	38	2	2	34	0.00144823	1381	0.500272	FALSE	NA	NA	NA	NA	NA	NA
NC_045512.2	1935	A	T	1331	1237	38	1	1	34	0.000750751	1332	0.750282	FALSE	NA	NA	NA	NA	NA	NA
NC_045512.2	1936	T	C	1305	1212	37	1	1	34	0.000765697	1306	0.750287	FALSE	NA	NA	NA	NA	NA	NA
NC_045512.2	2256	T	G	2179	185	33	1	0	34	0.000458085	2183	0.874914	FALSE	NA	NA	NA	NA	NA	NA
NC_045512.2	2256	T	A	2179	185	33	3	0	31	0.00137426	2183	0.5	FALSE	NA	NA	NA	NA	NA	NA
NC_045512.2	2263	C	A	2351	333	37	1	1	34	0.00042517	2352	0.875159	FALSE	NA	NA	NA	NA	NA	NA
NC_045512.2	2266	T	C	2750	414	39	2	1	34	0.000726744	2752	0.687704	FALSE	NA	NA	NA	NA	NA	NA
NC_045512.2	2270	A	G	2778	414	39	2	1	34	0.000719424	2780	0.687702	FALSE	NA	NA	NA	NA	NA	NA
NC_045512.2	2273	G	A	2834	455	40	1	0	34	0.000352734	2835	0.875132	FALSE	NA	NA	NA	NA	NA	NA
NC_045512.2	2274	A	G	3268	520	40	1	0	34	0.000305904	3269	0.937596	FALSE	NA	NA	NA	NA	NA	NA
NC_045512.2	2275	A	G	3382	529	40	1	0	26	0.000295596	3383	1	FALSE	NA	NA	NA	NA	NA	NA
NC_045512.2	2280	A	G	3259	551	39	1	0	34	0.000306748	3260	0.937596	FALSE	NA	NA	NA	NA	NA	NA
NC_045512.2	2282	G	T	3716	568	40	1	0	68	0.000269034	3717	0.500067	FALSE	NA	NA	NA	NA	NA	NA
NC_045512.2	2287	T	A	4084	632	41	1	0	26	0.000244798	4085	1	FALSE	NA	NA	NA	NA	NA	NA
NC_045512.2	2289	T	A	4379	650	40	1	0	34	0.000228311	4380	0.968803	FALSE	NA	NA	NA	NA	NA	NA
NC_045512.2	2294	A	G	4455	709	41	1	1	68	0.000224417	4456	0.500056	FALSE	NA	NA	NA	NA	NA	NA
NC_045512.2	2296	A	T	4306	748	41	1	0	26	0.00023218	4307	1	FALSE	NA	NA	NA	NA	NA	NA
NC_045512.2	2299	C	A	5178	805	41	1	0	27	0.000193087	5179	1	FALSE	NA	NA	NA	NA	NA	NA
NC_045512.2	2302	T	C	5193	837	42	1	0	34	0.00019253	5194	0.984407	FALSE	NA	NA	NA	NA	NA	NA
NC_045512.2	2303	A	G	5194	829	42	1	0	34	0.000192493	5195	0.984407	FALSE	NA	NA	NA	NA	NA	NA
NC_045512.2	2308	T	A	5185	993	44	1	1	68	0.000192827	5186	0.500048	FALSE	NA	NA	NA	NA	NA	NA
NC_045512.2	2310	T	C	5189	1172	45	3	2	38	0.000577812	5192	0.855627	FALSE	NA	NA	NA	NA	NA	NA
NC_045512.2	2315	A	G	5004	1221	45	1	0	34	0.0001998	5005	0.984408	FALSE	NA	NA	NA	NA	NA	NA
NC_045512.2	2317	A	-T	5204	1243	46	1	0	20	0.00019216	5204	1	FALSE	NA	NA	NA	NA	NA	NA
NC_045512.2	2322	T	C	5314	1265	47	11	2	43	0.00206573	5325	0.000486266	TRUE	NA	NA	NA	NA	NA	NA
NC_045512.2	2323	G	C	5338	1270	47	1	1	34	0.000187301	5339	0.984406	FALSE	NA	NA	NA	NA	NA	NA
NC_045512.2	2324	G	T	5329	1267	47	1	0	34	0.000187617	5330	0.984406	FALSE	NA	NA	NA	NA	NA	NA
NC_045512.2	2325	C	T	5296	1265	46	1	0	27	0.000188786	5297	1	FALSE	NA	NA	NA	NA	NA	NA
NC_045512.2	2327	T	C	5362	1284	47	2	0	34	0.000372856	5364	0.937592	FALSE	NA	NA	NA	NA	NA	NA
NC_045512.2	2330	T	A	5409	1296	46	1	0	26	0.000184843	5410	1	FALSE	NA	NA	NA	NA	NA	NA
NC_045512.2	2332	T	A	5725	1307	46	1	0	26	0.000174642	5726	1	FALSE	NA	NA	NA	NA	NA	NA
NC_045512.2	2334	C	G	5485	1314	46	3	0	29	0.000546647	5488	1	FALSE	NA	NA	NA	NA	NA	NA
NC_045512.2	2336	G	T	5865	1369	47	2	0	34	0.00034089	5867	0.937584	FALSE	NA	NA	NA	NA	NA	NA
NC_045512.2	2337	A	T	5885	1374	47	1	0	27	0.000169866	5887	1	FALSE	NA	NA	NA	NA	NA	NA
NC_045512.2	2337	A	G	5885	1374	47	1	0	34	0.000169866	5887	0.984395	FALSE	NA	NA	NA	NA	NA	NA
NC_045512.2	2338	C	G	5608	1400	45	1	0	27	0.000178285	5609	1	FALSE	NA	NA	NA	NA	NA	NA
NC_045512.2	2339	T	C	6045	1405	46	1	0	34	0.000165399	6046	0.992206	FALSE	NA	NA	NA	NA	NA	NA
NC_045512.2	2340	C	T	6036	1404	46	2	0	34	0.000331181	6039	0.964889	FALSE	NA	NA	NA	NA	NA	NA
NC_045512.2	2340	C	G	6036	1404	46	1	0	27	0.00016559	6039	1	FALSE	NA	NA	NA	NA	NA	NA
NC_045512.2	2341	T	G	6179	1388	46	1	1	26	0.000161812	6180	1	FALSE	NA	NA	NA	NA	NA	NA
NC_045512.2	2342	A	T	6144	1409	46	1	0	27	0.000162734	6145	1	FALSE	NA	NA	NA	NA	NA	NA
NC_045512.2	2344	C	G	6230	1429	46	1	0	34	0.000160488	6231	0.992205	FALSE	NA	NA	NA	NA	NA	NA
NC_045512.2	2346	T	C	6275	1445	46	1	1	24	0.000159337	6276	1	FALSE	NA	NA	NA	NA	NA	NA
NC_045512.2	2348	A	T	6308	1443	46	1	1	24	0.000158504	6309	1	FALSE	NA	NA	NA	NA	NA	NA
NC_045512.2	2349	T	A	6329	1455	46	1	0	26	0.000157978	6330	1	FALSE	NA	NA	NA	NA	NA	NA
NC_045512.2	2350	T	A	6320	1453	47	1	0	26	0.000158203	6321	1	FALSE	NA	NA	NA	NA	NA	NA
NC_045512.2	2353	T	C	6342	1522	47	1	0	34	0.000157654	6343	0.992205	FALSE	NA	NA	NA	NA	NA	NA
NC_045512.2	2356	A	G	6628	1650	48	1	0	24	0.000150852	6629	1	FALSE	NA	NA	NA	NA	NA	NA
NC_045512.2	2357	G	T	6646	1650	48	1	1	20	0.000150444	6647	1	FALSE	NA	NA	NA	NA	NA	NA
NC_045512.2	2359	T	C	6647	1663	48	1	0	34	0.000150399	6649	0.9922	FALSE	NA	NA	NA	NA	NA	NA
NC_045512.2	2359	T	A	6647	1663	48	1	0	34	0.000150399	6649	0.9922	FALSE	NA	NA	NA	NA	NA	NA
NC_045512.2	2360	A	G	6538	1672	47	2	1	68	0.00030581	6540	0.250019	FALSE	NA	NA	NA	NA	NA	NA
NC_045512.2	2362	A	G	6722	1698	46	2	1	47	0.000297442	6724	0.250019	FALSE	NA	NA	NA	NA	NA	NA
NC_045512.2	2362	A	+C	6722	1698	46	1	0	20	0.000148721	6724	1	FALSE	NA	NA	NA	NA	NA	NA
NC_045512.2	2363	C	G	6974	1700	47	1	0	34	0.000143349	6976	0.992199	FALSE	NA	NA	NA	NA	NA	NA
NC_045512.2	2363	C	A	6974	1700	47	1	0	26	0.000143349	6976	1	FALSE	NA	NA	NA	NA	NA	NA
NC_045512.2	2363	C	-T	6974	1700	47	1	0	20	0.000143349	6976	1	FALSE	NA	NA	NA	NA	NA	NA
NC_045512.2	2366	A	G	7027	1811	49	1	0	34	0.000142288	7028	0.996104	FALSE	NA	NA	NA	NA	NA	NA
NC_045512.2	2367	A	C	7000	1829	49	1	1	24	0.000142837	7001	1	FALSE	NA	NA	NA	NA	NA	NA
NC_045512.2	2369	G	T	7228	1835	48	1	0	68	0.000138332	7229	0.500035	FALSE	NA	NA	NA	NA	NA	NA
NC_045512.2	2375	A	G	7328	2108	51	3	0	42	0.000409221	7331	0.125	FALSE	NA	NA	NA	NA	NA	NA
NC_045512.2	2379	T	C	7232	2120	52	2	0	30	0.000276434	7235	0.980498	FALSE	NA	NA	NA	NA	NA	NA
NC_045512.2	2379	T	A	7232	2120	52	1	0	26	0.000138217	7235	1	FALSE	NA	NA	NA	NA	NA	NA
NC_045512.2	2381	G	A	7289	2118	51	1	0	34	0.000137174	7290	0.996103	FALSE	NA	NA	NA	NA	NA	NA
NC_045512.2	2384	G	A	7248	2157	52	2	0	34	0.000275862	7250	0.980508	FALSE	NA	NA	NA	NA	NA	NA
NC_045512.2	2385	A	G	7241	2171	52	1	1	68	0.000138083	7242	0.500035	FALSE	NA	NA	NA	NA	NA	NA
NC_045512.2	2388	C	A	7275	2215	52	1	0	26	0.000137438	7276	1	FALSE	NA	NA	NA	NA	NA	NA
NC_045512.2	2389	A	G	7248	2234	52	1	0	26	0.00013795	7249	1	FALSE	NA	NA	NA	NA	NA	NA
NC_045512.2	2391	T	C	7267	2208	53	1	0	26	0.000137589	7268	1	FALSE	NA	NA	NA	NA	NA	NA
NC_045512.2	2392	T	C	7246	2217	51	3	2	56	0.00041385	7249	0.125	FALSE	NA	NA	NA	NA	NA	NA
NC_045512.2	2393	G	C	7305	2230	53	1	1	27	0.000136836	7308	1	FALSE	NA	NA	NA	NA	NA	NA
NC_045512.2	2393	G	A	7305	2230	53	2	0	30	0.000273673	7308	0.980498	FALSE	NA	NA	NA	NA	NA	NA
NC_045512.2	2394	T	C	7295	2265	52	1	0	34	0.000137061	7296	0.996103	FALSE	NA	NA	NA	NA	NA	NA
NC_045512.2	2396	A	T	7309	2266	53	1	1	68	0.000136799	7310	0.500034	FALSE	NA	NA	NA	NA	NA	NA
NC_045512.2	2398	G	A	7236	2254	53	1	0	34	0.000138179	7237	0.996103	FALSE	NA	NA	NA	NA	NA	NA
NC_045512.2	2399	C	T	7213	2303	52	1	1	68	0.000138619	7214	0.500035	FALSE	NA	NA	NA	NA	NA	NA
NC_045512.2	2400	A	T	7187	2304	52	1	1	20	0.000139121	7188	1	FALSE	NA	NA	NA	NA	NA	NA
NC_045512.2	2401	C	T	7917	2422	51	3	1	45	0.000378788	7920	0.125	FALSE	NA	NA	NA	NA	NA	NA
NC_045512.2	2402	T	C	7909	2427	51	1	0	34	0.000126406	7911	0.996101	FALSE	NA	NA	NA	NA	NA	NA
NC_045512.2	2402	T	A	7909	2427	51	1	0	34	0.000126406	7911	0.996101	FALSE	NA	NA	NA	NA	NA	NA
NC_045512.2	2405	A	T	8059	2450	50	1	1	68	0.000124054	8061	0.5	FALSE	NA	NA	NA	NA	NA	NA
NC_045512.2	2405	A	C	8059	2450	50	1	1	34	0.000124054	8061	0.998051	FALSE	NA	NA	NA	NA	NA	NA
NC_045512.2	2406	A	C	7223	3028	45	1	0	26	0.000138427	7224	1	FALSE	NA	NA	NA	NA	NA	NA
NC_045512.2	2407	G	T	7739	3018	47	1	0	34	0.000129199	7740	0.996103	FALSE	NA	NA	NA	NA	NA	NA
NC_045512.2	2408	G	T	7981	3012	46	2	2	27	0.000250532	7983	1	FALSE	NA	NA	NA	NA	NA	NA
NC_045512.2	2410	A	T	7651	2808	46	1	0	24	0.000130668	7653	1	FALSE	NA	NA	NA	NA	NA	NA
NC_045512.2	2410	A	G	7651	2808	46	1	1	68	0.000130668	7653	0.5	FALSE	NA	NA	NA	NA	NA	NA
NC_045512.2	2412	T	C	7517	2791	46	1	0	34	0.000133014	7518	0.996103	FALSE	NA	NA	NA	NA	NA	NA
NC_045512.2	2413	G	A	7721	2788	46	1	1	68	0.0001295	7722	0.500032	FALSE	NA	NA	NA	NA	NA	NA
NC_045512.2	2414	T	C	7760	2832	46	2	1	40	0.000257632	7763	0.249984	FALSE	NA	NA	NA	NA	NA	NA
NC_045512.2	2414	T	A	7760	2832	46	1	0	26	0.000128816	7763	1	FALSE	NA	NA	NA	NA	NA	NA
NC_045512.2	2415	A	G	7761	2824	46	1	1	60	0.000128833	7762	0.500032	FALSE	NA	NA	NA	NA	NA	NA
NC_045512.2	2416	C	T	7608	2915	45	1	1	34	0.000131389	7611	0.996099	FALSE	NA	NA	NA	NA	NA	NA
NC_045512.2	2416	C	A	7608	2915	45	2	0	30	0.000262778	7611	0.980496	FALSE	NA	NA	NA	NA	NA	NA
NC_045512.2	2418	G	T	7484	2765	45	1	1	34	0.000133601	7485	0.996103	FALSE	NA	NA	NA	NA	NA	NA
NC_045512.2	2419	A	T	7614	3252	48	1	1	27	0.00013132	7615	1	FALSE	NA	NA	NA	NA	NA	NA
NC_045512.2	2424	G	T	7564	3282	48	1	1	34	0.000132188	7565	0.996103	FALSE	NA	NA	NA	NA	NA	NA
NC_045512.2	2425	T	C	7478	3440	47	2	0	34	0.00026738	7480	0.980506	FALSE	NA	NA	NA	NA	NA	NA
NC_045512.2	2427	T	C	7577	3681	47	1	1	24	0.000131961	7578	1	FALSE	NA	NA	NA	NA	NA	NA
NC_045512.2	2428	T	C	7720	3885	48	1	1	24	0.000129517	7721	1	FALSE	NA	NA	NA	NA	NA	NA
NC_045512.2	2430	A	T	7455	3901	47	1	1	27	0.00013412	7456	1	FALSE	NA	NA	NA	NA	NA	NA
NC_045512.2	2432	T	A	7686	3969	48	1	1	34	0.00013009	7687	0.996103	FALSE	NA	NA	NA	NA	NA	NA
NC_045512.2	2435	A	G	7428	3762	47	1	1	68	0.000134608	7429	0.500034	FALSE	NA	NA	NA	NA	NA	NA
NC_045512.2	2436	G	T	7526	3869	48	1	0	68	0.000132855	7527	0.500033	FALSE	NA	NA	NA	NA	NA	NA
NC_045512.2	2437	A	G	7436	3987	46	3	2	42	0.00040328	7439	0.125	FALSE	NA	NA	NA	NA	NA	NA
NC_045512.2	2438	G	C	7554	4000	47	1	1	34	0.000132363	7555	0.996103	FALSE	NA	NA	NA	NA	NA	NA
NC_045512.2	2442	A	T	7413	4092	46	1	0	68	0.000134807	7418	0.499899	FALSE	NA	NA	NA	NA	NA	NA
NC_045512.2	2442	A	G	7413	4092	46	4	2	59	0.000539229	7418	0.0624747	FALSE	NA	NA	NA	NA	NA	NA
NC_045512.2	2444	A	G	7446	4236	46	1	1	34	0.000134282	7447	0.996103	FALSE	NA	NA	NA	NA	NA	NA
NC_045512.2	2446	T	C	7496	4298	46	6	3	48	0.00079968	7503	0.0156094	FALSE	NA	NA	NA	NA	NA	NA
NC_045512.2	2446	T	A	7496	4298	46	1	0	34	0.00013328	7503	0.996091	FALSE	NA	NA	NA	NA	NA	NA
NC_045512.2	2447	G	A	7623	4206	46	2	0	40	0.000262295	7625	0.250016	FALSE	NA	NA	NA	NA	NA	NA
NC_045512.2	2448	G	C	7701	4302	46	1	1	26	0.000129836	7702	1	FALSE	NA	NA	NA	NA	NA	NA
NC_045512.2	2451	T	-A	7585	4447	46	1	0	20	0.000131839	7585	1	FALSE	NA	NA	NA	NA	NA	NA
NC_045512.2	2452	A	T	7892	4694	46	1	1	26	0.000126678	7894	1	FALSE	NA	NA	NA	NA	NA	NA
NC_045512.2	2452	A	C	7892	4694	46	1	1	34	0.000126678	7894	0.996099	FALSE	NA	NA	NA	NA	NA	NA
NC_045512.2	2453	C	T	7928	4764	47	1	1	34	0.000126119	7929	0.996103	FALSE	NA	NA	NA	NA	NA	NA
NC_045512.2	2456	A	C	7562	4426	47	1	1	34	0.000132223	7563	0.996103	FALSE	NA	NA	NA	NA	NA	NA
NC_045512.2	2457	T	C	7612	4575	48	1	0	34	0.000131354	7613	0.996103	FALSE	NA	NA	NA	NA	NA	NA
NC_045512.2	2458	G	T	7574	4576	48	1	1	26	0.000131996	7576	1	FALSE	NA	NA	NA	NA	NA	NA
NC_045512.2	2458	G	C	7574	4576	48	1	1	34	0.000131996	7576	0.996101	FALSE	NA	NA	NA	NA	NA	NA
NC_045512.2	2460	C	A	7636	4653	48	1	1	26	0.000130941	7637	1	FALSE	NA	NA	NA	NA	NA	NA
NC_045512.2	2461	T	C	6920	3934	47	1	1	34	0.000144488	6921	0.992203	FALSE	NA	NA	NA	NA	NA	NA
NC_045512.2	2463	T	G	7428	4847	52	1	1	34	0.000134608	7429	0.996103	FALSE	NA	NA	NA	NA	NA	NA
NC_045512.2	2464	A	G	7410	4829	52	1	1	68	0.000134935	7411	0.500034	FALSE	NA	NA	NA	NA	NA	NA
NC_045512.2	2465	A	C	7418	4878	52	1	1	26	0.000134789	7419	1	FALSE	NA	NA	NA	NA	NA	NA
NC_045512.2	2466	A	C	7387	4844	52	1	1	26	0.000135355	7388	1	FALSE	NA	NA	NA	NA	NA	NA
NC_045512.2	2467	A	G	7380	4836	52	1	0	68	0.000135483	7381	0.500034	FALSE	NA	NA	NA	NA	NA	NA
NC_045512.2	2472	C	T	7397	5056	54	1	1	34	0.000135172	7398	0.996103	FALSE	NA	NA	NA	NA	NA	NA
NC_045512.2	2472	C	+A	7397	5056	54	1	0	20	0.000135172	7398	1	FALSE	NA	NA	NA	NA	NA	NA
NC_045512.2	2473	A	T	7410	5054	54	1	1	34	0.000134935	7411	0.996103	FALSE	NA	NA	NA	NA	NA	NA
NC_045512.2	2474	A	C	7411	5109	54	1	1	34	0.000134916	7412	0.996103	FALSE	NA	NA	NA	NA	NA	NA
NC_045512.2	2475	A	C	7395	5092	53	1	1	26	0.000135208	7396	1	FALSE	NA	NA	NA	NA	NA	NA
NC_045512.2	2476	A	G	7403	5096	53	2	2	30	0.000270088	7405	0.980507	FALSE	NA	NA	NA	NA	NA	NA
NC_045512.2	2478	A	T	7337	5054	51	1	0	27	0.000136221	7341	1	FALSE	NA	NA	NA	NA	NA	NA
NC_045512.2	2478	A	G	7337	5054	51	3	1	54	0.000408664	7341	0.124974	FALSE	NA	NA	NA	NA	NA	NA
NC_045512.2	2479	A	G	7372	5063	53	1	0	68	0.000135612	7374	0.5	FALSE	NA	NA	NA	NA	NA	NA
NC_045512.2	2479	A	C	7372	5063	53	1	1	26	0.000135612	7374	1	FALSE	NA	NA	NA	NA	NA	NA
NC_045512.2	2482	T	C	7142	4990	51	1	0	68	0.000139997	7143	0.500035	FALSE	NA	NA	NA	NA	NA	NA
NC_045512.2	2484	T	C	7072	4911	51	2	1	51	0.000282725	7074	0.250018	FALSE	NA	NA	NA	NA	NA	NA
NC_045512.2	2486	T	A	7226	5135	52	1	1	27	0.00013837	7227	1	FALSE	NA	NA	NA	NA	NA	NA
NC_045512.2	2487	T	C	6989	4903	50	3	2	68	0.000429	6993	0.124973	FALSE	NA	NA	NA	NA	NA	NA
NC_045512.2	2487	T	A	6989	4903	50	1	1	26	0.000143	6993	1	FALSE	NA	NA	NA	NA	NA	NA
NC_045512.2	2489	T	G	7022	5010	50	1	1	24	0.000142389	7023	1	FALSE	NA	NA	NA	NA	NA	NA
NC_045512.2	2492	G	T	7280	5355	51	1	0	20	0.000137344	7281	1	FALSE	NA	NA	NA	NA	NA	NA
NC_045512.2	2493	A	G	7280	5371	50	2	1	46	0.00027465	7282	0.250017	FALSE	NA	NA	NA	NA	NA	NA
NC_045512.2	2497	A	G	7278	5366	49	3	3	45	0.000412031	7281	0.125	FALSE	NA	NA	NA	NA	NA	NA
NC_045512.2	2499	A	G	7261	5359	44	1	1	38	0.000137703	7262	0.996103	FALSE	NA	NA	NA	NA	NA	NA
NC_045512.2	2500	A	G	7309	5374	51	1	1	68	0.000136799	7310	0.500034	FALSE	NA	NA	NA	NA	NA	NA
NC_045512.2	2503	A	T	7137	5235	51	1	1	34	0.000140076	7139	0.996101	FALSE	NA	NA	NA	NA	NA	NA
NC_045512.2	2503	A	G	7137	5235	51	1	1	46	0.000140076	7139	0.5	FALSE	NA	NA	NA	NA	NA	NA
NC_045512.2	2505	T	C	6841	5054	50	3	3	30	0.000438276	6845	0.910228	FALSE	NA	NA	NA	NA	NA	NA
NC_045512.2	2505	T	A	6841	5054	50	1	0	20	0.000146092	6845	1	FALSE	NA	NA	NA	NA	NA	NA
NC_045512.2	2506	T	-C	6816	5019	50	1	0	20	0.000146714	6816	1	FALSE	NA	NA	NA	NA	NA	NA
NC_045512.2	2511	C	G	6849	5080	50	1	1	34	0.000145985	6850	0.992203	FALSE	NA	NA	NA	NA	NA	NA
NC_045512.2	2512	A	G	6830	5098	50	1	1	24	0.000146391	6831	1	FALSE	NA	NA	NA	NA	NA	NA
NC_045512.2	2515	A	T	6745	5214	48	1	1	34	0.000148214	6747	0.9922	FALSE	NA	NA	NA	NA	NA	NA
NC_045512.2	2515	A	G	6745	5214	48	1	1	34	0.000148214	6747	0.9922	FALSE	NA	NA	NA	NA	NA	NA
NC_045512.2	2516	G	C	6720	5185	48	1	1	26	0.000148787	6721	1	FALSE	NA	NA	NA	NA	NA	NA
NC_045512.2	2518	G	A	6407	4900	49	1	0	68	0.000156055	6408	0.500039	FALSE	NA	NA	NA	NA	NA	NA
NC_045512.2	2520	T	C	6251	4854	47	2	1	51	0.000319846	6253	0.25002	FALSE	NA	NA	NA	NA	NA	NA
NC_045512.2	2521	A	T	6311	4919	47	1	0	24	0.000158428	6312	1	FALSE	NA	NA	NA	NA	NA	NA
NC_045512.2	2522	A	T	6230	4865	44	3	3	26	0.000481155	6235	1	FALSE	NA	NA	NA	NA	NA	NA
NC_045512.2	2522	A	G	6230	4865	44	1	1	34	0.000160385	6235	0.992188	FALSE	NA	NA	NA	NA	NA	NA
NC_045512.2	2522	A	C	6230	4865	44	1	1	34	0.000160385	6235	0.992188	FALSE	NA	NA	NA	NA	NA	NA
NC_045512.2	2524	A	G	5819	4487	48	1	0	68	0.000171792	5821	0.5	FALSE	NA	NA	NA	NA	NA	NA
NC_045512.2	2524	A	C	5819	4487	48	1	1	26	0.000171792	5821	1	FALSE	NA	NA	NA	NA	NA	NA
NC_045512.2	2525	G	T	5774	4485	48	1	1	34	0.00017316	5775	0.984403	FALSE	NA	NA	NA	NA	NA	NA
NC_045512.2	2526	A	G	5586	4327	48	1	1	68	0.000178987	5587	0.500045	FALSE	NA	NA	NA	NA	NA	NA
NC_045512.2	2528	G	C	5560	4298	48	1	1	27	0.000179824	5561	1	FALSE	NA	NA	NA	NA	NA	NA
NC_045512.2	2530	A	T	5550	4281	48	1	1	26	0.000180148	5551	1	FALSE	NA	NA	NA	NA	NA	NA
NC_045512.2	2532	T	C	5453	4208	48	2	2	29	0.000366636	5455	1	FALSE	NA	NA	NA	NA	NA	NA
NC_045512.2	2536	C	T	5339	4111	48	1	1	26	0.000187266	5340	1	FALSE	NA	NA	NA	NA	NA	NA
NC_045512.2	2545	T	A	5119	3959	48	2	1	25	0.000390549	5121	1	FALSE	NA	NA	NA	NA	NA	NA
NC_045512.2	2546	G	T	5107	3944	48	2	2	34	0.000391466	5109	0.937596	FALSE	NA	NA	NA	NA	NA	NA
NC_045512.2	2553	T	C	5054	4228	44	1	1	34	0.000197785	5056	0.984398	FALSE	NA	NA	NA	NA	NA	NA
NC_045512.2	2553	T	A	5054	4228	44	1	0	26	0.000197785	5056	1	FALSE	NA	NA	NA	NA	NA	NA
NC_045512.2	2554	A	G	5053	4280	43	1	1	26	0.000197863	5054	1	FALSE	NA	NA	NA	NA	NA	NA
NC_045512.2	2563	A	G	4902	4285	41	1	1	34	0.000203957	4903	0.968798	FALSE	NA	NA	NA	NA	NA	NA
NC_045512.2	2564	G	C	4854	4305	41	11	11	39	0.00226105	4865	0.0591404	FALSE	NA	NA	NA	NA	NA	NA
NC_045512.2	2566	A	T	4887	4339	41	2	2	34	0.000408831	4892	0.890601	FALSE	NA	NA	NA	NA	NA	NA
NC_045512.2	2566	A	C	4887	4339	41	3	3	34	0.000613246	4892	0.773438	FALSE	NA	NA	NA	NA	NA	NA
NC_045512.2	2567	C	T	4843	4309	41	1	1	34	0.000206441	4844	0.968798	FALSE	NA	NA	NA	NA	NA	NA
NC_045512.2	2568	A	T	3955	3459	41	1	0	27	0.000252717	3957	1	FALSE	NA	NA	NA	NA	NA	NA
NC_045512.2	2568	A	G	3955	3459	41	1	1	26	0.000252717	3957	1	FALSE	NA	NA	NA	NA	NA	NA
NC_045512.2	2569	A	T	3910	3421	41	1	1	26	0.000255689	3911	1	FALSE	NA	NA	NA	NA	NA	NA
NC_045512.2	2571	C	T	3934	3452	41	1	1	34	0.00025413	3935	0.937579	FALSE	NA	NA	NA	NA	NA	NA
NC_045512.2	2573	A	G	3826	3359	40	1	1	34	0.000261301	3827	0.937582	FALSE	NA	NA	NA	NA	NA	NA
NC_045512.2	2576	A	T	3774	3337	41	2	2	34	0.000529661	3776	0.812666	FALSE	NA	NA	NA	NA	NA	NA
NC_045512.2	2583	C	A	3047	2707	41	1	0	26	0.000328084	3048	1	FALSE	NA	NA	NA	NA	NA	NA
NC_045512.2	2585	G	A	2983	2646	41	1	1	34	0.000335121	2984	0.875126	FALSE	NA	NA	NA	NA	NA	NA
NC_045512.2	2588	G	A	2965	2636	41	1	1	34	0.000337154	2966	0.875126	FALSE	NA	NA	NA	NA	NA	NA
NC_045512.2	2591	G	C	2918	2614	40	1	1	34	0.000342583	2919	0.875128	FALSE	NA	NA	NA	NA	NA	NA
NC_045512.2	2592	C	T	2941	2660	40	2	2	34	0.000679579	2943	0.687691	FALSE	NA	NA	NA	NA	NA	NA
NC_045512.2	2593	T	G	2930	2649	40	1	1	34	0.000341064	2932	0.875064	FALSE	NA	NA	NA	NA	NA	NA
NC_045512.2	2593	T	C	2930	2649	40	1	0	60	0.000341064	2932	0.5	FALSE	NA	NA	NA	NA	NA	NA
NC_045512.2	2594	C	G	2685	2422	40	1	1	34	0.000372301	2686	0.87514	FALSE	NA	NA	NA	NA	NA	NA
NC_045512.2	2597	T	C	2657	2399	40	1	1	34	0.000376223	2658	0.875141	FALSE	NA	NA	NA	NA	NA	NA
NC_045512.2	2599	G	T	2626	2446	38	1	1	34	0.000380662	2627	0.875143	FALSE	NA	NA	NA	NA	NA	NA
NC_045512.2	2891	G	A	1460	257	35	1	0	34	0.000684463	1461	0.750257	FALSE	NA	NA	NA	NA	NA	NA
NC_045512.2	2893	A	G	1466	266	35	1	0	34	0.000681663	1467	0.750256	FALSE	NA	NA	NA	NA	NA	NA
NC_045512.2	2898	C	T	1453	269	35	1	1	68	0.000687758	1454	0.500172	FALSE	NA	NA	NA	NA	NA	NA
NC_045512.2	2899	T	A	1431	229	35	1	1	27	0.000698324	1432	0.999971	FALSE	NA	NA	NA	NA	NA	NA
NC_045512.2	2901	T	C	1474	283	36	1	1	68	0.000677966	1475	0.50017	FALSE	NA	NA	NA	NA	NA	NA
NC_045512.2	2904	T	C	1676	324	37	1	0	68	0.000596303	1677	0.500149	FALSE	NA	NA	NA	NA	NA	NA
NC_045512.2	2905	A	G	1636	313	37	4	1	34	0.00243902	1640	0.1875	FALSE	NA	NA	NA	NA	NA	NA
NC_045512.2	2930	T	A	1944	392	40	1	0	34	0.000514139	1945	0.750193	FALSE	NA	NA	NA	NA	NA	NA
NC_045512.2	2931	T	C	1956	388	39	1	0	68	0.000510986	1957	0.500128	FALSE	NA	NA	NA	NA	NA	NA
NC_045512.2	2934	T	C	2225	405	39	1	0	26	0.000449236	2226	1	FALSE	NA	NA	NA	NA	NA	NA
NC_045512.2	2937	C	T	2251	451	41	1	0	34	0.00044405	2252	0.875167	FALSE	NA	NA	NA	NA	NA	NA
NC_045512.2	2947	C	T	2475	495	41	1	0	34	0.000403877	2476	0.875151	FALSE	NA	NA	NA	NA	NA	NA
NC_045512.2	2957	G	C	2787	536	41	1	0	26	0.00035868	2788	1	FALSE	NA	NA	NA	NA	NA	NA
NC_045512.2	2958	A	G	2711	565	41	2	1	51	0.000737191	2713	0.250046	FALSE	NA	NA	NA	NA	NA	NA
NC_045512.2	2963	T	G	2888	638	43	2	0	30	0.000692042	2890	0.687695	FALSE	NA	NA	NA	NA	NA	NA
NC_045512.2	2976	C	G	3582	974	47	1	0	34	0.000279018	3584	0.937552	FALSE	NA	NA	NA	NA	NA	NA
NC_045512.2	2976	C	A	3582	974	47	1	0	26	0.000279018	3584	1	FALSE	NA	NA	NA	NA	NA	NA
NC_045512.2	2981	T	C	3719	1006	47	1	1	68	0.000268817	3720	0.500067	FALSE	NA	NA	NA	NA	NA	NA
NC_045512.2	2984	T	C	3688	1010	48	1	0	34	0.000271076	3689	0.937585	FALSE	NA	NA	NA	NA	NA	NA
NC_045512.2	2986	A	G	3702	1019	47	1	0	34	0.000270051	3703	0.937584	FALSE	NA	NA	NA	NA	NA	NA
NC_045512.2	2989	T	G	3696	1000	48	1	1	38	0.000270416	3698	0.937551	FALSE	NA	NA	NA	NA	NA	NA
NC_045512.2	2989	T	A	3696	1000	48	1	0	26	0.000270416	3698	1	FALSE	NA	NA	NA	NA	NA	NA
NC_045512.2	2993	G	A	3703	1123	50	1	0	68	0.000269978	3704	0.500068	FALSE	NA	NA	NA	NA	NA	NA
NC_045512.2	2994	A	T	3880	1127	50	1	0	34	0.000257666	3881	0.937581	FALSE	NA	NA	NA	NA	NA	NA
NC_045512.2	2996	T	C	3879	1127	50	1	0	34	0.000257732	3880	0.937581	FALSE	NA	NA	NA	NA	NA	NA
NC_045512.2	3015	C	G	3790	1327	50	1	0	34	0.000263783	3791	0.937582	FALSE	NA	NA	NA	NA	NA	NA
NC_045512.2	3016	T	G	3755	1250	47	1	1	26	0.000266241	3756	1	FALSE	NA	NA	NA	NA	NA	NA
NC_045512.2	3017	T	C	3833	1377	51	1	0	24	0.000260824	3834	1	FALSE	NA	NA	NA	NA	NA	NA
NC_045512.2	3022	T	C	4067	1458	50	2	1	68	0.000491521	4069	0.250031	FALSE	NA	NA	NA	NA	NA	NA
NC_045512.2	3025	G	T	4124	1494	49	1	1	27	0.000242424	4125	1	FALSE	NA	NA	NA	NA	NA	NA
NC_045512.2	3026	T	G	4089	1467	48	1	1	24	0.000244379	4092	1	FALSE	NA	NA	NA	NA	NA	NA
NC_045512.2	3026	T	C	4089	1467	48	1	0	68	0.000244379	4092	0.499939	FALSE	NA	NA	NA	NA	NA	NA
NC_045512.2	3026	T	A	4089	1467	48	1	0	24	0.000244379	4092	1	FALSE	NA	NA	NA	NA	NA	NA
NC_045512.2	3027	A	C	4141	1531	50	2	2	34	0.000482742	4143	0.890766	FALSE	NA	NA	NA	NA	NA	NA
NC_045512.2	3033	C	A	3974	1648	48	2	0	47	0.000503018	3976	0.250031	FALSE	NA	NA	NA	NA	NA	NA
NC_045512.2	3037	C	T	0	0	0	3929	1674	49	1	3929	0	TRUE	NA	NA	NA	NA	NA	NA
NC_045512.2	3040	C	G	3944	1755	49	1	0	34	0.000253485	3945	0.937579	FALSE	NA	NA	NA	NA	NA	NA
NC_045512.2	3043	T	A	4019	1720	48	1	1	26	0.000248756	4020	1	FALSE	NA	NA	NA	NA	NA	NA
NC_045512.2	3044	C	G	4073	1753	49	1	0	34	0.000245459	4074	0.968808	FALSE	NA	NA	NA	NA	NA	NA
NC_045512.2	3045	C	G	4058	1759	49	1	0	26	0.000246366	4059	1	FALSE	NA	NA	NA	NA	NA	NA
NC_045512.2	3048	A	T	3963	1768	48	1	0	34	0.000252207	3965	0.937547	FALSE	NA	NA	NA	NA	NA	NA
NC_045512.2	3048	A	G	3963	1768	48	1	0	68	0.000252207	3965	0.5	FALSE	NA	NA	NA	NA	NA	NA
NC_045512.2	3051	A	T	4031	1798	50	3	1	40	0.000743679	4034	0.125	FALSE	NA	NA	NA	NA	NA	NA
NC_045512.2	3054	A	T	4087	1899	49	1	0	26	0.000244618	4088	1	FALSE	NA	NA	NA	NA	NA	NA
NC_045512.2	3057	A	T	4058	1885	49	1	0	34	0.000246366	4059	0.968808	FALSE	NA	NA	NA	NA	NA	NA
NC_045512.2	3058	A	C	4061	1896	49	1	0	26	0.000246184	4062	1	FALSE	NA	NA	NA	NA	NA	NA
NC_045512.2	3060	A	T	4077	1996	49	1	0	34	0.000245218	4078	0.968807	FALSE	NA	NA	NA	NA	NA	NA
NC_045512.2	3061	A	T	4087	1968	51	1	0	34	0.000244618	4088	0.968807	FALSE	NA	NA	NA	NA	NA	NA
NC_045512.2	3063	A	T	4028	1948	49	2	1	23	0.000496278	4030	1	FALSE	NA	NA	NA	NA	NA	NA
NC_045512.2	3065	G	T	4106	1954	50	1	1	27	0.000243487	4107	1	FALSE	NA	NA	NA	NA	NA	NA
NC_045512.2	3067	T	A	4123	2117	53	2	1	25	0.000484848	4125	1	FALSE	NA	NA	NA	NA	NA	NA
NC_045512.2	3068	G	T	4101	2112	52	1	0	68	0.000243784	4102	0.500061	FALSE	NA	NA	NA	NA	NA	NA
NC_045512.2	3076	A	G	4043	2192	53	1	1	68	0.00024728	4044	0.500062	FALSE	NA	NA	NA	NA	NA	NA
NC_045512.2	3077	G	T	4102	2203	53	1	1	34	0.000243724	4103	0.968807	FALSE	NA	NA	NA	NA	NA	NA
NC_045512.2	3078	A	T	4049	2273	51	1	1	27	0.000246914	4050	1	FALSE	NA	NA	NA	NA	NA	NA
NC_045512.2	3081	A	G	4022	2278	50	1	0	34	0.000248571	4023	0.968808	FALSE	NA	NA	NA	NA	NA	NA
NC_045512.2	3082	A	G	4120	2313	53	2	0	34	0.000485201	4122	0.890767	FALSE	NA	NA	NA	NA	NA	NA
NC_045512.2	3084	A	G	4091	2513	50	1	1	34	0.000244379	4092	0.968807	FALSE	NA	NA	NA	NA	NA	NA
NC_045512.2	3086	T	G	3425	1771	45	1	1	26	0.000291886	3426	1	FALSE	NA	NA	NA	NA	NA	NA
NC_045512.2	3089	G	T	4033	2475	52	1	1	26	0.000247893	4034	1	FALSE	NA	NA	NA	NA	NA	NA
NC_045512.2	3091	G	T	4043	2545	51	1	1	26	0.00024728	4044	1	FALSE	NA	NA	NA	NA	NA	NA
NC_045512.2	3096	C	T	3995	2681	54	1	1	68	0.000250188	3997	0.5	FALSE	NA	NA	NA	NA	NA	NA
NC_045512.2	3096	C	A	3995	2681	54	1	1	34	0.000250188	3997	0.937547	FALSE	NA	NA	NA	NA	NA	NA
NC_045512.2	3100	T	C	4003	2701	54	1	0	68	0.00024975	4004	0.500062	FALSE	NA	NA	NA	NA	NA	NA
NC_045512.2	3101	C	G	4026	2735	54	1	1	27	0.000248262	4028	1	FALSE	NA	NA	NA	NA	NA	NA
NC_045512.2	3101	C	A	4026	2735	54	1	1	26	0.000248262	4028	1	FALSE	NA	NA	NA	NA	NA	NA
NC_045512.2	3105	A	G	3994	2769	52	2	1	68	0.000500501	3996	0.250031	FALSE	NA	NA	NA	NA	NA	NA
NC_045512.2	3108	A	T	3943	2744	53	2	2	30	0.000506971	3945	0.812658	FALSE	NA	NA	NA	NA	NA	NA
NC_045512.2	3111	A	G	3875	2697	53	2	0	46	0.000515863	3877	0.250032	FALSE	NA	NA	NA	NA	NA	NA
NC_045512.2	3116	A	C	3738	2721	51	1	1	27	0.000267451	3739	1	FALSE	NA	NA	NA	NA	NA	NA
NC_045512.2	3121	A	G	3527	2570	51	1	0	27	0.000283447	3528	1	FALSE	NA	NA	NA	NA	NA	NA
NC_045512.2	3122	G	C	3520	2571	51	1	1	34	0.00028401	3521	0.937589	FALSE	NA	NA	NA	NA	NA	NA
NC_045512.2	3124	T	A	3208	2316	50	1	1	27	0.000311624	3209	1	FALSE	NA	NA	NA	NA	NA	NA
NC_045512.2	3127	T	A	3159	2331	49	1	1	26	0.000316456	3160	1	FALSE	NA	NA	NA	NA	NA	NA
NC_045512.2	3128	T	C	3181	2369	49	2	2	51	0.000628338	3183	0.250039	FALSE	NA	NA	NA	NA	NA	NA
NC_045512.2	3135	G	C	3179	2425	49	1	1	26	0.000314465	3180	1	FALSE	NA	NA	NA	NA	NA	NA
NC_045512.2	3137	A	G	3160	2429	49	1	1	68	0.000316356	3161	0.500079	FALSE	NA	NA	NA	NA	NA	NA
NC_045512.2	3138	A	G	3170	2444	49	2	1	51	0.000630517	3172	0.250039	FALSE	NA	NA	NA	NA	NA	NA
NC_045512.2	3141	C	T	3151	2426	49	1	0	68	0.000317259	3152	0.500079	FALSE	NA	NA	NA	NA	NA	NA
NC_045512.2	3146	G	C	2844	2219	48	1	0	34	0.000351494	2845	0.875132	FALSE	NA	NA	NA	NA	NA	NA
NC_045512.2	3147	A	T	2842	2220	48	1	1	26	0.000351617	2844	1	FALSE	NA	NA	NA	NA	NA	NA
NC_045512.2	3147	A	C	2842	2220	48	1	1	34	0.000351617	2844	0.875066	FALSE	NA	NA	NA	NA	NA	NA
NC_045512.2	3151	T	C	2710	2099	49	3	3	34	0.00110579	2713	0.500173	FALSE	NA	NA	NA	NA	NA	NA
NC_045512.2	3153	G	C	2691	2080	49	1	0	34	0.000371471	2692	0.875139	FALSE	NA	NA	NA	NA	NA	NA
NC_045512.2	3155	G	C	2675	2093	47	1	1	26	0.000373692	2676	1	FALSE	NA	NA	NA	NA	NA	NA
NC_045512.2	3160	T	A	2678	2101	48	1	1	26	0.000373274	2679	1	FALSE	NA	NA	NA	NA	NA	NA
NC_045512.2	3164	G	T	2668	2101	48	1	1	34	0.000374672	2669	0.875141	FALSE	NA	NA	NA	NA	NA	NA
NC_045512.2	3165	C	A	2678	2120	47	1	0	20	0.000373274	2679	1	FALSE	NA	NA	NA	NA	NA	NA
NC_045512.2	3167	G	A	2558	2006	48	1	1	34	0.000390778	2559	0.875147	FALSE	NA	NA	NA	NA	NA	NA
NC_045512.2	3169	T	C	2345	1812	46	1	1	34	0.000426257	2346	0.87516	FALSE	NA	NA	NA	NA	NA	NA
NC_045512.2	3171	T	G	2442	2004	45	1	1	26	0.000409333	2443	1	FALSE	NA	NA	NA	NA	NA	NA
NC_045512.2	3177	C	T	2414	2049	44	1	0	24	0.000414079	2415	1	FALSE	NA	NA	NA	NA	NA	NA
NC_045512.2	3181	A	G	2273	1913	44	1	0	24	0.000439754	2274	1	FALSE	NA	NA	NA	NA	NA	NA
NC_045512.2	3186	A	T	2118	1784	43	1	1	34	0.000471921	2119	0.875177	FALSE	NA	NA	NA	NA	NA	NA
NC_045512.2	3190	A	G	2021	1695	44	1	1	68	0.00049456	2022	0.500124	FALSE	NA	NA	NA	NA	NA	NA
NC_045512.2	3194	G	C	1996	1705	43	1	1	34	0.000500751	1997	0.750188	FALSE	NA	NA	NA	NA	NA	NA
NC_045512.2	3200	T	-G	1793	1534	43	1	0	20	0.000557724	1793	0.999996	FALSE	NA	NA	NA	NA	NA	NA
NC_045512.2	3203	T	C	1505	1282	40	1	1	24	0.000664011	1506	0.999985	FALSE	NA	NA	NA	NA	NA	NA
NC_045512.2	3207	A	T	1669	1460	40	1	1	26	0.000598444	1671	0.999993	FALSE	NA	NA	NA	NA	NA	NA
NC_045512.2	3207	A	G	1669	1460	40	1	1	34	0.000598444	1671	0.750075	FALSE	NA	NA	NA	NA	NA	NA
NC_045512.2	3217	T	C	1065	929	41	1	1	34	0.000938086	1066	0.750352	FALSE	NA	NA	NA	NA	NA	NA
NC_045512.2	3226	T	C	893	787	41	1	1	34	0.00111857	894	0.50028	FALSE	NA	NA	NA	NA	NA	NA
NC_045512.2	3229	T	C	802	700	42	1	1	34	0.00124533	803	0.500312	FALSE	NA	NA	NA	NA	NA	NA
NC_045512.2	3431	G	T	0	0	0	15	13	47	1	15	1.28935e-08	TRUE	NA	NA	NA	NA	NA	NA
NC_045512.2	3544	T	G	3715	506	33	1	0	34	0.000269107	3716	0.937584	FALSE	NA	NA	NA	NA	NA	NA
NC_045512.2	3550	A	T	3849	708	36	1	1	27	0.00025974	3850	1	FALSE	NA	NA	NA	NA	NA	NA
NC_045512.2	3552	C	A	4167	762	36	2	0	34	0.000479731	4169	0.890766	FALSE	NA	NA	NA	NA	NA	NA
NC_045512.2	3554	C	A	5160	837	37	1	0	34	0.000193761	5161	0.984407	FALSE	NA	NA	NA	NA	NA	NA
NC_045512.2	3555	T	C	5117	793	37	1	0	34	0.000195389	5118	0.984407	FALSE	NA	NA	NA	NA	NA	NA
NC_045512.2	3557	A	G	5096	857	37	1	1	38	0.000196194	5097	0.984407	FALSE	NA	NA	NA	NA	NA	NA
NC_045512.2	3558	A	G	5046	849	36	1	0	34	0.000198138	5047	0.984407	FALSE	NA	NA	NA	NA	NA	NA
NC_045512.2	3563	G	T	5430	949	38	1	1	34	0.000184128	5431	0.984405	FALSE	NA	NA	NA	NA	NA	NA
NC_045512.2	3565	T	G	3	0	45	1	0	34	0.000179019	5586	0.00428839	TRUE	NA	NA	NA	NA	NA	NA
NC_045512.2	3565	T	C	3	0	45	5582	1071	39	0.999284	5586	0	TRUE	NA	NA	NA	NA	NA	NA
NC_045512.2	3574	T	C	6125	1173	40	2	1	34	0.000326424	6127	0.964906	FALSE	NA	NA	NA	NA	NA	NA
NC_045512.2	3576	T	A	6371	1200	40	1	0	26	0.000156937	6372	1	FALSE	NA	NA	NA	NA	NA	NA
NC_045512.2	3577	T	C	6294	1166	40	1	0	34	0.000158856	6295	0.992205	FALSE	NA	NA	NA	NA	NA	NA
NC_045512.2	3580	A	T	6396	1220	40	1	0	34	0.000156299	6398	0.9922	FALSE	NA	NA	NA	NA	NA	NA
NC_045512.2	3580	A	G	6396	1220	40	1	0	34	0.000156299	6398	0.9922	FALSE	NA	NA	NA	NA	NA	NA
NC_045512.2	3583	C	T	6372	1236	40	2	1	34	0.000313775	6374	0.964904	FALSE	NA	NA	NA	NA	NA	NA
NC_045512.2	3584	G	C	6431	1237	40	1	0	68	0.000155473	6432	0.500039	FALSE	NA	NA	NA	NA	NA	NA
NC_045512.2	3587	C	T	6871	1329	40	1	0	34	0.000145518	6872	0.992203	FALSE	NA	NA	NA	NA	NA	NA
NC_045512.2	3588	A	T	6686	1351	40	2	0	30	0.000298998	6689	0.964885	FALSE	NA	NA	NA	NA	NA	NA
NC_045512.2	3588	A	G	6686	1351	40	1	1	68	0.000149499	6689	0.499963	FALSE	NA	NA	NA	NA	NA	NA
NC_045512.2	3589	C	T	7120	1361	41	1	0	34	0.00014043	7121	0.996104	FALSE	NA	NA	NA	NA	NA	NA
NC_045512.2	3592	T	C	7159	1276	39	1	0	60	0.000139645	7161	0.5	FALSE	NA	NA	NA	NA	NA	NA
NC_045512.2	3592	T	A	7159	1276	39	1	1	26	0.000139645	7161	1	FALSE	NA	NA	NA	NA	NA	NA
NC_045512.2	3593	C	A	7245	1496	42	1	0	26	0.000138007	7246	1	FALSE	NA	NA	NA	NA	NA	NA
NC_045512.2	3596	G	A	7933	1773	43	1	0	34	0.00012604	7934	0.996103	FALSE	NA	NA	NA	NA	NA	NA
NC_045512.2	3597	C	A	7923	1846	44	3	0	31	0.000378501	7926	0.94539	FALSE	NA	NA	NA	NA	NA	NA
NC_045512.2	3598	T	C	7956	1873	44	1	1	46	0.000125676	7957	0.500031	FALSE	NA	NA	NA	NA	NA	NA
NC_045512.2	3598	T	-A	7956	1873	44	1	0	20	0.000125676	7957	1	FALSE	NA	NA	NA	NA	NA	NA
NC_045512.2	3599	A	G	8003	1875	44	1	0	34	0.000124938	8004	0.998051	FALSE	NA	NA	NA	NA	NA	NA
NC_045512.2	3601	A	G	8149	1908	44	1	1	60	0.000122699	8150	0.500031	FALSE	NA	NA	NA	NA	NA	NA
NC_045512.2	3602	C	T	8185	1906	44	1	0	38	0.000122145	8187	0.998051	FALSE	NA	NA	NA	NA	NA	NA
NC_045512.2	3602	C	A	8185	1906	44	1	0	34	0.000122145	8187	0.998051	FALSE	NA	NA	NA	NA	NA	NA
NC_045512.2	3603	A	T	8207	1965	45	1	0	26	0.000121832	8208	1	FALSE	NA	NA	NA	NA	NA	NA
NC_045512.2	3604	C	G	8231	1975	45	1	0	34	0.000121448	8234	0.99805	FALSE	NA	NA	NA	NA	NA	NA
NC_045512.2	3604	C	A	8231	1975	45	2	0	51	0.000242895	8234	0.249985	FALSE	NA	NA	NA	NA	NA	NA
NC_045512.2	3607	T	A	9590	2548	46	1	0	34	0.000104264	9591	0.999026	FALSE	NA	NA	NA	NA	NA	NA
NC_045512.2	3608	C	G	9621	2587	47	1	0	34	0.000103928	9622	0.999026	FALSE	NA	NA	NA	NA	NA	NA
NC_045512.2	3609	T	C	9644	2570	46	1	1	24	0.000103681	9645	1	FALSE	NA	NA	NA	NA	NA	NA
NC_045512.2	3611	C	G	9644	2603	47	1	0	34	0.000103681	9645	0.999026	FALSE	NA	NA	NA	NA	NA	NA
NC_045512.2	3612	A	T	9591	2690	48	1	0	34	0.000104254	9592	0.999026	FALSE	NA	NA	NA	NA	NA	NA
NC_045512.2	3613	T	C	9678	2697	48	1	0	20	0.000103306	9680	1	FALSE	NA	NA	NA	NA	NA	NA
NC_045512.2	3613	T	A	9678	2697	48	1	0	24	0.000103306	9680	1	FALSE	NA	NA	NA	NA	NA	NA
NC_045512.2	3615	T	A	9645	2708	48	2	0	30	0.000207318	9647	0.994155	FALSE	NA	NA	NA	NA	NA	NA
NC_045512.2	3616	T	G	9644	2688	47	1	0	34	0.000103681	9645	0.999026	FALSE	NA	NA	NA	NA	NA	NA
NC_045512.2	3618	T	C	9690	2990	50	3	1	45	0.000309502	9693	0.125	FALSE	NA	NA	NA	NA	NA	NA
NC_045512.2	3619	C	T	9686	3015	50	4	3	59	0.000412797	9690	0.0624935	FALSE	NA	NA	NA	NA	NA	NA
NC_045512.2	3620	G	A	9700	3025	50	1	0	34	0.000103082	9701	0.999026	FALSE	NA	NA	NA	NA	NA	NA
NC_045512.2	3621	G	A	10128	3137	50	3	2	68	0.000296121	10131	0.125	FALSE	NA	NA	NA	NA	NA	NA
NC_045512.2	3622	C	T	10138	3192	50	2	0	34	0.0001972	10142	0.996832	FALSE	NA	NA	NA	NA	NA	NA
NC_045512.2	3622	C	G	10138	3192	50	1	0	34	9.85999e-05	10142	0.999513	FALSE	NA	NA	NA	NA	NA	NA
NC_045512.2	3622	C	A	10138	3192	50	1	0	26	9.85999e-05	10142	1	FALSE	NA	NA	NA	NA	NA	NA
NC_045512.2	3625	A	T	10161	3208	50	1	0	34	9.83768e-05	10165	0.999513	FALSE	NA	NA	NA	NA	NA	NA
NC_045512.2	3625	A	G	10161	3208	50	3	1	34	0.00029513	10165	0.98879	FALSE	NA	NA	NA	NA	NA	NA
NC_045512.2	3626	A	G	10206	3216	50	1	0	34	9.7972e-05	10207	0.999513	FALSE	NA	NA	NA	NA	NA	NA
NC_045512.2	3627	A	T	10189	3232	50	1	0	26	9.81258e-05	10191	1	FALSE	NA	NA	NA	NA	NA	NA
NC_045512.2	3627	A	G	10189	3232	50	1	0	34	9.81258e-05	10191	0.999513	FALSE	NA	NA	NA	NA	NA	NA
NC_045512.2	3630	T	G	10192	3172	48	1	1	27	9.80873e-05	10195	1	FALSE	NA	NA	NA	NA	NA	NA
NC_045512.2	3630	T	C	10192	3172	48	2	1	30	0.000196175	10195	0.996833	FALSE	NA	NA	NA	NA	NA	NA
NC_045512.2	3631	T	C	10299	3260	50	1	0	68	9.7078e-05	10301	0.5	FALSE	NA	NA	NA	NA	NA	NA
NC_045512.2	3631	T	A	10299	3260	50	1	0	68	9.7078e-05	10301	0.5	FALSE	NA	NA	NA	NA	NA	NA
NC_045512.2	3632	A	T	10327	3315	51	2	1	51	0.000193461	10338	0.249794	FALSE	NA	NA	NA	NA	NA	NA
NC_045512.2	3632	A	G	10327	3315	51	9	3	56	0.000870575	10338	0.00194888	TRUE	NA	NA	NA	NA	NA	NA
NC_045512.2	3633	A	T	9973	3349	49	1	0	26	0.000100241	9976	1	FALSE	NA	NA	NA	NA	NA	NA
NC_045512.2	3633	A	G	9973	3349	49	2	1	29	0.000200481	9976	1	FALSE	NA	NA	NA	NA	NA	NA
NC_045512.2	3634	C	G	10331	3352	51	1	0	34	9.67773e-05	10333	0.999513	FALSE	NA	NA	NA	NA	NA	NA
NC_045512.2	3634	C	A	10331	3352	51	1	0	34	9.67773e-05	10333	0.999513	FALSE	NA	NA	NA	NA	NA	NA
NC_045512.2	3635	A	T	10330	3365	51	1	0	34	9.67961e-05	10331	0.999513	FALSE	NA	NA	NA	NA	NA	NA
NC_045512.2	3636	A	T	10428	3359	51	1	0	26	9.58865e-05	10429	1	FALSE	NA	NA	NA	NA	NA	NA
NC_045512.2	3637	A	T	9419	3361	48	1	1	68	0.000106135	9422	0.499973	FALSE	NA	NA	NA	NA	NA	NA
NC_045512.2	3637	A	G	9419	3361	48	1	0	24	0.000106135	9422	1	FALSE	NA	NA	NA	NA	NA	NA
NC_045512.2	3637	A	C	9419	3361	48	1	0	26	0.000106135	9422	1	FALSE	NA	NA	NA	NA	NA	NA
NC_045512.2	3640	T	A	11061	3836	53	1	0	26	9.03996e-05	11062	1	FALSE	NA	NA	NA	NA	NA	NA
NC_045512.2	3641	G	T	11099	3850	53	1	0	34	9.00901e-05	11100	0.999757	FALSE	NA	NA	NA	NA	NA	NA
NC_045512.2	3642	A	T	11069	4017	54	2	0	34	0.000180603	11074	0.998294	FALSE	NA	NA	NA	NA	NA	NA
NC_045512.2	3642	A	G	11069	4017	54	3	2	68	0.000270905	11074	0.124966	FALSE	NA	NA	NA	NA	NA	NA
NC_045512.2	3643	A	G	11008	4041	54	2	1	51	0.000181653	11010	0.250011	FALSE	NA	NA	NA	NA	NA	NA
NC_045512.2	3645	A	T	10844	4212	53	2	2	26	0.0001844	10846	1	FALSE	NA	NA	NA	NA	NA	NA
NC_045512.2	3648	T	C	11139	4138	55	1	1	68	8.97666e-05	11140	0.500022	FALSE	NA	NA	NA	NA	NA	NA
NC_045512.2	3649	T	C	11045	4157	54	3	1	54	0.000271542	11048	0.125	FALSE	NA	NA	NA	NA	NA	NA
NC_045512.2	3650	C	A	11097	4138	55	1	1	60	9.01063e-05	11098	0.500023	FALSE	NA	NA	NA	NA	NA	NA
NC_045512.2	3653	C	T	11364	4197	55	1	1	34	8.79894e-05	11365	0.999757	FALSE	NA	NA	NA	NA	NA	NA
NC_045512.2	3654	T	A	11320	4184	55	1	1	27	8.83314e-05	11321	1	FALSE	NA	NA	NA	NA	NA	NA
NC_045512.2	3656	C	A	12152	4273	54	4	0	32	0.000329056	12156	0.98939	FALSE	NA	NA	NA	NA	NA	NA
NC_045512.2	3658	T	C	12172	4278	54	2	1	68	0.000164271	12175	0.24999	FALSE	NA	NA	NA	NA	NA	NA
NC_045512.2	3658	T	A	12172	4278	54	1	0	68	8.21355e-05	12175	0.499979	FALSE	NA	NA	NA	NA	NA	NA
NC_045512.2	3659	A	T	12124	4293	54	2	2	25	0.000164935	12126	1	FALSE	NA	NA	NA	NA	NA	NA
NC_045512.2	3660	A	T	12134	4317	54	1	1	34	8.24063e-05	12135	0.999878	FALSE	NA	NA	NA	NA	NA	NA
NC_045512.2	3662	A	T	11429	4260	51	5	4	26	0.000437254	11435	1	FALSE	NA	NA	NA	NA	NA	NA
NC_045512.2	3662	A	G	11429	4260	51	1	0	34	8.74508e-05	11435	0.999756	FALSE	NA	NA	NA	NA	NA	NA
NC_045512.2	3663	G	C	12065	4260	54	1	1	20	8.28706e-05	12067	1	FALSE	NA	NA	NA	NA	NA	NA
NC_045512.2	3663	G	A	12065	4260	54	1	0	26	8.28706e-05	12067	1	FALSE	NA	NA	NA	NA	NA	NA
NC_045512.2	3664	T	C	11560	4029	55	1	1	46	8.64977e-05	11561	0.750032	FALSE	NA	NA	NA	NA	NA	NA
NC_045512.2	3667	T	C	11553	4139	55	3	2	30	0.000259605	11556	0.993546	FALSE	NA	NA	NA	NA	NA	NA
NC_045512.2	3668	T	G	11547	4169	55	1	0	34	8.65876e-05	11549	0.999757	FALSE	NA	NA	NA	NA	NA	NA
NC_045512.2	3668	T	C	11547	4169	55	1	0	68	8.65876e-05	11549	0.5	FALSE	NA	NA	NA	NA	NA	NA
NC_045512.2	3669	A	G	11488	4174	55	1	0	34	8.70398e-05	11489	0.999757	FALSE	NA	NA	NA	NA	NA	NA
NC_045512.2	3670	T	C	11554	4177	56	1	1	68	8.65426e-05	11555	0.500022	FALSE	NA	NA	NA	NA	NA	NA
NC_045512.2	3671	G	C	11517	4185	55	1	0	27	8.68206e-05	11518	1	FALSE	NA	NA	NA	NA	NA	NA
NC_045512.2	3672	A	T	11415	4201	55	2	0	30	0.000175177	11417	0.998296	FALSE	NA	NA	NA	NA	NA	NA
NC_045512.2	3673	A	G	11506	4269	56	1	1	68	8.69036e-05	11507	0.500022	FALSE	NA	NA	NA	NA	NA	NA
NC_045512.2	3675	A	T	11568	4286	55	1	0	34	8.64304e-05	11570	0.999757	FALSE	NA	NA	NA	NA	NA	NA
NC_045512.2	3675	A	G	11568	4286	55	1	0	27	8.64304e-05	11570	1	FALSE	NA	NA	NA	NA	NA	NA
NC_045512.2	3676	T	C	11605	4298	55	1	0	68	8.61623e-05	11606	0.500022	FALSE	NA	NA	NA	NA	NA	NA
NC_045512.2	3679	T	C	11522	4514	54	2	1	68	0.000173551	11524	0.250011	FALSE	NA	NA	NA	NA	NA	NA
NC_045512.2	3680	A	T	11552	4590	54	1	0	34	8.65576e-05	11553	0.999757	FALSE	NA	NA	NA	NA	NA	NA
NC_045512.2	3681	A	T	11482	4582	54	2	0	30	0.000174125	11486	0.998294	FALSE	NA	NA	NA	NA	NA	NA
NC_045512.2	3681	A	G	11482	4582	54	2	1	64	0.000174125	11486	0.249967	FALSE	NA	NA	NA	NA	NA	NA
NC_045512.2	3683	C	G	11397	4917	53	1	0	34	8.77347e-05	11398	0.999757	FALSE	NA	NA	NA	NA	NA	NA
NC_045512.2	3684	A	T	11382	4901	54	1	0	34	8.78194e-05	11387	0.999756	FALSE	NA	NA	NA	NA	NA	NA
NC_045512.2	3684	A	G	11382	4901	54	4	1	51	0.000351278	11387	0.0624835	FALSE	NA	NA	NA	NA	NA	NA
NC_045512.2	3686	C	T	11517	4958	53	1	0	60	8.68206e-05	11518	0.500022	FALSE	NA	NA	NA	NA	NA	NA
NC_045512.2	3687	A	G	11587	4942	53	1	1	34	8.62962e-05	11588	0.999757	FALSE	NA	NA	NA	NA	NA	NA
NC_045512.2	3689	G	T	11496	5025	53	1	0	34	8.69716e-05	11498	0.999757	FALSE	NA	NA	NA	NA	NA	NA
NC_045512.2	3689	G	A	11496	5025	53	1	0	24	8.69716e-05	11498	1	FALSE	NA	NA	NA	NA	NA	NA
NC_045512.2	3690	A	G	11624	5140	51	1	1	27	8.60215e-05	11625	1	FALSE	NA	NA	NA	NA	NA	NA
NC_045512.2	3693	T	C	12162	5328	51	2	1	24	0.00016442	12164	1	FALSE	NA	NA	NA	NA	NA	NA
NC_045512.2	3694	T	A	11662	5181	47	1	1	26	8.57412e-05	11663	1	FALSE	NA	NA	NA	NA	NA	NA
NC_045512.2	3696	T	C	11936	5439	50	1	0	34	8.37591e-05	11939	0.999756	FALSE	NA	NA	NA	NA	NA	NA
NC_045512.2	3696	T	A	11936	5439	50	2	0	30	0.000167518	11939	0.998295	FALSE	NA	NA	NA	NA	NA	NA
NC_045512.2	3697	A	T	12010	5598	50	1	1	34	8.3257e-05	12011	0.999878	FALSE	NA	NA	NA	NA	NA	NA
NC_045512.2	3698	C	A	11987	5627	50	1	0	26	8.34168e-05	11988	1	FALSE	NA	NA	NA	NA	NA	NA
NC_045512.2	3700	T	C	11741	5465	50	2	2	68	0.0001703	11744	0.249989	FALSE	NA	NA	NA	NA	NA	NA
NC_045512.2	3700	T	A	11741	5465	50	1	0	26	8.51499e-05	11744	1	FALSE	NA	NA	NA	NA	NA	NA
NC_045512.2	3702	C	T	11364	5431	50	3	1	45	0.000263922	11367	0.312516	FALSE	NA	NA	NA	NA	NA	NA
NC_045512.2	3703	A	T	11308	5486	49	1	1	20	8.84173e-05	11310	1	FALSE	NA	NA	NA	NA	NA	NA
NC_045512.2	3703	A	C	11308	5486	49	1	0	34	8.84173e-05	11310	0.999757	FALSE	NA	NA	NA	NA	NA	NA
NC_045512.2	3704	C	G	11405	5742	48	1	1	24	8.76732e-05	11406	1	FALSE	NA	NA	NA	NA	NA	NA
NC_045512.2	3705	C	G	11401	5750	47	2	2	30	0.000175377	11404	0.998295	FALSE	NA	NA	NA	NA	NA	NA
NC_045512.2	3705	C	A	11401	5750	47	1	0	34	8.76885e-05	11404	0.999756	FALSE	NA	NA	NA	NA	NA	NA
NC_045512.2	3707	T	G	11685	6070	49	1	0	34	8.55578e-05	11688	0.999756	FALSE	NA	NA	NA	NA	NA	NA
NC_045512.2	3707	T	C	11685	6070	49	2	0	64	0.000171116	11688	0.249989	FALSE	NA	NA	NA	NA	NA	NA
NC_045512.2	3709	A	T	11669	6169	48	1	0	34	8.56825e-05	11671	0.999757	FALSE	NA	NA	NA	NA	NA	NA
NC_045512.2	3709	A	G	11669	6169	48	1	1	34	8.56825e-05	11671	0.999757	FALSE	NA	NA	NA	NA	NA	NA
NC_045512.2	3710	T	C	11820	6161	49	1	0	34	8.45952e-05	11821	0.999757	FALSE	NA	NA	NA	NA	NA	NA
NC_045512.2	3711	T	A	11734	6137	49	1	0	26	8.52152e-05	11735	1	FALSE	NA	NA	NA	NA	NA	NA
NC_045512.2	3712	A	T	11768	6213	49	1	0	26	8.49618e-05	11770	1	FALSE	NA	NA	NA	NA	NA	NA
NC_045512.2	3712	A	G	11768	6213	49	1	0	68	8.49618e-05	11770	0.5	FALSE	NA	NA	NA	NA	NA	NA
NC_045512.2	3713	T	C	11594	6083	49	2	2	34	0.000172473	11596	0.998296	FALSE	NA	NA	NA	NA	NA	NA
NC_045512.2	3715	A	G	11207	5825	49	2	0	51	0.000178428	11209	0.250011	FALSE	NA	NA	NA	NA	NA	NA
NC_045512.2	3716	G	T	11225	5850	49	1	1	34	8.90789e-05	11226	0.999757	FALSE	NA	NA	NA	NA	NA	NA
NC_045512.2	3718	T	C	11071	5834	48	3	2	45	0.00027088	11075	0.312483	FALSE	NA	NA	NA	NA	NA	NA
NC_045512.2	3718	T	A	11071	5834	48	1	0	34	9.02935e-05	11075	0.999756	FALSE	NA	NA	NA	NA	NA	NA
NC_045512.2	3719	G	A	11004	5729	48	1	1	68	9.08678e-05	11005	0.500023	FALSE	NA	NA	NA	NA	NA	NA
NC_045512.2	3720	G	A	11043	5730	48	2	1	47	0.000181077	11045	0.500034	FALSE	NA	NA	NA	NA	NA	NA
NC_045512.2	3721	T	A	10728	5752	48	4	1	34	0.000372717	10732	0.971365	FALSE	NA	NA	NA	NA	NA	NA
NC_045512.2	3722	A	-T	11286	6336	49	5	0	20	0.000443027	11286	1	FALSE	NA	NA	NA	NA	NA	NA
NC_045512.2	3722	A	+T	11286	6336	49	1	0	20	8.86054e-05	11286	1	FALSE	NA	NA	NA	NA	NA	NA
NC_045512.2	3723	T	C	11232	6280	49	1	0	34	8.90234e-05	11233	0.999756	FALSE	NA	NA	NA	NA	NA	NA
NC_045512.2	3725	T	C	11328	6407	50	3	2	35	0.00026476	11331	0.993546	FALSE	NA	NA	NA	NA	NA	NA
NC_045512.2	3727	T	C	11269	6469	49	2	2	34	0.000177447	11271	0.998296	FALSE	NA	NA	NA	NA	NA	NA
NC_045512.2	3730	T	C	11364	6493	50	3	1	36	0.000263922	11367	0.993546	FALSE	NA	NA	NA	NA	NA	NA
NC_045512.2	3731	G	A	11360	6478	49	1	0	46	8.80204e-05	11361	0.750033	FALSE	NA	NA	NA	NA	NA	NA
NC_045512.2	3732	C	T	11277	6517	49	2	0	60	0.000177289	11281	0.249967	FALSE	NA	NA	NA	NA	NA	NA
NC_045512.2	3732	C	G	11277	6517	49	2	0	30	0.000177289	11281	0.998294	FALSE	NA	NA	NA	NA	NA	NA
NC_045512.2	3733	T	C	11386	6541	50	1	1	68	8.78194e-05	11387	0.500022	FALSE	NA	NA	NA	NA	NA	NA
NC_045512.2	3734	G	T	11388	6513	50	1	1	20	8.77963e-05	11390	1	FALSE	NA	NA	NA	NA	NA	NA
NC_045512.2	3734	G	C	11388	6513	50	1	0	27	8.77963e-05	11390	1	FALSE	NA	NA	NA	NA	NA	NA
NC_045512.2	3736	C	T	11748	6798	48	1	1	27	8.51064e-05	11750	1	FALSE	NA	NA	NA	NA	NA	NA
NC_045512.2	3736	C	G	11748	6798	48	1	0	34	8.51064e-05	11750	0.999757	FALSE	NA	NA	NA	NA	NA	NA
NC_045512.2	3737	C	T	11720	6804	48	1	1	68	8.52515e-05	11730	0.499829	FALSE	NA	NA	NA	NA	NA	NA
NC_045512.2	3737	C	G	11720	6804	48	3	1	29	0.000255754	11730	1	FALSE	NA	NA	NA	NA	NA	NA
NC_045512.2	3737	C	A	11720	6804	48	6	0	32	0.000511509	11730	0.928268	FALSE	NA	NA	NA	NA	NA	NA
NC_045512.2	3738	C	G	11587	6856	49	1	0	34	8.62962e-05	11588	0.999757	FALSE	NA	NA	NA	NA	NA	NA
NC_045512.2	3739	T	C	11553	6769	48	2	0	47	0.000173085	11555	0.500032	FALSE	NA	NA	NA	NA	NA	NA
NC_045512.2	3742	A	T	11731	7237	49	2	2	34	0.000170445	11734	0.998295	FALSE	NA	NA	NA	NA	NA	NA
NC_045512.2	3742	A	G	11731	7237	49	1	0	34	8.52224e-05	11734	0.999756	FALSE	NA	NA	NA	NA	NA	NA
NC_045512.2	3743	C	T	11678	7183	50	2	2	34	0.000171233	11680	0.998296	FALSE	NA	NA	NA	NA	NA	NA
NC_045512.2	3745	T	C	10924	6514	50	1	1	26	9.15248e-05	10926	1	FALSE	NA	NA	NA	NA	NA	NA
NC_045512.2	3745	T	A	10924	6514	50	1	1	26	9.15248e-05	10926	1	FALSE	NA	NA	NA	NA	NA	NA
NC_045512.2	3746	T	C	10811	6503	49	1	0	34	9.24813e-05	10813	0.999513	FALSE	NA	NA	NA	NA	NA	NA
NC_045512.2	3746	T	A	10811	6503	49	1	1	68	9.24813e-05	10813	0.5	FALSE	NA	NA	NA	NA	NA	NA
NC_045512.2	3747	C	-T	11179	6799	49	1	0	20	8.94534e-05	11179	1	FALSE	NA	NA	NA	NA	NA	NA
NC_045512.2	3748	T	C	10659	6402	48	1	1	34	9.38086e-05	10660	0.999513	FALSE	NA	NA	NA	NA	NA	NA
NC_045512.2	3749	T	C	10879	6737	50	1	0	46	9.19118e-05	10880	0.750034	FALSE	NA	NA	NA	NA	NA	NA
NC_045512.2	3750	T	C	11047	6942	50	1	1	68	9.05141e-05	11048	0.500023	FALSE	NA	NA	NA	NA	NA	NA
NC_045512.2	3750	T	-A	11047	6942	50	1	0	20	9.05141e-05	11048	1	FALSE	NA	NA	NA	NA	NA	NA
NC_045512.2	3751	A	T	11027	6930	50	2	2	30	0.000181307	11031	0.998294	FALSE	NA	NA	NA	NA	NA	NA
NC_045512.2	3751	A	G	11027	6930	50	2	2	40	0.000181307	11031	0.499932	FALSE	NA	NA	NA	NA	NA	NA
NC_045512.2	3752	A	C	11077	7092	50	1	1	34	9.0269e-05	11078	0.999757	FALSE	NA	NA	NA	NA	NA	NA
NC_045512.2	3754	A	T	11088	7551	49	2	2	26	0.000180343	11090	1	FALSE	NA	NA	NA	NA	NA	NA
NC_045512.2	3756	T	G	7007	3141	43	14	14	28	0.00199345	7023	1	FALSE	NA	NA	NA	NA	NA	NA
NC_045512.2	3756	T	A	7007	3141	43	2	0	30	0.000284779	7023	0.980368	FALSE	NA	NA	NA	NA	NA	NA
NC_045512.2	3757	T	C	10125	7305	52	1	1	24	9.87557e-05	10126	1	FALSE	NA	NA	NA	NA	NA	NA
NC_045512.2	3759	G	C	10283	7374	52	1	1	68	9.72384e-05	10284	0.500024	FALSE	NA	NA	NA	NA	NA	NA
NC_045512.2	3761	G	T	10326	7377	52	1	1	26	9.68242e-05	10328	1	FALSE	NA	NA	NA	NA	NA	NA
NC_045512.2	3761	G	A	10326	7377	52	1	0	68	9.68242e-05	10328	0.5	FALSE	NA	NA	NA	NA	NA	NA
NC_045512.2	3762	T	C	10357	7413	51	4	3	42	0.000386026	10362	0.18747	FALSE	NA	NA	NA	NA	NA	NA
NC_045512.2	3762	T	A	10357	7413	51	1	0	24	9.65065e-05	10362	1	FALSE	NA	NA	NA	NA	NA	NA
NC_045512.2	3763	A	T	10162	7216	52	2	2	26	0.000196773	10164	1	FALSE	NA	NA	NA	NA	NA	NA
NC_045512.2	3765	A	T	10173	7223	51	1	1	68	9.82898e-05	10174	0.500025	FALSE	NA	NA	NA	NA	NA	NA
NC_045512.2	3767	A	T	10127	7208	51	4	2	35	0.000394672	10135	0.97132	FALSE	NA	NA	NA	NA	NA	NA
NC_045512.2	3767	A	G	10127	7208	51	3	2	56	0.000296004	10135	0.124907	FALSE	NA	NA	NA	NA	NA	NA
NC_045512.2	3767	A	C	10127	7208	51	1	1	26	9.8668e-05	10135	1	FALSE	NA	NA	NA	NA	NA	NA
NC_045512.2	3769	T	A	9216	6494	51	1	1	34	0.000108495	9217	0.999026	FALSE	NA	NA	NA	NA	NA	NA
NC_045512.2	3770	G	C	9418	6695	52	1	1	26	0.000106157	9420	1	FALSE	NA	NA	NA	NA	NA	NA
NC_045512.2	3770	G	A	9418	6695	52	1	0	46	0.000106157	9420	0.5	FALSE	NA	NA	NA	NA	NA	NA
NC_045512.2	3771	T	G	8011	5269	48	4	4	24	0.00049894	8017	1	FALSE	NA	NA	NA	NA	NA	NA
NC_045512.2	3771	T	C	8011	5269	48	1	1	68	0.000124735	8017	0.499875	FALSE	NA	NA	NA	NA	NA	NA
NC_045512.2	3771	T	A	8011	5269	48	1	1	34	0.000124735	8017	0.998047	FALSE	NA	NA	NA	NA	NA	NA
NC_045512.2	3773	C	T	9217	6524	53	2	2	34	0.000216943	9219	0.994155	FALSE	NA	NA	NA	NA	NA	NA
NC_045512.2	3774	G	C	9143	6439	52	1	1	34	0.000109361	9144	0.999026	FALSE	NA	NA	NA	NA	NA	NA
NC_045512.2	3775	C	T	9207	6489	53	1	0	68	0.000108601	9208	0.500027	FALSE	NA	NA	NA	NA	NA	NA
NC_045512.2	3776	A	T	9197	6493	52	1	0	34	0.000108707	9199	0.999026	FALSE	NA	NA	NA	NA	NA	NA
NC_045512.2	3776	A	C	9197	6493	52	1	1	26	0.000108707	9199	1	FALSE	NA	NA	NA	NA	NA	NA
NC_045512.2	3777	C	T	9188	6491	53	1	1	34	0.000108814	9190	0.999026	FALSE	NA	NA	NA	NA	NA	NA
NC_045512.2	3777	C	G	9188	6491	53	1	0	34	0.000108814	9190	0.999026	FALSE	NA	NA	NA	NA	NA	NA
NC_045512.2	3778	A	C	9118	6439	53	1	1	34	0.000109661	9119	0.999026	FALSE	NA	NA	NA	NA	NA	NA
NC_045512.2	3779	A	T	9199	6471	53	1	0	34	0.000108672	9202	0.999025	FALSE	NA	NA	NA	NA	NA	NA
NC_045512.2	3779	A	G	9199	6471	53	2	1	68	0.000217344	9202	0.249986	FALSE	NA	NA	NA	NA	NA	NA
NC_045512.2	3780	A	T	9222	6517	51	2	1	26	0.000216802	9225	1	FALSE	NA	NA	NA	NA	NA	NA
NC_045512.2	3780	A	C	9222	6517	51	1	1	34	0.000108401	9225	0.999025	FALSE	NA	NA	NA	NA	NA	NA
NC_045512.2	3782	G	T	9260	6533	52	1	0	68	0.00010798	9261	0.500027	FALSE	NA	NA	NA	NA	NA	NA
NC_045512.2	3783	T	G	9108	6411	52	1	0	26	0.000109782	9109	1	FALSE	NA	NA	NA	NA	NA	NA
NC_045512.2	3784	C	G	9154	6444	53	1	0	34	0.00010923	9155	0.999026	FALSE	NA	NA	NA	NA	NA	NA
NC_045512.2	3785	T	A	9057	6337	52	1	0	68	0.0001104	9058	0.500028	FALSE	NA	NA	NA	NA	NA	NA
NC_045512.2	3786	A	T	9064	6397	51	2	2	26	0.00022058	9067	1	FALSE	NA	NA	NA	NA	NA	NA
NC_045512.2	3786	A	C	9064	6397	51	1	1	34	0.00011029	9067	0.999025	FALSE	NA	NA	NA	NA	NA	NA
NC_045512.2	3788	T	G	7298	4900	47	4	4	26	0.00054772	7303	1	FALSE	NA	NA	NA	NA	NA	NA
NC_045512.2	3788	T	A	7298	4900	47	1	0	27	0.00013693	7303	1	FALSE	NA	NA	NA	NA	NA	NA
NC_045512.2	3789	T	A	8455	6085	52	1	1	26	0.000118259	8456	1	FALSE	NA	NA	NA	NA	NA	NA
NC_045512.2	3791	G	T	8124	5757	52	1	1	34	0.000123077	8125	0.998052	FALSE	NA	NA	NA	NA	NA	NA
NC_045512.2	3792	C	G	8154	5863	52	2	1	30	0.000245218	8156	0.989282	FALSE	NA	NA	NA	NA	NA	NA
NC_045512.2	3795	T	C	7198	5004	52	1	1	34	0.000138908	7199	0.996104	FALSE	NA	NA	NA	NA	NA	NA
NC_045512.2	3798	T	A	7124	4929	52	1	0	20	0.000140351	7125	1	FALSE	NA	NA	NA	NA	NA	NA
NC_045512.2	3801	A	T	7329	5131	54	1	0	26	0.000136426	7330	1	FALSE	NA	NA	NA	NA	NA	NA
NC_045512.2	3802	T	-AAAA	7320	5135	53	1	0	20	0.000136612	7320	1	FALSE	NA	NA	NA	NA	NA	NA
NC_045512.2	3803	A	G	7205	5055	52	2	2	34	0.000277508	7207	0.980498	FALSE	NA	NA	NA	NA	NA	NA
NC_045512.2	3805	A	G	7220	5143	52	1	1	34	0.000138485	7221	0.996101	FALSE	NA	NA	NA	NA	NA	NA
NC_045512.2	3807	A	T	7224	5457	49	1	0	34	0.000138408	7225	0.996103	FALSE	NA	NA	NA	NA	NA	NA
NC_045512.2	3809	C	G	7190	5430	49	1	0	34	0.000139043	7192	0.996101	FALSE	NA	NA	NA	NA	NA	NA
NC_045512.2	3809	C	A	7190	5430	49	1	1	34	0.000139043	7192	0.996101	FALSE	NA	NA	NA	NA	NA	NA
NC_045512.2	3810	T	C	6847	5094	48	1	1	60	0.000146028	6848	0.500037	FALSE	NA	NA	NA	NA	NA	NA
NC_045512.2	3811	C	T	7121	5370	50	1	0	34	0.00014041	7122	0.996104	FALSE	NA	NA	NA	NA	NA	NA
NC_045512.2	3812	T	A	6777	5026	49	1	1	26	0.000147536	6778	1	FALSE	NA	NA	NA	NA	NA	NA
NC_045512.2	3813	A	G	7126	5375	50	1	0	34	0.000140311	7127	0.996104	FALSE	NA	NA	NA	NA	NA	NA
NC_045512.2	3814	T	A	6893	5140	49	1	1	34	0.000145054	6894	0.992203	FALSE	NA	NA	NA	NA	NA	NA
NC_045512.2	3814	T	+GGTN	6893	5140	49	1	0	20	0.000145054	6894	1	FALSE	NA	NA	NA	NA	NA	NA
NC_045512.2	3816	A	T	7095	5359	49	1	0	34	0.000140905	7097	0.996101	FALSE	NA	NA	NA	NA	NA	NA
NC_045512.2	3816	A	G	7095	5359	49	1	0	68	0.000140905	7097	0.5	FALSE	NA	NA	NA	NA	NA	NA
NC_045512.2	3817	C	G	7089	5354	50	1	0	27	0.000141024	7091	1	FALSE	NA	NA	NA	NA	NA	NA
NC_045512.2	3817	C	A	7089	5354	50	1	1	34	0.000141024	7091	0.996101	FALSE	NA	NA	NA	NA	NA	NA
NC_045512.2	3818	A	G	6924	5204	48	2	2	34	0.000288767	6926	0.964899	FALSE	NA	NA	NA	NA	NA	NA
NC_045512.2	3819	A	T	6935	5209	50	1	1	34	0.000144175	6936	0.992203	FALSE	NA	NA	NA	NA	NA	NA
NC_045512.2	3821	C	G	6912	5184	50	1	0	26	0.000144655	6913	1	FALSE	NA	NA	NA	NA	NA	NA
NC_045512.2	3822	T	C	6664	4945	49	1	1	34	0.000150038	6665	0.992204	FALSE	NA	NA	NA	NA	NA	NA
NC_045512.2	3823	T	C	6669	4948	49	4	3	40	0.000599251	6675	0.0624532	FALSE	NA	NA	NA	NA	NA	NA
NC_045512.2	3823	T	A	6669	4948	49	2	2	30	0.000299625	6675	0.964836	FALSE	NA	NA	NA	NA	NA	NA
NC_045512.2	3824	G	C	6793	5072	50	1	1	34	0.000147189	6794	0.992204	FALSE	NA	NA	NA	NA	NA	NA
NC_045512.2	3824	G	+CTN	6793	5072	50	1	0	20	0.000147189	6794	1	FALSE	NA	NA	NA	NA	NA	NA
NC_045512.2	3829	A	T	6728	5044	50	1	0	68	0.00014861	6729	0.500037	FALSE	NA	NA	NA	NA	NA	NA
NC_045512.2	3831	G	T	6689	5014	50	1	0	68	0.000149477	6690	0.500037	FALSE	NA	NA	NA	NA	NA	NA
NC_045512.2	3833	T	C	6206	4566	50	1	1	34	0.000161108	6207	0.992205	FALSE	NA	NA	NA	NA	NA	NA
NC_045512.2	3834	T	G	6364	4716	50	1	0	52	0.000157109	6365	0.500039	FALSE	NA	NA	NA	NA	NA	NA
NC_045512.2	3836	T	C	6361	4790	50	1	1	46	0.000157183	6362	0.500039	FALSE	NA	NA	NA	NA	NA	NA
NC_045512.2	3837	T	C	6372	4787	50	2	2	34	0.000313775	6374	0.964904	FALSE	NA	NA	NA	NA	NA	NA
NC_045512.2	3841	A	G	6296	4816	49	1	1	68	0.000158806	6297	0.50004	FALSE	NA	NA	NA	NA	NA	NA
NC_045512.2	3845	A	G	6288	5002	46	1	1	68	0.000159008	6289	0.50004	FALSE	NA	NA	NA	NA	NA	NA
NC_045512.2	3846	A	T	6289	5006	47	1	1	34	0.000158983	6290	0.992205	FALSE	NA	NA	NA	NA	NA	NA
NC_045512.2	3852	A	T	5937	4706	47	1	0	34	0.000168407	5938	0.984403	FALSE	NA	NA	NA	NA	NA	NA
NC_045512.2	3854	A	T	5842	4633	47	1	1	60	0.000171145	5843	0.500043	FALSE	NA	NA	NA	NA	NA	NA
NC_045512.2	3855	A	T	5837	4708	46	1	0	34	0.000171292	5838	0.984403	FALSE	NA	NA	NA	NA	NA	NA
NC_045512.2	3856	G	T	5771	4650	46	3	3	31	0.00051957	5774	0.855611	FALSE	NA	NA	NA	NA	NA	NA
NC_045512.2	3867	A	T	4823	3924	45	1	0	68	0.000207297	4824	0.500052	FALSE	NA	NA	NA	NA	NA	NA
NC_045512.2	3868	A	G	4862	3959	46	1	0	68	0.000205634	4863	0.500051	FALSE	NA	NA	NA	NA	NA	NA
NC_045512.2	3872	A	T	3934	3193	45	1	0	34	0.00025413	3935	0.937579	FALSE	NA	NA	NA	NA	NA	NA
NC_045512.2	3874	C	G	3866	3141	46	1	0	26	0.000258532	3868	1	FALSE	NA	NA	NA	NA	NA	NA
NC_045512.2	3874	C	A	3866	3141	46	1	1	34	0.000258532	3868	0.937548	FALSE	NA	NA	NA	NA	NA	NA
NC_045512.2	3877	T	C	3652	2947	46	1	1	46	0.000273748	3653	0.500068	FALSE	NA	NA	NA	NA	NA	NA
NC_045512.2	3878	G	A	3729	3029	46	1	1	68	0.000268097	3730	0.500067	FALSE	NA	NA	NA	NA	NA	NA
NC_045512.2	4113	C	G	2811	369	34	1	0	34	0.000355114	2816	0.874867	FALSE	NA	NA	NA	NA	NA	NA
NC_045512.2	4113	C	A	2811	369	34	4	0	34	0.00142045	2816	0.343667	FALSE	NA	NA	NA	NA	NA	NA
NC_045512.2	4115	C	A	5904	579	36	2	0	30	0.000338639	5906	0.937583	FALSE	NA	NA	NA	NA	NA	NA
NC_045512.2	4116	C	G	6537	643	36	3	0	34	0.000458435	6544	0.910119	FALSE	NA	NA	NA	NA	NA	NA
NC_045512.2	4116	C	A	6537	643	36	4	0	34	0.000611247	6544	0.828094	FALSE	NA	NA	NA	NA	NA	NA
NC_045512.2	4118	T	A	7500	701	37	1	0	34	0.000133316	7501	0.996103	FALSE	NA	NA	NA	NA	NA	NA
NC_045512.2	4119	A	T	7470	793	37	1	0	34	0.000133851	7471	0.996103	FALSE	NA	NA	NA	NA	NA	NA
NC_045512.2	4119	A	-T	7470	793	37	1	0	20	0.000133851	7471	1	FALSE	NA	NA	NA	NA	NA	NA
NC_045512.2	4125	T	-G	7909	885	38	1	0	20	0.000126438	7909	1	FALSE	NA	NA	NA	NA	NA	NA
NC_045512.2	4127	G	A	9450	1039	38	4	0	32	0.000423101	9454	0.953931	FALSE	NA	NA	NA	NA	NA	NA
NC_045512.2	4129	T	A	9651	1303	40	1	1	34	0.000103605	9652	0.999026	FALSE	NA	NA	NA	NA	NA	NA
NC_045512.2	4131	A	T	9831	1386	40	1	0	34	0.000101709	9832	0.999026	FALSE	NA	NA	NA	NA	NA	NA
NC_045512.2	4132	T	C	10017	1377	40	1	0	34	9.98004e-05	10020	0.999513	FALSE	NA	NA	NA	NA	NA	NA
NC_045512.2	4132	T	A	10017	1377	40	2	0	26	0.000199601	10020	1	FALSE	NA	NA	NA	NA	NA	NA
NC_045512.2	4133	G	C	10102	1393	40	1	0	34	9.89805e-05	10103	0.999513	FALSE	NA	NA	NA	NA	NA	NA
NC_045512.2	4135	T	C	10152	1473	40	6	1	34	0.000590667	10158	0.89507	FALSE	NA	NA	NA	NA	NA	NA
NC_045512.2	4137	T	A	12186	2125	43	3	0	26	0.000246124	12189	1	FALSE	NA	NA	NA	NA	NA	NA
NC_045512.2	4140	A	G	11675	2471	44	1	0	34	8.56458e-05	11676	0.999757	FALSE	NA	NA	NA	NA	NA	NA
NC_045512.2	4141	A	G	12400	2477	45	3	0	34	0.000241877	12403	0.996317	FALSE	NA	NA	NA	NA	NA	NA
NC_045512.2	4143	A	T	11310	2501	43	2	0	30	0.000176788	11313	0.998295	FALSE	NA	NA	NA	NA	NA	NA
NC_045512.2	4143	A	G	11310	2501	43	1	0	34	8.83939e-05	11313	0.999756	FALSE	NA	NA	NA	NA	NA	NA
NC_045512.2	4144	G	T	12464	2494	45	1	0	34	8.02246e-05	12465	0.999878	FALSE	NA	NA	NA	NA	NA	NA
NC_045512.2	4146	G	A	13390	2622	45	1	0	26	7.4677e-05	13391	1	FALSE	NA	NA	NA	NA	NA	NA
NC_045512.2	4147	T	A	13500	3251	48	1	0	34	7.40686e-05	13501	0.999939	FALSE	NA	NA	NA	NA	NA	NA
NC_045512.2	4148	G	T	14037	3358	48	5	4	41	0.000356049	14043	0.10935	FALSE	NA	NA	NA	NA	NA	NA
NC_045512.2	4148	G	A	14037	3358	48	1	1	68	7.12099e-05	14043	0.499929	FALSE	NA	NA	NA	NA	NA	NA
NC_045512.2	4148	G	-T	14037	3358	48	1	0	20	7.12099e-05	14043	1	FALSE	NA	NA	NA	NA	NA	NA
NC_045512.2	4149	T	G	14011	3361	47	1	1	26	7.13521e-05	14015	1	FALSE	NA	NA	NA	NA	NA	NA
NC_045512.2	4149	T	C	14011	3361	47	1	1	46	7.13521e-05	14015	0.749955	FALSE	NA	NA	NA	NA	NA	NA
NC_045512.2	4149	T	A	14011	3361	47	2	0	34	0.000142704	14015	0.999741	FALSE	NA	NA	NA	NA	NA	NA
NC_045512.2	4152	T	C	14118	3447	48	4	1	51	0.000283246	14122	0.0624956	FALSE	NA	NA	NA	NA	NA	NA
NC_045512.2	4152	T	-A	14118	3447	48	1	0	20	7.08115e-05	14122	1	FALSE	NA	NA	NA	NA	NA	NA
NC_045512.2	4153	A	G	14198	3439	48	2	0	51	0.000140845	14200	0.249991	FALSE	NA	NA	NA	NA	NA	NA
NC_045512.2	4154	A	C	13790	3455	47	1	1	27	7.25111e-05	13791	1	FALSE	NA	NA	NA	NA	NA	NA
NC_045512.2	4158	C	T	15012	3591	48	3	0	34	0.000199787	15016	0.999346	FALSE	NA	NA	NA	NA	NA	NA
NC_045512.2	4158	C	A	15012	3591	48	1	0	34	6.65956e-05	15016	0.999985	FALSE	NA	NA	NA	NA	NA	NA
NC_045512.2	4159	T	G	15040	3676	48	1	1	27	6.64761e-05	15043	1	FALSE	NA	NA	NA	NA	NA	NA
NC_045512.2	4159	T	C	15040	3676	48	2	0	34	0.000132952	15043	0.999863	FALSE	NA	NA	NA	NA	NA	NA
NC_045512.2	4160	G	A	15140	3678	48	1	0	27	6.60458e-05	15141	1	FALSE	NA	NA	NA	NA	NA	NA
NC_045512.2	4161	T	C	15123	3712	48	4	0	42	0.000264428	15127	0.1875	FALSE	NA	NA	NA	NA	NA	NA
NC_045512.2	4162	G	T	19764	4214	46	2	2	40	0.000101184	19766	0.500019	FALSE	NA	NA	NA	NA	NA	NA
NC_045512.2	4163	G	A	20030	4249	46	18	0	31	0.000897845	20048	0.686586	FALSE	NA	NA	NA	NA	NA	NA
NC_045512.2	4164	T	G	19974	4264	47	1	1	68	5.00475e-05	19981	0.499937	FALSE	NA	NA	NA	NA	NA	NA
NC_045512.2	4164	T	C	19974	4264	47	4	3	51	0.00020019	19981	0.0624781	FALSE	NA	NA	NA	NA	NA	NA
NC_045512.2	4164	T	A	19974	4264	47	2	0	26	0.000100095	19981	1	FALSE	NA	NA	NA	NA	NA	NA
NC_045512.2	4165	T	C	20037	4233	46	2	1	51	9.98004e-05	20040	0.249994	FALSE	NA	NA	NA	NA	NA	NA
NC_045512.2	4165	T	A	20037	4233	46	1	0	34	4.99002e-05	20040	1	FALSE	NA	NA	NA	NA	NA	NA
NC_045512.2	4166	A	T	19945	4253	46	1	0	34	5.01354e-05	19946	0.999999	FALSE	NA	NA	NA	NA	NA	NA
NC_045512.2	4167	T	C	20080	4514	48	2	0	36	9.95867e-05	20083	0.999995	FALSE	NA	NA	NA	NA	NA	NA
NC_045512.2	4167	T	A	20080	4514	48	1	0	68	4.97934e-05	20083	0.499988	FALSE	NA	NA	NA	NA	NA	NA
NC_045512.2	4168	A	G	18937	4521	46	2	0	64	0.000105602	18939	0.250007	FALSE	NA	NA	NA	NA	NA	NA
NC_045512.2	4169	C	T	20077	4538	47	1	1	24	4.98033e-05	20079	1	FALSE	NA	NA	NA	NA	NA	NA
NC_045512.2	4169	C	A	20077	4538	47	1	0	24	4.98033e-05	20079	1	FALSE	NA	NA	NA	NA	NA	NA
NC_045512.2	4171	T	C	20083	4571	48	1	1	68	4.97909e-05	20084	0.500012	FALSE	NA	NA	NA	NA	NA	NA
NC_045512.2	4172	A	G	20045	4594	47	1	0	68	4.98853e-05	20046	0.500012	FALSE	NA	NA	NA	NA	NA	NA
NC_045512.2	4174	T	C	20359	4594	48	2	0	34	9.8227e-05	20361	0.999995	FALSE	NA	NA	NA	NA	NA	NA
NC_045512.2	4174	T	-AA	20359	4594	48	1	0	20	4.91135e-05	20361	1	FALSE	NA	NA	NA	NA	NA	NA
NC_045512.2	4174	T	-A	20359	4594	48	4	0	20	0.000196454	20361	1	FALSE	NA	NA	NA	NA	NA	NA
NC_045512.2	4175	A	T	20474	4602	47	1	1	34	4.884e-05	20475	1	FALSE	NA	NA	NA	NA	NA	NA
NC_045512.2	4177	A	G	20449	4688	48	2	0	34	9.77947e-05	20451	0.999995	FALSE	NA	NA	NA	NA	NA	NA
NC_045512.2	4178	A	T	20447	4683	47	1	1	27	4.89045e-05	20448	1	FALSE	NA	NA	NA	NA	NA	NA
NC_045512.2	4179	A	T	19696	4703	46	1	0	68	5.07692e-05	19697	0.500013	FALSE	NA	NA	NA	NA	NA	NA
NC_045512.2	4181	G	T	21387	4806	47	5	4	53	0.000233732	21392	0.0312463	FALSE	NA	NA	NA	NA	NA	NA
NC_045512.2	4182	C	G	21350	4795	47	1	0	26	4.68296e-05	21354	1	FALSE	NA	NA	NA	NA	NA	NA
NC_045512.2	4182	C	A	21350	4795	47	3	1	26	0.000140489	21354	1	FALSE	NA	NA	NA	NA	NA	NA
NC_045512.2	4183	T	C	21478	4781	47	1	0	34	4.65549e-05	21480	1	FALSE	NA	NA	NA	NA	NA	NA
NC_045512.2	4183	T	A	21478	4781	47	1	1	20	4.65549e-05	21480	1	FALSE	NA	NA	NA	NA	NA	NA
NC_045512.2	4183	T	-G	21478	4781	47	1	0	20	4.65549e-05	21480	1	FALSE	NA	NA	NA	NA	NA	NA
NC_045512.2	4184	G	A	0	0	0	21600	4812	47	1	21600	0	TRUE	NA	NA	NA	NA	NA	NA
NC_045512.2	4185	G	A	21501	4835	47	3	2	39	0.000139509	21504	0.999982	FALSE	NA	NA	NA	NA	NA	NA
NC_045512.2	4186	T	A	21476	4952	47	3	1	35	0.000139671	21479	0.999982	FALSE	NA	NA	NA	NA	NA	NA
NC_045512.2	4187	G	T	21668	4942	48	2	2	47	9.22935e-05	21670	0.687526	FALSE	NA	NA	NA	NA	NA	NA
NC_045512.2	4188	G	T	21803	4960	47	4	2	68	0.000183427	21807	0.0624971	FALSE	NA	NA	NA	NA	NA	NA
NC_045512.2	4189	C	T	20619	5087	47	1	0	34	4.84966e-05	20620	1	FALSE	NA	NA	NA	NA	NA	NA
NC_045512.2	4191	C	T	22225	5215	48	1	0	34	4.49924e-05	22226	1	FALSE	NA	NA	NA	NA	NA	NA
NC_045512.2	4192	T	G	22447	5184	48	1	0	34	4.45434e-05	22450	1	FALSE	NA	NA	NA	NA	NA	NA
NC_045512.2	4192	T	C	22447	5184	48	2	0	40	8.90869e-05	22450	0.687508	FALSE	NA	NA	NA	NA	NA	NA
NC_045512.2	4193	A	T	23753	5335	47	1	0	34	4.20929e-05	23757	1	FALSE	NA	NA	NA	NA	NA	NA
NC_045512.2	4193	A	G	23753	5335	47	3	1	56	0.000126279	23757	0.124992	FALSE	NA	NA	NA	NA	NA	NA
NC_045512.2	4194	C	T	23847	5337	47	1	1	38	4.19252e-05	23852	1	FALSE	NA	NA	NA	NA	NA	NA
NC_045512.2	4194	C	G	23847	5337	47	2	0	34	8.38504e-05	23852	0.999999	FALSE	NA	NA	NA	NA	NA	NA
NC_045512.2	4194	C	A	23847	5337	47	2	0	34	8.38504e-05	23852	0.999999	FALSE	NA	NA	NA	NA	NA	NA
NC_045512.2	4195	T	C	23979	5505	48	4	1	59	0.000166785	23983	0.0624974	FALSE	NA	NA	NA	NA	NA	NA
NC_045512.2	4196	G	C	23893	5522	48	1	0	68	4.18515e-05	23894	0.50001	FALSE	NA	NA	NA	NA	NA	NA
NC_045512.2	4197	A	T	24044	6016	49	1	0	34	4.15835e-05	24048	1	FALSE	NA	NA	NA	NA	NA	NA
NC_045512.2	4197	A	G	24044	6016	49	3	0	34	0.00012475	24048	0.999997	FALSE	NA	NA	NA	NA	NA	NA
NC_045512.2	4198	A	T	23993	6123	50	1	0	34	4.16736e-05	23996	1	FALSE	NA	NA	NA	NA	NA	NA
NC_045512.2	4198	A	G	23993	6123	50	2	0	51	8.33472e-05	23996	0.249995	FALSE	NA	NA	NA	NA	NA	NA
NC_045512.2	4199	A	G	24047	6105	49	4	2	37	0.000166313	24051	0.999986	FALSE	NA	NA	NA	NA	NA	NA
NC_045512.2	4201	G	A	23944	6113	49	2	1	51	8.35213e-05	23946	0.250005	FALSE	NA	NA	NA	NA	NA	NA
NC_045512.2	4202	C	T	23841	6337	50	6	1	45	0.000251593	23848	0.144511	FALSE	NA	NA	NA	NA	NA	NA
NC_045512.2	4202	C	G	23841	6337	50	1	0	34	4.19322e-05	23848	1	FALSE	NA	NA	NA	NA	NA	NA
NC_045512.2	4203	T	C	23905	6360	49	8	3	59	0.000334532	23914	0.00390396	TRUE	NA	NA	NA	NA	NA	NA
NC_045512.2	4203	T	A	23905	6360	49	1	0	34	4.18165e-05	23914	1	FALSE	NA	NA	NA	NA	NA	NA
NC_045512.2	4204	A	T	24349	6419	50	1	0	27	4.10593e-05	24355	1	FALSE	NA	NA	NA	NA	NA	NA
NC_045512.2	4204	A	G	24349	6419	50	4	0	43	0.000164237	24355	0.343721	FALSE	NA	NA	NA	NA	NA	NA
NC_045512.2	4204	A	C	24349	6419	50	1	0	34	4.10593e-05	24355	1	FALSE	NA	NA	NA	NA	NA	NA
NC_045512.2	4205	G	A	24433	6424	50	5	0	32	0.000204599	24438	0.999948	FALSE	NA	NA	NA	NA	NA	NA
NC_045512.2	4206	C	T	24333	6513	50	2	1	68	8.21828e-05	24336	0.249995	FALSE	NA	NA	NA	NA	NA	NA
NC_045512.2	4206	C	A	24333	6513	50	1	0	34	4.10914e-05	24336	1	FALSE	NA	NA	NA	NA	NA	NA
NC_045512.2	4207	G	T	24399	6515	50	1	0	34	4.09802e-05	24402	1	FALSE	NA	NA	NA	NA	NA	NA
NC_045512.2	4207	G	C	24399	6515	50	1	1	27	4.09802e-05	24402	1	FALSE	NA	NA	NA	NA	NA	NA
NC_045512.2	4207	G	A	24399	6515	50	1	1	68	4.09802e-05	24402	0.49999	FALSE	NA	NA	NA	NA	NA	NA
NC_045512.2	4208	A	T	24520	6557	50	1	0	34	4.07797e-05	24522	1	FALSE	NA	NA	NA	NA	NA	NA
NC_045512.2	4208	A	G	24520	6557	50	1	0	68	4.07797e-05	24522	0.5	FALSE	NA	NA	NA	NA	NA	NA
NC_045512.2	4210	A	G	24519	6571	51	1	0	26	4.0783e-05	24520	1	FALSE	NA	NA	NA	NA	NA	NA
NC_045512.2	4212	C	T	24789	6599	50	1	0	68	4.03275e-05	24797	0.499939	FALSE	NA	NA	NA	NA	NA	NA
NC_045512.2	4212	C	G	24789	6599	50	3	0	29	0.000120982	24797	1	FALSE	NA	NA	NA	NA	NA	NA
NC_045512.2	4212	C	A	24789	6599	50	4	0	32	0.00016131	24797	0.999986	FALSE	NA	NA	NA	NA	NA	NA
NC_045512.2	4213	T	C	24831	6589	50	3	1	45	0.000120802	24834	0.500019	FALSE	NA	NA	NA	NA	NA	NA
NC_045512.2	4214	T	C	24833	6619	50	3	1	56	0.000120792	24836	0.125	FALSE	NA	NA	NA	NA	NA	NA
NC_045512.2	4215	T	G	24884	6651	50	1	0	27	4.01784e-05	24889	1	FALSE	NA	NA	NA	NA	NA	NA
NC_045512.2	4215	T	C	24884	6651	50	2	0	51	8.03568e-05	24889	0.249975	FALSE	NA	NA	NA	NA	NA	NA
NC_045512.2	4215	T	A	24884	6651	50	2	0	34	8.03568e-05	24889	1	FALSE	NA	NA	NA	NA	NA	NA
NC_045512.2	4216	G	T	24825	6646	50	1	0	34	4.02804e-05	24826	1	FALSE	NA	NA	NA	NA	NA	NA
NC_045512.2	4217	A	G	24960	6637	50	1	0	34	4.00609e-05	24962	1	FALSE	NA	NA	NA	NA	NA	NA
NC_045512.2	4217	A	C	24960	6637	50	1	1	27	4.00609e-05	24962	1	FALSE	NA	NA	NA	NA	NA	NA
NC_045512.2	4218	G	A	24969	6654	50	2	1	51	8.00929e-05	24971	0.250005	FALSE	NA	NA	NA	NA	NA	NA
NC_045512.2	4218	G	-A	24969	6654	50	1	0	20	4.00465e-05	24971	1	FALSE	NA	NA	NA	NA	NA	NA
NC_045512.2	4219	A	G	23410	6704	48	1	0	68	4.2715e-05	23411	0.5	FALSE	NA	NA	NA	NA	NA	NA
NC_045512.2	4220	A	G	24960	6652	51	2	0	51	8.01218e-05	24962	0.250005	FALSE	NA	NA	NA	NA	NA	NA
NC_045512.2	4221	A	T	24941	6618	50	1	1	34	4.00898e-05	24944	1	FALSE	NA	NA	NA	NA	NA	NA
NC_045512.2	4221	A	G	24941	6618	50	2	1	40	8.01796e-05	24944	0.687508	FALSE	NA	NA	NA	NA	NA	NA
NC_045512.2	4222	A	T	24911	6645	50	1	0	27	4.01365e-05	24915	1	FALSE	NA	NA	NA	NA	NA	NA
NC_045512.2	4222	A	G	24911	6645	50	3	0	56	0.000120409	24915	0.124992	FALSE	NA	NA	NA	NA	NA	NA
NC_045512.2	4224	T	C	24854	6749	51	3	1	53	0.00012069	24857	0.125	FALSE	NA	NA	NA	NA	NA	NA
NC_045512.2	4225	G	T	24962	6727	51	1	1	26	4.00577e-05	24964	1	FALSE	NA	NA	NA	NA	NA	NA
NC_045512.2	4225	G	A	24962	6727	51	1	0	34	4.00577e-05	24964	1	FALSE	NA	NA	NA	NA	NA	NA
NC_045512.2	4226	C	T	24819	6747	51	1	0	34	4.02868e-05	24822	1	FALSE	NA	NA	NA	NA	NA	NA
NC_045512.2	4226	C	G	24819	6747	51	2	0	34	8.05737e-05	24822	1	FALSE	NA	NA	NA	NA	NA	NA
NC_045512.2	4227	C	T	24840	6743	51	1	0	60	4.02544e-05	24842	0.5	FALSE	NA	NA	NA	NA	NA	NA
NC_045512.2	4227	C	G	24840	6743	51	1	0	27	4.02544e-05	24842	1	FALSE	NA	NA	NA	NA	NA	NA
NC_045512.2	4228	A	T	25063	6725	51	1	0	34	3.98931e-05	25067	1	FALSE	NA	NA	NA	NA	NA	NA
NC_045512.2	4228	A	G	25063	6725	51	3	1	45	0.000119679	25067	0.5	FALSE	NA	NA	NA	NA	NA	NA
NC_045512.2	4229	A	T	21266	6784	47	1	0	68	4.70146e-05	21270	0.499976	FALSE	NA	NA	NA	NA	NA	NA
NC_045512.2	4229	A	G	21266	6784	47	2	1	46	9.40291e-05	21270	0.687491	FALSE	NA	NA	NA	NA	NA	NA
NC_045512.2	4229	A	C	21266	6784	47	1	0	26	4.70146e-05	21270	1	FALSE	NA	NA	NA	NA	NA	NA
NC_045512.2	4230	C	T	24951	6765	51	2	0	30	8.01475e-05	24954	1	FALSE	NA	NA	NA	NA	NA	NA
NC_045512.2	4230	C	A	24951	6765	51	1	0	68	4.00737e-05	24954	0.49999	FALSE	NA	NA	NA	NA	NA	NA
NC_045512.2	4231	A	T	24369	6724	50	1	0	34	4.10307e-05	24372	1	FALSE	NA	NA	NA	NA	NA	NA
NC_045512.2	4231	A	G	24369	6724	50	2	1	47	8.20614e-05	24372	0.687508	FALSE	NA	NA	NA	NA	NA	NA
NC_045512.2	4232	G	T	25061	6743	51	1	0	34	3.9901e-05	25062	1	FALSE	NA	NA	NA	NA	NA	NA
NC_045512.2	4233	A	T	24873	6858	51	1	0	26	4.02026e-05	24874	1	FALSE	NA	NA	NA	NA	NA	NA
NC_045512.2	4234	C	T	26120	7025	51	2	0	51	7.65638e-05	26122	0.250005	FALSE	NA	NA	NA	NA	NA	NA
NC_045512.2	4235	A	T	25922	7043	50	2	1	25	7.71426e-05	25926	1	FALSE	NA	NA	NA	NA	NA	NA
NC_045512.2	4235	A	G	25922	7043	50	2	1	51	7.71426e-05	25926	0.249986	FALSE	NA	NA	NA	NA	NA	NA
NC_045512.2	4237	T	G	26697	7168	51	1	0	34	3.74462e-05	26705	1	FALSE	NA	NA	NA	NA	NA	NA
NC_045512.2	4237	T	C	26697	7168	51	4	2	46	0.000149785	26705	0.343689	FALSE	NA	NA	NA	NA	NA	NA
NC_045512.2	4237	T	A	26697	7168	51	3	1	29	0.000112339	26705	1	FALSE	NA	NA	NA	NA	NA	NA
NC_045512.2	4237	T	-TA	26697	7168	51	1	0	20	3.74462e-05	26705	1	FALSE	NA	NA	NA	NA	NA	NA
NC_045512.2	4238	T	G	26517	7312	50	1	0	34	3.77088e-05	26519	1	FALSE	NA	NA	NA	NA	NA	NA
NC_045512.2	4238	T	A	26517	7312	50	1	0	34	3.77088e-05	26519	1	FALSE	NA	NA	NA	NA	NA	NA
NC_045512.2	4239	A	T	26419	7391	50	3	0	26	0.000113529	26425	1	FALSE	NA	NA	NA	NA	NA	NA
NC_045512.2	4239	A	G	26419	7391	50	2	1	40	7.56859e-05	26425	0.68745	FALSE	NA	NA	NA	NA	NA	NA
NC_045512.2	4239	A	C	26419	7391	50	1	0	34	3.7843e-05	26425	1	FALSE	NA	NA	NA	NA	NA	NA
NC_045512.2	4241	A	G	26005	7456	49	2	0	51	7.68965e-05	26009	0.249986	FALSE	NA	NA	NA	NA	NA	NA
NC_045512.2	4241	A	C	26005	7456	49	2	2	27	7.68965e-05	26009	1	FALSE	NA	NA	NA	NA	NA	NA
NC_045512.2	4242	T	C	26229	7409	49	3	2	68	0.00011436	26233	0.124993	FALSE	NA	NA	NA	NA	NA	NA
NC_045512.2	4242	T	A	26229	7409	49	1	1	60	3.81199e-05	26233	0.499981	FALSE	NA	NA	NA	NA	NA	NA
NC_045512.2	4243	A	T	26370	7295	50	1	0	27	3.79161e-05	26374	1	FALSE	NA	NA	NA	NA	NA	NA
NC_045512.2	4243	A	G	26370	7295	50	3	1	42	0.000113748	26374	0.5	FALSE	NA	NA	NA	NA	NA	NA
NC_045512.2	4244	A	G	26415	7315	50	1	0	34	3.78544e-05	26417	1	FALSE	NA	NA	NA	NA	NA	NA
NC_045512.2	4244	A	C	26415	7315	50	1	0	34	3.78544e-05	26417	1	FALSE	NA	NA	NA	NA	NA	NA
NC_045512.2	4245	C	G	27293	7366	49	1	0	27	3.66381e-05	27294	1	FALSE	NA	NA	NA	NA	NA	NA
NC_045512.2	4246	C	G	26964	7326	49	1	0	34	3.70769e-05	26971	1	FALSE	NA	NA	NA	NA	NA	NA
NC_045512.2	4246	C	A	26964	7326	49	6	0	30	0.000222461	26971	0.999944	FALSE	NA	NA	NA	NA	NA	NA
NC_045512.2	4247	A	T	27193	7289	49	1	0	24	3.67701e-05	27196	1	FALSE	NA	NA	NA	NA	NA	NA
NC_045512.2	4247	A	G	27193	7289	49	2	1	51	7.35402e-05	27196	0.249995	FALSE	NA	NA	NA	NA	NA	NA
NC_045512.2	4248	C	T	27254	7342	49	2	0	34	7.33756e-05	27257	1	FALSE	NA	NA	NA	NA	NA	NA
NC_045512.2	4248	C	G	27254	7342	49	1	0	27	3.66878e-05	27257	1	FALSE	NA	NA	NA	NA	NA	NA
NC_045512.2	4250	T	C	27231	7354	49	2	1	36	7.34349e-05	27235	1	FALSE	NA	NA	NA	NA	NA	NA
NC_045512.2	4250	T	A	27231	7354	49	2	0	47	7.34349e-05	27235	0.687493	FALSE	NA	NA	NA	NA	NA	NA
NC_045512.2	4251	A	G	26350	7435	48	1	0	34	3.79478e-05	26352	1	FALSE	NA	NA	NA	NA	NA	NA
NC_045512.2	4251	A	C	26350	7435	48	1	0	26	3.79478e-05	26352	1	FALSE	NA	NA	NA	NA	NA	NA
NC_045512.2	4252	C	T	27428	7380	49	4	2	34	0.000145804	27434	0.999998	FALSE	NA	NA	NA	NA	NA	NA
NC_045512.2	4252	C	G	27428	7380	49	1	0	27	3.64511e-05	27434	1	FALSE	NA	NA	NA	NA	NA	NA
NC_045512.2	4252	C	A	27428	7380	49	1	0	26	3.64511e-05	27434	1	FALSE	NA	NA	NA	NA	NA	NA
NC_045512.2	4253	C	T	27317	7408	49	2	0	51	7.32064e-05	27320	0.249995	FALSE	NA	NA	NA	NA	NA	NA
NC_045512.2	4253	C	G	27317	7408	49	1	0	27	3.66032e-05	27320	1	FALSE	NA	NA	NA	NA	NA	NA
NC_045512.2	4254	C	A	27006	7250	49	1	0	46	3.70274e-05	27007	0.875014	FALSE	NA	NA	NA	NA	NA	NA
NC_045512.2	4255	G	T	27062	7116	49	1	1	27	3.69495e-05	27064	1	FALSE	NA	NA	NA	NA	NA	NA
NC_045512.2	4255	G	A	27062	7116	49	1	1	68	3.69495e-05	27064	0.5	FALSE	NA	NA	NA	NA	NA	NA
NC_045512.2	4256	G	T	27615	7304	48	1	0	26	3.62056e-05	27620	1	FALSE	NA	NA	NA	NA	NA	NA
NC_045512.2	4256	G	C	27615	7304	48	2	0	27	7.24113e-05	27620	1	FALSE	NA	NA	NA	NA	NA	NA
NC_045512.2	4256	G	A	27615	7304	48	2	2	30	7.24113e-05	27620	1	FALSE	NA	NA	NA	NA	NA	NA
NC_045512.2	4257	G	A	27735	7731	49	4	0	32	0.000144201	27739	0.999998	FALSE	NA	NA	NA	NA	NA	NA
NC_045512.2	4258	T	G	27641	7873	47	1	0	34	3.61716e-05	27646	1	FALSE	NA	NA	NA	NA	NA	NA
NC_045512.2	4258	T	C	27641	7873	47	2	0	24	7.23432e-05	27646	1	FALSE	NA	NA	NA	NA	NA	NA
NC_045512.2	4258	T	A	27641	7873	47	2	1	26	7.23432e-05	27646	1	FALSE	NA	NA	NA	NA	NA	NA
NC_045512.2	4259	C	T	27807	7932	49	1	0	34	3.5957e-05	27811	1	FALSE	NA	NA	NA	NA	NA	NA
NC_045512.2	4259	C	G	27807	7932	49	2	0	30	7.1914e-05	27811	1	FALSE	NA	NA	NA	NA	NA	NA
NC_045512.2	4259	C	A	27807	7932	49	1	0	26	3.5957e-05	27811	1	FALSE	NA	NA	NA	NA	NA	NA
NC_045512.2	4260	A	T	27095	7945	49	3	0	28	0.000110701	27100	1	FALSE	NA	NA	NA	NA	NA	NA
NC_045512.2	4260	A	G	27095	7945	49	2	0	34	7.38007e-05	27100	1	FALSE	NA	NA	NA	NA	NA	NA
NC_045512.2	4261	G	C	28688	7909	48	2	0	34	6.97107e-05	28690	1	FALSE	NA	NA	NA	NA	NA	NA
NC_045512.2	4262	G	T	28874	8009	48	1	1	20	3.46308e-05	28876	1	FALSE	NA	NA	NA	NA	NA	NA
NC_045512.2	4262	G	A	28874	8009	48	1	0	34	3.46308e-05	28876	1	FALSE	NA	NA	NA	NA	NA	NA
NC_045512.2	4263	G	C	29167	8312	48	1	0	26	3.42806e-05	29171	1	FALSE	NA	NA	NA	NA	NA	NA
NC_045512.2	4263	G	A	29167	8312	48	3	0	45	0.000102842	29171	0.5	FALSE	NA	NA	NA	NA	NA	NA
NC_045512.2	4264	T	C	28749	8074	46	2	0	68	6.95604e-05	28752	0.249996	FALSE	NA	NA	NA	NA	NA	NA
NC_045512.2	4264	T	A	28749	8074	46	1	1	27	3.47802e-05	28752	1	FALSE	NA	NA	NA	NA	NA	NA
NC_045512.2	4265	T	C	28742	8360	48	3	3	31	0.000104359	28747	1	FALSE	NA	NA	NA	NA	NA	NA
NC_045512.2	4265	T	A	28742	8360	48	2	0	30	6.95725e-05	28747	1	FALSE	NA	NA	NA	NA	NA	NA
NC_045512.2	4266	T	C	28158	9345	46	2	1	30	7.10152e-05	28163	1	FALSE	NA	NA	NA	NA	NA	NA
NC_045512.2	4266	T	A	28158	9345	46	3	1	26	0.000106523	28163	1	FALSE	NA	NA	NA	NA	NA	NA
NC_045512.2	4267	A	G	27864	9519	45	3	0	34	0.000107654	27867	1	FALSE	NA	NA	NA	NA	NA	NA
NC_045512.2	4268	A	T	27966	9826	45	1	1	27	3.57526e-05	27970	1	FALSE	NA	NA	NA	NA	NA	NA
NC_045512.2	4268	A	G	27966	9826	45	3	0	30	0.000107258	27970	1	FALSE	NA	NA	NA	NA	NA	NA
NC_045512.2	4269	A	G	26727	9881	44	1	0	38	3.74111e-05	26730	1	FALSE	NA	NA	NA	NA	NA	NA
NC_045512.2	4269	A	C	26727	9881	44	2	1	23	7.48223e-05	26730	1	FALSE	NA	NA	NA	NA	NA	NA
NC_045512.2	4270	T	C	29018	9893	45	4	1	51	0.000137822	29023	0.0624935	FALSE	NA	NA	NA	NA	NA	NA
NC_045512.2	4270	T	A	29018	9893	45	1	1	27	3.44554e-05	29023	1	FALSE	NA	NA	NA	NA	NA	NA
NC_045512.2	4271	G	T	28907	9858	45	2	1	34	6.91706e-05	28914	1	FALSE	NA	NA	NA	NA	NA	NA
NC_045512.2	4271	G	A	28907	9858	45	5	0	34	0.000172927	28914	0.999995	FALSE	NA	NA	NA	NA	NA	NA
NC_045512.2	4272	G	C	28784	9749	45	1	0	26	3.47367e-05	28788	1	FALSE	NA	NA	NA	NA	NA	NA
NC_045512.2	4272	G	A	28784	9749	45	3	1	56	0.00010421	28788	0.124993	FALSE	NA	NA	NA	NA	NA	NA
NC_045512.2	4273	T	G	28737	9626	45	1	0	27	3.47923e-05	28742	1	FALSE	NA	NA	NA	NA	NA	NA
NC_045512.2	4273	T	C	28737	9626	45	1	0	68	3.47923e-05	28742	0.499974	FALSE	NA	NA	NA	NA	NA	NA
NC_045512.2	4273	T	A	28737	9626	45	3	0	31	0.000104377	28742	1	FALSE	NA	NA	NA	NA	NA	NA
NC_045512.2	4275	A	G	28670	9785	44	2	2	51	6.97545e-05	28672	0.250004	FALSE	NA	NA	NA	NA	NA	NA
NC_045512.2	4276	C	T	28758	10305	44	1	0	68	3.47717e-05	28759	0.500009	FALSE	NA	NA	NA	NA	NA	NA
NC_045512.2	4277	A	T	28734	10302	44	2	2	30	6.95773e-05	28745	1	FALSE	NA	NA	NA	NA	NA	NA
NC_045512.2	4277	A	G	28734	10302	44	5	1	43	0.000173943	28745	0.226477	FALSE	NA	NA	NA	NA	NA	NA
NC_045512.2	4277	A	C	28734	10302	44	4	4	34	0.000139155	28745	0.999999	FALSE	NA	NA	NA	NA	NA	NA
NC_045512.2	4278	C	A	31458	10585	43	2	0	34	6.35728e-05	31460	1	FALSE	NA	NA	NA	NA	NA	NA
NC_045512.2	4279	T	G	30638	9920	43	2	0	34	6.52592e-05	30647	1	FALSE	NA	NA	NA	NA	NA	NA
NC_045512.2	4279	T	C	30638	9920	43	2	0	34	6.52592e-05	30647	1	FALSE	NA	NA	NA	NA	NA	NA
NC_045512.2	4279	T	A	30638	9920	43	5	0	30	0.000163148	30647	0.999998	FALSE	NA	NA	NA	NA	NA	NA
NC_045512.2	4280	G	T	31937	10004	43	1	0	34	3.13077e-05	31941	1	FALSE	NA	NA	NA	NA	NA	NA
NC_045512.2	4280	G	A	31937	10004	43	3	2	54	9.39232e-05	31941	0.124994	FALSE	NA	NA	NA	NA	NA	NA
NC_045512.2	4281	T	G	31838	9972	43	2	0	34	6.27943e-05	31850	1	FALSE	NA	NA	NA	NA	NA	NA
NC_045512.2	4281	T	C	31838	9972	43	2	0	51	6.27943e-05	31850	0.249925	FALSE	NA	NA	NA	NA	NA	NA
NC_045512.2	4281	T	A	31838	9972	43	8	0	31	0.000251177	31850	0.999965	FALSE	NA	NA	NA	NA	NA	NA
NC_045512.2	4282	A	T	31966	9983	43	2	1	34	6.25606e-05	31969	1	FALSE	NA	NA	NA	NA	NA	NA
NC_045512.2	4282	A	G	31966	9983	43	1	0	34	3.12803e-05	31969	1	FALSE	NA	NA	NA	NA	NA	NA
NC_045512.2	4283	G	T	31945	9932	43	1	0	26	3.13028e-05	31946	1	FALSE	NA	NA	NA	NA	NA	NA
NC_045512.2	4284	A	T	31961	10813	44	3	3	24	9.38527e-05	31965	1	FALSE	NA	NA	NA	NA	NA	NA
NC_045512.2	4284	A	G	31961	10813	44	1	1	24	3.12842e-05	31965	1	FALSE	NA	NA	NA	NA	NA	NA
NC_045512.2	4284	A	+GG	31961	10813	44	3	0	20	9.38527e-05	31965	1	FALSE	NA	NA	NA	NA	NA	NA
NC_045512.2	4285	G	T	31998	10745	44	5	4	32	0.000156221	32006	0.999999	FALSE	NA	NA	NA	NA	NA	NA
NC_045512.2	4285	G	C	31998	10745	44	3	2	29	9.37324e-05	32006	1	FALSE	NA	NA	NA	NA	NA	NA
NC_045512.2	4286	G	C	32000	11550	45	2	0	26	6.24961e-05	32002	1	FALSE	NA	NA	NA	NA	NA	NA
NC_045512.2	4287	A	G	30313	10763	44	6	3	44	0.000197889	30320	0.25389	FALSE	NA	NA	NA	NA	NA	NA
NC_045512.2	4287	A	C	30313	10763	44	1	0	34	3.29815e-05	30320	1	FALSE	NA	NA	NA	NA	NA	NA
NC_045512.2	4288	G	T	32826	10844	43	3	1	34	9.13798e-05	32830	1	FALSE	NA	NA	NA	NA	NA	NA
NC_045512.2	4288	G	A	32826	10844	43	1	1	34	3.04599e-05	32830	1	FALSE	NA	NA	NA	NA	NA	NA
NC_045512.2	4289	G	T	32204	10717	44	1	0	46	3.10443e-05	32212	0.937483	FALSE	NA	NA	NA	NA	NA	NA
NC_045512.2	4289	G	A	32204	10717	44	7	1	31	0.00021731	32212	0.999993	FALSE	NA	NA	NA	NA	NA	NA
NC_045512.2	4290	C	T	32327	10890	44	2	2	51	6.1864e-05	32329	0.250004	FALSE	NA	NA	NA	NA	NA	NA
NC_045512.2	4291	A	G	32473	10929	44	1	1	68	3.07939e-05	32474	0.500008	FALSE	NA	NA	NA	NA	NA	NA
NC_045512.2	4293	A	T	30844	11052	43	1	1	34	3.24202e-05	30845	1	FALSE	NA	NA	NA	NA	NA	NA
NC_045512.2	4294	G	C	32645	10994	44	1	0	26	3.06297e-05	32648	1	FALSE	NA	NA	NA	NA	NA	NA
NC_045512.2	4294	G	A	32645	10994	44	2	0	34	6.12595e-05	32648	1	FALSE	NA	NA	NA	NA	NA	NA
NC_045512.2	4295	A	T	31358	11020	43	6	5	32	0.000191302	31364	0.999996	FALSE	NA	NA	NA	NA	NA	NA
NC_045512.2	4296	C	T	32381	11233	44	1	1	26	3.08794e-05	32384	1	FALSE	NA	NA	NA	NA	NA	NA
NC_045512.2	4296	C	A	32381	11233	44	2	0	34	6.17589e-05	32384	1	FALSE	NA	NA	NA	NA	NA	NA
NC_045512.2	4297	A	G	29856	9603	43	2	2	34	6.69792e-05	29860	1	FALSE	NA	NA	NA	NA	NA	NA
NC_045512.2	4297	A	C	29856	9603	43	2	2	34	6.69792e-05	29860	1	FALSE	NA	NA	NA	NA	NA	NA
NC_045512.2	4298	G	T	30323	9485	44	1	0	34	3.29761e-05	30325	1	FALSE	NA	NA	NA	NA	NA	NA
NC_045512.2	4298	G	A	30323	9485	44	1	1	68	3.29761e-05	30325	0.5	FALSE	NA	NA	NA	NA	NA	NA
NC_045512.2	4299	T	C	30307	9987	44	2	1	68	6.59848e-05	30310	0.249996	FALSE	NA	NA	NA	NA	NA	NA
NC_045512.2	4299	T	A	30307	9987	44	1	1	34	3.29924e-05	30310	1	FALSE	NA	NA	NA	NA	NA	NA
NC_045512.2	4300	G	T	30398	9920	44	1	1	26	3.28947e-05	30400	1	FALSE	NA	NA	NA	NA	NA	NA
NC_045512.2	4300	G	C	30398	9920	44	1	0	34	3.28947e-05	30400	1	FALSE	NA	NA	NA	NA	NA	NA
NC_045512.2	4301	C	T	30530	10201	44	2	2	57	6.54986e-05	30535	0.24998	FALSE	NA	NA	NA	NA	NA	NA
NC_045512.2	4301	C	A	30530	10201	44	3	0	31	9.82479e-05	30535	1	FALSE	NA	NA	NA	NA	NA	NA
NC_045512.2	4302	T	G	30344	9855	44	1	0	34	3.29489e-05	30350	1	FALSE	NA	NA	NA	NA	NA	NA
NC_045512.2	4302	T	C	30344	9855	44	3	0	45	9.88468e-05	30350	0.656227	FALSE	NA	NA	NA	NA	NA	NA
NC_045512.2	4302	T	A	30344	9855	44	2	0	34	6.58979e-05	30350	1	FALSE	NA	NA	NA	NA	NA	NA
NC_045512.2	4303	T	A	30350	10042	44	3	1	45	9.8837e-05	30353	0.656273	FALSE	NA	NA	NA	NA	NA	NA
NC_045512.2	4303	T	-A	30350	10042	44	5	0	20	0.000164728	30353	1	FALSE	NA	NA	NA	NA	NA	NA
NC_045512.2	4304	A	G	30435	10070	44	1	1	68	3.28558e-05	30436	0.499967	FALSE	NA	NA	NA	NA	NA	NA
NC_045512.2	4305	A	G	30704	10377	45	1	0	34	3.2568e-05	30705	1	FALSE	NA	NA	NA	NA	NA	NA
NC_045512.2	4306	A	T	29794	10480	43	1	1	26	3.35593e-05	29798	1	FALSE	NA	NA	NA	NA	NA	NA
NC_045512.2	4306	A	G	29794	10480	43	3	2	56	0.000100678	29798	0.124994	FALSE	NA	NA	NA	NA	NA	NA
NC_045512.2	4308	A	T	29830	10430	43	1	0	24	3.35188e-05	29834	1	FALSE	NA	NA	NA	NA	NA	NA
NC_045512.2	4308	A	G	29830	10430	43	3	2	42	0.000100556	29834	0.5	FALSE	NA	NA	NA	NA	NA	NA
NC_045512.2	4309	G	T	30774	10616	44	1	1	34	3.24939e-05	30775	1	FALSE	NA	NA	NA	NA	NA	NA
NC_045512.2	4312	T	C	30194	11113	44	1	1	38	3.31181e-05	30195	1	FALSE	NA	NA	NA	NA	NA	NA
NC_045512.2	4312	T	-A	30194	11113	44	1	0	20	3.31181e-05	30195	1	FALSE	NA	NA	NA	NA	NA	NA
NC_045512.2	4313	A	T	29438	11862	43	1	1	34	3.39628e-05	29444	1	FALSE	NA	NA	NA	NA	NA	NA
NC_045512.2	4313	A	G	29438	11862	43	5	2	37	0.000169814	29444	0.999997	FALSE	NA	NA	NA	NA	NA	NA
NC_045512.2	4315	A	T	26318	11869	40	1	1	27	3.79925e-05	26321	1	FALSE	NA	NA	NA	NA	NA	NA
NC_045512.2	4315	A	G	26318	11869	40	1	1	24	3.79925e-05	26321	1	FALSE	NA	NA	NA	NA	NA	NA
NC_045512.2	4315	A	C	26318	11869	40	1	0	34	3.79925e-05	26321	1	FALSE	NA	NA	NA	NA	NA	NA
NC_045512.2	4316	A	T	29393	11917	43	2	0	26	6.80249e-05	29401	1	FALSE	NA	NA	NA	NA	NA	NA
NC_045512.2	4316	A	G	29393	11917	43	5	2	37	0.000170062	29401	0.999997	FALSE	NA	NA	NA	NA	NA	NA
NC_045512.2	4316	A	C	29393	11917	43	1	1	34	3.40124e-05	29401	1	FALSE	NA	NA	NA	NA	NA	NA
NC_045512.2	4318	T	C	29163	12493	44	1	0	34	3.42888e-05	29164	1	FALSE	NA	NA	NA	NA	NA	NA
NC_045512.2	4320	C	G	29085	12592	44	2	1	34	6.87592e-05	29087	1	FALSE	NA	NA	NA	NA	NA	NA
NC_045512.2	4321	C	T	2	1	51	29017	12222	44	0.999931	29019	0	TRUE	NA	NA	NA	NA	NA	NA
NC_045512.2	4322	T	C	31993	19848	53	1	0	34	3.12559e-05	31994	1	FALSE	NA	NA	NA	NA	NA	NA
NC_045512.2	4323	T	G	29031	16925	50	2	2	25	6.888e-05	29036	1	FALSE	NA	NA	NA	NA	NA	NA
NC_045512.2	4323	T	C	29031	16925	50	2	2	51	6.888e-05	29036	0.249978	FALSE	NA	NA	NA	NA	NA	NA
NC_045512.2	4323	T	A	29031	16925	50	1	1	24	3.444e-05	29036	1	FALSE	NA	NA	NA	NA	NA	NA
NC_045512.2	4323	T	+G	29031	16925	50	1	0	20	3.444e-05	29036	1	FALSE	NA	NA	NA	NA	NA	NA
NC_045512.2	4324	T	C	32258	20699	54	2	1	38	6.19963e-05	32260	1	FALSE	NA	NA	NA	NA	NA	NA
NC_045512.2	4324	T	+A	32258	20699	54	1	0	20	3.09981e-05	32260	1	FALSE	NA	NA	NA	NA	NA	NA
NC_045512.2	4325	T	G	32499	21001	54	1	1	34	3.07673e-05	32502	1	FALSE	NA	NA	NA	NA	NA	NA
NC_045512.2	4325	T	C	32499	21001	54	2	1	51	6.15347e-05	32502	0.249996	FALSE	NA	NA	NA	NA	NA	NA
NC_045512.2	4326	A	G	31113	19492	51	1	0	68	3.21399e-05	31114	0.500008	FALSE	NA	NA	NA	NA	NA	NA
NC_045512.2	4327	C	T	32529	21180	54	4	3	55	0.000122948	32534	0.0624942	FALSE	NA	NA	NA	NA	NA	NA
NC_045512.2	4327	C	A	32529	21180	54	1	0	27	3.07371e-05	32534	1	FALSE	NA	NA	NA	NA	NA	NA
NC_045512.2	4328	A	T	32315	21071	53	1	0	20	3.09425e-05	32318	1	FALSE	NA	NA	NA	NA	NA	NA
NC_045512.2	4328	A	C	32315	21071	53	2	2	34	6.1885e-05	32318	1	FALSE	NA	NA	NA	NA	NA	NA
NC_045512.2	4329	T	A	32537	21238	54	1	1	34	3.07333e-05	32538	1	FALSE	NA	NA	NA	NA	NA	NA
NC_045512.2	4330	T	C	32421	21169	54	2	1	47	6.16789e-05	32426	0.81249	FALSE	NA	NA	NA	NA	NA	NA
NC_045512.2	4330	T	A	32421	21169	54	3	0	29	9.25183e-05	32426	1	FALSE	NA	NA	NA	NA	NA	NA
NC_045512.2	4331	C	T	32657	21656	54	2	0	68	6.1237e-05	32660	0.249996	FALSE	NA	NA	NA	NA	NA	NA
NC_045512.2	4331	C	A	32657	21656	54	1	0	27	3.06185e-05	32660	1	FALSE	NA	NA	NA	NA	NA	NA
NC_045512.2	4332	T	G	32960	22280	55	1	1	26	3.03324e-05	32968	1	FALSE	NA	NA	NA	NA	NA	NA
NC_045512.2	4332	T	C	32960	22280	55	4	2	37	0.00012133	32968	1	FALSE	NA	NA	NA	NA	NA	NA
NC_045512.2	4332	T	A	32960	22280	55	3	1	29	9.09973e-05	32968	1	FALSE	NA	NA	NA	NA	NA	NA
NC_045512.2	4333	A	T	32916	22154	54	6	5	29	0.000182249	32922	1	FALSE	NA	NA	NA	NA	NA	NA
NC_045512.2	4333	A	-C	32916	22154	54	1	0	20	3.03748e-05	32922	1	FALSE	NA	NA	NA	NA	NA	NA
NC_045512.2	4334	C	T	32885	22191	54	8	5	59	0.000243205	32894	0.00390411	TRUE	NA	NA	NA	NA	NA	NA
NC_045512.2	4334	C	A	32885	22191	54	1	0	68	3.04007e-05	32894	0.499939	FALSE	NA	NA	NA	NA	NA	NA
NC_045512.2	4335	C	G	32687	22050	53	5	4	28	0.000152943	32692	1	FALSE	NA	NA	NA	NA	NA	NA
NC_045512.2	4336	A	T	32780	22048	54	3	1	28	9.15025e-05	32786	1	FALSE	NA	NA	NA	NA	NA	NA
NC_045512.2	4336	A	G	32780	22048	54	3	2	38	9.15025e-05	32786	1	FALSE	NA	NA	NA	NA	NA	NA
NC_045512.2	4337	T	C	32832	22058	54	1	1	52	3.04562e-05	32834	0.5	FALSE	NA	NA	NA	NA	NA	NA
NC_045512.2	4337	T	A	32832	22058	54	1	1	34	3.04562e-05	32834	1	FALSE	NA	NA	NA	NA	NA	NA
NC_045512.2	4338	C	T	33317	22319	54	1	0	68	3.00129e-05	33319	0.5	FALSE	NA	NA	NA	NA	NA	NA
NC_045512.2	4338	C	A	33317	22319	54	1	0	27	3.00129e-05	33319	1	FALSE	NA	NA	NA	NA	NA	NA
NC_045512.2	4339	T	C	33182	22232	54	4	2	55	0.000120525	33188	0.0624906	FALSE	NA	NA	NA	NA	NA	NA
NC_045512.2	4339	T	A	33182	22232	54	2	2	34	6.02627e-05	33188	1	FALSE	NA	NA	NA	NA	NA	NA
NC_045512.2	4340	A	T	33206	22236	54	3	3	31	9.03315e-05	33211	1	FALSE	NA	NA	NA	NA	NA	NA
NC_045512.2	4340	A	G	33206	22236	54	2	1	51	6.0221e-05	33211	0.249981	FALSE	NA	NA	NA	NA	NA	NA
NC_045512.2	4341	T	C	33279	22348	55	1	1	24	3.00472e-05	33281	1	FALSE	NA	NA	NA	NA	NA	NA
NC_045512.2	4341	T	A	33279	22348	55	1	1	34	3.00472e-05	33281	1	FALSE	NA	NA	NA	NA	NA	NA
NC_045512.2	4342	T	C	32804	22141	54	3	2	56	9.14411e-05	32808	0.124994	FALSE	NA	NA	NA	NA	NA	NA
NC_045512.2	4342	T	A	32804	22141	54	1	1	34	3.04804e-05	32808	1	FALSE	NA	NA	NA	NA	NA	NA
NC_045512.2	4343	A	T	32988	22628	53	4	4	30	0.000121234	32994	1	FALSE	NA	NA	NA	NA	NA	NA
NC_045512.2	4343	A	G	32988	22628	53	2	2	51	6.06171e-05	32994	0.249973	FALSE	NA	NA	NA	NA	NA	NA
NC_045512.2	4344	T	C	31460	21194	50	3	1	62	9.53077e-05	31477	0.124917	FALSE	NA	NA	NA	NA	NA	NA
NC_045512.2	4344	T	A	31460	21194	50	14	12	28	0.000444769	31477	1	FALSE	NA	NA	NA	NA	NA	NA
NC_045512.2	4345	C	T	33198	23051	53	6	5	42	0.000180652	33213	0.253773	FALSE	NA	NA	NA	NA	NA	NA
NC_045512.2	4345	C	G	33198	23051	53	5	4	28	0.000150543	33213	1	FALSE	NA	NA	NA	NA	NA	NA
NC_045512.2	4345	C	A	33198	23051	53	4	4	34	0.000120435	33213	1	FALSE	NA	NA	NA	NA	NA	NA
NC_045512.2	4346	T	C	31229	21041	51	3	2	53	9.60184e-05	31244	0.124928	FALSE	NA	NA	NA	NA	NA	NA
NC_045512.2	4346	T	A	31229	21041	51	12	12	35	0.000384074	31244	0.999046	FALSE	NA	NA	NA	NA	NA	NA
NC_045512.2	4347	C	G	31756	21611	54	1	0	27	3.14881e-05	31758	1	FALSE	NA	NA	NA	NA	NA	NA
NC_045512.2	4347	C	A	31756	21611	54	1	0	68	3.14881e-05	31758	0.5	FALSE	NA	NA	NA	NA	NA	NA
NC_045512.2	4348	T	C	31146	21006	53	1	0	68	3.20996e-05	31153	0.49996	FALSE	NA	NA	NA	NA	NA	NA
NC_045512.2	4348	T	A	31146	21006	53	6	5	28	0.000192598	31153	1	FALSE	NA	NA	NA	NA	NA	NA
NC_045512.2	4349	A	T	31562	21454	54	1	1	26	3.16766e-05	31569	1	FALSE	NA	NA	NA	NA	NA	NA
NC_045512.2	4349	A	G	31562	21454	54	6	4	40	0.00019006	31569	0.253891	FALSE	NA	NA	NA	NA	NA	NA
NC_045512.2	4350	A	G	31449	21437	51	1	1	68	3.17965e-05	31450	0.500008	FALSE	NA	NA	NA	NA	NA	NA
NC_045512.2	4352	G	A	31565	21533	54	1	1	68	3.16797e-05	31566	0.500008	FALSE	NA	NA	NA	NA	NA	NA
NC_045512.2	4353	A	T	31235	21209	54	2	0	27	6.40266e-05	31237	1	FALSE	NA	NA	NA	NA	NA	NA
NC_045512.2	4354	G	T	30799	20725	54	2	2	34	6.49287e-05	30803	1	FALSE	NA	NA	NA	NA	NA	NA
NC_045512.2	4354	G	C	30799	20725	54	1	1	34	3.24644e-05	30803	1	FALSE	NA	NA	NA	NA	NA	NA
NC_045512.2	4354	G	A	30799	20725	54	1	1	68	3.24644e-05	30803	0.499984	FALSE	NA	NA	NA	NA	NA	NA
NC_045512.2	4355	A	T	30899	21070	53	2	2	27	6.47165e-05	30904	1	FALSE	NA	NA	NA	NA	NA	NA
NC_045512.2	4355	A	G	30899	21070	53	3	2	30	9.70748e-05	30904	1	FALSE	NA	NA	NA	NA	NA	NA
NC_045512.2	4356	A	T	30901	21074	54	1	0	27	3.23583e-05	30904	1	FALSE	NA	NA	NA	NA	NA	NA
NC_045512.2	4356	A	G	30901	21074	54	2	1	51	6.47165e-05	30904	0.249996	FALSE	NA	NA	NA	NA	NA	NA
NC_045512.2	4357	G	T	30665	20875	54	1	1	34	3.26083e-05	30667	1	FALSE	NA	NA	NA	NA	NA	NA
NC_045512.2	4357	G	A	30665	20875	54	1	0	68	3.26083e-05	30667	0.5	FALSE	NA	NA	NA	NA	NA	NA
NC_045512.2	4358	C	T	30713	20935	54	1	1	34	3.25553e-05	30717	1	FALSE	NA	NA	NA	NA	NA	NA
NC_045512.2	4358	C	A	30713	20935	54	3	1	26	9.76658e-05	30717	1	FALSE	NA	NA	NA	NA	NA	NA
NC_045512.2	4359	A	T	30672	20786	54	3	2	24	9.77868e-05	30679	1	FALSE	NA	NA	NA	NA	NA	NA
NC_045512.2	4359	A	G	30672	20786	54	4	3	51	0.000130382	30679	0.0624857	FALSE	NA	NA	NA	NA	NA	NA
NC_045512.2	4360	A	T	30750	20879	54	3	2	32	9.75451e-05	30755	1	FALSE	NA	NA	NA	NA	NA	NA
NC_045512.2	4360	A	G	30750	20879	54	1	1	34	3.2515e-05	30755	1	FALSE	NA	NA	NA	NA	NA	NA
NC_045512.2	4360	A	C	30750	20879	54	1	1	26	3.2515e-05	30755	1	FALSE	NA	NA	NA	NA	NA	NA
NC_045512.2	4361	G	+A	30680	20943	54	1	0	20	3.25945e-05	30680	1	FALSE	NA	NA	NA	NA	NA	NA
NC_045512.2	4362	A	T	30630	21104	50	3	2	37	9.79176e-05	30638	1	FALSE	NA	NA	NA	NA	NA	NA
NC_045512.2	4362	A	G	30630	21104	50	4	2	51	0.000130557	30638	0.0624816	FALSE	NA	NA	NA	NA	NA	NA
NC_045512.2	4362	A	C	30630	21104	50	1	1	26	3.26392e-05	30638	1	FALSE	NA	NA	NA	NA	NA	NA
NC_045512.2	4363	A	T	30670	21064	54	2	1	30	6.52039e-05	30673	1	FALSE	NA	NA	NA	NA	NA	NA
NC_045512.2	4363	A	G	30670	21064	54	1	1	34	3.2602e-05	30673	1	FALSE	NA	NA	NA	NA	NA	NA
NC_045512.2	4364	A	T	30679	21071	54	1	1	34	3.25903e-05	30684	1	FALSE	NA	NA	NA	NA	NA	NA
NC_045512.2	4364	A	G	30679	21071	54	4	2	46	0.000130361	30684	0.5	FALSE	NA	NA	NA	NA	NA	NA
NC_045512.2	4365	T	C	30278	20677	53	2	1	51	6.60502e-05	30280	0.250004	FALSE	NA	NA	NA	NA	NA	NA
NC_045512.2	4366	T	C	28769	19135	51	5	5	41	0.000173696	28786	0.226392	FALSE	NA	NA	NA	NA	NA	NA
NC_045512.2	4366	T	A	28769	19135	51	12	8	29	0.000416869	28786	1	FALSE	NA	NA	NA	NA	NA	NA
NC_045512.2	4367	C	G	30565	21040	54	2	0	27	6.543e-05	30567	1	FALSE	NA	NA	NA	NA	NA	NA
NC_045512.2	4368	T	G	29242	19588	52	1	1	26	3.41939e-05	29245	1	FALSE	NA	NA	NA	NA	NA	NA
NC_045512.2	4368	T	C	29242	19588	52	1	1	34	3.41939e-05	29245	1	FALSE	NA	NA	NA	NA	NA	NA
NC_045512.2	4368	T	A	29242	19588	52	1	0	20	3.41939e-05	29245	1	FALSE	NA	NA	NA	NA	NA	NA
NC_045512.2	4369	T	C	30420	20891	54	2	1	46	6.57419e-05	30422	0.812521	FALSE	NA	NA	NA	NA	NA	NA
NC_045512.2	4370	G	T	30358	20795	54	1	1	34	3.29359e-05	30362	1	FALSE	NA	NA	NA	NA	NA	NA
NC_045512.2	4370	G	C	30358	20795	54	1	1	26	3.29359e-05	30362	1	FALSE	NA	NA	NA	NA	NA	NA
NC_045512.2	4370	G	A	30358	20795	54	2	1	64	6.58718e-05	30362	0.249988	FALSE	NA	NA	NA	NA	NA	NA
NC_045512.2	4371	G	A	30414	20886	54	1	1	34	3.28785e-05	30415	1	FALSE	NA	NA	NA	NA	NA	NA
NC_045512.2	4372	A	T	30513	20966	54	2	1	47	6.55308e-05	30520	0.812469	FALSE	NA	NA	NA	NA	NA	NA
NC_045512.2	4372	A	G	30513	20966	54	4	2	43	0.000131062	30520	0.499964	FALSE	NA	NA	NA	NA	NA	NA
NC_045512.2	4372	A	C	30513	20966	54	1	1	26	3.27654e-05	30520	1	FALSE	NA	NA	NA	NA	NA	NA
NC_045512.2	4373	A	T	30466	20954	53	2	2	26	6.56319e-05	30473	1	FALSE	NA	NA	NA	NA	NA	NA
NC_045512.2	4373	A	G	30466	20954	53	3	2	42	9.84478e-05	30473	0.656212	FALSE	NA	NA	NA	NA	NA	NA
NC_045512.2	4373	A	C	30466	20954	53	2	1	26	6.56319e-05	30473	1	FALSE	NA	NA	NA	NA	NA	NA
NC_045512.2	4374	C	T	30433	21053	53	1	1	34	3.28558e-05	30436	1	FALSE	NA	NA	NA	NA	NA	NA
NC_045512.2	4374	C	G	30433	21053	53	1	0	27	3.28558e-05	30436	1	FALSE	NA	NA	NA	NA	NA	NA
NC_045512.2	4374	C	A	30433	21053	53	1	0	68	3.28558e-05	30436	0.499992	FALSE	NA	NA	NA	NA	NA	NA
NC_045512.2	4375	T	C	29819	20411	53	3	2	56	0.000100597	29822	0.125	FALSE	NA	NA	NA	NA	NA	NA
NC_045512.2	4376	G	C	30053	20581	54	2	1	27	6.65292e-05	30062	1	FALSE	NA	NA	NA	NA	NA	NA
NC_045512.2	4376	G	A	30053	20581	54	7	2	55	0.000232852	30062	0.00780886	TRUE	NA	NA	NA	NA	NA	NA
NC_045512.2	4377	T	C	29891	20498	53	1	1	34	3.34526e-05	29893	1	FALSE	NA	NA	NA	NA	NA	NA
NC_045512.2	4377	T	A	29891	20498	53	1	0	20	3.34526e-05	29893	1	FALSE	NA	NA	NA	NA	NA	NA
NC_045512.2	4378	T	C	30018	20593	53	5	3	52	0.000166533	30024	0.0312448	FALSE	NA	NA	NA	NA	NA	NA
NC_045512.2	4378	T	A	30018	20593	53	1	0	27	3.33067e-05	30024	1	FALSE	NA	NA	NA	NA	NA	NA
NC_045512.2	4379	T	C	28631	19203	52	4	4	51	0.000139679	28637	0.0624891	FALSE	NA	NA	NA	NA	NA	NA
NC_045512.2	4379	T	A	28631	19203	52	2	2	34	6.98397e-05	28637	1	FALSE	NA	NA	NA	NA	NA	NA
NC_045512.2	4380	C	T	29759	20442	54	2	1	68	6.71975e-05	29763	0.249987	FALSE	NA	NA	NA	NA	NA	NA
NC_045512.2	4380	C	A	29759	20442	54	2	0	23	6.71975e-05	29763	1	FALSE	NA	NA	NA	NA	NA	NA
NC_045512.2	4381	T	G	29041	19708	53	1	1	26	3.44281e-05	29046	1	FALSE	NA	NA	NA	NA	NA	NA
NC_045512.2	4381	T	C	29041	19708	53	3	0	42	0.000103284	29046	0.499984	FALSE	NA	NA	NA	NA	NA	NA
NC_045512.2	4381	T	A	29041	19708	53	1	1	34	3.44281e-05	29046	1	FALSE	NA	NA	NA	NA	NA	NA
NC_045512.2	4382	T	C	29820	20535	54	5	3	47	0.000167628	29828	0.226521	FALSE	NA	NA	NA	NA	NA	NA
NC_045512.2	4382	T	A	29820	20535	54	3	3	34	0.000100577	29828	1	FALSE	NA	NA	NA	NA	NA	NA
NC_045512.2	4383	G	T	29506	20112	54	3	3	29	0.00010164	29516	1	FALSE	NA	NA	NA	NA	NA	NA
NC_045512.2	4383	G	C	29506	20112	54	6	5	37	0.00020328	29516	0.999989	FALSE	NA	NA	NA	NA	NA	NA
NC_045512.2	4383	G	A	29506	20112	54	1	1	68	3.38799e-05	29516	0.499932	FALSE	NA	NA	NA	NA	NA	NA
NC_045512.2	4384	G	C	29639	20579	53	2	2	30	6.74741e-05	29641	1	FALSE	NA	NA	NA	NA	NA	NA
NC_045512.2	4385	A	T	29283	20482	52	1	1	34	3.4146e-05	29286	1	FALSE	NA	NA	NA	NA	NA	NA
NC_045512.2	4385	A	G	29283	20482	52	2	2	36	6.8292e-05	29286	1	FALSE	NA	NA	NA	NA	NA	NA
NC_045512.2	4386	A	G	29422	20632	53	3	2	45	0.000101954	29425	0.500016	FALSE	NA	NA	NA	NA	NA	NA
NC_045512.2	4387	T	G	23145	14331	47	7	7	28	0.000302311	23155	1	FALSE	NA	NA	NA	NA	NA	NA
NC_045512.2	4387	T	A	23145	14331	47	3	2	27	0.000129562	23155	1	FALSE	NA	NA	NA	NA	NA	NA
NC_045512.2	4388	T	C	29165	20604	52	3	2	44	0.000102831	29174	0.49992	FALSE	NA	NA	NA	NA	NA	NA
NC_045512.2	4388	T	A	29165	20604	52	6	5	29	0.000205663	29174	1	FALSE	NA	NA	NA	NA	NA	NA
NC_045512.2	4389	T	C	29156	20698	52	3	3	34	0.000102877	29161	1	FALSE	NA	NA	NA	NA	NA	NA
NC_045512.2	4389	T	A	29156	20698	52	2	2	26	6.85848e-05	29161	1	FALSE	NA	NA	NA	NA	NA	NA
NC_045512.2	4390	G	C	29014	20685	52	2	2	27	6.89275e-05	29016	1	FALSE	NA	NA	NA	NA	NA	NA
NC_045512.2	4391	C	T	29155	20847	52	9	8	44	0.000308589	29165	0.0327024	FALSE	NA	NA	NA	NA	NA	NA
NC_045512.2	4391	C	A	29155	20847	52	1	0	26	3.42877e-05	29165	1	FALSE	NA	NA	NA	NA	NA	NA
NC_045512.2	4392	G	T	29153	20846	52	1	0	34	3.42971e-05	29157	1	FALSE	NA	NA	NA	NA	NA	NA
NC_045512.2	4392	G	C	29153	20846	52	3	3	29	0.000102891	29157	1	FALSE	NA	NA	NA	NA	NA	NA
NC_045512.2	4393	A	T	28896	20568	52	1	1	27	3.45985e-05	28903	1	FALSE	NA	NA	NA	NA	NA	NA
NC_045512.2	4393	A	C	28896	20568	52	6	6	31	0.000207591	28903	0.999981	FALSE	NA	NA	NA	NA	NA	NA
NC_045512.2	4394	G	T	29065	20733	52	1	1	26	3.43974e-05	29072	1	FALSE	NA	NA	NA	NA	NA	NA
NC_045512.2	4394	G	C	29065	20733	52	4	4	30	0.000137589	29072	0.999999	FALSE	NA	NA	NA	NA	NA	NA
NC_045512.2	4394	G	A	29065	20733	52	2	1	68	6.87947e-05	29072	0.249961	FALSE	NA	NA	NA	NA	NA	NA
NC_045512.2	4395	A	T	28990	21054	46	1	1	26	3.44863e-05	28997	1	FALSE	NA	NA	NA	NA	NA	NA
NC_045512.2	4395	A	G	28990	21054	46	4	3	41	0.000137945	28997	0.34371	FALSE	NA	NA	NA	NA	NA	NA
NC_045512.2	4395	A	C	28990	21054	46	2	2	27	6.89727e-05	28997	1	FALSE	NA	NA	NA	NA	NA	NA
NC_045512.2	4396	A	G	29056	21179	51	1	1	34	3.44151e-05	29057	1	FALSE	NA	NA	NA	NA	NA	NA
NC_045512.2	4397	A	G	29039	21319	51	4	3	49	0.000137727	29043	0.343758	FALSE	NA	NA	NA	NA	NA	NA
NC_045512.2	4398	T	C	28990	21311	51	1	1	34	3.44923e-05	28992	1	FALSE	NA	NA	NA	NA	NA	NA
NC_045512.2	4398	T	A	28990	21311	51	1	1	34	3.44923e-05	28992	1	FALSE	NA	NA	NA	NA	NA	NA
NC_045512.2	4399	G	T	28938	21266	51	1	1	26	3.45495e-05	28944	1	FALSE	NA	NA	NA	NA	NA	NA
NC_045512.2	4399	G	C	28938	21266	51	4	4	34	0.000138198	28944	0.999999	FALSE	NA	NA	NA	NA	NA	NA
NC_045512.2	4399	G	A	28938	21266	51	1	0	68	3.45495e-05	28944	0.499965	FALSE	NA	NA	NA	NA	NA	NA
NC_045512.2	4400	C	T	28983	21410	50	2	1	49	6.90012e-05	28985	0.687519	FALSE	NA	NA	NA	NA	NA	NA
NC_045512.2	4400	C	-T	28983	21410	50	1	0	20	3.45006e-05	28985	1	FALSE	NA	NA	NA	NA	NA	NA
NC_045512.2	4401	T	C	28989	21378	51	3	3	42	0.000103473	28993	0.499984	FALSE	NA	NA	NA	NA	NA	NA
NC_045512.2	4401	T	A	28989	21378	51	1	1	34	3.44911e-05	28993	1	FALSE	NA	NA	NA	NA	NA	NA
NC_045512.2	4402	T	C	28858	21243	51	8	6	51	0.000277133	28867	0.00390436	TRUE	NA	NA	NA	NA	NA	NA
NC_045512.2	4402	T	A	28858	21243	51	1	1	34	3.46416e-05	28867	1	FALSE	NA	NA	NA	NA	NA	NA
NC_045512.2	4403	G	T	28803	21230	51	2	1	47	6.943e-05	28806	0.687507	FALSE	NA	NA	NA	NA	NA	NA
NC_045512.2	4403	G	C	28803	21230	51	1	1	27	3.4715e-05	28806	1	FALSE	NA	NA	NA	NA	NA	NA
NC_045512.2	4404	C	T	28901	21345	50	3	3	56	0.000103785	28906	0.124987	FALSE	NA	NA	NA	NA	NA	NA
NC_045512.2	4404	C	A	28901	21345	50	2	0	23	6.91898e-05	28906	1	FALSE	NA	NA	NA	NA	NA	NA
NC_045512.2	4405	A	T	28837	21306	50	3	3	28	0.000104022	28840	1	FALSE	NA	NA	NA	NA	NA	NA
NC_045512.2	4406	C	T	28695	21549	50	3	3	34	0.000104537	28698	1	FALSE	NA	NA	NA	NA	NA	NA
NC_045512.2	4407	A	G	27619	20596	50	4	0	59	0.000144802	27624	0.0624932	FALSE	NA	NA	NA	NA	NA	NA
NC_045512.2	4407	A	C	27619	20596	50	1	1	34	3.62004e-05	27624	1	FALSE	NA	NA	NA	NA	NA	NA
NC_045512.2	4408	T	C	27322	20310	50	1	1	34	3.65992e-05	27323	1	FALSE	NA	NA	NA	NA	NA	NA
NC_045512.2	4409	G	T	27220	20233	50	2	2	30	7.34592e-05	27226	1	FALSE	NA	NA	NA	NA	NA	NA
NC_045512.2	4409	G	C	27220	20233	50	2	2	30	7.34592e-05	27226	1	FALSE	NA	NA	NA	NA	NA	NA
NC_045512.2	4409	G	A	27220	20233	50	2	1	51	7.34592e-05	27226	0.249968	FALSE	NA	NA	NA	NA	NA	NA
NC_045512.2	4410	C	A	27289	20309	50	1	1	34	3.66435e-05	27290	1	FALSE	NA	NA	NA	NA	NA	NA
NC_045512.2	4411	A	G	27109	20149	50	2	1	60	7.37708e-05	27111	0.250005	FALSE	NA	NA	NA	NA	NA	NA
NC_045512.2	4412	G	C	27115	20661	49	2	2	34	7.3749e-05	27119	1	FALSE	NA	NA	NA	NA	NA	NA
NC_045512.2	4412	G	A	27115	20661	49	2	2	29	7.3749e-05	27119	1	FALSE	NA	NA	NA	NA	NA	NA
NC_045512.2	4413	A	G	27028	20674	49	4	3	49	0.000147973	27032	0.343759	FALSE	NA	NA	NA	NA	NA	NA
NC_045512.2	4414	A	G	27060	20867	48	1	0	24	3.69535e-05	27061	1	FALSE	NA	NA	NA	NA	NA	NA
NC_045512.2	4415	G	C	26932	20742	48	3	3	34	0.000111379	26935	0.999999	FALSE	NA	NA	NA	NA	NA	NA
NC_045512.2	4416	A	T	26838	20675	46	1	0	46	3.72564e-05	26841	0.875	FALSE	NA	NA	NA	NA	NA	NA
NC_045512.2	4416	A	G	26838	20675	46	2	2	51	7.45129e-05	26841	0.249995	FALSE	NA	NA	NA	NA	NA	NA
NC_045512.2	4417	A	T	26689	20519	48	1	1	34	3.7463e-05	26693	1	FALSE	NA	NA	NA	NA	NA	NA
NC_045512.2	4417	A	G	26689	20519	48	3	2	45	0.000112389	26693	0.5	FALSE	NA	NA	NA	NA	NA	NA
NC_045512.2	4418	A	G	26698	20558	48	2	1	24	7.49064e-05	26700	1	FALSE	NA	NA	NA	NA	NA	NA
NC_045512.2	4419	C	T	26560	20460	48	3	3	31	0.000112939	26563	0.999999	FALSE	NA	NA	NA	NA	NA	NA
NC_045512.2	4420	A	T	26264	20132	48	2	2	30	7.61441e-05	26266	1	FALSE	NA	NA	NA	NA	NA	NA
NC_045512.2	4421	C	T	25874	20539	47	1	1	68	3.86473e-05	25875	0.50001	FALSE	NA	NA	NA	NA	NA	NA
NC_045512.2	4422	G	T	25603	20283	46	2	2	30	7.81036e-05	25607	1	FALSE	NA	NA	NA	NA	NA	NA
NC_045512.2	4422	G	A	25603	20283	46	2	1	51	7.81036e-05	25607	0.249985	FALSE	NA	NA	NA	NA	NA	NA
NC_045512.2	4423	C	T	25785	20547	47	1	1	34	3.87777e-05	25788	1	FALSE	NA	NA	NA	NA	NA	NA
NC_045512.2	4423	C	G	25785	20547	47	1	0	27	3.87777e-05	25788	1	FALSE	NA	NA	NA	NA	NA	NA
NC_045512.2	4423	C	A	25785	20547	47	1	1	34	3.87777e-05	25788	1	FALSE	NA	NA	NA	NA	NA	NA
NC_045512.2	4424	A	G	25683	20444	46	4	3	51	0.000155721	25687	0.0624976	FALSE	NA	NA	NA	NA	NA	NA
NC_045512.2	4425	A	G	25516	20270	46	1	1	34	3.91896e-05	25517	1	FALSE	NA	NA	NA	NA	NA	NA
NC_045512.2	4426	A	T	25694	20718	42	1	1	34	3.89181e-05	25695	1	FALSE	NA	NA	NA	NA	NA	NA
NC_045512.2	4427	T	C	23265	18219	45	1	1	34	4.29812e-05	23266	1	FALSE	NA	NA	NA	NA	NA	NA
NC_045512.2	4428	T	C	25337	20712	44	1	1	34	3.94617e-05	25341	1	FALSE	NA	NA	NA	NA	NA	NA
NC_045512.2	4428	T	A	25337	20712	44	3	1	29	0.000118385	25341	1	FALSE	NA	NA	NA	NA	NA	NA
NC_045512.2	4429	A	T	25210	21453	42	1	1	34	3.96589e-05	25215	1	FALSE	NA	NA	NA	NA	NA	NA
NC_045512.2	4429	A	G	25210	21453	42	4	4	34	0.000158636	25215	0.999992	FALSE	NA	NA	NA	NA	NA	NA
NC_045512.2	4430	A	T	25496	21738	43	1	1	26	3.92188e-05	25498	1	FALSE	NA	NA	NA	NA	NA	NA
NC_045512.2	4430	A	G	25496	21738	43	1	0	38	3.92188e-05	25498	1	FALSE	NA	NA	NA	NA	NA	NA
NC_045512.2	4431	T	C	25559	22463	41	2	2	40	7.82442e-05	25561	0.687522	FALSE	NA	NA	NA	NA	NA	NA
NC_045512.2	4432	G	T	25338	22257	41	3	3	34	0.000118367	25345	0.999998	FALSE	NA	NA	NA	NA	NA	NA
NC_045512.2	4432	G	C	25338	22257	41	1	1	68	3.94555e-05	25345	0.499951	FALSE	NA	NA	NA	NA	NA	NA
NC_045512.2	4432	G	A	25338	22257	41	3	2	45	0.000118367	25345	0.499945	FALSE	NA	NA	NA	NA	NA	NA
NC_045512.2	4433	C	T	25349	22340	41	7	7	31	0.000276069	25356	0.999734	FALSE	NA	NA	NA	NA	NA	NA
NC_045512.2	4434	C	T	23478	21708	38	1	1	60	4.25894e-05	23480	0.5	FALSE	NA	NA	NA	NA	NA	NA
NC_045512.2	4434	C	G	23478	21708	38	1	1	27	4.25894e-05	23480	1	FALSE	NA	NA	NA	NA	NA	NA
NC_045512.2	4435	T	G	21640	19933	38	3	3	34	0.0001386	21645	0.999982	FALSE	NA	NA	NA	NA	NA	NA
NC_045512.2	4435	T	C	21640	19933	38	1	0	68	4.62e-05	21645	0.499965	FALSE	NA	NA	NA	NA	NA	NA
NC_045512.2	4435	T	A	21640	19933	38	1	1	26	4.62e-05	21645	1	FALSE	NA	NA	NA	NA	NA	NA
NC_045512.2	4436	G	A	21960	20247	38	1	1	34	4.55353e-05	21961	1	FALSE	NA	NA	NA	NA	NA	NA
NC_045512.2	4437	T	C	22040	20343	38	1	1	34	4.53679e-05	22042	1	FALSE	NA	NA	NA	NA	NA	NA
NC_045512.2	4437	T	A	22040	20343	38	1	1	26	4.53679e-05	22042	1	FALSE	NA	NA	NA	NA	NA	NA
NC_045512.2	4439	T	C	21485	19836	38	1	0	24	4.65376e-05	21488	1	FALSE	NA	NA	NA	NA	NA	NA
NC_045512.2	4439	T	A	21485	19836	38	2	2	30	9.30752e-05	21488	0.999997	FALSE	NA	NA	NA	NA	NA	NA
NC_045512.2	4440	G	A	21445	19801	38	1	1	34	4.66287e-05	21446	1	FALSE	NA	NA	NA	NA	NA	NA
NC_045512.2	4441	T	C	21005	19353	38	2	2	34	9.52064e-05	21007	0.999997	FALSE	NA	NA	NA	NA	NA	NA
NC_045512.2	4442	G	A	21100	19473	38	2	2	34	9.47777e-05	21102	0.999997	FALSE	NA	NA	NA	NA	NA	NA
NC_045512.2	4443	T	C	20977	19354	38	1	1	34	4.7669e-05	20978	1	FALSE	NA	NA	NA	NA	NA	NA
NC_045512.2	4444	G	T	20835	19334	38	1	1	34	4.79939e-05	20836	1	FALSE	NA	NA	NA	NA	NA	NA
NC_045512.2	4445	G	A	20810	19327	38	2	2	40	9.60984e-05	20812	0.687527	FALSE	NA	NA	NA	NA	NA	NA
NC_045512.2	4447	A	G	20706	19228	38	4	4	34	0.000193143	20710	0.999862	FALSE	NA	NA	NA	NA	NA	NA
NC_045512.2	4448	A	G	20711	19270	37	2	2	51	9.65577e-05	20713	0.250006	FALSE	NA	NA	NA	NA	NA	NA
NC_045512.2	4451	A	T	20006	18686	38	1	1	34	4.998e-05	20008	1	FALSE	NA	NA	NA	NA	NA	NA
NC_045512.2	4451	A	G	20006	18686	38	1	1	34	4.998e-05	20008	1	FALSE	NA	NA	NA	NA	NA	NA
NC_045512.2	4452	A	T	20022	18735	37	4	4	30	0.00019972	20028	0.999862	FALSE	NA	NA	NA	NA	NA	NA
NC_045512.2	4452	A	G	20022	18735	37	2	2	34	9.98602e-05	20028	0.999995	FALSE	NA	NA	NA	NA	NA	NA
NC_045512.2	4453	A	G	19989	18702	37	3	3	28	0.00015006	19992	1	FALSE	NA	NA	NA	NA	NA	NA
NC_045512.2	4454	G	T	19892	18608	37	2	2	34	0.000100533	19894	0.99999	FALSE	NA	NA	NA	NA	NA	NA
NC_045512.2	4760	G	C	6302	1278	33	1	1	34	0.000158655	6303	0.992205	FALSE	NA	NA	NA	NA	NA	NA
NC_045512.2	4761	A	G	5934	1289	33	1	0	34	0.000168492	5935	0.984403	FALSE	NA	NA	NA	NA	NA	NA
NC_045512.2	4762	A	T	6528	1323	34	1	0	26	0.000153139	6530	1	FALSE	NA	NA	NA	NA	NA	NA
NC_045512.2	4762	A	G	6528	1323	34	1	0	34	0.000153139	6530	0.9922	FALSE	NA	NA	NA	NA	NA	NA
NC_045512.2	4763	C	T	6592	1346	34	2	1	34	0.00030326	6595	0.964885	FALSE	NA	NA	NA	NA	NA	NA
NC_045512.2	4763	C	G	6592	1346	34	1	0	34	0.00015163	6595	0.992196	FALSE	NA	NA	NA	NA	NA	NA
NC_045512.2	4768	T	C	6590	1252	34	1	0	34	0.000151722	6591	0.992204	FALSE	NA	NA	NA	NA	NA	NA
NC_045512.2	4770	T	A	7182	1406	35	1	0	34	0.000139218	7183	0.996104	FALSE	NA	NA	NA	NA	NA	NA
NC_045512.2	4774	A	T	7407	1625	36	1	0	34	0.000134953	7410	0.996099	FALSE	NA	NA	NA	NA	NA	NA
NC_045512.2	4774	A	G	7407	1625	36	2	0	51	0.000269906	7410	0.249983	FALSE	NA	NA	NA	NA	NA	NA
NC_045512.2	4776	C	G	8065	1687	37	1	0	34	0.000123977	8066	0.998052	FALSE	NA	NA	NA	NA	NA	NA
NC_045512.2	4777	C	G	8310	1733	37	1	0	34	0.000120265	8315	0.998048	FALSE	NA	NA	NA	NA	NA	NA
NC_045512.2	4777	C	A	8310	1733	37	4	0	32	0.000481058	8315	0.927075	FALSE	NA	NA	NA	NA	NA	NA
NC_045512.2	4780	C	T	8373	1784	37	2	0	34	0.000238806	8375	0.989281	FALSE	NA	NA	NA	NA	NA	NA
NC_045512.2	4781	T	C	8427	1768	37	1	0	34	0.000118652	8428	0.998052	FALSE	NA	NA	NA	NA	NA	NA
NC_045512.2	4784	C	T	8969	1856	37	2	1	34	0.000222941	8971	0.98928	FALSE	NA	NA	NA	NA	NA	NA
NC_045512.2	4785	T	G	8856	1778	37	1	0	26	0.000112905	8857	1	FALSE	NA	NA	NA	NA	NA	NA
NC_045512.2	4786	T	G	9098	1870	37	1	0	34	0.00010989	9100	0.999026	FALSE	NA	NA	NA	NA	NA	NA
NC_045512.2	4786	T	C	9098	1870	37	1	0	34	0.00010989	9100	0.999026	FALSE	NA	NA	NA	NA	NA	NA
NC_045512.2	4788	C	T	9091	2070	39	2	0	34	0.000219853	9097	0.994144	FALSE	NA	NA	NA	NA	NA	NA
NC_045512.2	4788	C	G	9091	2070	39	4	1	34	0.000439705	9097	0.953896	FALSE	NA	NA	NA	NA	NA	NA
NC_045512.2	4789	T	C	9201	2138	39	1	0	34	0.000108672	9202	0.999026	FALSE	NA	NA	NA	NA	NA	NA
NC_045512.2	4790	G	T	9216	2133	39	1	0	34	0.00010846	9220	0.999025	FALSE	NA	NA	NA	NA	NA	NA
NC_045512.2	4790	G	A	9216	2133	39	3	1	34	0.00032538	9220	0.980743	FALSE	NA	NA	NA	NA	NA	NA
NC_045512.2	4792	T	C	9219	2075	39	3	2	49	0.000325309	9222	0.125	FALSE	NA	NA	NA	NA	NA	NA
NC_045512.2	4794	C	G	9448	2164	39	1	0	34	0.000105831	9449	0.999026	FALSE	NA	NA	NA	NA	NA	NA
NC_045512.2	4795	C	T	9962	2217	39	2	0	34	0.000200662	9967	0.994146	FALSE	NA	NA	NA	NA	NA	NA
NC_045512.2	4795	C	G	9962	2217	39	1	0	34	0.000100331	9967	0.999024	FALSE	NA	NA	NA	NA	NA	NA
NC_045512.2	4795	C	A	9962	2217	39	2	0	34	0.000200662	9967	0.994146	FALSE	NA	NA	NA	NA	NA	NA
NC_045512.2	4796	T	C	10025	2217	39	1	1	68	9.97407e-05	10026	0.500025	FALSE	NA	NA	NA	NA	NA	NA
NC_045512.2	4797	A	T	10056	2224	39	1	0	34	9.94135e-05	10059	0.999513	FALSE	NA	NA	NA	NA	NA	NA
NC_045512.2	4797	A	G	10056	2224	39	1	0	34	9.94135e-05	10059	0.999513	FALSE	NA	NA	NA	NA	NA	NA
NC_045512.2	4797	A	C	10056	2224	39	1	0	34	9.94135e-05	10059	0.999513	FALSE	NA	NA	NA	NA	NA	NA
NC_045512.2	4799	A	G	9722	2263	38	5	1	32	0.000514033	9727	0.910327	FALSE	NA	NA	NA	NA	NA	NA
NC_045512.2	4800	A	G	10108	2286	39	1	0	34	9.8912e-05	10110	0.999513	FALSE	NA	NA	NA	NA	NA	NA
NC_045512.2	4800	A	C	10108	2286	39	1	1	34	9.8912e-05	10110	0.999513	FALSE	NA	NA	NA	NA	NA	NA
NC_045512.2	4801	A	T	10077	2255	39	1	0	34	9.9226e-05	10078	0.999513	FALSE	NA	NA	NA	NA	NA	NA
NC_045512.2	4803	A	G	10364	2287	39	3	0	34	0.00028938	10367	0.988795	FALSE	NA	NA	NA	NA	NA	NA
NC_045512.2	4804	T	G	10713	2322	40	2	0	34	0.000186654	10715	0.996834	FALSE	NA	NA	NA	NA	NA	NA
NC_045512.2	4805	T	C	10660	2353	40	2	0	30	0.000187582	10662	0.996834	FALSE	NA	NA	NA	NA	NA	NA
NC_045512.2	4806	G	A	10733	2315	39	1	1	38	9.31619e-05	10734	0.999513	FALSE	NA	NA	NA	NA	NA	NA
NC_045512.2	4807	G	C	13275	2460	39	1	1	26	7.53239e-05	13276	1	FALSE	NA	NA	NA	NA	NA	NA
NC_045512.2	4808	T	G	13378	2469	39	3	0	34	0.000224048	13390	0.997907	FALSE	NA	NA	NA	NA	NA	NA
NC_045512.2	4808	T	C	13378	2469	39	3	0	34	0.000224048	13390	0.997907	FALSE	NA	NA	NA	NA	NA	NA
NC_045512.2	4808	T	A	13378	2469	39	6	0	31	0.000448096	13390	0.968204	FALSE	NA	NA	NA	NA	NA	NA
NC_045512.2	4809	C	T	13328	2440	39	1	0	26	7.50188e-05	13330	1	FALSE	NA	NA	NA	NA	NA	NA
NC_045512.2	4809	C	G	13328	2440	39	1	0	34	7.50188e-05	13330	0.999939	FALSE	NA	NA	NA	NA	NA	NA
NC_045512.2	4810	C	G	12952	2477	39	1	0	34	7.72022e-05	12953	0.999878	FALSE	NA	NA	NA	NA	NA	NA
NC_045512.2	4811	T	C	13313	2435	39	1	0	26	7.51089e-05	13314	1	FALSE	NA	NA	NA	NA	NA	NA
NC_045512.2	4812	A	T	15478	2625	38	1	0	34	6.45953e-05	15481	0.999985	FALSE	NA	NA	NA	NA	NA	NA
NC_045512.2	4812	A	G	15478	2625	38	2	1	34	0.000129191	15481	0.999863	FALSE	NA	NA	NA	NA	NA	NA
NC_045512.2	4813	T	G	15838	2661	39	2	0	30	0.000126191	15849	0.999863	FALSE	NA	NA	NA	NA	NA	NA
NC_045512.2	4813	T	C	15838	2661	39	4	2	30	0.000252382	15849	0.997787	FALSE	NA	NA	NA	NA	NA	NA
NC_045512.2	4813	T	A	15838	2661	39	5	2	32	0.000315477	15849	0.994092	FALSE	NA	NA	NA	NA	NA	NA
NC_045512.2	4814	T	C	15910	2663	39	4	1	32	0.000251304	15917	0.997791	FALSE	NA	NA	NA	NA	NA	NA
NC_045512.2	4814	T	A	15910	2663	39	3	2	34	0.000188478	15917	0.999345	FALSE	NA	NA	NA	NA	NA	NA
NC_045512.2	4815	C	G	15833	2802	39	2	0	34	0.000126302	15835	0.999863	FALSE	NA	NA	NA	NA	NA	NA
NC_045512.2	4816	T	C	15855	2777	39	1	1	26	6.30636e-05	15857	1	FALSE	NA	NA	NA	NA	NA	NA
NC_045512.2	4816	T	A	15855	2777	39	1	0	34	6.30636e-05	15857	0.999985	FALSE	NA	NA	NA	NA	NA	NA
NC_045512.2	4817	G	C	16169	2841	40	1	1	26	6.18391e-05	16171	1	FALSE	NA	NA	NA	NA	NA	NA
NC_045512.2	4817	G	A	16169	2841	40	1	0	34	6.18391e-05	16171	0.999992	FALSE	NA	NA	NA	NA	NA	NA
NC_045512.2	4818	G	C	16165	2860	40	1	1	26	6.18506e-05	16168	1	FALSE	NA	NA	NA	NA	NA	NA
NC_045512.2	4818	G	A	16165	2860	40	2	0	30	0.000123701	16168	0.999928	FALSE	NA	NA	NA	NA	NA	NA
NC_045512.2	4819	A	T	16299	2876	40	2	0	34	0.000122684	16302	0.999928	FALSE	NA	NA	NA	NA	NA	NA
NC_045512.2	4819	A	G	16299	2876	40	1	0	34	6.13422e-05	16302	0.999992	FALSE	NA	NA	NA	NA	NA	NA
NC_045512.2	4820	C	G	16201	2961	40	1	0	34	6.17208e-05	16202	0.999992	FALSE	NA	NA	NA	NA	NA	NA
NC_045512.2	4820	C	-A	16201	2961	40	1	0	20	6.17208e-05	16202	1	FALSE	NA	NA	NA	NA	NA	NA
NC_045512.2	4821	A	T	16227	2970	40	1	1	24	6.15991e-05	16234	1	FALSE	NA	NA	NA	NA	NA	NA
NC_045512.2	4821	A	G	16227	2970	40	6	1	39	0.000369595	16234	0.991565	FALSE	NA	NA	NA	NA	NA	NA
NC_045512.2	4822	A	T	16725	2998	40	2	0	34	0.000119546	16730	0.999928	FALSE	NA	NA	NA	NA	NA	NA
NC_045512.2	4822	A	G	16725	2998	40	3	2	34	0.000179319	16730	0.999637	FALSE	NA	NA	NA	NA	NA	NA
NC_045512.2	4823	T	G	16513	3165	40	1	0	34	6.05437e-05	16517	0.999992	FALSE	NA	NA	NA	NA	NA	NA
NC_045512.2	4823	T	C	16513	3165	40	2	1	34	0.000121087	16517	0.999928	FALSE	NA	NA	NA	NA	NA	NA
NC_045512.2	4823	T	A	16513	3165	40	1	0	34	6.05437e-05	16517	0.999992	FALSE	NA	NA	NA	NA	NA	NA
NC_045512.2	4824	C	T	17366	3854	43	1	0	34	5.75672e-05	17371	0.999996	FALSE	NA	NA	NA	NA	NA	NA
NC_045512.2	4824	C	G	17366	3854	43	2	0	30	0.000115134	17371	0.999962	FALSE	NA	NA	NA	NA	NA	NA
NC_045512.2	4824	C	A	17366	3854	43	2	0	30	0.000115134	17371	0.999962	FALSE	NA	NA	NA	NA	NA	NA
NC_045512.2	4825	T	A	17407	4140	44	4	1	32	0.00022974	17411	0.999258	FALSE	NA	NA	NA	NA	NA	NA
NC_045512.2	4826	A	G	17324	4113	43	4	0	45	0.00023084	17328	0.1875	FALSE	NA	NA	NA	NA	NA	NA
NC_045512.2	4827	C	G	17481	4185	44	2	0	34	0.000114397	17483	0.999962	FALSE	NA	NA	NA	NA	NA	NA
NC_045512.2	4828	A	T	17418	4198	44	2	0	30	0.000114797	17422	0.999962	FALSE	NA	NA	NA	NA	NA	NA
NC_045512.2	4828	A	G	17418	4198	44	2	0	43	0.000114797	17422	0.499978	FALSE	NA	NA	NA	NA	NA	NA
NC_045512.2	4828	A	+C	17418	4198	44	2	0	20	0.000114797	17422	1	FALSE	NA	NA	NA	NA	NA	NA
NC_045512.2	4829	C	G	18236	4240	44	2	0	34	0.000109661	18238	0.99998	FALSE	NA	NA	NA	NA	NA	NA
NC_045512.2	4830	A	T	18260	4308	44	2	0	34	0.000109511	18263	0.99998	FALSE	NA	NA	NA	NA	NA	NA
NC_045512.2	4830	A	G	18260	4308	44	1	0	34	5.47555e-05	18263	0.999998	FALSE	NA	NA	NA	NA	NA	NA
NC_045512.2	4831	A	T	18666	4350	44	2	0	26	0.000107135	18668	1	FALSE	NA	NA	NA	NA	NA	NA
NC_045512.2	4832	C	G	18740	4365	44	2	0	34	0.000106707	18743	0.99998	FALSE	NA	NA	NA	NA	NA	NA
NC_045512.2	4832	C	A	18740	4365	44	1	0	34	5.33533e-05	18743	0.999998	FALSE	NA	NA	NA	NA	NA	NA
NC_045512.2	4833	T	C	18652	4740	45	1	0	24	5.36049e-05	18655	1	FALSE	NA	NA	NA	NA	NA	NA
NC_045512.2	4833	T	A	18652	4740	45	2	1	26	0.00010721	18655	1	FALSE	NA	NA	NA	NA	NA	NA
NC_045512.2	4834	A	T	18650	4911	45	2	1	30	0.000107227	18652	0.99998	FALSE	NA	NA	NA	NA	NA	NA
NC_045512.2	4835	G	T	18914	4912	45	1	1	27	5.28625e-05	18917	1	FALSE	NA	NA	NA	NA	NA	NA
NC_045512.2	4835	G	C	18914	4912	45	2	2	30	0.000105725	18917	0.99998	FALSE	NA	NA	NA	NA	NA	NA
NC_045512.2	4837	T	G	20342	5162	46	1	0	34	4.91497e-05	20346	1	FALSE	NA	NA	NA	NA	NA	NA
NC_045512.2	4837	T	A	20342	5162	46	3	0	26	0.000147449	20346	1	FALSE	NA	NA	NA	NA	NA	NA
NC_045512.2	4838	A	G	20410	5288	46	1	1	24	4.89932e-05	20411	1	FALSE	NA	NA	NA	NA	NA	NA
NC_045512.2	4839	T	C	20452	5280	46	2	0	64	9.77804e-05	20454	0.250006	FALSE	NA	NA	NA	NA	NA	NA
NC_045512.2	4840	A	G	20021	5298	46	1	0	34	4.99451e-05	20022	1	FALSE	NA	NA	NA	NA	NA	NA
NC_045512.2	4841	G	A	20441	5294	46	1	1	38	4.89189e-05	20442	1	FALSE	NA	NA	NA	NA	NA	NA
NC_045512.2	4842	A	T	20195	5432	46	2	1	25	9.90099e-05	20200	1	FALSE	NA	NA	NA	NA	NA	NA
NC_045512.2	4842	A	G	20195	5432	46	3	0	56	0.000148515	20200	0.124981	FALSE	NA	NA	NA	NA	NA	NA
NC_045512.2	4843	A	T	20471	5654	47	1	0	27	4.88472e-05	20472	1	FALSE	NA	NA	NA	NA	NA	NA
NC_045512.2	4844	T	C	20479	5648	47	2	0	34	9.76515e-05	20481	0.999995	FALSE	NA	NA	NA	NA	NA	NA
NC_045512.2	4845	T	A	20443	5755	48	2	1	24	9.78234e-05	20445	1	FALSE	NA	NA	NA	NA	NA	NA
NC_045512.2	4846	T	C	20527	5648	46	3	1	56	0.000146121	20531	0.124991	FALSE	NA	NA	NA	NA	NA	NA
NC_045512.2	4846	T	A	20527	5648	46	1	0	26	4.87068e-05	20531	1	FALSE	NA	NA	NA	NA	NA	NA
NC_045512.2	4847	C	G	20796	5792	47	1	0	34	4.80839e-05	20797	1	FALSE	NA	NA	NA	NA	NA	NA
NC_045512.2	4847	C	-T	20796	5792	47	1	0	20	4.80839e-05	20797	1	FALSE	NA	NA	NA	NA	NA	NA
NC_045512.2	4849	T	C	20885	5825	47	1	1	68	4.78767e-05	20887	0.5	FALSE	NA	NA	NA	NA	NA	NA
NC_045512.2	4849	T	A	20885	5825	47	1	0	27	4.78767e-05	20887	1	FALSE	NA	NA	NA	NA	NA	NA
NC_045512.2	4850	A	G	20639	6435	49	1	1	68	4.84496e-05	20640	0.500012	FALSE	NA	NA	NA	NA	NA	NA
NC_045512.2	4851	A	T	20759	6684	50	1	1	68	4.81649e-05	20762	0.499988	FALSE	NA	NA	NA	NA	NA	NA
NC_045512.2	4851	A	G	20759	6684	50	2	0	24	9.63298e-05	20762	1	FALSE	NA	NA	NA	NA	NA	NA
NC_045512.2	4853	A	G	20124	6690	48	2	1	43	9.93739e-05	20126	0.687528	FALSE	NA	NA	NA	NA	NA	NA
NC_045512.2	4855	A	T	20196	6669	48	2	1	29	9.89952e-05	20203	1	FALSE	NA	NA	NA	NA	NA	NA
NC_045512.2	4855	A	G	20196	6669	48	4	2	44	0.00019799	20203	0.343692	FALSE	NA	NA	NA	NA	NA	NA
NC_045512.2	4855	A	C	20196	6669	48	1	0	34	4.94976e-05	20203	1	FALSE	NA	NA	NA	NA	NA	NA
NC_045512.2	4856	G	C	21552	6764	50	2	0	34	9.27902e-05	21554	0.999997	FALSE	NA	NA	NA	NA	NA	NA
NC_045512.2	4857	G	T	21650	6819	50	1	0	24	4.61808e-05	21654	1	FALSE	NA	NA	NA	NA	NA	NA
NC_045512.2	4857	G	C	21650	6819	50	2	1	30	9.23617e-05	21654	0.999997	FALSE	NA	NA	NA	NA	NA	NA
NC_045512.2	4857	G	A	21650	6819	50	1	0	34	4.61808e-05	21654	1	FALSE	NA	NA	NA	NA	NA	NA
NC_045512.2	4858	T	G	21853	6892	50	1	1	24	4.57561e-05	21855	1	FALSE	NA	NA	NA	NA	NA	NA
NC_045512.2	4858	T	C	21853	6892	50	1	0	34	4.57561e-05	21855	1	FALSE	NA	NA	NA	NA	NA	NA
NC_045512.2	4858	T	+CCGCCCC	21853	6892	50	1	0	20	4.57561e-05	21855	1	FALSE	NA	NA	NA	NA	NA	NA
NC_045512.2	4859	G	-ATAAAAG	21962	6922	50	1	0	20	4.55332e-05	21962	1	FALSE	NA	NA	NA	NA	NA	NA
NC_045512.2	4862	A	T	21767	6957	50	3	2	39	0.000137798	21771	0.999982	FALSE	NA	NA	NA	NA	NA	NA
NC_045512.2	4862	A	G	21767	6957	50	1	0	34	4.59327e-05	21771	1	FALSE	NA	NA	NA	NA	NA	NA
NC_045512.2	4863	A	G	22077	6985	50	4	1	32	0.000181151	22081	0.999956	FALSE	NA	NA	NA	NA	NA	NA
NC_045512.2	4865	A	T	22155	6966	51	1	1	34	4.51284e-05	22159	1	FALSE	NA	NA	NA	NA	NA	NA
NC_045512.2	4865	A	G	22155	6966	51	3	1	46	0.000135385	22159	0.499979	FALSE	NA	NA	NA	NA	NA	NA
NC_045512.2	4866	G	T	22713	7067	50	1	1	20	4.40238e-05	22715	1	FALSE	NA	NA	NA	NA	NA	NA
NC_045512.2	4866	G	A	22713	7067	50	1	0	68	4.40238e-05	22715	0.499989	FALSE	NA	NA	NA	NA	NA	NA
NC_045512.2	4867	T	C	22501	7168	50	1	0	34	4.44326e-05	22506	1	FALSE	NA	NA	NA	NA	NA	NA
NC_045512.2	4867	T	A	22501	7168	50	4	0	25	0.00017773	22506	1	FALSE	NA	NA	NA	NA	NA	NA
NC_045512.2	4868	G	A	23213	7231	50	2	0	51	8.61512e-05	23215	0.250005	FALSE	NA	NA	NA	NA	NA	NA
NC_045512.2	4869	T	G	23183	7239	50	1	0	34	4.31276e-05	23187	1	FALSE	NA	NA	NA	NA	NA	NA
NC_045512.2	4869	T	A	23183	7239	50	3	0	31	0.000129383	23187	0.999995	FALSE	NA	NA	NA	NA	NA	NA
NC_045512.2	4870	A	T	24394	8018	52	1	0	26	4.09903e-05	24396	1	FALSE	NA	NA	NA	NA	NA	NA
NC_045512.2	4870	A	C	24394	8018	52	1	1	27	4.09903e-05	24396	1	FALSE	NA	NA	NA	NA	NA	NA
NC_045512.2	4871	T	C	24166	7756	48	3	1	40	0.000124111	24172	0.499961	FALSE	NA	NA	NA	NA	NA	NA
NC_045512.2	4871	T	A	24166	7756	48	3	2	27	0.000124111	24172	1	FALSE	NA	NA	NA	NA	NA	NA
NC_045512.2	4872	A	T	24201	8082	52	1	1	34	4.13155e-05	24204	1	FALSE	NA	NA	NA	NA	NA	NA
NC_045512.2	4872	A	G	24201	8082	52	2	0	34	8.2631e-05	24204	1	FALSE	NA	NA	NA	NA	NA	NA
NC_045512.2	4873	T	C	24481	8104	51	3	2	31	0.000122529	24484	0.999997	FALSE	NA	NA	NA	NA	NA	NA
NC_045512.2	4874	T	C	24367	8109	52	3	0	42	0.000123092	24372	0.499981	FALSE	NA	NA	NA	NA	NA	NA
NC_045512.2	4874	T	A	24367	8109	52	2	0	27	8.20614e-05	24372	1	FALSE	NA	NA	NA	NA	NA	NA
NC_045512.2	4875	A	T	23908	8040	52	1	1	20	4.182e-05	23912	1	FALSE	NA	NA	NA	NA	NA	NA
NC_045512.2	4875	A	G	23908	8040	52	2	0	57	8.364e-05	23912	0.249984	FALSE	NA	NA	NA	NA	NA	NA
NC_045512.2	4875	A	C	23908	8040	52	1	1	27	4.182e-05	23912	1	FALSE	NA	NA	NA	NA	NA	NA
NC_045512.2	4876	C	T	24235	8078	52	2	0	29	8.25083e-05	24240	1	FALSE	NA	NA	NA	NA	NA	NA
NC_045512.2	4876	C	G	24235	8078	52	1	0	34	4.12541e-05	24240	1	FALSE	NA	NA	NA	NA	NA	NA
NC_045512.2	4876	C	A	24235	8078	52	2	0	30	8.25083e-05	24240	1	FALSE	NA	NA	NA	NA	NA	NA
NC_045512.2	4879	T	G	24660	7876	52	2	0	34	8.10898e-05	24664	1	FALSE	NA	NA	NA	NA	NA	NA
NC_045512.2	4879	T	C	24660	7876	52	1	0	34	4.05449e-05	24664	1	FALSE	NA	NA	NA	NA	NA	NA
NC_045512.2	4879	T	A	24660	7876	52	1	0	26	4.05449e-05	24664	1	FALSE	NA	NA	NA	NA	NA	NA
NC_045512.2	4880	A	T	24831	7889	52	1	0	34	4.02609e-05	24838	1	FALSE	NA	NA	NA	NA	NA	NA
NC_045512.2	4880	A	G	24831	7889	52	6	1	44	0.000241565	24838	0.144511	FALSE	NA	NA	NA	NA	NA	NA
NC_045512.2	4881	G	A	24808	7893	52	1	0	34	4.0308e-05	24809	1	FALSE	NA	NA	NA	NA	NA	NA
NC_045512.2	4882	T	C	24584	8379	52	1	1	34	4.06752e-05	24585	1	FALSE	NA	NA	NA	NA	NA	NA
NC_045512.2	4884	A	G	24311	8651	52	1	0	34	4.1132e-05	24312	1	FALSE	NA	NA	NA	NA	NA	NA
NC_045512.2	4885	T	C	24897	8721	51	2	0	36	8.03181e-05	24901	1	FALSE	NA	NA	NA	NA	NA	NA
NC_045512.2	4885	T	A	24897	8721	51	2	1	30	8.03181e-05	24901	1	FALSE	NA	NA	NA	NA	NA	NA
NC_045512.2	4886	C	G	24757	8917	52	3	0	31	0.000121153	24762	0.999997	FALSE	NA	NA	NA	NA	NA	NA
NC_045512.2	4886	C	A	24757	8917	52	2	0	34	8.07689e-05	24762	1	FALSE	NA	NA	NA	NA	NA	NA
NC_045512.2	4887	C	T	24225	8711	52	1	0	34	4.12746e-05	24228	1	FALSE	NA	NA	NA	NA	NA	NA
NC_045512.2	4887	C	G	24225	8711	52	2	0	34	8.25491e-05	24228	1	FALSE	NA	NA	NA	NA	NA	NA
NC_045512.2	4888	T	G	24320	8673	52	1	1	27	4.11117e-05	24324	1	FALSE	NA	NA	NA	NA	NA	NA
NC_045512.2	4888	T	C	24320	8673	52	1	0	34	4.11117e-05	24324	1	FALSE	NA	NA	NA	NA	NA	NA
NC_045512.2	4888	T	A	24320	8673	52	2	1	34	8.22233e-05	24324	1	FALSE	NA	NA	NA	NA	NA	NA
NC_045512.2	4889	A	T	24482	9364	54	1	0	34	4.08413e-05	24485	1	FALSE	NA	NA	NA	NA	NA	NA
NC_045512.2	4889	A	G	24482	9364	54	2	0	30	8.16827e-05	24485	1	FALSE	NA	NA	NA	NA	NA	NA
NC_045512.2	4890	C	G	24464	9390	54	1	0	34	4.08747e-05	24465	1	FALSE	NA	NA	NA	NA	NA	NA
NC_045512.2	4890	C	-CACATTCCACCTA	24464	9390	54	1	0	20	4.08747e-05	24465	1	FALSE	NA	NA	NA	NA	NA	NA
NC_045512.2	4891	C	T	24375	9441	54	1	0	68	4.10189e-05	24379	0.499969	FALSE	NA	NA	NA	NA	NA	NA
NC_045512.2	4891	C	G	24375	9441	54	2	0	34	8.20378e-05	24379	1	FALSE	NA	NA	NA	NA	NA	NA
NC_045512.2	4891	C	A	24375	9441	54	1	1	68	4.10189e-05	24379	0.499969	FALSE	NA	NA	NA	NA	NA	NA
NC_045512.2	4892	A	G	24571	9606	54	2	0	34	8.13901e-05	24573	1	FALSE	NA	NA	NA	NA	NA	NA
NC_045512.2	4893	C	T	24738	9672	54	1	1	26	4.04187e-05	24741	1	FALSE	NA	NA	NA	NA	NA	NA
NC_045512.2	4893	C	G	24738	9672	54	1	1	26	4.04187e-05	24741	1	FALSE	NA	NA	NA	NA	NA	NA
NC_045512.2	4893	C	A	24738	9672	54	1	1	26	4.04187e-05	24741	1	FALSE	NA	NA	NA	NA	NA	NA
NC_045512.2	4894	A	T	24594	9822	55	4	3	32	0.000162595	24601	0.999986	FALSE	NA	NA	NA	NA	NA	NA
NC_045512.2	4894	A	G	24594	9822	55	3	0	38	0.000121946	24601	0.999997	FALSE	NA	NA	NA	NA	NA	NA
NC_045512.2	4895	T	C	24552	9890	54	2	2	68	8.14531e-05	24554	0.249995	FALSE	NA	NA	NA	NA	NA	NA
NC_045512.2	4896	T	C	24452	9986	54	2	0	38	8.17862e-05	24454	1	FALSE	NA	NA	NA	NA	NA	NA
NC_045512.2	4897	C	A	24604	10113	55	1	0	26	4.06421e-05	24605	1	FALSE	NA	NA	NA	NA	NA	NA
NC_045512.2	4898	C	T	24620	10137	55	1	0	34	4.06141e-05	24622	1	FALSE	NA	NA	NA	NA	NA	NA
NC_045512.2	4898	C	A	24620	10137	55	1	0	34	4.06141e-05	24622	1	FALSE	NA	NA	NA	NA	NA	NA
NC_045512.2	4899	A	T	24343	10128	54	2	2	68	8.21423e-05	24348	0.249964	FALSE	NA	NA	NA	NA	NA	NA
NC_045512.2	4899	A	G	24343	10128	54	2	1	53	8.21423e-05	24348	0.249964	FALSE	NA	NA	NA	NA	NA	NA
NC_045512.2	4899	A	C	24343	10128	54	1	0	27	4.10711e-05	24348	1	FALSE	NA	NA	NA	NA	NA	NA
NC_045512.2	4900	C	G	24698	10174	55	1	0	34	4.04875e-05	24699	1	FALSE	NA	NA	NA	NA	NA	NA
NC_045512.2	4901	C	T	24565	10567	54	2	1	68	8.14067e-05	24568	0.249985	FALSE	NA	NA	NA	NA	NA	NA
NC_045512.2	4901	C	A	24565	10567	54	1	1	68	4.07034e-05	24568	0.49998	FALSE	NA	NA	NA	NA	NA	NA
NC_045512.2	4902	T	G	23867	9906	50	2	2	30	8.37837e-05	23871	0.999999	FALSE	NA	NA	NA	NA	NA	NA
NC_045512.2	4902	T	C	23867	9906	50	2	0	51	8.37837e-05	23871	0.249974	FALSE	NA	NA	NA	NA	NA	NA
NC_045512.2	4903	A	T	24429	10627	54	3	3	26	0.000122775	24435	1	FALSE	NA	NA	NA	NA	NA	NA
NC_045512.2	4903	A	G	24429	10627	54	1	1	68	4.09249e-05	24435	0.499949	FALSE	NA	NA	NA	NA	NA	NA
NC_045512.2	4903	A	C	24429	10627	54	2	0	26	8.18498e-05	24435	1	FALSE	NA	NA	NA	NA	NA	NA
NC_045512.2	4904	G	T	24450	10652	55	1	1	34	4.08981e-05	24451	1	FALSE	NA	NA	NA	NA	NA	NA
NC_045512.2	4904	G	+GGTTTGGTGGGGG	24450	10652	55	1	0	20	4.08981e-05	24451	1	FALSE	NA	NA	NA	NA	NA	NA
NC_045512.2	4905	A	G	24106	10854	52	3	0	42	0.000124435	24109	0.500019	FALSE	NA	NA	NA	NA	NA	NA
NC_045512.2	4906	T	G	24546	10934	54	2	0	30	8.14631e-05	24551	1	FALSE	NA	NA	NA	NA	NA	NA
NC_045512.2	4906	T	C	24546	10934	54	1	0	24	4.07315e-05	24551	1	FALSE	NA	NA	NA	NA	NA	NA
NC_045512.2	4906	T	A	24546	10934	54	2	1	51	8.14631e-05	24551	0.249975	FALSE	NA	NA	NA	NA	NA	NA
NC_045512.2	4907	G	T	24504	10838	54	1	0	34	4.08047e-05	24507	1	FALSE	NA	NA	NA	NA	NA	NA
NC_045512.2	4907	G	A	24504	10838	54	2	0	51	8.16093e-05	24507	0.249995	FALSE	NA	NA	NA	NA	NA	NA
NC_045512.2	4908	G	T	24573	11164	54	2	2	26	8.13802e-05	24576	1	FALSE	NA	NA	NA	NA	NA	NA
NC_045512.2	4908	G	C	24573	11164	54	1	0	20	4.06901e-05	24576	1	FALSE	NA	NA	NA	NA	NA	NA
NC_045512.2	4910	G	T	24561	11113	54	1	0	68	4.071e-05	24564	0.49999	FALSE	NA	NA	NA	NA	NA	NA
NC_045512.2	4910	G	C	24561	11113	54	1	1	34	4.071e-05	24564	1	FALSE	NA	NA	NA	NA	NA	NA
NC_045512.2	4910	G	A	24561	11113	54	1	0	68	4.071e-05	24564	0.49999	FALSE	NA	NA	NA	NA	NA	NA
NC_045512.2	4911	A	T	24532	11170	54	1	1	27	4.07531e-05	24538	1	FALSE	NA	NA	NA	NA	NA	NA
NC_045512.2	4911	A	G	24532	11170	54	4	1	57	0.000163012	24538	0.0624873	FALSE	NA	NA	NA	NA	NA	NA
NC_045512.2	4911	A	C	24532	11170	54	1	0	26	4.07531e-05	24538	1	FALSE	NA	NA	NA	NA	NA	NA
NC_045512.2	4912	A	G	24523	11256	53	4	2	51	0.000163086	24527	0.0624975	FALSE	NA	NA	NA	NA	NA	NA
NC_045512.2	4913	G	T	25295	11436	54	1	1	26	3.95288e-05	25298	1	FALSE	NA	NA	NA	NA	NA	NA
NC_045512.2	4913	G	C	25295	11436	54	1	1	34	3.95288e-05	25298	1	FALSE	NA	NA	NA	NA	NA	NA
NC_045512.2	4913	G	A	25295	11436	54	1	0	27	3.95288e-05	25298	1	FALSE	NA	NA	NA	NA	NA	NA
NC_045512.2	4914	T	G	25175	11413	54	2	0	34	7.9425e-05	25181	1	FALSE	NA	NA	NA	NA	NA	NA
NC_045512.2	4914	T	A	25175	11413	54	4	1	28	0.00015885	25181	1	FALSE	NA	NA	NA	NA	NA	NA
NC_045512.2	4915	T	G	24967	11352	53	1	0	34	4.00465e-05	24971	1	FALSE	NA	NA	NA	NA	NA	NA
NC_045512.2	4915	T	A	24967	11352	53	3	1	26	0.000120139	24971	1	FALSE	NA	NA	NA	NA	NA	NA
NC_045512.2	4916	A	G	24992	11526	53	5	3	47	0.000200024	24997	0.226562	FALSE	NA	NA	NA	NA	NA	NA
NC_045512.2	4917	T	A	25034	11389	53	2	1	47	7.9885e-05	25036	0.687522	FALSE	NA	NA	NA	NA	NA	NA
NC_045512.2	4918	C	A	25078	11489	54	2	0	26	7.97448e-05	25080	1	FALSE	NA	NA	NA	NA	NA	NA
NC_045512.2	4918	C	-A	25078	11489	54	1	0	20	3.98724e-05	25080	1	FALSE	NA	NA	NA	NA	NA	NA
NC_045512.2	4919	A	T	25105	11517	54	2	0	26	7.96527e-05	25109	1	FALSE	NA	NA	NA	NA	NA	NA
NC_045512.2	4919	A	G	25105	11517	54	2	2	47	7.96527e-05	25109	0.687493	FALSE	NA	NA	NA	NA	NA	NA
NC_045512.2	4919	A	-C	25105	11517	54	2	0	20	7.96527e-05	25109	1	FALSE	NA	NA	NA	NA	NA	NA
NC_045512.2	4920	C	T	25265	11822	53	1	1	34	3.95773e-05	25267	1	FALSE	NA	NA	NA	NA	NA	NA
NC_045512.2	4920	C	G	25265	11822	53	1	1	26	3.95773e-05	25267	1	FALSE	NA	NA	NA	NA	NA	NA
NC_045512.2	4921	C	T	25204	11812	53	2	1	51	7.9343e-05	25207	0.249995	FALSE	NA	NA	NA	NA	NA	NA
NC_045512.2	4921	C	G	25204	11812	53	1	1	26	3.96715e-05	25207	1	FALSE	NA	NA	NA	NA	NA	NA
NC_045512.2	4921	C	-T	25204	11812	53	1	0	20	3.96715e-05	25207	1	FALSE	NA	NA	NA	NA	NA	NA
NC_045512.2	4922	T	C	24616	11298	53	4	4	39	0.000162456	24622	0.999986	FALSE	NA	NA	NA	NA	NA	NA
NC_045512.2	4922	T	A	24616	11298	53	2	2	68	8.12282e-05	24622	0.249954	FALSE	NA	NA	NA	NA	NA	NA
NC_045512.2	4923	T	C	24360	11067	51	2	2	34	8.20951e-05	24362	1	FALSE	NA	NA	NA	NA	NA	NA
NC_045512.2	4924	T	C	24736	11413	54	1	0	34	4.04236e-05	24738	1	FALSE	NA	NA	NA	NA	NA	NA
NC_045512.2	4924	T	A	24736	11413	54	1	0	26	4.04236e-05	24738	1	FALSE	NA	NA	NA	NA	NA	NA
NC_045512.2	4925	G	A	24676	11486	54	1	0	34	4.05236e-05	24677	1	FALSE	NA	NA	NA	NA	NA	NA
NC_045512.2	4926	A	G	24884	12883	57	4	4	59	0.00016072	24888	0.0624975	FALSE	NA	NA	NA	NA	NA	NA
NC_045512.2	4927	C	T	24870	13303	56	1	1	68	4.02075e-05	24871	0.50001	FALSE	NA	NA	NA	NA	NA	NA
NC_045512.2	4927	C	-A	24870	13303	56	1	0	20	4.02075e-05	24871	1	FALSE	NA	NA	NA	NA	NA	NA
NC_045512.2	4928	A	T	24617	13298	55	1	0	27	4.0619e-05	24619	1	FALSE	NA	NA	NA	NA	NA	NA
NC_045512.2	4928	A	G	24617	13298	55	1	0	68	4.0619e-05	24619	0.49999	FALSE	NA	NA	NA	NA	NA	NA
NC_045512.2	4929	A	T	24566	13066	56	4	1	37	0.00016278	24573	0.999986	FALSE	NA	NA	NA	NA	NA	NA
NC_045512.2	4929	A	G	24566	13066	56	3	1	56	0.000122085	24573	0.124969	FALSE	NA	NA	NA	NA	NA	NA
NC_045512.2	4930	T	C	24329	12426	52	1	1	68	4.10914e-05	24336	0.499949	FALSE	NA	NA	NA	NA	NA	NA
NC_045512.2	4930	T	A	24329	12426	52	6	4	33	0.000246548	24336	0.999838	FALSE	NA	NA	NA	NA	NA	NA
NC_045512.2	4931	C	T	25195	13609	56	1	0	46	3.96857e-05	25198	0.875	FALSE	NA	NA	NA	NA	NA	NA
NC_045512.2	4931	C	G	25195	13609	56	1	0	34	3.96857e-05	25198	1	FALSE	NA	NA	NA	NA	NA	NA
NC_045512.2	4931	C	A	25195	13609	56	1	0	26	3.96857e-05	25198	1	FALSE	NA	NA	NA	NA	NA	NA
NC_045512.2	4932	T	C	24661	13098	54	1	1	60	4.05449e-05	24664	0.49999	FALSE	NA	NA	NA	NA	NA	NA
NC_045512.2	4932	T	A	24661	13098	54	2	2	68	8.10898e-05	24664	0.249995	FALSE	NA	NA	NA	NA	NA	NA
NC_045512.2	4933	T	A	25116	13569	55	4	1	28	0.000159236	25120	1	FALSE	NA	NA	NA	NA	NA	NA
NC_045512.2	4933	T	-A	25116	13569	55	2	0	20	7.96178e-05	25120	1	FALSE	NA	NA	NA	NA	NA	NA
NC_045512.2	4934	A	T	25216	13579	56	1	1	24	3.96526e-05	25219	1	FALSE	NA	NA	NA	NA	NA	NA
NC_045512.2	4934	A	G	25216	13579	56	2	0	46	7.93053e-05	25219	0.687478	FALSE	NA	NA	NA	NA	NA	NA
NC_045512.2	4935	A	G	25202	13692	55	2	0	51	7.93525e-05	25204	0.250005	FALSE	NA	NA	NA	NA	NA	NA
NC_045512.2	4936	G	T	25209	13690	56	1	0	34	3.96621e-05	25213	1	FALSE	NA	NA	NA	NA	NA	NA
NC_045512.2	4936	G	A	25209	13690	56	3	2	68	0.000118986	25213	0.124993	FALSE	NA	NA	NA	NA	NA	NA
NC_045512.2	4937	A	T	24818	13697	53	1	1	26	4.02852e-05	24823	1	FALSE	NA	NA	NA	NA	NA	NA
NC_045512.2	4937	A	G	24818	13697	53	4	3	40	0.000161141	24823	0.343741	FALSE	NA	NA	NA	NA	NA	NA
NC_045512.2	4938	C	G	25223	13752	56	1	1	26	3.96448e-05	25224	1	FALSE	NA	NA	NA	NA	NA	NA
NC_045512.2	4939	A	T	24396	13058	56	1	1	26	4.09836e-05	24400	1	FALSE	NA	NA	NA	NA	NA	NA
NC_045512.2	4939	A	G	24396	13058	56	3	1	40	0.000122951	24400	0.5	FALSE	NA	NA	NA	NA	NA	NA
NC_045512.2	4941	T	C	24524	13587	57	2	1	36	8.15428e-05	24527	1	FALSE	NA	NA	NA	NA	NA	NA
NC_045512.2	4941	T	A	24524	13587	57	1	0	26	4.07714e-05	24527	1	FALSE	NA	NA	NA	NA	NA	NA
NC_045512.2	4942	T	C	24044	13182	55	4	4	56	0.000166306	24052	0.0624766	FALSE	NA	NA	NA	NA	NA	NA
NC_045512.2	4942	T	A	24044	13182	55	4	3	24	0.000166306	24052	1	FALSE	NA	NA	NA	NA	NA	NA
NC_045512.2	4943	C	A	24507	13719	57	1	1	34	4.0803e-05	24508	1	FALSE	NA	NA	NA	NA	NA	NA
NC_045512.2	4944	T	C	24517	13739	57	2	1	46	8.15694e-05	24519	0.687523	FALSE	NA	NA	NA	NA	NA	NA
NC_045512.2	4945	T	C	24496	13727	57	2	1	46	8.1636e-05	24499	0.687508	FALSE	NA	NA	NA	NA	NA	NA
NC_045512.2	4945	T	A	24496	13727	57	1	1	26	4.0818e-05	24499	1	FALSE	NA	NA	NA	NA	NA	NA
NC_045512.2	4946	T	C	23749	13250	53	4	1	57	0.000168364	23758	0.0624711	FALSE	NA	NA	NA	NA	NA	NA
NC_045512.2	4946	T	A	23749	13250	53	5	2	29	0.000210455	23758	1	FALSE	NA	NA	NA	NA	NA	NA
NC_045512.2	4947	C	T	24396	13900	56	2	1	43	8.19672e-05	24400	0.687492	FALSE	NA	NA	NA	NA	NA	NA
NC_045512.2	4947	C	G	24396	13900	56	2	1	27	8.19672e-05	24400	1	FALSE	NA	NA	NA	NA	NA	NA
NC_045512.2	4947	C	-T	24396	13900	56	1	0	20	4.09836e-05	24400	1	FALSE	NA	NA	NA	NA	NA	NA
NC_045512.2	4948	T	G	24039	13686	55	2	2	27	8.31843e-05	24043	1	FALSE	NA	NA	NA	NA	NA	NA
NC_045512.2	4948	T	C	24039	13686	55	1	1	68	4.15921e-05	24043	0.499979	FALSE	NA	NA	NA	NA	NA	NA
NC_045512.2	4948	T	A	24039	13686	55	1	1	26	4.15921e-05	24043	1	FALSE	NA	NA	NA	NA	NA	NA
NC_045512.2	4949	T	C	24280	14120	57	1	0	68	4.11828e-05	24282	0.5	FALSE	NA	NA	NA	NA	NA	NA
NC_045512.2	4949	T	A	24280	14120	57	1	0	26	4.11828e-05	24282	1	FALSE	NA	NA	NA	NA	NA	NA
NC_045512.2	4950	T	C	24263	14074	57	1	1	34	4.12116e-05	24265	1	FALSE	NA	NA	NA	NA	NA	NA
NC_045512.2	4950	T	A	24263	14074	57	1	0	27	4.12116e-05	24265	1	FALSE	NA	NA	NA	NA	NA	NA
NC_045512.2	4951	G	T	24323	14206	57	1	1	27	4.11117e-05	24324	1	FALSE	NA	NA	NA	NA	NA	NA
NC_045512.2	4952	A	T	24345	14258	57	2	0	30	8.21423e-05	24348	1	FALSE	NA	NA	NA	NA	NA	NA
NC_045512.2	4952	A	G	24345	14258	57	1	1	34	4.10711e-05	24348	1	FALSE	NA	NA	NA	NA	NA	NA
NC_045512.2	4954	A	T	24105	14640	52	3	2	27	0.000124435	24109	1	FALSE	NA	NA	NA	NA	NA	NA
NC_045512.2	4954	A	G	24105	14640	52	1	0	68	4.14783e-05	24109	0.499979	FALSE	NA	NA	NA	NA	NA	NA
NC_045512.2	4955	G	T	24355	14504	56	1	1	20	4.10576e-05	24356	1	FALSE	NA	NA	NA	NA	NA	NA
NC_045512.2	4956	A	T	24160	14869	52	3	1	22	0.000124152	24164	1	FALSE	NA	NA	NA	NA	NA	NA
NC_045512.2	4956	A	G	24160	14869	52	1	1	38	4.13839e-05	24164	1	FALSE	NA	NA	NA	NA	NA	NA
NC_045512.2	4957	A	T	24491	15085	56	1	1	27	4.08263e-05	24494	1	FALSE	NA	NA	NA	NA	NA	NA
NC_045512.2	4957	A	G	24491	15085	56	1	1	24	4.08263e-05	24494	1	FALSE	NA	NA	NA	NA	NA	NA
NC_045512.2	4957	A	C	24491	15085	56	1	1	27	4.08263e-05	24494	1	FALSE	NA	NA	NA	NA	NA	NA
NC_045512.2	4958	G	A	24474	16044	54	1	1	68	4.0858e-05	24475	0.50001	FALSE	NA	NA	NA	NA	NA	NA
NC_045512.2	4959	T	C	24513	16154	54	1	1	27	4.07914e-05	24515	1	FALSE	NA	NA	NA	NA	NA	NA
NC_045512.2	4959	T	A	24513	16154	54	1	1	34	4.07914e-05	24515	1	FALSE	NA	NA	NA	NA	NA	NA
NC_045512.2	4960	G	C	24393	16015	54	1	1	34	4.0992e-05	24395	1	FALSE	NA	NA	NA	NA	NA	NA
NC_045512.2	4960	G	A	24393	16015	54	1	1	26	4.0992e-05	24395	1	FALSE	NA	NA	NA	NA	NA	NA
NC_045512.2	4961	A	T	24483	16384	55	2	1	29	8.1676e-05	24487	1	FALSE	NA	NA	NA	NA	NA	NA
NC_045512.2	4961	A	G	24483	16384	55	2	1	68	8.1676e-05	24487	0.249985	FALSE	NA	NA	NA	NA	NA	NA
NC_045512.2	4962	G	T	24367	16203	54	1	0	68	4.10307e-05	24372	0.499969	FALSE	NA	NA	NA	NA	NA	NA
NC_045512.2	4962	G	C	24367	16203	54	3	2	42	0.000123092	24372	0.499981	FALSE	NA	NA	NA	NA	NA	NA
NC_045512.2	4962	G	A	24367	16203	54	1	1	27	4.10307e-05	24372	1	FALSE	NA	NA	NA	NA	NA	NA
NC_045512.2	4963	G	T	24483	17497	52	2	2	30	8.1676e-05	24487	1	FALSE	NA	NA	NA	NA	NA	NA
NC_045512.2	4963	G	C	24483	17497	52	1	1	26	4.0838e-05	24487	1	FALSE	NA	NA	NA	NA	NA	NA
NC_045512.2	4963	G	A	24483	17497	52	1	1	34	4.0838e-05	24487	1	FALSE	NA	NA	NA	NA	NA	NA
NC_045512.2	4964	A	T	24280	17321	52	1	1	34	4.11794e-05	24284	1	FALSE	NA	NA	NA	NA	NA	NA
NC_045512.2	4964	A	G	24280	17321	52	2	1	46	8.23588e-05	24284	0.687492	FALSE	NA	NA	NA	NA	NA	NA
NC_045512.2	4964	A	C	24280	17321	52	1	1	34	4.11794e-05	24284	1	FALSE	NA	NA	NA	NA	NA	NA
NC_045512.2	4965	C	T	24915	17674	52	1	1	68	4.01316e-05	24918	0.49999	FALSE	NA	NA	NA	NA	NA	NA
NC_045512.2	4965	C	A	24915	17674	52	2	2	34	8.02633e-05	24918	1	FALSE	NA	NA	NA	NA	NA	NA
NC_045512.2	4966	T	A	23342	16116	50	5	4	29	0.00021416	23347	1	FALSE	NA	NA	NA	NA	NA	NA
NC_045512.2	4967	A	T	24716	17443	52	1	1	20	4.04563e-05	24718	1	FALSE	NA	NA	NA	NA	NA	NA
NC_045512.2	4967	A	G	24716	17443	52	1	1	24	4.04563e-05	24718	1	FALSE	NA	NA	NA	NA	NA	NA
NC_045512.2	4969	T	G	24529	17353	51	1	0	24	4.07581e-05	24535	1	FALSE	NA	NA	NA	NA	NA	NA
NC_045512.2	4969	T	C	24529	17353	51	1	1	34	4.07581e-05	24535	1	FALSE	NA	NA	NA	NA	NA	NA
NC_045512.2	4969	T	A	24529	17353	51	4	3	45	0.000163032	24535	0.343721	FALSE	NA	NA	NA	NA	NA	NA
NC_045512.2	4970	A	G	24661	17489	51	2	2	30	8.10931e-05	24663	1	FALSE	NA	NA	NA	NA	NA	NA
NC_045512.2	4971	A	T	24419	17366	48	1	1	34	4.0945e-05	24423	1	FALSE	NA	NA	NA	NA	NA	NA
NC_045512.2	4971	A	G	24419	17366	48	2	1	51	8.189e-05	24423	0.249985	FALSE	NA	NA	NA	NA	NA	NA
NC_045512.2	4971	A	C	24419	17366	48	1	0	27	4.0945e-05	24423	1	FALSE	NA	NA	NA	NA	NA	NA
NC_045512.2	4972	G	T	24378	17261	52	5	5	32	0.000205044	24385	0.999948	FALSE	NA	NA	NA	NA	NA	NA
NC_045512.2	4972	G	C	24378	17261	52	2	2	27	8.20176e-05	24385	1	FALSE	NA	NA	NA	NA	NA	NA
NC_045512.2	4973	G	A	24410	17433	52	1	0	68	4.09651e-05	24411	0.50001	FALSE	NA	NA	NA	NA	NA	NA
NC_045512.2	4974	T	C	22072	15412	52	3	2	30	0.000135894	22076	0.99999	FALSE	NA	NA	NA	NA	NA	NA
NC_045512.2	4974	T	A	22072	15412	52	1	1	34	4.52981e-05	22076	1	FALSE	NA	NA	NA	NA	NA	NA
NC_045512.2	4975	G	T	22509	15958	52	2	0	68	8.88415e-05	22512	0.249994	FALSE	NA	NA	NA	NA	NA	NA
NC_045512.2	4975	G	C	22509	15958	52	1	1	34	4.44208e-05	22512	1	FALSE	NA	NA	NA	NA	NA	NA
NC_045512.2	4976	T	G	17005	10512	48	2	1	40	0.000117585	17009	0.499978	FALSE	NA	NA	NA	NA	NA	NA
NC_045512.2	4976	T	C	17005	10512	48	1	0	60	5.87924e-05	17009	0.499971	FALSE	NA	NA	NA	NA	NA	NA
NC_045512.2	4976	T	A	17005	10512	48	1	0	34	5.87924e-05	17009	0.999996	FALSE	NA	NA	NA	NA	NA	NA
NC_045512.2	4977	T	G	21830	15427	53	1	1	34	4.58022e-05	21833	1	FALSE	NA	NA	NA	NA	NA	NA
NC_045512.2	4977	T	C	21830	15427	53	1	0	24	4.58022e-05	21833	1	FALSE	NA	NA	NA	NA	NA	NA
NC_045512.2	4977	T	A	21830	15427	53	1	1	34	4.58022e-05	21833	1	FALSE	NA	NA	NA	NA	NA	NA
NC_045512.2	4978	T	C	21772	15373	52	1	1	34	4.59242e-05	21775	1	FALSE	NA	NA	NA	NA	NA	NA
NC_045512.2	4978	T	A	21772	15373	52	2	1	30	9.18485e-05	21775	0.999997	FALSE	NA	NA	NA	NA	NA	NA
NC_045512.2	4979	A	T	21716	15331	52	1	1	26	4.60469e-05	21717	1	FALSE	NA	NA	NA	NA	NA	NA
NC_045512.2	4980	C	G	21808	15748	51	2	1	47	9.17011e-05	21810	0.687526	FALSE	NA	NA	NA	NA	NA	NA
NC_045512.2	4981	A	T	21638	15596	52	1	1	26	4.62065e-05	21642	1	FALSE	NA	NA	NA	NA	NA	NA
NC_045512.2	4981	A	G	21638	15596	52	3	3	34	0.000138619	21642	0.999982	FALSE	NA	NA	NA	NA	NA	NA
NC_045512.2	4982	A	T	21645	15755	51	5	5	29	0.000230936	21651	1	FALSE	NA	NA	NA	NA	NA	NA
NC_045512.2	4982	A	C	21645	15755	51	1	1	34	4.61872e-05	21651	1	FALSE	NA	NA	NA	NA	NA	NA
NC_045512.2	4983	C	T	21619	15738	51	1	0	68	4.62535e-05	21620	0.500012	FALSE	NA	NA	NA	NA	NA	NA
NC_045512.2	4984	A	G	20228	14480	52	1	1	34	4.94315e-05	20230	1	FALSE	NA	NA	NA	NA	NA	NA
NC_045512.2	4984	A	C	20228	14480	52	1	1	27	4.94315e-05	20230	1	FALSE	NA	NA	NA	NA	NA	NA
NC_045512.2	4985	G	C	20250	14526	52	3	3	31	0.000148126	20253	0.999967	FALSE	NA	NA	NA	NA	NA	NA
NC_045512.2	4986	T	C	20065	14569	50	2	1	51	9.96562e-05	20069	0.249981	FALSE	NA	NA	NA	NA	NA	NA
NC_045512.2	4986	T	A	20065	14569	50	2	2	30	9.96562e-05	20069	0.999995	FALSE	NA	NA	NA	NA	NA	NA
NC_045512.2	4987	A	T	20202	15053	50	2	2	34	9.89854e-05	20205	0.999995	FALSE	NA	NA	NA	NA	NA	NA
NC_045512.2	4987	A	G	20202	15053	50	1	1	34	4.94927e-05	20205	1	FALSE	NA	NA	NA	NA	NA	NA
NC_045512.2	4988	G	T	20171	15048	50	1	1	34	4.95663e-05	20175	1	FALSE	NA	NA	NA	NA	NA	NA
NC_045512.2	4988	G	C	20171	15048	50	2	2	30	9.91326e-05	20175	0.999995	FALSE	NA	NA	NA	NA	NA	NA
NC_045512.2	4988	G	A	20171	15048	50	1	0	68	4.95663e-05	20175	0.499975	FALSE	NA	NA	NA	NA	NA	NA
NC_045512.2	4990	C	T	19912	14826	50	2	2	34	0.000100432	19914	0.99999	FALSE	NA	NA	NA	NA	NA	NA
NC_045512.2	4991	A	G	19479	14403	50	1	1	34	5.13347e-05	19480	0.999999	FALSE	NA	NA	NA	NA	NA	NA
NC_045512.2	4992	A	T	19384	14287	50	1	1	34	5.1581e-05	19387	0.999999	FALSE	NA	NA	NA	NA	NA	NA
NC_045512.2	4992	A	G	19384	14287	50	2	0	27	0.000103162	19387	1	FALSE	NA	NA	NA	NA	NA	NA
NC_045512.2	4993	C	T	19405	14356	50	1	1	26	5.15305e-05	19406	1	FALSE	NA	NA	NA	NA	NA	NA
NC_045512.2	4994	A	G	19023	13993	50	2	1	51	0.000105108	19028	0.249967	FALSE	NA	NA	NA	NA	NA	NA
NC_045512.2	4994	A	C	19023	13993	50	3	3	31	0.000157662	19028	0.99994	FALSE	NA	NA	NA	NA	NA	NA
NC_045512.2	4995	T	C	18939	13928	50	2	2	51	0.000105585	18942	0.249993	FALSE	NA	NA	NA	NA	NA	NA
NC_045512.2	4995	T	A	18939	13928	50	1	1	34	5.27927e-05	18942	0.999998	FALSE	NA	NA	NA	NA	NA	NA
NC_045512.2	4996	T	A	18680	13750	50	2	2	30	0.000107055	18682	0.99998	FALSE	NA	NA	NA	NA	NA	NA
NC_045512.2	4997	A	T	18743	13905	49	2	1	25	0.000106689	18746	1	FALSE	NA	NA	NA	NA	NA	NA
NC_045512.2	4997	A	G	18743	13905	49	1	1	34	5.33447e-05	18746	0.999998	FALSE	NA	NA	NA	NA	NA	NA
NC_045512.2	4998	A	C	18779	13955	48	1	0	20	5.32481e-05	18780	1	FALSE	NA	NA	NA	NA	NA	NA
NC_045512.2	4999	C	T	18716	13896	50	11	11	34	0.000587387	18727	0.932072	FALSE	NA	NA	NA	NA	NA	NA
NC_045512.2	5001	T	C	16649	12047	51	3	3	34	0.000180159	16652	0.999637	FALSE	NA	NA	NA	NA	NA	NA
NC_045512.2	5003	C	T	16613	12034	51	1	1	34	6.01866e-05	16615	0.999992	FALSE	NA	NA	NA	NA	NA	NA
NC_045512.2	5003	C	A	16613	12034	51	1	0	26	6.01866e-05	16615	1	FALSE	NA	NA	NA	NA	NA	NA
NC_045512.2	5005	C	T	16587	11996	51	6	6	32	0.000361598	16593	0.991571	FALSE	NA	NA	NA	NA	NA	NA
NC_045512.2	5006	A	G	16545	11955	51	1	0	68	6.04376e-05	16546	0.500015	FALSE	NA	NA	NA	NA	NA	NA
NC_045512.2	5008	G	C	16299	12005	50	1	0	27	6.13346e-05	16304	1	FALSE	NA	NA	NA	NA	NA	NA
NC_045512.2	5008	G	A	16299	12005	50	4	2	51	0.000245339	16304	0.0624885	FALSE	NA	NA	NA	NA	NA	NA
NC_045512.2	5010	A	T	16336	12098	50	1	1	34	6.1207e-05	16338	0.999992	FALSE	NA	NA	NA	NA	NA	NA
NC_045512.2	5010	A	G	16336	12098	50	1	1	68	6.1207e-05	16338	0.5	FALSE	NA	NA	NA	NA	NA	NA
NC_045512.2	5011	A	G	16259	12027	50	1	1	34	6.15006e-05	16260	0.999992	FALSE	NA	NA	NA	NA	NA	NA
NC_045512.2	5013	T	C	16314	12097	50	1	1	34	6.12895e-05	16316	0.999992	FALSE	NA	NA	NA	NA	NA	NA
NC_045512.2	5013	T	A	16314	12097	50	1	0	27	6.12895e-05	16316	1	FALSE	NA	NA	NA	NA	NA	NA
NC_045512.2	5014	T	C	16107	11896	50	4	4	34	0.000248278	16111	0.998716	FALSE	NA	NA	NA	NA	NA	NA
NC_045512.2	5017	G	A	15806	11972	49	1	1	34	6.32631e-05	15807	0.999985	FALSE	NA	NA	NA	NA	NA	NA
NC_045512.2	5018	G	T	15855	12078	49	1	1	34	6.30676e-05	15856	0.999985	FALSE	NA	NA	NA	NA	NA	NA
NC_045512.2	5019	A	T	15748	12151	48	3	3	34	0.000190404	15756	0.999345	FALSE	NA	NA	NA	NA	NA	NA
NC_045512.2	5019	A	G	15748	12151	48	4	2	57	0.000253872	15756	0.0624643	FALSE	NA	NA	NA	NA	NA	NA
NC_045512.2	5019	A	C	15748	12151	48	1	1	34	6.34679e-05	15756	0.999985	FALSE	NA	NA	NA	NA	NA	NA
NC_045512.2	5020	C	T	15721	12537	46	4	4	42	0.000254372	15725	0.1875	FALSE	NA	NA	NA	NA	NA	NA
NC_045512.2	5021	A	T	14181	11135	47	1	1	26	7.05069e-05	14183	1	FALSE	NA	NA	NA	NA	NA	NA
NC_045512.2	5021	A	G	14181	11135	47	1	0	68	7.05069e-05	14183	0.5	FALSE	NA	NA	NA	NA	NA	NA
NC_045512.2	5022	T	C	13995	10950	47	1	1	34	7.1449e-05	13996	0.999939	FALSE	NA	NA	NA	NA	NA	NA
NC_045512.2	5023	G	A	14136	11103	47	1	1	34	7.07364e-05	14137	0.99997	FALSE	NA	NA	NA	NA	NA	NA
NC_045512.2	5025	C	G	13951	10994	47	1	1	34	7.16743e-05	13952	0.999939	FALSE	NA	NA	NA	NA	NA	NA
NC_045512.2	5026	A	T	13894	10953	47	1	0	34	7.19632e-05	13896	0.999939	FALSE	NA	NA	NA	NA	NA	NA
NC_045512.2	5026	A	G	13894	10953	47	1	0	24	7.19632e-05	13896	1	FALSE	NA	NA	NA	NA	NA	NA
NC_045512.2	5027	A	G	13911	11027	44	1	1	34	7.18804e-05	13912	0.999939	FALSE	NA	NA	NA	NA	NA	NA
NC_045512.2	5028	T	C	13882	10963	47	2	2	68	0.000144051	13884	0.250009	FALSE	NA	NA	NA	NA	NA	NA
NC_045512.2	5029	G	A	13848	11383	45	1	1	34	7.22074e-05	13849	0.999939	FALSE	NA	NA	NA	NA	NA	NA
NC_045512.2	5030	A	T	13829	11375	45	1	1	26	7.23066e-05	13830	1	FALSE	NA	NA	NA	NA	NA	NA
NC_045512.2	5031	C	T	13434	11052	45	1	1	24	7.44214e-05	13437	1	FALSE	NA	NA	NA	NA	NA	NA
NC_045512.2	5031	C	G	13434	11052	45	2	2	47	0.000148843	13437	0.5	FALSE	NA	NA	NA	NA	NA	NA
NC_045512.2	5033	T	C	12680	10338	44	3	2	45	0.000236537	12683	0.312515	FALSE	NA	NA	NA	NA	NA	NA
NC_045512.2	5034	A	T	12963	10632	45	2	2	30	0.00015425	12966	0.999087	FALSE	NA	NA	NA	NA	NA	NA
NC_045512.2	5034	A	G	12963	10632	45	1	0	68	7.71248e-05	12966	0.499981	FALSE	NA	NA	NA	NA	NA	NA
NC_045512.2	5035	T	A	13059	10733	45	1	1	34	7.65697e-05	13060	0.999939	FALSE	NA	NA	NA	NA	NA	NA
NC_045512.2	5036	G	C	12903	10792	44	3	3	34	0.00023245	12906	0.996317	FALSE	NA	NA	NA	NA	NA	NA
NC_045512.2	5038	A	C	12856	10766	44	2	2	34	0.000155545	12858	0.999087	FALSE	NA	NA	NA	NA	NA	NA
NC_045512.2	5039	C	T	12784	10728	44	1	0	24	7.82105e-05	12786	1	FALSE	NA	NA	NA	NA	NA	NA
NC_045512.2	5039	C	G	12784	10728	44	1	1	26	7.82105e-05	12786	1	FALSE	NA	NA	NA	NA	NA	NA
NC_045512.2	5041	A	T	11263	9316	45	2	2	26	0.000177525	11266	1	FALSE	NA	NA	NA	NA	NA	NA
NC_045512.2	5041	A	G	11263	9316	45	1	0	68	8.87626e-05	11266	0.499978	FALSE	NA	NA	NA	NA	NA	NA
NC_045512.2	5042	C	T	11242	9324	45	1	1	27	8.89363e-05	11244	1	FALSE	NA	NA	NA	NA	NA	NA
NC_045512.2	5042	C	A	11242	9324	45	1	1	26	8.89363e-05	11244	1	FALSE	NA	NA	NA	NA	NA	NA
NC_045512.2	5043	A	T	10876	9008	44	1	1	34	9.19371e-05	10877	0.999513	FALSE	NA	NA	NA	NA	NA	NA
NC_045512.2	5044	G	A	10814	8973	44	3	3	34	0.000277341	10817	0.988794	FALSE	NA	NA	NA	NA	NA	NA
NC_045512.2	5045	T	C	9849	8082	44	1	1	68	0.000101523	9850	0.500025	FALSE	NA	NA	NA	NA	NA	NA
NC_045512.2	5046	T	C	10252	8487	45	1	1	26	9.75229e-05	10254	1	FALSE	NA	NA	NA	NA	NA	NA
NC_045512.2	5046	T	A	10252	8487	45	1	0	27	9.75229e-05	10254	1	FALSE	NA	NA	NA	NA	NA	NA
NC_045512.2	5047	T	C	10228	8464	45	3	3	34	0.000293226	10231	0.988795	FALSE	NA	NA	NA	NA	NA	NA
NC_045512.2	5049	G	T	9823	8137	45	3	3	34	0.000305312	9826	0.98075	FALSE	NA	NA	NA	NA	NA	NA
NC_045512.2	5050	T	C	9834	8162	45	1	1	34	0.000101678	9835	0.999026	FALSE	NA	NA	NA	NA	NA	NA
NC_045512.2	5053	A	G	8971	7341	44	2	2	30	0.000222891	8973	0.98928	FALSE	NA	NA	NA	NA	NA	NA
NC_045512.2	5054	A	G	9126	7524	44	1	1	68	0.000109565	9127	0.500027	FALSE	NA	NA	NA	NA	NA	NA
NC_045512.2	5057	T	C	8647	7113	44	1	1	46	0.00011562	8649	0.5	FALSE	NA	NA	NA	NA	NA	NA
NC_045512.2	5057	T	A	8647	7113	44	1	0	27	0.00011562	8649	1	FALSE	NA	NA	NA	NA	NA	NA
NC_045512.2	5058	A	G	8821	7303	44	1	1	24	0.000113353	8822	1	FALSE	NA	NA	NA	NA	NA	NA
NC_045512.2	5059	T	C	8697	7191	44	1	1	68	0.000114969	8698	0.500029	FALSE	NA	NA	NA	NA	NA	NA
NC_045512.2	5060	T	C	8830	7321	44	1	1	34	0.000113225	8832	0.998051	FALSE	NA	NA	NA	NA	NA	NA
NC_045512.2	5060	T	A	8830	7321	44	1	1	34	0.000113225	8832	0.998051	FALSE	NA	NA	NA	NA	NA	NA
NC_045512.2	5062	G	A	8793	7291	45	1	0	68	0.000113714	8794	0.500028	FALSE	NA	NA	NA	NA	NA	NA
NC_045512.2	5064	A	G	8683	7461	43	1	1	34	0.000115154	8684	0.998052	FALSE	NA	NA	NA	NA	NA	NA
NC_045512.2	5065	T	C	8739	7517	43	1	1	34	0.000114416	8740	0.998052	FALSE	NA	NA	NA	NA	NA	NA
NC_045512.2	5066	G	A	8457	7247	43	1	0	68	0.000118231	8458	0.50003	FALSE	NA	NA	NA	NA	NA	NA
NC_045512.2	5068	A	G	8461	7263	43	2	2	34	0.000236323	8463	0.989281	FALSE	NA	NA	NA	NA	NA	NA
NC_045512.2	5069	G	T	8421	7222	43	2	2	30	0.000237417	8424	0.989276	FALSE	NA	NA	NA	NA	NA	NA
NC_045512.2	5069	G	C	8421	7222	43	1	0	68	0.000118708	8424	0.49997	FALSE	NA	NA	NA	NA	NA	NA
NC_045512.2	5070	C	G	8453	7355	42	1	1	34	0.000118287	8454	0.998052	FALSE	NA	NA	NA	NA	NA	NA
NC_045512.2	5072	G	A	7998	6929	42	1	1	34	0.000125016	7999	0.996103	FALSE	NA	NA	NA	NA	NA	NA
NC_045512.2	5073	A	G	8027	6954	42	1	1	34	0.000124564	8028	0.998052	FALSE	NA	NA	NA	NA	NA	NA
NC_045512.2	5074	T	C	8012	6941	42	3	3	31	0.000374298	8015	0.967345	FALSE	NA	NA	NA	NA	NA	NA
NC_045512.2	5079	C	T	4463	3830	43	3	2	45	0.000671742	4466	0.125	FALSE	NA	NA	NA	NA	NA	NA
NC_045512.2	5080	T	G	4529	3894	43	1	1	34	0.000220751	4530	0.968802	FALSE	NA	NA	NA	NA	NA	NA
NC_045512.2	5081	A	G	4186	3574	43	1	1	34	0.000238834	4187	0.968806	FALSE	NA	NA	NA	NA	NA	NA
NC_045512.2	5082	A	G	4201	3594	42	1	1	34	0.000237982	4202	0.968806	FALSE	NA	NA	NA	NA	NA	NA
NC_045512.2	5374	G	C	5667	493	33	1	0	34	0.000176429	5668	0.984404	FALSE	NA	NA	NA	NA	NA	NA
NC_045512.2	5375	G	A	5694	495	33	1	0	34	0.000175593	5695	0.984404	FALSE	NA	NA	NA	NA	NA	NA
NC_045512.2	5376	C	T	5686	596	35	1	0	26	0.00017584	5687	1	FALSE	NA	NA	NA	NA	NA	NA
NC_045512.2	5378	G	T	5858	649	35	1	1	34	0.000170678	5859	0.984403	FALSE	NA	NA	NA	NA	NA	NA
NC_045512.2	5379	G	A	5883	664	35	1	0	34	0.000169952	5884	0.984403	FALSE	NA	NA	NA	NA	NA	NA
NC_045512.2	5380	T	C	5863	678	35	1	0	34	0.000170532	5864	0.984403	FALSE	NA	NA	NA	NA	NA	NA
NC_045512.2	5383	A	G	5910	676	36	2	0	30	0.000338295	5912	0.937583	FALSE	NA	NA	NA	NA	NA	NA
NC_045512.2	5385	C	T	6113	689	36	1	0	34	0.000163559	6114	0.992205	FALSE	NA	NA	NA	NA	NA	NA
NC_045512.2	5388	C	G	6306	729	36	1	1	26	0.000158554	6307	1	FALSE	NA	NA	NA	NA	NA	NA
NC_045512.2	5389	T	C	6397	736	36	1	0	26	0.000156299	6398	1	FALSE	NA	NA	NA	NA	NA	NA
NC_045512.2	5392	C	T	6755	786	36	1	0	34	0.000147907	6761	0.992183	FALSE	NA	NA	NA	NA	NA	NA
NC_045512.2	5392	C	A	6755	786	36	5	0	34	0.000739536	6761	0.725669	FALSE	NA	NA	NA	NA	NA	NA
NC_045512.2	5392	C	-T	6755	786	36	1	0	20	0.000147907	6761	1	FALSE	NA	NA	NA	NA	NA	NA
NC_045512.2	5395	T	A	6912	864	37	1	0	26	0.000144655	6913	1	FALSE	NA	NA	NA	NA	NA	NA
NC_045512.2	5401	A	G	6952	937	37	1	0	34	0.000143823	6953	0.992203	FALSE	NA	NA	NA	NA	NA	NA
NC_045512.2	5402	C	T	7153	940	38	2	0	34	0.000279525	7155	0.980508	FALSE	NA	NA	NA	NA	NA	NA
NC_045512.2	5404	T	C	7323	981	38	1	0	68	0.000136537	7324	0.500034	FALSE	NA	NA	NA	NA	NA	NA
NC_045512.2	5405	A	G	7885	1183	39	1	0	34	0.000126807	7886	0.996103	FALSE	NA	NA	NA	NA	NA	NA
NC_045512.2	5405	A	+T	7885	1183	39	1	0	20	0.000126807	7886	1	FALSE	NA	NA	NA	NA	NA	NA
NC_045512.2	5406	T	G	7930	1033	38	1	0	34	0.00012604	7934	0.996097	FALSE	NA	NA	NA	NA	NA	NA
NC_045512.2	5406	T	A	7930	1033	38	3	3	26	0.000378119	7934	1	FALSE	NA	NA	NA	NA	NA	NA
NC_045512.2	5407	C	A	8056	1578	42	1	0	34	0.000124116	8057	0.998052	FALSE	NA	NA	NA	NA	NA	NA
NC_045512.2	5409	T	C	7819	1564	41	1	0	68	0.000127877	7820	0.500032	FALSE	NA	NA	NA	NA	NA	NA
NC_045512.2	5411	G	A	8290	1581	42	1	0	34	0.000120613	8291	0.998052	FALSE	NA	NA	NA	NA	NA	NA
NC_045512.2	5414	T	C	8132	1724	42	2	0	51	0.000245881	8134	0.250015	FALSE	NA	NA	NA	NA	NA	NA
NC_045512.2	5415	A	T	8433	1832	44	35	35	33	0.00413321	8468	2.05612e-05	TRUE	NA	NA	NA	NA	NA	NA
NC_045512.2	5416	C	T	8557	1880	44	1	0	34	0.000116836	8559	0.998051	FALSE	NA	NA	NA	NA	NA	NA
NC_045512.2	5416	C	A	8557	1880	44	1	1	34	0.000116836	8559	0.998051	FALSE	NA	NA	NA	NA	NA	NA
NC_045512.2	5419	T	A	9553	1943	43	1	0	34	0.000104668	9554	0.999026	FALSE	NA	NA	NA	NA	NA	NA
NC_045512.2	5421	A	T	9617	1994	44	2	0	34	0.000207922	9619	0.994155	FALSE	NA	NA	NA	NA	NA	NA
NC_045512.2	5422	T	C	9628	2003	44	1	1	68	0.000103853	9629	0.500026	FALSE	NA	NA	NA	NA	NA	NA
NC_045512.2	5423	A	G	9011	2062	43	2	1	34	0.000221902	9013	0.994156	FALSE	NA	NA	NA	NA	NA	NA
NC_045512.2	5425	G	A	9886	2097	44	1	1	34	0.000101143	9887	0.999026	FALSE	NA	NA	NA	NA	NA	NA
NC_045512.2	5426	A	T	9491	2110	43	1	0	26	0.000105307	9496	1	FALSE	NA	NA	NA	NA	NA	NA
NC_045512.2	5426	A	G	9491	2110	43	2	0	32	0.000210615	9496	0.994146	FALSE	NA	NA	NA	NA	NA	NA
NC_045512.2	5426	A	C	9491	2110	43	2	0	30	0.000210615	9496	0.994146	FALSE	NA	NA	NA	NA	NA	NA
NC_045512.2	5429	G	T	10596	2181	44	1	0	34	9.43574e-05	10598	0.999513	FALSE	NA	NA	NA	NA	NA	NA
NC_045512.2	5429	G	C	10596	2181	44	1	0	68	9.43574e-05	10598	0.5	FALSE	NA	NA	NA	NA	NA	NA
NC_045512.2	5430	T	G	10573	2629	46	1	0	27	9.45716e-05	10574	1	FALSE	NA	NA	NA	NA	NA	NA
NC_045512.2	5432	G	A	10704	2677	47	1	0	34	9.34143e-05	10705	0.999513	FALSE	NA	NA	NA	NA	NA	NA
NC_045512.2	5433	G	A	10729	2701	47	1	0	34	9.31966e-05	10730	0.999513	FALSE	NA	NA	NA	NA	NA	NA
NC_045512.2	5434	T	C	10667	2711	47	1	0	24	9.37383e-05	10668	1	FALSE	NA	NA	NA	NA	NA	NA
NC_045512.2	5435	G	A	11076	2751	47	1	0	34	9.02772e-05	11077	0.999757	FALSE	NA	NA	NA	NA	NA	NA
NC_045512.2	5436	A	T	11072	2803	47	1	0	34	9.02935e-05	11075	0.999756	FALSE	NA	NA	NA	NA	NA	NA
NC_045512.2	5436	A	G	11072	2803	47	2	0	34	0.000180587	11075	0.998295	FALSE	NA	NA	NA	NA	NA	NA
NC_045512.2	5437	G	-T	11269	2812	47	1	0	20	8.8739e-05	11269	1	FALSE	NA	NA	NA	NA	NA	NA
NC_045512.2	5438	T	G	11162	2756	45	1	0	34	8.95736e-05	11164	0.999756	FALSE	NA	NA	NA	NA	NA	NA
NC_045512.2	5438	T	A	11162	2756	45	1	0	34	8.95736e-05	11164	0.999756	FALSE	NA	NA	NA	NA	NA	NA
NC_045512.2	5439	T	G	11265	2883	48	1	0	27	8.87548e-05	11267	1	FALSE	NA	NA	NA	NA	NA	NA
NC_045512.2	5439	T	C	11265	2883	48	1	0	34	8.87548e-05	11267	0.999757	FALSE	NA	NA	NA	NA	NA	NA
NC_045512.2	5442	G	A	11411	2893	48	1	1	46	8.76271e-05	11412	0.750033	FALSE	NA	NA	NA	NA	NA	NA
NC_045512.2	5445	A	G	11595	2936	47	1	0	34	8.62366e-05	11596	0.999757	FALSE	NA	NA	NA	NA	NA	NA
NC_045512.2	5446	T	C	11562	2943	47	1	0	34	8.64753e-05	11564	0.999757	FALSE	NA	NA	NA	NA	NA	NA
NC_045512.2	5446	T	A	11562	2943	47	1	0	26	8.64753e-05	11564	1	FALSE	NA	NA	NA	NA	NA	NA
NC_045512.2	5447	G	A	11625	2943	48	1	0	34	8.60141e-05	11626	0.999757	FALSE	NA	NA	NA	NA	NA	NA
NC_045512.2	5448	T	G	11610	3025	47	1	1	20	8.61252e-05	11611	1	FALSE	NA	NA	NA	NA	NA	NA
NC_045512.2	5449	T	G	11606	3064	48	1	0	34	8.61549e-05	11607	0.999757	FALSE	NA	NA	NA	NA	NA	NA
NC_045512.2	5449	T	-A	11606	3064	48	2	0	20	0.00017231	11607	1	FALSE	NA	NA	NA	NA	NA	NA
NC_045512.2	5450	A	C	11597	3046	48	1	0	26	8.62218e-05	11598	1	FALSE	NA	NA	NA	NA	NA	NA
NC_045512.2	5452	A	T	11283	3055	46	1	0	26	8.86211e-05	11284	1	FALSE	NA	NA	NA	NA	NA	NA
NC_045512.2	5454	A	T	9095	3072	43	1	0	26	0.000109938	9096	1	FALSE	NA	NA	NA	NA	NA	NA
NC_045512.2	5455	A	G	11878	3108	49	1	0	68	8.41822e-05	11879	0.500021	FALSE	NA	NA	NA	NA	NA	NA
NC_045512.2	5456	A	T	11806	3112	48	1	0	34	8.46955e-05	11807	0.999757	FALSE	NA	NA	NA	NA	NA	NA
NC_045512.2	5458	A	G	11857	3171	48	3	1	45	0.000252951	11860	0.312516	FALSE	NA	NA	NA	NA	NA	NA
NC_045512.2	5460	T	C	11918	3177	48	2	0	34	0.000167771	11921	0.998295	FALSE	NA	NA	NA	NA	NA	NA
NC_045512.2	5460	T	A	11918	3177	48	1	0	34	8.38856e-05	11921	0.999756	FALSE	NA	NA	NA	NA	NA	NA
NC_045512.2	5462	A	T	11976	3222	48	1	1	68	8.34725e-05	11980	0.499958	FALSE	NA	NA	NA	NA	NA	NA
NC_045512.2	5462	A	G	11976	3222	48	3	0	34	0.000250417	11980	0.993543	FALSE	NA	NA	NA	NA	NA	NA
NC_045512.2	5463	G	T	12259	3227	48	1	0	34	8.15528e-05	12262	0.999878	FALSE	NA	NA	NA	NA	NA	NA
NC_045512.2	5463	G	A	12259	3227	48	2	1	64	0.000163106	12262	0.24999	FALSE	NA	NA	NA	NA	NA	NA
NC_045512.2	5464	T	C	12229	3214	48	1	0	34	8.17595e-05	12231	0.999878	FALSE	NA	NA	NA	NA	NA	NA
NC_045512.2	5464	T	A	12229	3214	48	1	0	34	8.17595e-05	12231	0.999878	FALSE	NA	NA	NA	NA	NA	NA
NC_045512.2	5465	T	C	12197	3217	48	2	1	51	0.000163948	12199	0.25001	FALSE	NA	NA	NA	NA	NA	NA
NC_045512.2	5466	A	G	12283	3252	49	1	0	34	8.14067e-05	12284	0.999878	FALSE	NA	NA	NA	NA	NA	NA
NC_045512.2	5468	T	G	12278	3350	49	1	0	34	8.14399e-05	12279	0.999878	FALSE	NA	NA	NA	NA	NA	NA
NC_045512.2	5469	T	C	12315	3394	49	2	1	51	0.000162377	12317	0.25001	FALSE	NA	NA	NA	NA	NA	NA
NC_045512.2	5470	G	A	12459	3389	49	1	0	34	8.02568e-05	12460	0.999878	FALSE	NA	NA	NA	NA	NA	NA
NC_045512.2	5471	T	G	12476	3474	49	1	0	34	8.0141e-05	12478	0.999878	FALSE	NA	NA	NA	NA	NA	NA
NC_045512.2	5471	T	C	12476	3474	49	1	0	34	8.0141e-05	12478	0.999878	FALSE	NA	NA	NA	NA	NA	NA
NC_045512.2	5472	T	G	12507	3492	50	1	0	34	7.99424e-05	12509	0.999878	FALSE	NA	NA	NA	NA	NA	NA
NC_045512.2	5472	T	C	12507	3492	50	1	0	68	7.99424e-05	12509	0.5	FALSE	NA	NA	NA	NA	NA	NA
NC_045512.2	5473	T	G	12483	3590	50	1	1	24	8.01025e-05	12484	1	FALSE	NA	NA	NA	NA	NA	NA
NC_045512.2	5475	A	G	12559	3646	50	2	1	51	0.00015921	12562	0.24999	FALSE	NA	NA	NA	NA	NA	NA
NC_045512.2	5475	A	C	12559	3646	50	1	1	27	7.96052e-05	12562	1	FALSE	NA	NA	NA	NA	NA	NA
NC_045512.2	5476	A	C	11123	3641	47	2	0	26	0.000179775	11125	1	FALSE	NA	NA	NA	NA	NA	NA
NC_045512.2	5477	C	T	12507	3640	50	2	0	34	0.000159885	12509	0.999087	FALSE	NA	NA	NA	NA	NA	NA
NC_045512.2	5478	A	G	12215	3637	50	1	1	24	8.18599e-05	12216	1	FALSE	NA	NA	NA	NA	NA	NA
NC_045512.2	5479	T	C	12542	3959	52	1	0	34	7.97257e-05	12543	0.999878	FALSE	NA	NA	NA	NA	NA	NA
NC_045512.2	5480	G	C	12493	4008	52	1	1	27	8.00064e-05	12499	1	FALSE	NA	NA	NA	NA	NA	NA
NC_045512.2	5480	G	A	12493	4008	52	5	0	40	0.000400032	12499	0.109347	FALSE	NA	NA	NA	NA	NA	NA
NC_045512.2	5481	C	T	12477	4025	52	1	1	68	8.0141e-05	12478	0.50002	FALSE	NA	NA	NA	NA	NA	NA
NC_045512.2	5482	C	T	12423	4064	52	1	1	68	8.04829e-05	12425	0.5	FALSE	NA	NA	NA	NA	NA	NA
NC_045512.2	5482	C	G	12423	4064	52	1	0	68	8.04829e-05	12425	0.5	FALSE	NA	NA	NA	NA	NA	NA
NC_045512.2	5484	A	T	11978	4083	50	1	1	27	8.34655e-05	11981	1	FALSE	NA	NA	NA	NA	NA	NA
NC_045512.2	5484	A	G	11978	4083	50	1	1	68	8.34655e-05	11981	0.499979	FALSE	NA	NA	NA	NA	NA	NA
NC_045512.2	5484	A	C	11978	4083	50	1	0	34	8.34655e-05	11981	0.999756	FALSE	NA	NA	NA	NA	NA	NA
NC_045512.2	5485	T	C	12685	4059	51	1	0	68	7.88271e-05	12686	0.50002	FALSE	NA	NA	NA	NA	NA	NA
NC_045512.2	5486	T	G	12687	4067	52	1	1	27	7.88146e-05	12688	1	FALSE	NA	NA	NA	NA	NA	NA
NC_045512.2	5488	A	T	12698	4056	53	1	1	27	7.87278e-05	12702	1	FALSE	NA	NA	NA	NA	NA	NA
NC_045512.2	5488	A	G	12698	4056	53	3	0	34	0.000236183	12702	0.996316	FALSE	NA	NA	NA	NA	NA	NA
NC_045512.2	5489	G	C	12649	4045	53	1	0	26	7.90514e-05	12650	1	FALSE	NA	NA	NA	NA	NA	NA
NC_045512.2	5490	A	T	12442	4133	51	1	1	27	8.03536e-05	12445	1	FALSE	NA	NA	NA	NA	NA	NA
NC_045512.2	5490	A	G	12442	4133	51	2	0	40	0.000160707	12445	0.5	FALSE	NA	NA	NA	NA	NA	NA
NC_045512.2	5491	T	C	12696	4149	53	1	0	24	7.87588e-05	12697	1	FALSE	NA	NA	NA	NA	NA	NA
NC_045512.2	5492	T	C	12507	4049	50	1	0	68	7.99424e-05	12509	0.5	FALSE	NA	NA	NA	NA	NA	NA
NC_045512.2	5492	T	A	12507	4049	50	1	1	20	7.99424e-05	12509	1	FALSE	NA	NA	NA	NA	NA	NA
NC_045512.2	5493	C	G	12565	4118	53	1	0	27	7.95735e-05	12567	1	FALSE	NA	NA	NA	NA	NA	NA
NC_045512.2	5493	C	A	12565	4118	53	1	0	34	7.95735e-05	12567	0.999878	FALSE	NA	NA	NA	NA	NA	NA
NC_045512.2	5496	G	C	12619	4125	53	1	0	26	7.92267e-05	12622	1	FALSE	NA	NA	NA	NA	NA	NA
NC_045512.2	5496	G	A	12619	4125	53	2	1	51	0.000158453	12622	0.24999	FALSE	NA	NA	NA	NA	NA	NA
NC_045512.2	5497	C	G	12551	4126	53	2	1	30	0.000159312	12554	0.999087	FALSE	NA	NA	NA	NA	NA	NA
NC_045512.2	5497	C	A	12551	4126	53	1	0	26	7.96559e-05	12554	1	FALSE	NA	NA	NA	NA	NA	NA
NC_045512.2	5499	A	T	12695	4135	53	1	0	34	7.87526e-05	12698	0.999878	FALSE	NA	NA	NA	NA	NA	NA
NC_045512.2	5499	A	G	12695	4135	53	2	0	51	0.000157505	12698	0.24999	FALSE	NA	NA	NA	NA	NA	NA
NC_045512.2	5500	A	T	11544	4161	50	1	1	60	8.66101e-05	11546	0.5	FALSE	NA	NA	NA	NA	NA	NA
NC_045512.2	5500	A	G	11544	4161	50	1	0	34	8.66101e-05	11546	0.999757	FALSE	NA	NA	NA	NA	NA	NA
NC_045512.2	5501	A	T	12550	4182	53	1	0	26	7.96622e-05	12553	1	FALSE	NA	NA	NA	NA	NA	NA
NC_045512.2	5501	A	G	12550	4182	53	2	0	34	0.000159324	12553	0.999087	FALSE	NA	NA	NA	NA	NA	NA
NC_045512.2	5503	A	T	12338	4188	51	3	0	34	0.000243053	12343	0.996314	FALSE	NA	NA	NA	NA	NA	NA
NC_045512.2	5503	A	G	12338	4188	51	2	0	51	0.000162035	12343	0.249949	FALSE	NA	NA	NA	NA	NA	NA
NC_045512.2	5505	T	A	13080	4227	50	4	0	28	0.000305717	13084	1	FALSE	NA	NA	NA	NA	NA	NA
NC_045512.2	5506	C	G	12365	5319	48	1	0	34	8.08604e-05	12367	0.999878	FALSE	NA	NA	NA	NA	NA	NA
NC_045512.2	5506	C	A	12365	5319	48	1	1	68	8.08604e-05	12367	0.5	FALSE	NA	NA	NA	NA	NA	NA
NC_045512.2	5506	C	+T	12365	5319	48	1	0	20	8.08604e-05	12367	1	FALSE	NA	NA	NA	NA	NA	NA
NC_045512.2	5507	T	C	12416	5345	48	1	0	34	8.05348e-05	12417	0.999878	FALSE	NA	NA	NA	NA	NA	NA
NC_045512.2	5508	T	C	12339	5285	48	1	0	46	8.10307e-05	12341	0.75001	FALSE	NA	NA	NA	NA	NA	NA
NC_045512.2	5508	T	A	12339	5285	48	1	0	27	8.10307e-05	12341	1	FALSE	NA	NA	NA	NA	NA	NA
NC_045512.2	5510	A	T	12433	5538	49	1	0	34	8.04182e-05	12435	0.999878	FALSE	NA	NA	NA	NA	NA	NA
NC_045512.2	5510	A	G	12433	5538	49	1	1	38	8.04182e-05	12435	0.999878	FALSE	NA	NA	NA	NA	NA	NA
NC_045512.2	5511	A	T	12213	5572	48	1	1	34	8.18532e-05	12217	0.999878	FALSE	NA	NA	NA	NA	NA	NA
NC_045512.2	5511	A	G	12213	5572	48	3	1	45	0.000245559	12217	0.312485	FALSE	NA	NA	NA	NA	NA	NA
NC_045512.2	5512	C	T	12287	5740	48	1	0	34	8.13736e-05	12289	0.999878	FALSE	NA	NA	NA	NA	NA	NA
NC_045512.2	5512	C	G	12287	5740	48	1	0	34	8.13736e-05	12289	0.999878	FALSE	NA	NA	NA	NA	NA	NA
NC_045512.2	5513	G	T	11939	5488	48	1	0	34	8.37451e-05	11941	0.999757	FALSE	NA	NA	NA	NA	NA	NA
NC_045512.2	5513	G	A	11939	5488	48	1	0	68	8.37451e-05	11941	0.5	FALSE	NA	NA	NA	NA	NA	NA
NC_045512.2	5514	T	G	11897	5445	48	1	0	34	8.40477e-05	11898	0.999757	FALSE	NA	NA	NA	NA	NA	NA
NC_045512.2	5515	G	T	11827	5359	48	1	1	26	8.4538e-05	11829	1	FALSE	NA	NA	NA	NA	NA	NA
NC_045512.2	5515	G	A	11827	5359	48	1	0	46	8.4538e-05	11829	0.750011	FALSE	NA	NA	NA	NA	NA	NA
NC_045512.2	5517	T	G	11987	5645	49	1	0	34	8.34098e-05	11989	0.999757	FALSE	NA	NA	NA	NA	NA	NA
NC_045512.2	5517	T	C	11987	5645	49	1	0	68	8.34098e-05	11989	0.5	FALSE	NA	NA	NA	NA	NA	NA
NC_045512.2	5518	G	A	12462	6052	47	2	0	34	0.000160462	12464	0.999087	FALSE	NA	NA	NA	NA	NA	NA
NC_045512.2	5519	T	G	12488	6205	47	2	0	34	0.000160102	12492	0.999086	FALSE	NA	NA	NA	NA	NA	NA
NC_045512.2	5519	T	A	12488	6205	47	2	1	26	0.000160102	12492	1	FALSE	NA	NA	NA	NA	NA	NA
NC_045512.2	5520	G	A	12505	6252	47	1	1	34	7.99616e-05	12506	0.999878	FALSE	NA	NA	NA	NA	NA	NA
NC_045512.2	5521	T	C	12563	6337	47	1	0	34	7.95925e-05	12564	0.999878	FALSE	NA	NA	NA	NA	NA	NA
NC_045512.2	5521	T	-A	12563	6337	47	1	0	20	7.95925e-05	12564	1	FALSE	NA	NA	NA	NA	NA	NA
NC_045512.2	5522	A	G	12489	6269	47	2	1	51	0.000160115	12491	0.24999	FALSE	NA	NA	NA	NA	NA	NA
NC_045512.2	5523	A	T	12548	6415	47	1	1	34	7.96876e-05	12549	0.999878	FALSE	NA	NA	NA	NA	NA	NA
NC_045512.2	5525	A	T	12475	6565	47	1	1	27	8.0141e-05	12478	1	FALSE	NA	NA	NA	NA	NA	NA
NC_045512.2	5525	A	G	12475	6565	47	1	0	34	8.0141e-05	12478	0.999878	FALSE	NA	NA	NA	NA	NA	NA
NC_045512.2	5525	A	C	12475	6565	47	1	1	34	8.0141e-05	12478	0.999878	FALSE	NA	NA	NA	NA	NA	NA
NC_045512.2	5526	C	-T	12568	6635	47	1	0	20	7.95672e-05	12568	1	FALSE	NA	NA	NA	NA	NA	NA
NC_045512.2	5527	T	C	12153	6259	47	2	1	51	0.000164541	12155	0.24999	FALSE	NA	NA	NA	NA	NA	NA
NC_045512.2	5529	G	T	12130	6342	47	2	1	68	0.000164853	12132	0.25001	FALSE	NA	NA	NA	NA	NA	NA
NC_045512.2	5530	T	C	12021	6228	46	2	2	30	0.000166348	12023	0.999087	FALSE	NA	NA	NA	NA	NA	NA
NC_045512.2	5531	G	A	12120	6304	47	1	1	34	8.25014e-05	12121	0.999878	FALSE	NA	NA	NA	NA	NA	NA
NC_045512.2	5532	G	C	12182	6391	47	2	1	26	0.000164136	12185	1	FALSE	NA	NA	NA	NA	NA	NA
NC_045512.2	5532	G	A	12182	6391	47	1	0	34	8.20681e-05	12185	0.999878	FALSE	NA	NA	NA	NA	NA	NA
NC_045512.2	5533	A	G	12225	6353	47	1	1	60	8.17929e-05	12226	0.50002	FALSE	NA	NA	NA	NA	NA	NA
NC_045512.2	5534	C	T	12159	6429	46	1	1	46	8.22301e-05	12161	0.75001	FALSE	NA	NA	NA	NA	NA	NA
NC_045512.2	5534	C	A	12159	6429	46	1	0	20	8.22301e-05	12161	1	FALSE	NA	NA	NA	NA	NA	NA
NC_045512.2	5535	A	T	12069	6375	46	1	0	24	8.285e-05	12070	1	FALSE	NA	NA	NA	NA	NA	NA
NC_045512.2	5537	C	G	12215	6547	46	1	1	27	8.18532e-05	12217	1	FALSE	NA	NA	NA	NA	NA	NA
NC_045512.2	5537	C	A	12215	6547	46	1	0	34	8.18532e-05	12217	0.999878	FALSE	NA	NA	NA	NA	NA	NA
NC_045512.2	5538	A	T	12088	6515	45	3	2	28	0.000248036	12095	1	FALSE	NA	NA	NA	NA	NA	NA
NC_045512.2	5538	A	G	12088	6515	45	4	0	45	0.000330715	12095	0.187422	FALSE	NA	NA	NA	NA	NA	NA
NC_045512.2	5539	G	T	12194	6474	46	1	1	68	8.19941e-05	12196	0.5	FALSE	NA	NA	NA	NA	NA	NA
NC_045512.2	5539	G	C	12194	6474	46	1	1	34	8.19941e-05	12196	0.999878	FALSE	NA	NA	NA	NA	NA	NA
NC_045512.2	5542	G	T	12365	6693	46	1	1	34	8.08604e-05	12367	0.999878	FALSE	NA	NA	NA	NA	NA	NA
NC_045512.2	5542	G	C	12365	6693	46	1	1	34	8.08604e-05	12367	0.999878	FALSE	NA	NA	NA	NA	NA	NA
NC_045512.2	5543	A	T	12266	6881	46	1	1	26	8.15195e-05	12267	1	FALSE	NA	NA	NA	NA	NA	NA
NC_045512.2	5545	A	T	12118	6887	46	1	0	27	8.25151e-05	12119	1	FALSE	NA	NA	NA	NA	NA	NA
NC_045512.2	5546	A	G	12523	6928	46	2	2	34	0.000159681	12525	0.999087	FALSE	NA	NA	NA	NA	NA	NA
NC_045512.2	5547	C	T	13092	7043	46	1	1	34	7.63709e-05	13094	0.999939	FALSE	NA	NA	NA	NA	NA	NA
NC_045512.2	5547	C	G	13092	7043	46	1	0	27	7.63709e-05	13094	1	FALSE	NA	NA	NA	NA	NA	NA
NC_045512.2	5548	C	T	13221	7056	46	2	2	30	0.000151217	13226	0.999513	FALSE	NA	NA	NA	NA	NA	NA
NC_045512.2	5548	C	G	13221	7056	46	1	0	34	7.56086e-05	13226	0.999939	FALSE	NA	NA	NA	NA	NA	NA
NC_045512.2	5548	C	A	13221	7056	46	2	0	30	0.000151217	13226	0.999513	FALSE	NA	NA	NA	NA	NA	NA
NC_045512.2	5549	C	A	13233	7139	46	3	0	45	0.000226655	13236	0.312514	FALSE	NA	NA	NA	NA	NA	NA
NC_045512.2	5551	T	A	13055	6980	45	1	0	27	7.65931e-05	13056	1	FALSE	NA	NA	NA	NA	NA	NA
NC_045512.2	5552	A	T	13123	7122	46	1	0	34	7.61905e-05	13125	0.999939	FALSE	NA	NA	NA	NA	NA	NA
NC_045512.2	5552	A	G	13123	7122	46	1	1	24	7.61905e-05	13125	1	FALSE	NA	NA	NA	NA	NA	NA
NC_045512.2	5553	A	T	12887	7259	45	1	1	27	7.75795e-05	12890	1	FALSE	NA	NA	NA	NA	NA	NA
NC_045512.2	5553	A	G	12887	7259	45	1	1	34	7.75795e-05	12890	0.999878	FALSE	NA	NA	NA	NA	NA	NA
NC_045512.2	5553	A	C	12887	7259	45	1	1	34	7.75795e-05	12890	0.999878	FALSE	NA	NA	NA	NA	NA	NA
NC_045512.2	5554	G	C	13159	7190	46	2	2	26	0.000151964	13161	1	FALSE	NA	NA	NA	NA	NA	NA
NC_045512.2	5555	G	T	12602	6855	46	3	3	26	0.000237982	12606	1	FALSE	NA	NA	NA	NA	NA	NA
NC_045512.2	5555	G	A	12602	6855	46	1	0	34	7.93273e-05	12606	0.999878	FALSE	NA	NA	NA	NA	NA	NA
NC_045512.2	5556	G	A	12770	7086	45	2	2	47	0.000156593	12772	0.500029	FALSE	NA	NA	NA	NA	NA	NA
NC_045512.2	5557	T	C	11590	6208	45	1	0	34	8.62738e-05	11591	0.999757	FALSE	NA	NA	NA	NA	NA	NA
NC_045512.2	5558	G	T	11874	6468	46	1	1	26	8.42034e-05	11876	1	FALSE	NA	NA	NA	NA	NA	NA
NC_045512.2	5558	G	A	11874	6468	46	1	0	34	8.42034e-05	11876	0.999757	FALSE	NA	NA	NA	NA	NA	NA
NC_045512.2	5560	A	T	11836	6476	46	1	0	34	8.44737e-05	11838	0.999757	FALSE	NA	NA	NA	NA	NA	NA
NC_045512.2	5560	A	G	11836	6476	46	1	0	24	8.44737e-05	11838	1	FALSE	NA	NA	NA	NA	NA	NA
NC_045512.2	5561	G	T	11845	6495	46	2	2	30	0.000168805	11848	0.998295	FALSE	NA	NA	NA	NA	NA	NA
NC_045512.2	5561	G	C	11845	6495	46	1	0	26	8.44024e-05	11848	1	FALSE	NA	NA	NA	NA	NA	NA
NC_045512.2	5562	A	T	12049	7456	47	1	0	20	8.29807e-05	12051	1	FALSE	NA	NA	NA	NA	NA	NA
NC_045512.2	5562	A	G	12049	7456	47	1	0	34	8.29807e-05	12051	0.999878	FALSE	NA	NA	NA	NA	NA	NA
NC_045512.2	5563	A	G	12118	7559	48	2	1	34	0.000165017	12120	0.999087	FALSE	NA	NA	NA	NA	NA	NA
NC_045512.2	5564	G	C	12079	7472	49	1	1	34	8.27746e-05	12081	0.999878	FALSE	NA	NA	NA	NA	NA	NA
NC_045512.2	5564	G	A	12079	7472	49	1	1	34	8.27746e-05	12081	0.999878	FALSE	NA	NA	NA	NA	NA	NA
NC_045512.2	5565	C	T	11755	7637	47	1	0	34	8.50629e-05	11756	0.999757	FALSE	NA	NA	NA	NA	NA	NA
NC_045512.2	5566	T	A	11489	7362	47	2	1	25	0.000174049	11491	1	FALSE	NA	NA	NA	NA	NA	NA
NC_045512.2	5567	G	-T	12084	7645	48	1	0	20	8.27541e-05	12084	1	FALSE	NA	NA	NA	NA	NA	NA
NC_045512.2	5568	T	A	12256	7963	49	1	0	27	8.1586e-05	12257	1	FALSE	NA	NA	NA	NA	NA	NA
NC_045512.2	5569	T	G	12224	8015	49	1	0	20	8.17795e-05	12228	1	FALSE	NA	NA	NA	NA	NA	NA
NC_045512.2	5569	T	C	12224	8015	49	3	3	45	0.000245339	12228	0.312485	FALSE	NA	NA	NA	NA	NA	NA
NC_045512.2	5570	A	T	12268	8049	49	2	2	29	0.000162986	12271	1	FALSE	NA	NA	NA	NA	NA	NA
NC_045512.2	5570	A	G	12268	8049	49	1	0	20	8.1493e-05	12271	1	FALSE	NA	NA	NA	NA	NA	NA
NC_045512.2	5571	T	C	12311	8100	49	1	0	68	8.1215e-05	12313	0.5	FALSE	NA	NA	NA	NA	NA	NA
NC_045512.2	5571	T	A	12311	8100	49	1	0	34	8.1215e-05	12313	0.999878	FALSE	NA	NA	NA	NA	NA	NA
NC_045512.2	5572	G	C	12337	8052	49	1	1	34	8.10504e-05	12338	0.999878	FALSE	NA	NA	NA	NA	NA	NA
NC_045512.2	5573	T	G	12398	8140	49	1	0	34	8.06452e-05	12400	0.999878	FALSE	NA	NA	NA	NA	NA	NA
NC_045512.2	5573	T	A	12398	8140	49	1	1	20	8.06452e-05	12400	1	FALSE	NA	NA	NA	NA	NA	NA
NC_045512.2	5574	A	T	12239	8074	49	2	2	30	0.000163332	12245	0.999086	FALSE	NA	NA	NA	NA	NA	NA
NC_045512.2	5574	A	G	12239	8074	49	3	1	56	0.000244998	12245	0.124954	FALSE	NA	NA	NA	NA	NA	NA
NC_045512.2	5574	A	C	12239	8074	49	1	1	26	8.1666e-05	12245	1	FALSE	NA	NA	NA	NA	NA	NA
NC_045512.2	5575	C	T	12251	8213	49	2	2	34	0.000163212	12254	0.999087	FALSE	NA	NA	NA	NA	NA	NA
NC_045512.2	5575	C	A	12251	8213	49	1	1	20	8.1606e-05	12254	1	FALSE	NA	NA	NA	NA	NA	NA
NC_045512.2	5576	A	G	11370	7430	50	1	1	68	8.7943e-05	11371	0.500022	FALSE	NA	NA	NA	NA	NA	NA
NC_045512.2	5577	T	G	11417	7477	50	1	1	34	8.75733e-05	11419	0.999757	FALSE	NA	NA	NA	NA	NA	NA
NC_045512.2	5577	T	A	11417	7477	50	1	0	20	8.75733e-05	11419	1	FALSE	NA	NA	NA	NA	NA	NA
NC_045512.2	5577	T	-G	11417	7477	50	1	0	20	8.75733e-05	11419	1	FALSE	NA	NA	NA	NA	NA	NA
NC_045512.2	5578	G	A	11366	7553	49	1	0	68	8.7974e-05	11367	0.5	FALSE	NA	NA	NA	NA	NA	NA
NC_045512.2	5579	G	T	11205	7404	49	1	1	26	8.92299e-05	11207	1	FALSE	NA	NA	NA	NA	NA	NA
NC_045512.2	5579	G	A	11205	7404	49	1	1	34	8.92299e-05	11207	0.999757	FALSE	NA	NA	NA	NA	NA	NA
NC_045512.2	5580	G	A	11218	7650	49	1	1	34	8.91345e-05	11219	0.999757	FALSE	NA	NA	NA	NA	NA	NA
NC_045512.2	5581	C	T	11254	7980	51	3	3	45	0.000266501	11257	0.312517	FALSE	NA	NA	NA	NA	NA	NA
NC_045512.2	5582	A	G	11287	8028	51	1	1	26	8.85897e-05	11288	1	FALSE	NA	NA	NA	NA	NA	NA
NC_045512.2	5583	C	T	11313	8128	51	2	2	34	0.000176757	11315	0.998296	FALSE	NA	NA	NA	NA	NA	NA
NC_045512.2	5585	C	G	11225	8185	50	1	1	27	8.9071e-05	11227	1	FALSE	NA	NA	NA	NA	NA	NA
NC_045512.2	5585	C	A	11225	8185	50	1	0	34	8.9071e-05	11227	0.999757	FALSE	NA	NA	NA	NA	NA	NA
NC_045512.2	5586	T	C	11191	8227	50	5	4	34	0.000446548	11197	0.961646	FALSE	NA	NA	NA	NA	NA	NA
NC_045512.2	5586	T	A	11191	8227	50	1	1	34	8.93096e-05	11197	0.999756	FALSE	NA	NA	NA	NA	NA	NA
NC_045512.2	5587	T	C	11174	8221	51	1	0	68	8.94694e-05	11177	0.499978	FALSE	NA	NA	NA	NA	NA	NA
NC_045512.2	5587	T	A	11174	8221	51	2	2	30	0.000178939	11177	0.998295	FALSE	NA	NA	NA	NA	NA	NA
NC_045512.2	5588	T	A	10513	7619	48	2	2	30	0.000190204	10515	0.996835	FALSE	NA	NA	NA	NA	NA	NA
NC_045512.2	5589	C	-T	11105	8185	50	1	0	20	9.00495e-05	11105	1	FALSE	NA	NA	NA	NA	NA	NA
NC_045512.2	5590	T	C	11086	8164	50	1	1	34	9.01795e-05	11089	0.999756	FALSE	NA	NA	NA	NA	NA	NA
NC_045512.2	5590	T	A	11086	8164	50	2	2	25	0.000180359	11089	1	FALSE	NA	NA	NA	NA	NA	NA
NC_045512.2	5591	T	C	11110	8206	50	1	1	68	8.99847e-05	11113	0.499978	FALSE	NA	NA	NA	NA	NA	NA
NC_045512.2	5591	T	A	11110	8206	50	2	1	30	0.000179969	11113	0.998295	FALSE	NA	NA	NA	NA	NA	NA
NC_045512.2	5594	G	C	11045	8181	50	1	1	26	9.05223e-05	11047	1	FALSE	NA	NA	NA	NA	NA	NA
NC_045512.2	5594	G	A	11045	8181	50	1	0	24	9.05223e-05	11047	1	FALSE	NA	NA	NA	NA	NA	NA
NC_045512.2	5595	A	T	11090	8246	50	1	1	34	9.01469e-05	11093	0.999756	FALSE	NA	NA	NA	NA	NA	NA
NC_045512.2	5595	A	G	11090	8246	50	2	0	46	0.000180294	11093	0.5	FALSE	NA	NA	NA	NA	NA	NA
NC_045512.2	5596	A	T	11108	8348	48	1	1	26	8.99928e-05	11112	1	FALSE	NA	NA	NA	NA	NA	NA
NC_045512.2	5596	A	G	11108	8348	48	3	3	56	0.000269978	11112	0.124983	FALSE	NA	NA	NA	NA	NA	NA
NC_045512.2	5598	A	G	10881	8098	50	1	1	68	9.18949e-05	10882	0.500023	FALSE	NA	NA	NA	NA	NA	NA
NC_045512.2	5599	A	G	10948	8123	50	2	1	29	0.000182648	10950	1	FALSE	NA	NA	NA	NA	NA	NA
NC_045512.2	5601	T	A	10842	8050	50	1	0	46	9.22254e-05	10843	0.750035	FALSE	NA	NA	NA	NA	NA	NA
NC_045512.2	5602	T	A	10889	8114	50	1	0	27	9.18274e-05	10890	1	FALSE	NA	NA	NA	NA	NA	NA
NC_045512.2	5603	A	G	10956	8177	49	1	1	34	9.12659e-05	10957	0.999513	FALSE	NA	NA	NA	NA	NA	NA
NC_045512.2	5604	A	G	10994	8229	50	2	1	29	0.000181884	10996	1	FALSE	NA	NA	NA	NA	NA	NA
NC_045512.2	5605	G	A	10953	8210	50	1	0	68	9.12909e-05	10954	0.500023	FALSE	NA	NA	NA	NA	NA	NA
NC_045512.2	5605	G	-A	10953	8210	50	2	0	20	0.000182582	10954	1	FALSE	NA	NA	NA	NA	NA	NA
NC_045512.2	5606	A	T	10854	8142	48	1	1	26	9.2098e-05	10858	1	FALSE	NA	NA	NA	NA	NA	NA
NC_045512.2	5606	A	G	10854	8142	48	2	2	34	0.000184196	10858	0.996828	FALSE	NA	NA	NA	NA	NA	NA
NC_045512.2	5606	A	C	10854	8142	48	1	1	34	9.2098e-05	10858	0.999512	FALSE	NA	NA	NA	NA	NA	NA
NC_045512.2	5607	A	G	10885	8184	50	2	2	68	0.000183705	10887	0.250011	FALSE	NA	NA	NA	NA	NA	NA
NC_045512.2	5608	A	C	10726	8045	50	1	1	34	9.32227e-05	10727	0.999513	FALSE	NA	NA	NA	NA	NA	NA
NC_045512.2	5609	G	A	10706	8013	50	3	3	42	0.000280138	10709	0.312518	FALSE	NA	NA	NA	NA	NA	NA
NC_045512.2	5612	G	A	10693	8100	49	2	1	29	0.000187003	10695	1	FALSE	NA	NA	NA	NA	NA	NA
NC_045512.2	5613	T	C	10566	7972	49	1	1	34	9.46342e-05	10567	0.999513	FALSE	NA	NA	NA	NA	NA	NA
NC_045512.2	5616	A	G	10693	8102	49	1	0	68	9.35104e-05	10694	0.500023	FALSE	NA	NA	NA	NA	NA	NA
NC_045512.2	5617	G	T	10703	8155	49	1	1	34	9.3423e-05	10704	0.999513	FALSE	NA	NA	NA	NA	NA	NA
NC_045512.2	5618	A	T	10596	8044	48	1	1	34	9.43663e-05	10597	0.999513	FALSE	NA	NA	NA	NA	NA	NA
NC_045512.2	5620	A	C	10454	7960	48	1	1	34	9.5648e-05	10455	0.999513	FALSE	NA	NA	NA	NA	NA	NA
NC_045512.2	5621	C	A	10416	7943	49	1	0	27	9.59969e-05	10417	1	FALSE	NA	NA	NA	NA	NA	NA
NC_045512.2	5622	C	A	10292	7840	49	1	0	68	9.71534e-05	10293	0.500024	FALSE	NA	NA	NA	NA	NA	NA
NC_045512.2	5623	T	C	10262	7789	49	2	2	34	0.000194856	10264	0.996835	FALSE	NA	NA	NA	NA	NA	NA
NC_045512.2	5624	T	A	10094	7637	49	1	1	34	9.90589e-05	10095	0.999513	FALSE	NA	NA	NA	NA	NA	NA
NC_045512.2	5625	G	T	10075	7641	49	1	1	34	9.92457e-05	10076	0.999513	FALSE	NA	NA	NA	NA	NA	NA
NC_045512.2	5626	T	C	9900	7472	49	1	1	24	0.000101	9901	1	FALSE	NA	NA	NA	NA	NA	NA
NC_045512.2	5627	A	G	9934	7515	49	1	0	68	0.000100654	9935	0.500025	FALSE	NA	NA	NA	NA	NA	NA
NC_045512.2	5628	C	T	9893	7474	49	3	3	31	0.000303122	9897	0.980741	FALSE	NA	NA	NA	NA	NA	NA
NC_045512.2	5628	C	G	9893	7474	49	1	0	34	0.000101041	9897	0.999025	FALSE	NA	NA	NA	NA	NA	NA
NC_045512.2	5629	G	A	9841	7436	50	2	1	68	0.00020319	9843	0.250013	FALSE	NA	NA	NA	NA	NA	NA
NC_045512.2	5630	T	C	9025	6696	50	1	1	34	0.000110791	9026	0.999026	FALSE	NA	NA	NA	NA	NA	NA
NC_045512.2	5631	G	T	8991	6661	51	1	1	26	0.000111198	8993	1	FALSE	NA	NA	NA	NA	NA	NA
NC_045512.2	5631	G	A	8991	6661	51	1	0	68	0.000111198	8993	0.5	FALSE	NA	NA	NA	NA	NA	NA
NC_045512.2	5632	T	C	8908	6579	50	1	0	68	0.000112246	8909	0.500028	FALSE	NA	NA	NA	NA	NA	NA
NC_045512.2	5633	G	C	8841	6510	51	1	1	27	0.000113084	8843	1	FALSE	NA	NA	NA	NA	NA	NA
NC_045512.2	5633	G	A	8841	6510	51	1	0	68	0.000113084	8843	0.5	FALSE	NA	NA	NA	NA	NA	NA
NC_045512.2	5637	A	T	8859	6615	50	1	0	34	0.000112867	8860	0.998052	FALSE	NA	NA	NA	NA	NA	NA
NC_045512.2	5639	C	G	8887	6649	50	1	0	34	0.000112511	8888	0.998052	FALSE	NA	NA	NA	NA	NA	NA
NC_045512.2	5640	A	T	8656	6434	50	1	0	34	0.0001155	8658	0.998051	FALSE	NA	NA	NA	NA	NA	NA
NC_045512.2	5640	A	G	8656	6434	50	1	1	38	0.0001155	8658	0.998051	FALSE	NA	NA	NA	NA	NA	NA
NC_045512.2	5641	A	T	8677	6456	50	1	1	34	0.000115207	8680	0.99805	FALSE	NA	NA	NA	NA	NA	NA
NC_045512.2	5641	A	G	8677	6456	50	1	0	68	0.000115207	8680	0.499971	FALSE	NA	NA	NA	NA	NA	NA
NC_045512.2	5641	A	C	8677	6456	50	1	0	38	0.000115207	8680	0.99805	FALSE	NA	NA	NA	NA	NA	NA
NC_045512.2	5642	G	C	8621	6401	50	1	1	38	0.000115982	8622	0.998052	FALSE	NA	NA	NA	NA	NA	NA
NC_045512.2	5644	T	G	8640	6448	50	1	0	34	0.000115727	8641	0.998052	FALSE	NA	NA	NA	NA	NA	NA
NC_045512.2	5645	A	T	8564	6373	50	1	0	34	0.000116741	8566	0.998051	FALSE	NA	NA	NA	NA	NA	NA
NC_045512.2	5645	A	G	8564	6373	50	1	1	34	0.000116741	8566	0.998051	FALSE	NA	NA	NA	NA	NA	NA
NC_045512.2	5646	C	-AAAA	8596	6397	50	1	0	20	0.000116333	8596	1	FALSE	NA	NA	NA	NA	NA	NA
NC_045512.2	5647	A	T	8555	6373	50	1	0	24	0.000116863	8557	1	FALSE	NA	NA	NA	NA	NA	NA
NC_045512.2	5647	A	G	8555	6373	50	1	1	34	0.000116863	8557	0.99805	FALSE	NA	NA	NA	NA	NA	NA
NC_045512.2	5649	A	T	8570	6401	48	1	1	34	0.000116659	8572	0.99805	FALSE	NA	NA	NA	NA	NA	NA
NC_045512.2	5649	A	G	8570	6401	48	1	1	68	0.000116659	8572	0.499971	FALSE	NA	NA	NA	NA	NA	NA
NC_045512.2	5650	A	C	8588	6423	50	1	1	24	0.000116428	8589	1	FALSE	NA	NA	NA	NA	NA	NA
NC_045512.2	5651	T	A	8404	6250	49	1	0	68	0.000118977	8405	0.50003	FALSE	NA	NA	NA	NA	NA	NA
NC_045512.2	5652	A	T	8499	6356	49	4	3	30	0.000470312	8505	0.927045	FALSE	NA	NA	NA	NA	NA	NA
NC_045512.2	5652	A	G	8499	6356	49	1	1	34	0.000117578	8505	0.998047	FALSE	NA	NA	NA	NA	NA	NA
NC_045512.2	5652	A	C	8499	6356	49	1	1	34	0.000117578	8505	0.998047	FALSE	NA	NA	NA	NA	NA	NA
NC_045512.2	5654	C	G	8428	6559	48	1	0	27	0.000118638	8429	1	FALSE	NA	NA	NA	NA	NA	NA
NC_045512.2	5655	T	C	8078	6206	47	1	1	24	0.000123747	8081	1	FALSE	NA	NA	NA	NA	NA	NA
NC_045512.2	5655	T	A	8078	6206	47	2	1	25	0.000247494	8081	1	FALSE	NA	NA	NA	NA	NA	NA
NC_045512.2	5659	A	T	8340	6516	48	1	1	34	0.00011989	8341	0.998052	FALSE	NA	NA	NA	NA	NA	NA
NC_045512.2	5660	C	T	8326	6515	48	1	1	34	0.000120077	8328	0.998051	FALSE	NA	NA	NA	NA	NA	NA
NC_045512.2	5660	C	A	8326	6515	48	1	1	26	0.000120077	8328	1	FALSE	NA	NA	NA	NA	NA	NA
NC_045512.2	5664	A	T	7949	6170	48	1	1	34	0.00012577	7951	0.996101	FALSE	NA	NA	NA	NA	NA	NA
NC_045512.2	5664	A	G	7949	6170	48	1	1	34	0.00012577	7951	0.996101	FALSE	NA	NA	NA	NA	NA	NA
NC_045512.2	5666	G	C	7525	5805	48	1	0	26	0.000132873	7526	1	FALSE	NA	NA	NA	NA	NA	NA
NC_045512.2	5667	A	T	7525	5810	48	1	1	34	0.000132855	7527	0.996101	FALSE	NA	NA	NA	NA	NA	NA
NC_045512.2	5667	A	G	7525	5810	48	1	1	34	0.000132855	7527	0.996101	FALSE	NA	NA	NA	NA	NA	NA
NC_045512.2	5668	G	A	7507	5789	49	1	1	34	0.000133191	7508	0.996103	FALSE	NA	NA	NA	NA	NA	NA
NC_045512.2	5670	C	A	7074	5634	47	1	0	34	0.000141343	7075	0.996104	FALSE	NA	NA	NA	NA	NA	NA
NC_045512.2	5675	T	G	5995	4604	44	1	1	34	0.000166778	5996	0.984402	FALSE	NA	NA	NA	NA	NA	NA
NC_045512.2	5676	T	C	6705	5312	47	2	2	43	0.000298196	6707	0.250019	FALSE	NA	NA	NA	NA	NA	NA
NC_045512.2	5677	T	C	6680	5322	47	1	0	60	0.000149678	6681	0.500037	FALSE	NA	NA	NA	NA	NA	NA
NC_045512.2	5682	T	C	6569	5233	47	1	0	68	0.000152207	6570	0.500038	FALSE	NA	NA	NA	NA	NA	NA
NC_045512.2	5683	G	T	6532	5201	47	1	1	26	0.000153069	6533	1	FALSE	NA	NA	NA	NA	NA	NA
NC_045512.2	5685	T	C	6433	5146	46	1	1	34	0.000155424	6434	0.992204	FALSE	NA	NA	NA	NA	NA	NA
NC_045512.2	5687	T	C	6107	4903	46	1	1	34	0.00016372	6108	0.992205	FALSE	NA	NA	NA	NA	NA	NA
NC_045512.2	5688	C	A	6082	4896	46	1	1	34	0.000164393	6083	0.992205	FALSE	NA	NA	NA	NA	NA	NA
NC_045512.2	5691	C	A	6061	4936	45	1	0	27	0.000164962	6062	1	FALSE	NA	NA	NA	NA	NA	NA
NC_045512.2	5692	A	T	6033	4919	46	1	1	34	0.0001657	6035	0.992201	FALSE	NA	NA	NA	NA	NA	NA
NC_045512.2	5692	A	G	6033	4919	46	1	1	68	0.0001657	6035	0.5	FALSE	NA	NA	NA	NA	NA	NA
NC_045512.2	5695	A	T	5628	4590	46	1	1	34	0.000177588	5631	0.984387	FALSE	NA	NA	NA	NA	NA	NA
NC_045512.2	5695	A	G	5628	4590	46	2	1	68	0.000355177	5631	0.249978	FALSE	NA	NA	NA	NA	NA	NA
NC_045512.2	5697	C	T	5563	4954	40	1	0	68	0.000179727	5564	0.500045	FALSE	NA	NA	NA	NA	NA	NA
NC_045512.2	5698	T	C	5459	4851	41	2	2	57	0.000366233	5461	0.250023	FALSE	NA	NA	NA	NA	NA	NA
NC_045512.2	5701	T	C	5438	4834	41	1	1	34	0.000183857	5439	0.984405	FALSE	NA	NA	NA	NA	NA	NA
NC_045512.2	5703	A	G	4986	4405	41	1	1	26	0.000200521	4987	1	FALSE	NA	NA	NA	NA	NA	NA
NC_045512.2	5704	G	T	4990	4421	41	1	1	26	0.000200361	4991	1	FALSE	NA	NA	NA	NA	NA	NA
NC_045512.2	5706	A	C	4955	4437	40	1	1	26	0.000201776	4956	1	FALSE	NA	NA	NA	NA	NA	NA
NC_045512.2	5710	A	T	4549	4114	38	1	1	34	0.000219732	4551	0.968784	FALSE	NA	NA	NA	NA	NA	NA
NC_045512.2	5710	A	C	4549	4114	38	1	1	34	0.000219732	4551	0.968784	FALSE	NA	NA	NA	NA	NA	NA
NC_045512.2	5711	C	T	4563	4125	39	6	6	30	0.0013132	4569	0.37702	FALSE	NA	NA	NA	NA	NA	NA
NC_045512.2	5927	G	A	7203	733	33	2	0	34	0.000277585	7205	0.980508	FALSE	NA	NA	NA	NA	NA	NA
NC_045512.2	5930	T	C	7172	759	33	1	0	34	0.000139412	7173	0.996104	FALSE	NA	NA	NA	NA	NA	NA
NC_045512.2	5932	T	C	7602	762	33	1	0	34	0.00013151	7604	0.996101	FALSE	NA	NA	NA	NA	NA	NA
NC_045512.2	5932	T	A	7602	762	33	1	0	34	0.00013151	7604	0.996101	FALSE	NA	NA	NA	NA	NA	NA
NC_045512.2	5933	A	T	7627	762	33	1	1	26	0.000131096	7628	1	FALSE	NA	NA	NA	NA	NA	NA
NC_045512.2	5934	C	T	7580	757	33	3	0	34	0.000395517	7585	0.945347	FALSE	NA	NA	NA	NA	NA	NA
NC_045512.2	5934	C	A	7580	757	33	2	0	34	0.000263678	7585	0.980478	FALSE	NA	NA	NA	NA	NA	NA
NC_045512.2	5935	A	G	7639	764	33	2	1	30	0.000261746	7641	0.980506	FALSE	NA	NA	NA	NA	NA	NA
NC_045512.2	5936	G	T	8310	757	34	2	1	30	0.000240616	8312	0.989282	FALSE	NA	NA	NA	NA	NA	NA
NC_045512.2	5939	A	C	8673	768	33	1	0	34	0.000115287	8674	0.998052	FALSE	NA	NA	NA	NA	NA	NA
NC_045512.2	5941	T	C	8660	803	34	6	0	32	0.000692361	8666	0.788184	FALSE	NA	NA	NA	NA	NA	NA
NC_045512.2	5943	A	G	9350	1026	35	3	0	34	0.000320753	9353	0.980752	FALSE	NA	NA	NA	NA	NA	NA
NC_045512.2	5944	C	G	9639	1041	35	3	0	31	0.000311042	9645	0.980725	FALSE	NA	NA	NA	NA	NA	NA
NC_045512.2	5944	C	A	9639	1041	35	3	0	31	0.000311042	9645	0.980725	FALSE	NA	NA	NA	NA	NA	NA
NC_045512.2	5945	C	A	9448	1041	35	2	0	40	0.00021164	9450	0.250013	FALSE	NA	NA	NA	NA	NA	NA
NC_045512.2	5952	T	A	10460	1271	37	1	0	26	9.55932e-05	10461	1	FALSE	NA	NA	NA	NA	NA	NA
NC_045512.2	5954	G	A	10830	1381	37	1	0	26	9.23276e-05	10831	1	FALSE	NA	NA	NA	NA	NA	NA
NC_045512.2	5955	A	T	10851	1371	37	1	0	34	9.21234e-05	10855	0.999512	FALSE	NA	NA	NA	NA	NA	NA
NC_045512.2	5955	A	G	10851	1371	37	3	1	34	0.00027637	10855	0.988789	FALSE	NA	NA	NA	NA	NA	NA
NC_045512.2	5957	A	G	10711	1380	37	1	0	34	9.33532e-05	10712	0.999513	FALSE	NA	NA	NA	NA	NA	NA
NC_045512.2	5960	T	C	11049	1772	39	1	0	34	9.04977e-05	11050	0.999757	FALSE	NA	NA	NA	NA	NA	NA
NC_045512.2	5961	A	-T	10962	1809	39	1	0	20	9.12242e-05	10962	1	FALSE	NA	NA	NA	NA	NA	NA
NC_045512.2	5964	A	-T	11105	2001	40	1	0	20	9.00495e-05	11105	1	FALSE	NA	NA	NA	NA	NA	NA
NC_045512.2	5966	A	T	11231	2003	40	1	1	20	8.90234e-05	11233	1	FALSE	NA	NA	NA	NA	NA	NA
NC_045512.2	5966	A	G	11231	2003	40	1	0	26	8.90234e-05	11233	1	FALSE	NA	NA	NA	NA	NA	NA
NC_045512.2	5967	A	G	11339	2020	41	1	1	68	8.81834e-05	11340	0.500022	FALSE	NA	NA	NA	NA	NA	NA
NC_045512.2	5971	A	G	11841	2081	41	1	0	34	8.44452e-05	11842	0.999757	FALSE	NA	NA	NA	NA	NA	NA
NC_045512.2	5972	G	A	11904	2092	41	7	1	38	0.000587692	11911	0.881183	FALSE	NA	NA	NA	NA	NA	NA
NC_045512.2	5976	A	G	12145	2422	42	1	0	34	8.23316e-05	12146	0.999878	FALSE	NA	NA	NA	NA	NA	NA
NC_045512.2	5977	T	G	12159	2427	42	1	1	24	8.22301e-05	12161	1	FALSE	NA	NA	NA	NA	NA	NA
NC_045512.2	5977	T	C	12159	2427	42	1	0	26	8.22301e-05	12161	1	FALSE	NA	NA	NA	NA	NA	NA
NC_045512.2	5978	T	A	12038	2374	41	1	0	20	8.30634e-05	12039	1	FALSE	NA	NA	NA	NA	NA	NA
NC_045512.2	5981	T	G	12276	2431	42	1	0	27	8.14531e-05	12277	1	FALSE	NA	NA	NA	NA	NA	NA
NC_045512.2	5982	A	T	12396	2461	42	1	1	27	8.06582e-05	12398	1	FALSE	NA	NA	NA	NA	NA	NA
NC_045512.2	5982	A	G	12396	2461	42	1	1	24	8.06582e-05	12398	1	FALSE	NA	NA	NA	NA	NA	NA
NC_045512.2	5983	T	C	12417	2497	42	3	0	45	0.000241546	12420	0.312515	FALSE	NA	NA	NA	NA	NA	NA
NC_045512.2	5984	T	C	12404	2529	42	1	0	34	8.06127e-05	12405	0.999878	FALSE	NA	NA	NA	NA	NA	NA
NC_045512.2	5985	T	C	12481	2571	41	1	0	26	8.01154e-05	12482	1	FALSE	NA	NA	NA	NA	NA	NA
NC_045512.2	5989	A	T	12671	2784	44	1	1	27	7.89017e-05	12674	1	FALSE	NA	NA	NA	NA	NA	NA
NC_045512.2	5989	A	G	12671	2784	44	2	1	47	0.000157803	12674	0.5	FALSE	NA	NA	NA	NA	NA	NA
NC_045512.2	5991	A	G	13159	2885	44	3	0	34	0.000227929	13162	0.997916	FALSE	NA	NA	NA	NA	NA	NA
NC_045512.2	5992	G	A	13336	2914	44	2	1	34	0.000149948	13338	0.999513	FALSE	NA	NA	NA	NA	NA	NA
NC_045512.2	5993	C	T	13270	2964	44	1	0	34	7.53466e-05	13272	0.999939	FALSE	NA	NA	NA	NA	NA	NA
NC_045512.2	5993	C	G	13270	2964	44	1	0	68	7.53466e-05	13272	0.5	FALSE	NA	NA	NA	NA	NA	NA
NC_045512.2	5994	A	T	13506	2972	44	2	1	26	0.000148017	13512	1	FALSE	NA	NA	NA	NA	NA	NA
NC_045512.2	5994	A	G	13506	2972	44	4	0	34	0.000296033	13512	0.993648	FALSE	NA	NA	NA	NA	NA	NA
NC_045512.2	5995	A	T	13488	2979	44	1	1	68	7.41345e-05	13489	0.500019	FALSE	NA	NA	NA	NA	NA	NA
NC_045512.2	5996	C	G	13512	2972	44	2	1	26	0.000147995	13514	1	FALSE	NA	NA	NA	NA	NA	NA
NC_045512.2	5998	A	T	14423	3059	44	2	2	23	0.0001386	14430	1	FALSE	NA	NA	NA	NA	NA	NA
NC_045512.2	5998	A	G	14423	3059	44	5	1	39	0.0003465	14430	0.99041	FALSE	NA	NA	NA	NA	NA	NA
NC_045512.2	5999	A	G	14354	3064	44	1	0	34	6.96621e-05	14355	0.99997	FALSE	NA	NA	NA	NA	NA	NA
NC_045512.2	6000	T	A	14369	3037	43	3	0	31	0.000208739	14372	0.998829	FALSE	NA	NA	NA	NA	NA	NA
NC_045512.2	6001	T	C	14326	3077	44	3	2	56	0.000209366	14329	0.125	FALSE	NA	NA	NA	NA	NA	NA
NC_045512.2	6002	G	A	14354	3067	44	3	1	45	0.000208957	14357	0.312513	FALSE	NA	NA	NA	NA	NA	NA
NC_045512.2	6004	T	G	15499	3025	41	1	0	34	6.4512e-05	15501	0.999985	FALSE	NA	NA	NA	NA	NA	NA
NC_045512.2	6004	T	A	15499	3025	41	1	0	34	6.4512e-05	15501	0.999985	FALSE	NA	NA	NA	NA	NA	NA
NC_045512.2	6005	C	G	15634	3170	43	2	0	30	0.000127902	15637	0.999863	FALSE	NA	NA	NA	NA	NA	NA
NC_045512.2	6005	C	A	15634	3170	43	1	0	34	6.39509e-05	15637	0.999985	FALSE	NA	NA	NA	NA	NA	NA
NC_045512.2	6006	T	A	15676	3187	43	1	0	34	6.37877e-05	15677	0.999985	FALSE	NA	NA	NA	NA	NA	NA
NC_045512.2	6007	T	C	15691	3379	44	2	1	34	0.000127437	15694	0.999863	FALSE	NA	NA	NA	NA	NA	NA
NC_045512.2	6007	T	A	15691	3379	44	1	0	26	6.37186e-05	15694	1	FALSE	NA	NA	NA	NA	NA	NA
NC_045512.2	6008	G	C	16557	3449	44	1	0	26	6.03865e-05	16560	1	FALSE	NA	NA	NA	NA	NA	NA
NC_045512.2	6008	G	A	16557	3449	44	2	0	34	0.000120773	16560	0.999928	FALSE	NA	NA	NA	NA	NA	NA
NC_045512.2	6009	T	C	16426	3918	45	5	0	54	0.000304247	16434	0.031231	FALSE	NA	NA	NA	NA	NA	NA
NC_045512.2	6009	T	A	16426	3918	45	3	0	28	0.000182548	16434	1	FALSE	NA	NA	NA	NA	NA	NA
NC_045512.2	6010	A	G	16686	3904	45	2	1	29	0.000119847	16688	1	FALSE	NA	NA	NA	NA	NA	NA
NC_045512.2	6011	C	T	16519	3940	46	2	1	68	0.000121051	16522	0.249992	FALSE	NA	NA	NA	NA	NA	NA
NC_045512.2	6011	C	A	16519	3940	46	1	0	26	6.05254e-05	16522	1	FALSE	NA	NA	NA	NA	NA	NA
NC_045512.2	6012	C	T	16347	3930	46	1	1	68	6.11696e-05	16348	0.500015	FALSE	NA	NA	NA	NA	NA	NA
NC_045512.2	6013	A	G	16791	3942	46	1	1	68	5.95522e-05	16792	0.500015	FALSE	NA	NA	NA	NA	NA	NA
NC_045512.2	6015	A	G	15672	4042	44	2	0	34	0.000127592	15675	0.999863	FALSE	NA	NA	NA	NA	NA	NA
NC_045512.2	6015	A	C	15672	4042	44	1	0	26	6.37959e-05	15675	1	FALSE	NA	NA	NA	NA	NA	NA
NC_045512.2	6016	C	T	17157	4032	46	1	0	68	5.82819e-05	17158	0.500015	FALSE	NA	NA	NA	NA	NA	NA
NC_045512.2	6017	C	T	17012	4318	47	3	0	34	0.000176305	17016	0.999799	FALSE	NA	NA	NA	NA	NA	NA
NC_045512.2	6017	C	G	17012	4318	47	1	0	27	5.87682e-05	17016	1	FALSE	NA	NA	NA	NA	NA	NA
NC_045512.2	6018	A	G	17342	4344	47	1	0	68	5.76602e-05	17343	0.500014	FALSE	NA	NA	NA	NA	NA	NA
NC_045512.2	6019	A	G	17151	4426	46	4	0	34	0.000233155	17156	0.999258	FALSE	NA	NA	NA	NA	NA	NA
NC_045512.2	6019	A	C	17151	4426	46	1	0	26	5.82886e-05	17156	1	FALSE	NA	NA	NA	NA	NA	NA
NC_045512.2	6020	C	A	17883	4411	47	1	0	34	5.59159e-05	17884	0.999996	FALSE	NA	NA	NA	NA	NA	NA
NC_045512.2	6021	C	A	17797	4442	47	1	0	26	5.61861e-05	17798	1	FALSE	NA	NA	NA	NA	NA	NA
NC_045512.2	6023	T	A	17901	4410	45	4	2	28	0.000223401	17905	1	FALSE	NA	NA	NA	NA	NA	NA
NC_045512.2	6024	A	T	17498	4564	46	1	0	27	5.71429e-05	17500	1	FALSE	NA	NA	NA	NA	NA	NA
NC_045512.2	6024	A	G	17498	4564	46	1	0	68	5.71429e-05	17500	0.5	FALSE	NA	NA	NA	NA	NA	NA
NC_045512.2	6025	T	C	18216	4560	47	1	1	52	5.48938e-05	18217	0.500014	FALSE	NA	NA	NA	NA	NA	NA
NC_045512.2	6026	C	T	18178	4563	47	2	0	34	0.000110005	18181	0.99998	FALSE	NA	NA	NA	NA	NA	NA
NC_045512.2	6026	C	A	18178	4563	47	1	0	24	5.50025e-05	18181	1	FALSE	NA	NA	NA	NA	NA	NA
NC_045512.2	6027	C	T	18079	4599	47	1	0	68	5.53067e-05	18081	0.5	FALSE	NA	NA	NA	NA	NA	NA
NC_045512.2	6027	C	A	18079	4599	47	1	0	68	5.53067e-05	18081	0.5	FALSE	NA	NA	NA	NA	NA	NA
NC_045512.2	6030	A	C	11913	4132	44	1	1	27	8.39349e-05	11914	1	FALSE	NA	NA	NA	NA	NA	NA
NC_045512.2	6032	G	C	16994	4189	47	1	0	68	5.88339e-05	16997	0.499985	FALSE	NA	NA	NA	NA	NA	NA
NC_045512.2	6032	G	A	16994	4189	47	2	0	68	0.000117668	16997	0.249993	FALSE	NA	NA	NA	NA	NA	NA
NC_045512.2	6034	A	G	17030	4238	48	1	1	46	5.87165e-05	17031	0.750022	FALSE	NA	NA	NA	NA	NA	NA
NC_045512.2	6035	A	T	16891	4276	48	1	1	26	5.91926e-05	16894	1	FALSE	NA	NA	NA	NA	NA	NA
NC_045512.2	6035	A	G	16891	4276	48	2	0	27	0.000118385	16894	1	FALSE	NA	NA	NA	NA	NA	NA
NC_045512.2	6036	G	T	17165	4230	47	1	1	26	5.82547e-05	17166	1	FALSE	NA	NA	NA	NA	NA	NA
NC_045512.2	6037	C	T	16864	4572	49	1	0	34	5.92944e-05	16865	0.999992	FALSE	NA	NA	NA	NA	NA	NA
NC_045512.2	6037	C	-T	16864	4572	49	1	0	20	5.92944e-05	16865	1	FALSE	NA	NA	NA	NA	NA	NA
NC_045512.2	6038	T	A	17093	4594	49	1	1	26	5.85001e-05	17094	1	FALSE	NA	NA	NA	NA	NA	NA
NC_045512.2	6039	T	C	17103	4623	49	1	0	68	5.84624e-05	17105	0.5	FALSE	NA	NA	NA	NA	NA	NA
NC_045512.2	6039	T	A	17103	4623	49	1	0	26	5.84624e-05	17105	1	FALSE	NA	NA	NA	NA	NA	NA
NC_045512.2	6040	C	A	17128	4661	49	1	0	46	5.83805e-05	17129	0.750022	FALSE	NA	NA	NA	NA	NA	NA
NC_045512.2	6041	G	C	17273	4662	49	1	1	34	5.78838e-05	17276	0.999996	FALSE	NA	NA	NA	NA	NA	NA
NC_045512.2	6041	G	A	17273	4662	49	2	0	47	0.000115768	17276	0.5	FALSE	NA	NA	NA	NA	NA	NA
NC_045512.2	6042	A	T	17116	5019	50	1	0	26	5.84215e-05	17117	1	FALSE	NA	NA	NA	NA	NA	NA
NC_045512.2	6043	T	A	17317	5048	50	1	0	34	5.77434e-05	17318	0.999996	FALSE	NA	NA	NA	NA	NA	NA
NC_045512.2	6044	A	T	15806	5154	48	9	2	29	0.000569044	15816	1	FALSE	NA	NA	NA	NA	NA	NA
NC_045512.2	6044	A	G	15806	5154	48	1	0	68	6.32271e-05	15816	0.499874	FALSE	NA	NA	NA	NA	NA	NA
NC_045512.2	6045	A	T	17303	6087	54	5	4	39	0.00028885	17310	0.997833	FALSE	NA	NA	NA	NA	NA	NA
NC_045512.2	6045	A	G	17303	6087	54	2	0	51	0.00011554	17310	0.249935	FALSE	NA	NA	NA	NA	NA	NA
NC_045512.2	6046	T	C	17768	6190	55	2	0	34	0.000112537	17772	0.999962	FALSE	NA	NA	NA	NA	NA	NA
NC_045512.2	6046	T	A	17768	6190	55	2	0	26	0.000112537	17772	1	FALSE	NA	NA	NA	NA	NA	NA
NC_045512.2	6047	T	G	17680	6124	51	1	0	34	5.65483e-05	17684	0.999996	FALSE	NA	NA	NA	NA	NA	NA
NC_045512.2	6047	T	C	17680	6124	51	2	2	53	0.000113097	17684	0.249979	FALSE	NA	NA	NA	NA	NA	NA
NC_045512.2	6047	T	A	17680	6124	51	1	0	20	5.65483e-05	17684	1	FALSE	NA	NA	NA	NA	NA	NA
NC_045512.2	6048	T	G	17779	6253	55	1	1	20	5.62303e-05	17784	1	FALSE	NA	NA	NA	NA	NA	NA
NC_045512.2	6048	T	C	17779	6253	55	3	2	56	0.000168691	17784	0.124979	FALSE	NA	NA	NA	NA	NA	NA
NC_045512.2	6048	T	A	17779	6253	55	1	0	34	5.62303e-05	17784	0.999996	FALSE	NA	NA	NA	NA	NA	NA
NC_045512.2	6049	T	C	17700	6284	55	1	0	68	5.6494e-05	17701	0.500014	FALSE	NA	NA	NA	NA	NA	NA
NC_045512.2	6050	A	G	17706	6326	54	1	0	24	5.64748e-05	17707	1	FALSE	NA	NA	NA	NA	NA	NA
NC_045512.2	6051	A	T	17114	6380	53	1	1	27	5.84283e-05	17115	1	FALSE	NA	NA	NA	NA	NA	NA
NC_045512.2	6052	G	A	17947	6406	54	1	1	20	5.57165e-05	17948	1	FALSE	NA	NA	NA	NA	NA	NA
NC_045512.2	6053	T	G	17591	5795	44	3	3	24	0.000170503	17595	1	FALSE	NA	NA	NA	NA	NA	NA
NC_045512.2	6053	T	A	17591	5795	44	1	0	20	5.68343e-05	17595	1	FALSE	NA	NA	NA	NA	NA	NA
NC_045512.2	6054	T	G	18007	6471	54	1	1	20	5.55247e-05	18010	1	FALSE	NA	NA	NA	NA	NA	NA
NC_045512.2	6054	T	C	18007	6471	54	1	0	38	5.55247e-05	18010	0.999998	FALSE	NA	NA	NA	NA	NA	NA
NC_045512.2	6054	T	A	18007	6471	54	1	0	26	5.55247e-05	18010	1	FALSE	NA	NA	NA	NA	NA	NA
NC_045512.2	6055	T	C	18036	6524	55	1	0	26	5.54416e-05	18037	1	FALSE	NA	NA	NA	NA	NA	NA
NC_045512.2	6056	G	A	18279	6546	54	1	1	24	5.47046e-05	18280	1	FALSE	NA	NA	NA	NA	NA	NA
NC_045512.2	6057	T	A	18304	6799	55	3	0	26	0.000163872	18307	1	FALSE	NA	NA	NA	NA	NA	NA
NC_045512.2	6058	A	G	18102	7243	53	1	0	34	5.52395e-05	18103	0.999998	FALSE	NA	NA	NA	NA	NA	NA
NC_045512.2	6059	T	C	18176	7258	53	1	1	60	5.50116e-05	18178	0.5	FALSE	NA	NA	NA	NA	NA	NA
NC_045512.2	6059	T	A	18176	7258	53	1	0	26	5.50116e-05	18178	1	FALSE	NA	NA	NA	NA	NA	NA
NC_045512.2	6060	G	A	18062	7270	53	1	0	68	5.53618e-05	18063	0.500014	FALSE	NA	NA	NA	NA	NA	NA
NC_045512.2	6063	A	T	18146	7371	52	1	0	24	5.51055e-05	18147	1	FALSE	NA	NA	NA	NA	NA	NA
NC_045512.2	6064	T	G	18100	7203	52	1	0	26	5.52364e-05	18104	1	FALSE	NA	NA	NA	NA	NA	NA
NC_045512.2	6064	T	C	18100	7203	52	1	0	68	5.52364e-05	18104	0.499972	FALSE	NA	NA	NA	NA	NA	NA
NC_045512.2	6064	T	A	18100	7203	52	2	1	34	0.000110473	18104	0.99998	FALSE	NA	NA	NA	NA	NA	NA
NC_045512.2	6065	A	T	17438	7442	50	8	1	27	0.000458532	17447	1	FALSE	NA	NA	NA	NA	NA	NA
NC_045512.2	6065	A	G	17438	7442	50	1	0	68	5.73164e-05	17447	0.4999	FALSE	NA	NA	NA	NA	NA	NA
NC_045512.2	6066	A	T	17952	7505	52	4	0	30	0.000222742	17958	0.999257	FALSE	NA	NA	NA	NA	NA	NA
NC_045512.2	6066	A	G	17952	7505	52	1	0	24	5.56855e-05	17958	1	FALSE	NA	NA	NA	NA	NA	NA
NC_045512.2	6066	A	C	17952	7505	52	1	0	34	5.56855e-05	17958	0.999996	FALSE	NA	NA	NA	NA	NA	NA
NC_045512.2	6066	A	-TAT	17952	7505	52	2	0	20	0.000111371	17958	1	FALSE	NA	NA	NA	NA	NA	NA
NC_045512.2	6067	T	A	18092	7243	51	5	4	27	0.000276289	18097	1	FALSE	NA	NA	NA	NA	NA	NA
NC_045512.2	6068	A	T	16548	8219	47	18	2	30	0.00108656	16566	0.431979	FALSE	NA	NA	NA	NA	NA	NA
NC_045512.2	6070	C	A	18127	8119	52	1	0	38	5.51633e-05	18128	0.999998	FALSE	NA	NA	NA	NA	NA	NA
NC_045512.2	6071	A	G	18247	8182	53	4	2	57	0.000219166	18251	0.0624966	FALSE	NA	NA	NA	NA	NA	NA
NC_045512.2	6072	A	T	17463	8500	49	3	3	22	0.000171762	17466	1	FALSE	NA	NA	NA	NA	NA	NA
NC_045512.2	6074	T	C	17800	8934	49	1	0	68	5.61766e-05	17801	0.500014	FALSE	NA	NA	NA	NA	NA	NA
NC_045512.2	6075	T	C	17886	9083	50	1	1	34	5.59065e-05	17887	0.999996	FALSE	NA	NA	NA	NA	NA	NA
NC_045512.2	6075	T	-TG	17886	9083	50	1	0	20	5.59065e-05	17887	1	FALSE	NA	NA	NA	NA	NA	NA
NC_045512.2	6076	T	C	17805	9053	50	1	0	68	5.61608e-05	17806	0.5	FALSE	NA	NA	NA	NA	NA	NA
NC_045512.2	6077	G	C	17425	8984	49	1	1	27	5.73855e-05	17426	1	FALSE	NA	NA	NA	NA	NA	NA
NC_045512.2	6078	C	T	17456	9213	49	2	0	34	0.000114554	17459	0.999962	FALSE	NA	NA	NA	NA	NA	NA
NC_045512.2	6078	C	A	17456	9213	49	1	0	27	5.7277e-05	17459	1	FALSE	NA	NA	NA	NA	NA	NA
NC_045512.2	6079	T	C	17533	9034	48	1	1	34	5.70321e-05	17534	0.999996	FALSE	NA	NA	NA	NA	NA	NA
NC_045512.2	6080	G	T	17582	9193	49	1	1	34	5.68731e-05	17583	0.999996	FALSE	NA	NA	NA	NA	NA	NA
NC_045512.2	6081	A	T	17793	9457	50	1	0	26	5.61987e-05	17794	1	FALSE	NA	NA	NA	NA	NA	NA
NC_045512.2	6082	T	C	17644	9564	49	1	1	34	5.66701e-05	17646	0.999996	FALSE	NA	NA	NA	NA	NA	NA
NC_045512.2	6082	T	A	17644	9564	49	1	0	27	5.66701e-05	17646	1	FALSE	NA	NA	NA	NA	NA	NA
NC_045512.2	6083	G	T	17770	9576	49	1	1	24	5.62651e-05	17773	1	FALSE	NA	NA	NA	NA	NA	NA
NC_045512.2	6083	G	A	17770	9576	49	2	1	51	0.00011253	17773	0.249993	FALSE	NA	NA	NA	NA	NA	NA
NC_045512.2	6084	A	T	18377	9815	49	3	2	28	0.000163203	18382	1	FALSE	NA	NA	NA	NA	NA	NA
NC_045512.2	6084	A	G	18377	9815	49	2	1	47	0.000108802	18382	0.499959	FALSE	NA	NA	NA	NA	NA	NA
NC_045512.2	6085	T	G	18125	9456	49	2	0	34	0.000110314	18130	0.99998	FALSE	NA	NA	NA	NA	NA	NA
NC_045512.2	6085	T	C	18125	9456	49	2	1	51	0.000110314	18130	0.249966	FALSE	NA	NA	NA	NA	NA	NA
NC_045512.2	6085	T	A	18125	9456	49	1	0	26	5.51572e-05	18130	1	FALSE	NA	NA	NA	NA	NA	NA
NC_045512.2	6086	T	G	18700	10682	51	1	1	26	5.34674e-05	18703	1	FALSE	NA	NA	NA	NA	NA	NA
NC_045512.2	6086	T	C	18700	10682	51	1	1	34	5.34674e-05	18703	0.999998	FALSE	NA	NA	NA	NA	NA	NA
NC_045512.2	6086	T	A	18700	10682	51	1	1	34	5.34674e-05	18703	0.999998	FALSE	NA	NA	NA	NA	NA	NA
NC_045512.2	6087	T	C	18594	11130	49	2	1	47	0.00010755	18596	0.50002	FALSE	NA	NA	NA	NA	NA	NA
NC_045512.2	6089	A	T	18680	11292	50	1	1	20	5.35275e-05	18682	1	FALSE	NA	NA	NA	NA	NA	NA
NC_045512.2	6089	A	C	18680	11292	50	1	1	24	5.35275e-05	18682	1	FALSE	NA	NA	NA	NA	NA	NA
NC_045512.2	6090	A	+AC	18312	11251	48	1	0	20	5.4609e-05	18312	1	FALSE	NA	NA	NA	NA	NA	NA
NC_045512.2	6091	C	T	18822	11322	50	1	0	68	5.31265e-05	18823	0.500013	FALSE	NA	NA	NA	NA	NA	NA
NC_045512.2	6092	C	G	18574	11291	49	1	0	34	5.38358e-05	18575	0.999998	FALSE	NA	NA	NA	NA	NA	NA
NC_045512.2	6093	A	T	18212	10884	50	1	1	27	5.49058e-05	18213	1	FALSE	NA	NA	NA	NA	NA	NA
NC_045512.2	6094	G	T	18350	11089	49	2	0	34	0.000108962	18355	0.99998	FALSE	NA	NA	NA	NA	NA	NA
NC_045512.2	6094	G	C	18350	11089	49	1	1	34	5.44811e-05	18355	0.999998	FALSE	NA	NA	NA	NA	NA	NA
NC_045512.2	6094	G	A	18350	11089	49	2	1	47	0.000108962	18355	0.499959	FALSE	NA	NA	NA	NA	NA	NA
NC_045512.2	6095	T	G	16622	9387	46	2	1	26	0.000120294	16626	1	FALSE	NA	NA	NA	NA	NA	NA
NC_045512.2	6095	T	A	16622	9387	46	2	0	29	0.000120294	16626	1	FALSE	NA	NA	NA	NA	NA	NA
NC_045512.2	6096	T	A	18392	11246	49	3	2	42	0.000163088	18395	0.31251	FALSE	NA	NA	NA	NA	NA	NA
NC_045512.2	6097	A	G	18451	11299	49	1	1	24	5.41947e-05	18452	1	FALSE	NA	NA	NA	NA	NA	NA
NC_045512.2	6099	C	T	18245	11642	47	1	1	26	5.48065e-05	18246	1	FALSE	NA	NA	NA	NA	NA	NA
NC_045512.2	6100	T	C	17831	11216	47	1	1	26	5.6079e-05	17832	1	FALSE	NA	NA	NA	NA	NA	NA
NC_045512.2	6101	G	C	18284	11237	47	2	2	27	0.000109373	18286	1	FALSE	NA	NA	NA	NA	NA	NA
NC_045512.2	6102	G	T	18576	11551	48	1	1	34	5.38184e-05	18581	0.999998	FALSE	NA	NA	NA	NA	NA	NA
NC_045512.2	6102	G	A	18576	11551	48	4	0	30	0.000215274	18581	0.999574	FALSE	NA	NA	NA	NA	NA	NA
NC_045512.2	6102	G	-T	18576	11551	48	1	0	20	5.38184e-05	18581	1	FALSE	NA	NA	NA	NA	NA	NA
NC_045512.2	6103	T	C	18369	11403	48	4	2	52	0.000217711	18373	0.0624898	FALSE	NA	NA	NA	NA	NA	NA
NC_045512.2	6104	T	A	18060	11244	47	1	0	24	5.53679e-05	18061	1	FALSE	NA	NA	NA	NA	NA	NA
NC_045512.2	6106	T	C	18626	11639	48	3	2	30	0.000161039	18629	0.99989	FALSE	NA	NA	NA	NA	NA	NA
NC_045512.2	6107	A	T	18195	11616	46	2	1	23	0.000109902	18198	1	FALSE	NA	NA	NA	NA	NA	NA
NC_045512.2	6107	A	G	18195	11616	46	1	1	34	5.49511e-05	18198	0.999998	FALSE	NA	NA	NA	NA	NA	NA
NC_045512.2	6108	A	T	18563	11701	48	2	2	30	0.000107712	18568	0.99998	FALSE	NA	NA	NA	NA	NA	NA
NC_045512.2	6108	A	G	18563	11701	48	2	1	68	0.000107712	18568	0.249966	FALSE	NA	NA	NA	NA	NA	NA
NC_045512.2	6108	A	C	18563	11701	48	1	0	34	5.38561e-05	18568	0.999998	FALSE	NA	NA	NA	NA	NA	NA
NC_045512.2	6109	G	T	18489	11615	48	1	1	34	5.40716e-05	18494	0.999998	FALSE	NA	NA	NA	NA	NA	NA
NC_045512.2	6109	G	A	18489	11615	48	4	2	49	0.000216286	18494	0.187483	FALSE	NA	NA	NA	NA	NA	NA
NC_045512.2	6110	A	T	17239	10950	46	3	2	24	0.000173984	17243	1	FALSE	NA	NA	NA	NA	NA	NA
NC_045512.2	6110	A	G	17239	10950	46	1	0	68	5.79945e-05	17243	0.499971	FALSE	NA	NA	NA	NA	NA	NA
NC_045512.2	6111	A	G	17650	10888	49	1	0	24	5.6654e-05	17651	1	FALSE	NA	NA	NA	NA	NA	NA
NC_045512.2	6112	A	G	17478	10888	48	3	1	30	0.000171615	17481	0.9998	FALSE	NA	NA	NA	NA	NA	NA
NC_045512.2	6115	T	C	17061	10496	48	2	1	34	0.000117213	17063	0.999962	FALSE	NA	NA	NA	NA	NA	NA
NC_045512.2	6116	G	T	17063	10481	48	2	2	27	0.000117185	17067	1	FALSE	NA	NA	NA	NA	NA	NA
NC_045512.2	6116	G	C	17063	10481	48	2	1	34	0.000117185	17067	0.999962	FALSE	NA	NA	NA	NA	NA	NA
NC_045512.2	6117	C	G	17631	11053	49	1	1	68	5.67151e-05	17632	0.500014	FALSE	NA	NA	NA	NA	NA	NA
NC_045512.2	6118	T	C	17676	11112	49	3	1	56	0.000169683	17680	0.124989	FALSE	NA	NA	NA	NA	NA	NA
NC_045512.2	6118	T	A	17676	11112	49	1	0	20	5.65611e-05	17680	1	FALSE	NA	NA	NA	NA	NA	NA
NC_045512.2	6119	T	C	17730	11217	49	2	2	40	0.000112784	17733	0.5	FALSE	NA	NA	NA	NA	NA	NA
NC_045512.2	6119	T	A	17730	11217	49	1	0	26	5.6392e-05	17733	1	FALSE	NA	NA	NA	NA	NA	NA
NC_045512.2	6120	C	G	17647	11113	49	1	1	27	5.66636e-05	17648	1	FALSE	NA	NA	NA	NA	NA	NA
NC_045512.2	6122	A	C	17525	11369	48	2	0	23	0.00011411	17527	1	FALSE	NA	NA	NA	NA	NA	NA
NC_045512.2	6123	G	C	17542	11284	49	1	1	34	5.70028e-05	17543	0.999996	FALSE	NA	NA	NA	NA	NA	NA
NC_045512.2	6124	A	T	17034	11358	45	6	2	33	0.000352071	17042	0.9947	FALSE	NA	NA	NA	NA	NA	NA
NC_045512.2	6124	A	G	17034	11358	45	2	1	51	0.000117357	17042	0.249919	FALSE	NA	NA	NA	NA	NA	NA
NC_045512.2	6126	A	T	16600	11008	46	5	0	24	0.000301096	16606	1	FALSE	NA	NA	NA	NA	NA	NA
NC_045512.2	6126	A	G	16600	11008	46	1	0	34	6.02192e-05	16606	0.999992	FALSE	NA	NA	NA	NA	NA	NA
NC_045512.2	6127	G	T	16940	10865	49	1	1	26	5.90214e-05	16943	1	FALSE	NA	NA	NA	NA	NA	NA
NC_045512.2	6127	G	A	16940	10865	49	2	2	51	0.000118043	16943	0.249993	FALSE	NA	NA	NA	NA	NA	NA
NC_045512.2	6128	C	G	17194	11480	50	1	1	26	5.81564e-05	17195	1	FALSE	NA	NA	NA	NA	NA	NA
NC_045512.2	6128	C	+T	17194	11480	50	1	0	20	5.81564e-05	17195	1	FALSE	NA	NA	NA	NA	NA	NA
NC_045512.2	6129	T	G	17143	11788	51	1	1	34	5.8326e-05	17145	0.999996	FALSE	NA	NA	NA	NA	NA	NA
NC_045512.2	6129	T	A	17143	11788	51	1	0	20	5.8326e-05	17145	1	FALSE	NA	NA	NA	NA	NA	NA
NC_045512.2	6130	T	C	17602	12464	52	2	1	57	0.000113611	17604	0.250007	FALSE	NA	NA	NA	NA	NA	NA
NC_045512.2	6131	A	C	17289	12186	51	1	0	27	5.78369e-05	17290	1	FALSE	NA	NA	NA	NA	NA	NA
NC_045512.2	6132	A	T	17557	12416	52	1	0	68	5.69476e-05	17560	0.499986	FALSE	NA	NA	NA	NA	NA	NA
NC_045512.2	6132	A	G	17557	12416	52	2	1	68	0.000113895	17560	0.249993	FALSE	NA	NA	NA	NA	NA	NA
NC_045512.2	6134	G	T	17488	12354	52	1	1	34	5.71788e-05	17489	0.999996	FALSE	NA	NA	NA	NA	NA	NA
NC_045512.2	6135	T	C	17415	12338	52	2	1	29	0.000114824	17418	1	FALSE	NA	NA	NA	NA	NA	NA
NC_045512.2	6135	T	A	17415	12338	52	1	1	34	5.74119e-05	17418	0.999996	FALSE	NA	NA	NA	NA	NA	NA
NC_045512.2	6136	T	G	16949	11999	52	1	0	68	5.89936e-05	16951	0.5	FALSE	NA	NA	NA	NA	NA	NA
NC_045512.2	6136	T	C	16949	11999	52	1	1	68	5.89936e-05	16951	0.5	FALSE	NA	NA	NA	NA	NA	NA
NC_045512.2	6137	A	T	16785	11849	52	1	0	24	5.95735e-05	16786	1	FALSE	NA	NA	NA	NA	NA	NA
NC_045512.2	6138	C	A	16865	11911	52	2	0	20	0.000118575	16867	1	FALSE	NA	NA	NA	NA	NA	NA
NC_045512.2	6139	A	T	16937	11991	51	1	0	27	5.90284e-05	16941	1	FALSE	NA	NA	NA	NA	NA	NA
NC_045512.2	6139	A	G	16937	11991	51	2	2	47	0.000118057	16941	0.499978	FALSE	NA	NA	NA	NA	NA	NA
NC_045512.2	6139	A	C	16937	11991	51	1	1	34	5.90284e-05	16941	0.999992	FALSE	NA	NA	NA	NA	NA	NA
NC_045512.2	6139	A	-T	16937	11991	51	9	0	20	0.000531256	16941	1	FALSE	NA	NA	NA	NA	NA	NA
NC_045512.2	6140	T	C	16919	11956	52	1	1	24	5.91017e-05	16920	1	FALSE	NA	NA	NA	NA	NA	NA
NC_045512.2	6141	T	C	16306	11625	50	2	1	68	0.000122639	16308	0.250008	FALSE	NA	NA	NA	NA	NA	NA
NC_045512.2	6143	T	C	16610	12013	51	4	2	59	0.000240761	16614	0.0624962	FALSE	NA	NA	NA	NA	NA	NA
NC_045512.2	6144	T	G	16631	12060	51	1	0	27	6.01178e-05	16634	1	FALSE	NA	NA	NA	NA	NA	NA
NC_045512.2	6144	T	C	16631	12060	51	2	1	51	0.000120236	16634	0.249992	FALSE	NA	NA	NA	NA	NA	NA
NC_045512.2	6145	C	G	16528	11971	51	1	1	26	6.04997e-05	16529	1	FALSE	NA	NA	NA	NA	NA	NA
NC_045512.2	6147	C	G	16506	12368	49	1	1	20	6.05804e-05	16507	1	FALSE	NA	NA	NA	NA	NA	NA
NC_045512.2	6148	T	C	16290	12154	49	3	3	34	0.000184128	16293	0.999637	FALSE	NA	NA	NA	NA	NA	NA
NC_045512.2	6149	G	A	16437	12262	50	1	1	34	6.08347e-05	16438	0.999992	FALSE	NA	NA	NA	NA	NA	NA
NC_045512.2	6152	T	C	16031	11753	49	2	1	68	0.000124743	16033	0.250008	FALSE	NA	NA	NA	NA	NA	NA
NC_045512.2	6153	T	G	15809	11667	48	1	0	27	6.32471e-05	15811	1	FALSE	NA	NA	NA	NA	NA	NA
NC_045512.2	6153	T	A	15809	11667	48	1	1	34	6.32471e-05	15811	0.999985	FALSE	NA	NA	NA	NA	NA	NA
NC_045512.2	6153	T	-A	15809	11667	48	1	0	20	6.32471e-05	15811	1	FALSE	NA	NA	NA	NA	NA	NA
NC_045512.2	6155	A	G	16591	12868	48	1	1	34	6.027e-05	16592	0.999992	FALSE	NA	NA	NA	NA	NA	NA
NC_045512.2	6156	A	T	16461	12765	46	1	1	27	6.07386e-05	16464	1	FALSE	NA	NA	NA	NA	NA	NA
NC_045512.2	6156	A	G	16461	12765	46	2	0	25	0.000121477	16464	1	FALSE	NA	NA	NA	NA	NA	NA
NC_045512.2	6157	T	C	16601	12894	48	1	1	34	6.02337e-05	16602	0.999992	FALSE	NA	NA	NA	NA	NA	NA
NC_045512.2	6158	G	T	16033	12383	48	3	3	34	0.000187079	16036	0.999637	FALSE	NA	NA	NA	NA	NA	NA
NC_045512.2	6158	G	+GT	16033	12383	48	1	0	20	6.23597e-05	16036	1	FALSE	NA	NA	NA	NA	NA	NA
NC_045512.2	6159	G	A	16079	12804	46	1	1	34	6.21891e-05	16080	0.999992	FALSE	NA	NA	NA	NA	NA	NA
NC_045512.2	6160	T	C	15125	11914	47	1	1	34	6.61113e-05	15126	0.999985	FALSE	NA	NA	NA	NA	NA	NA
NC_045512.2	6162	A	T	15047	11845	47	2	2	30	0.000132899	15049	0.999863	FALSE	NA	NA	NA	NA	NA	NA
NC_045512.2	6163	T	G	14906	11710	47	1	0	27	6.70736e-05	14909	1	FALSE	NA	NA	NA	NA	NA	NA
NC_045512.2	6163	T	C	14906	11710	47	2	2	51	0.000134147	14909	0.249992	FALSE	NA	NA	NA	NA	NA	NA
NC_045512.2	6164	G	C	15012	11924	46	2	1	30	0.000133209	15014	0.999863	FALSE	NA	NA	NA	NA	NA	NA
NC_045512.2	6165	T	C	14948	11985	46	2	1	68	0.000133779	14950	0.250008	FALSE	NA	NA	NA	NA	NA	NA
NC_045512.2	6166	G	T	14807	11843	46	1	1	34	6.75265e-05	14809	0.99997	FALSE	NA	NA	NA	NA	NA	NA
NC_045512.2	6166	G	A	14807	11843	46	1	1	34	6.75265e-05	14809	0.99997	FALSE	NA	NA	NA	NA	NA	NA
NC_045512.2	6168	T	G	14258	11348	46	2	0	26	0.000140223	14263	1	FALSE	NA	NA	NA	NA	NA	NA
NC_045512.2	6168	T	C	14258	11348	46	3	3	31	0.000210334	14263	0.998828	FALSE	NA	NA	NA	NA	NA	NA
NC_045512.2	6169	G	T	14189	11350	46	2	2	34	0.000140934	14191	0.999742	FALSE	NA	NA	NA	NA	NA	NA
NC_045512.2	6170	G	C	14130	11543	45	1	1	60	7.07564e-05	14133	0.499982	FALSE	NA	NA	NA	NA	NA	NA
NC_045512.2	6170	G	A	14130	11543	45	2	1	68	0.000141513	14133	0.249991	FALSE	NA	NA	NA	NA	NA	NA
NC_045512.2	6171	C	T	14137	11587	45	1	1	34	7.07264e-05	14139	0.99997	FALSE	NA	NA	NA	NA	NA	NA
NC_045512.2	6171	C	G	14137	11587	45	1	0	27	7.07264e-05	14139	1	FALSE	NA	NA	NA	NA	NA	NA
NC_045512.2	6172	T	G	13544	10973	44	1	0	27	7.37844e-05	13553	1	FALSE	NA	NA	NA	NA	NA	NA
NC_045512.2	6172	T	C	13544	10973	44	3	3	34	0.000221353	13553	0.99791	FALSE	NA	NA	NA	NA	NA	NA
NC_045512.2	6172	T	A	13544	10973	44	5	5	29	0.000368922	13553	1	FALSE	NA	NA	NA	NA	NA	NA
NC_045512.2	6173	A	G	13967	11425	45	1	1	34	7.15922e-05	13968	0.999939	FALSE	NA	NA	NA	NA	NA	NA
NC_045512.2	6174	T	G	12728	10189	44	4	2	27	0.000314144	12733	1	FALSE	NA	NA	NA	NA	NA	NA
NC_045512.2	6174	T	C	12728	10189	44	1	1	34	7.85361e-05	12733	0.999878	FALSE	NA	NA	NA	NA	NA	NA
NC_045512.2	6175	T	C	13882	11400	45	1	1	68	7.20305e-05	13883	0.500018	FALSE	NA	NA	NA	NA	NA	NA
NC_045512.2	6177	A	G	13926	11487	45	3	2	45	0.000215378	13929	0.312513	FALSE	NA	NA	NA	NA	NA	NA
NC_045512.2	6177	A	-T	13926	11487	45	1	0	20	7.17927e-05	13929	1	FALSE	NA	NA	NA	NA	NA	NA
NC_045512.2	6180	A	T	13784	11381	45	2	0	25	0.000145064	13787	1	FALSE	NA	NA	NA	NA	NA	NA
NC_045512.2	6180	A	G	13784	11381	45	1	0	27	7.25321e-05	13787	1	FALSE	NA	NA	NA	NA	NA	NA
NC_045512.2	6181	T	C	13599	11199	45	1	1	34	7.35294e-05	13600	0.999939	FALSE	NA	NA	NA	NA	NA	NA
NC_045512.2	6182	A	G	13675	11335	44	1	1	34	7.31208e-05	13676	0.999939	FALSE	NA	NA	NA	NA	NA	NA
NC_045512.2	6183	A	G	0	0	0	13619	11270	44	1	13619	0	TRUE	NA	NA	NA	NA	NA	NA
NC_045512.2	6187	C	T	12850	10621	45	1	1	68	7.7815e-05	12851	0.500019	FALSE	NA	NA	NA	NA	NA	NA
NC_045512.2	6188	T	A	12816	10588	45	1	1	26	7.80214e-05	12817	1	FALSE	NA	NA	NA	NA	NA	NA
NC_045512.2	6189	A	T	12627	10386	44	1	1	68	7.91891e-05	12628	0.50002	FALSE	NA	NA	NA	NA	NA	NA
NC_045512.2	6190	C	G	12781	10559	45	1	1	26	7.8235e-05	12782	1	FALSE	NA	NA	NA	NA	NA	NA
NC_045512.2	6191	A	T	12583	10363	44	1	1	26	7.94597e-05	12585	1	FALSE	NA	NA	NA	NA	NA	NA
NC_045512.2	6191	A	G	12583	10363	44	1	1	34	7.94597e-05	12585	0.999878	FALSE	NA	NA	NA	NA	NA	NA
NC_045512.2	6193	A	G	11897	9724	45	1	1	34	8.40477e-05	11898	0.999757	FALSE	NA	NA	NA	NA	NA	NA
NC_045512.2	6193	A	-C	11897	9724	45	1	0	20	8.40477e-05	11898	1	FALSE	NA	NA	NA	NA	NA	NA
NC_045512.2	6194	C	T	11773	9643	45	11	11	32	0.000933469	11784	0.584133	FALSE	NA	NA	NA	NA	NA	NA
NC_045512.2	6195	C	T	11626	9548	45	3	3	31	0.000257954	11630	0.993543	FALSE	NA	NA	NA	NA	NA	NA
NC_045512.2	6195	C	A	11626	9548	45	1	0	27	8.59845e-05	11630	1	FALSE	NA	NA	NA	NA	NA	NA
NC_045512.2	6196	C	T	9619	7689	46	1	1	34	0.000103928	9622	0.999025	FALSE	NA	NA	NA	NA	NA	NA
NC_045512.2	6196	C	A	9619	7689	46	2	1	68	0.000207857	9622	0.249987	FALSE	NA	NA	NA	NA	NA	NA
NC_045512.2	6197	T	C	9100	7180	45	1	0	38	0.000109878	9101	0.999026	FALSE	NA	NA	NA	NA	NA	NA
NC_045512.2	6200	T	G	8484	6551	45	1	1	27	0.000117827	8487	1	FALSE	NA	NA	NA	NA	NA	NA
NC_045512.2	6200	T	C	8484	6551	45	2	2	34	0.000235655	8487	0.989276	FALSE	NA	NA	NA	NA	NA	NA
NC_045512.2	6201	T	G	9211	7295	46	1	1	26	0.000108554	9212	1	FALSE	NA	NA	NA	NA	NA	NA
NC_045512.2	6202	T	A	9294	7408	46	2	2	34	0.000215146	9296	0.994155	FALSE	NA	NA	NA	NA	NA	NA
NC_045512.2	6203	A	G	9217	7431	46	1	1	34	0.000108472	9219	0.999026	FALSE	NA	NA	NA	NA	NA	NA
NC_045512.2	6203	A	C	9217	7431	46	1	1	34	0.000108472	9219	0.999026	FALSE	NA	NA	NA	NA	NA	NA
NC_045512.2	6204	A	T	9222	7447	45	1	1	34	0.000108425	9223	0.999026	FALSE	NA	NA	NA	NA	NA	NA
NC_045512.2	6206	A	T	9129	7384	44	1	1	27	0.000109529	9130	1	FALSE	NA	NA	NA	NA	NA	NA
NC_045512.2	6208	A	G	8792	7176	45	2	1	51	0.000227428	8794	0.250014	FALSE	NA	NA	NA	NA	NA	NA
NC_045512.2	6211	A	T	8710	7140	45	1	0	27	0.000114771	8713	1	FALSE	NA	NA	NA	NA	NA	NA
NC_045512.2	6211	A	G	8710	7140	45	2	2	34	0.000229542	8713	0.989275	FALSE	NA	NA	NA	NA	NA	NA
NC_045512.2	6215	A	G	8666	7113	45	1	1	34	0.00011538	8667	0.998052	FALSE	NA	NA	NA	NA	NA	NA
NC_045512.2	6216	A	T	8689	7147	45	1	1	60	0.000115062	8691	0.5	FALSE	NA	NA	NA	NA	NA	NA
NC_045512.2	6216	A	G	8689	7147	45	1	1	34	0.000115062	8691	0.998051	FALSE	NA	NA	NA	NA	NA	NA
NC_045512.2	6217	A	T	8677	7141	45	2	2	30	0.000230388	8681	0.98927	FALSE	NA	NA	NA	NA	NA	NA
NC_045512.2	6217	A	G	8677	7141	45	2	2	51	0.000230388	8681	0.249957	FALSE	NA	NA	NA	NA	NA	NA
NC_045512.2	6219	T	C	8128	6704	45	3	3	34	0.000368913	8132	0.96733	FALSE	NA	NA	NA	NA	NA	NA
NC_045512.2	6219	T	A	8128	6704	45	1	0	24	0.000122971	8132	1	FALSE	NA	NA	NA	NA	NA	NA
NC_045512.2	6221	T	C	7875	6476	45	1	1	60	0.000126968	7876	0.500032	FALSE	NA	NA	NA	NA	NA	NA
NC_045512.2	6224	C	T	7796	6401	45	2	1	36	0.000256476	7798	0.980505	FALSE	NA	NA	NA	NA	NA	NA
NC_045512.2	6226	T	C	7774	6379	45	1	0	24	0.000128617	7775	1	FALSE	NA	NA	NA	NA	NA	NA
NC_045512.2	6229	A	T	7597	6260	40	1	1	34	0.000131614	7598	0.996103	FALSE	NA	NA	NA	NA	NA	NA
NC_045512.2	6230	C	T	7621	6236	45	2	2	30	0.000262364	7623	0.980506	FALSE	NA	NA	NA	NA	NA	NA
NC_045512.2	6232	T	C	6732	5417	44	1	1	60	0.000148456	6736	0.499926	FALSE	NA	NA	NA	NA	NA	NA
NC_045512.2	6232	T	A	6732	5417	44	3	2	25	0.000445368	6736	1	FALSE	NA	NA	NA	NA	NA	NA
NC_045512.2	6235	T	G	7012	5970	43	1	1	26	0.000142572	7014	1	FALSE	NA	NA	NA	NA	NA	NA
NC_045512.2	6235	T	C	7012	5970	43	1	1	34	0.000142572	7014	0.996102	FALSE	NA	NA	NA	NA	NA	NA
NC_045512.2	6236	G	C	7007	5952	43	1	1	34	0.000142694	7008	0.996104	FALSE	NA	NA	NA	NA	NA	NA
NC_045512.2	6549	T	A	1597	262	35	1	1	26	0.000625782	1598	0.999985	FALSE	NA	NA	NA	NA	NA	NA
NC_045512.2	6550	A	T	1613	268	35	1	1	26	0.000619579	1614	0.999993	FALSE	NA	NA	NA	NA	NA	NA
NC_045512.2	6571	T	G	2272	345	36	1	0	34	0.00043956	2275	0.875	FALSE	NA	NA	NA	NA	NA	NA
NC_045512.2	6571	T	A	2272	345	36	2	0	30	0.000879121	2275	0.687582	FALSE	NA	NA	NA	NA	NA	NA
NC_045512.2	6573	C	A	2274	347	37	1	0	26	0.00043956	2275	1	FALSE	NA	NA	NA	NA	NA	NA
NC_045512.2	6589	G	A	2374	416	38	1	0	26	0.000421053	2375	1	FALSE	NA	NA	NA	NA	NA	NA
NC_045512.2	6591	A	G	2399	459	39	1	1	68	0.000416667	2400	0.500104	FALSE	NA	NA	NA	NA	NA	NA
NC_045512.2	6595	T	A	2438	511	41	1	1	26	0.000410004	2439	1	FALSE	NA	NA	NA	NA	NA	NA
NC_045512.2	6600	A	T	2575	541	40	1	0	26	0.000388048	2577	1	FALSE	NA	NA	NA	NA	NA	NA
NC_045512.2	6600	A	G	2575	541	40	1	0	34	0.000388048	2577	0.875073	FALSE	NA	NA	NA	NA	NA	NA
NC_045512.2	6602	T	A	2591	733	45	1	0	26	0.000385802	2592	1	FALSE	NA	NA	NA	NA	NA	NA
NC_045512.2	6604	A	G	2744	769	46	1	0	34	0.000364299	2745	0.875137	FALSE	NA	NA	NA	NA	NA	NA
NC_045512.2	6605	T	C	2734	737	44	1	0	68	0.000365497	2736	0.5	FALSE	NA	NA	NA	NA	NA	NA
NC_045512.2	6605	T	A	2734	737	44	1	0	34	0.000365497	2736	0.875069	FALSE	NA	NA	NA	NA	NA	NA
NC_045512.2	6608	A	T	2772	772	46	1	0	34	0.00036062	2773	0.875135	FALSE	NA	NA	NA	NA	NA	NA
NC_045512.2	6612	T	C	2998	848	46	1	0	34	0.000333444	2999	0.875125	FALSE	NA	NA	NA	NA	NA	NA
NC_045512.2	6613	A	G	3010	863	47	1	1	68	0.000332116	3011	0.500083	FALSE	NA	NA	NA	NA	NA	NA
NC_045512.2	6614	T	A	3018	861	46	1	0	34	0.000331236	3019	0.937604	FALSE	NA	NA	NA	NA	NA	NA
NC_045512.2	6621	T	C	3040	884	47	1	1	68	0.000328839	3041	0.500082	FALSE	NA	NA	NA	NA	NA	NA
NC_045512.2	6625	A	G	3067	957	49	1	1	68	0.000325945	3068	0.500081	FALSE	NA	NA	NA	NA	NA	NA
NC_045512.2	6627	C	T	3133	963	48	1	0	34	0.000319081	3134	0.9376	FALSE	NA	NA	NA	NA	NA	NA
NC_045512.2	6634	T	A	3165	1019	49	1	1	27	0.000315856	3166	1	FALSE	NA	NA	NA	NA	NA	NA
NC_045512.2	6639	A	G	3258	1051	49	1	0	34	0.000306843	3259	0.937596	FALSE	NA	NA	NA	NA	NA	NA
NC_045512.2	6640	T	C	3376	1064	49	1	1	68	0.000296033	3378	0.5	FALSE	NA	NA	NA	NA	NA	NA
NC_045512.2	6640	T	A	3376	1064	49	1	1	68	0.000296033	3378	0.5	FALSE	NA	NA	NA	NA	NA	NA
NC_045512.2	6641	G	C	3365	1066	49	1	1	27	0.000297089	3366	1	FALSE	NA	NA	NA	NA	NA	NA
NC_045512.2	6643	T	G	3408	1070	48	1	1	34	0.000293341	3409	0.937592	FALSE	NA	NA	NA	NA	NA	NA
NC_045512.2	6647	G	C	3438	1082	49	1	1	27	0.000290782	3439	1	FALSE	NA	NA	NA	NA	NA	NA
NC_045512.2	6649	T	-G	3401	1081	49	1	0	20	0.000294031	3401	1	FALSE	NA	NA	NA	NA	NA	NA
NC_045512.2	6650	G	C	3571	1079	49	1	1	27	0.000279955	3572	1	FALSE	NA	NA	NA	NA	NA	NA
NC_045512.2	6651	C	T	3607	1087	49	1	0	34	0.000277085	3609	0.937552	FALSE	NA	NA	NA	NA	NA	NA
NC_045512.2	6651	C	A	3607	1087	49	1	0	34	0.000277085	3609	0.937552	FALSE	NA	NA	NA	NA	NA	NA
NC_045512.2	6653	G	-T	3769	1149	49	1	0	20	0.000265322	3769	1	FALSE	NA	NA	NA	NA	NA	NA
NC_045512.2	6657	A	G	3805	1213	50	1	1	68	0.000262743	3806	0.500066	FALSE	NA	NA	NA	NA	NA	NA
NC_045512.2	6659	A	G	3627	1191	49	2	1	34	0.000551116	3629	0.812672	FALSE	NA	NA	NA	NA	NA	NA
NC_045512.2	6665	C	T	3721	1163	51	1	1	34	0.000268673	3722	0.937584	FALSE	NA	NA	NA	NA	NA	NA
NC_045512.2	6666	C	G	3662	1146	51	1	0	34	0.000273	3663	0.937585	FALSE	NA	NA	NA	NA	NA	NA
NC_045512.2	6668	T	C	3687	1142	51	1	0	34	0.00027115	3688	0.937585	FALSE	NA	NA	NA	NA	NA	NA
NC_045512.2	6669	G	T	3712	1139	51	1	0	60	0.000269324	3713	0.500067	FALSE	NA	NA	NA	NA	NA	NA
NC_045512.2	6672	A	G	3794	1151	51	1	0	34	0.000263505	3795	0.937582	FALSE	NA	NA	NA	NA	NA	NA
NC_045512.2	6677	A	T	3763	1181	50	1	0	34	0.000265675	3764	0.937583	FALSE	NA	NA	NA	NA	NA	NA
NC_045512.2	6678	T	G	3818	1203	51	1	0	34	0.000261849	3819	0.937582	FALSE	NA	NA	NA	NA	NA	NA
NC_045512.2	6680	G	A	3743	1145	51	1	0	68	0.000267094	3744	0.500067	FALSE	NA	NA	NA	NA	NA	NA
NC_045512.2	6688	T	C	3749	1193	50	1	1	68	0.000266596	3751	0.5	FALSE	NA	NA	NA	NA	NA	NA
NC_045512.2	6688	T	A	3749	1193	50	1	0	26	0.000266596	3751	1	FALSE	NA	NA	NA	NA	NA	NA
NC_045512.2	6689	G	C	3722	1187	50	1	0	68	0.000268601	3723	0.500067	FALSE	NA	NA	NA	NA	NA	NA
NC_045512.2	6690	C	A	3721	1241	50	1	0	26	0.000268673	3722	1	FALSE	NA	NA	NA	NA	NA	NA
NC_045512.2	6695	C	G	3572	1471	46	1	0	27	0.000279877	3573	1	FALSE	NA	NA	NA	NA	NA	NA
NC_045512.2	6696	C	-T	3554	1501	45	1	0	20	0.000281373	3554	1	FALSE	NA	NA	NA	NA	NA	NA
NC_045512.2	6697	T	C	3498	1471	46	2	1	51	0.000571429	3500	0.249964	FALSE	NA	NA	NA	NA	NA	NA
NC_045512.2	6698	T	C	3536	1599	47	1	1	34	0.000282725	3537	0.937588	FALSE	NA	NA	NA	NA	NA	NA
NC_045512.2	6701	C	T	3535	1582	47	1	1	34	0.000282805	3536	0.937588	FALSE	NA	NA	NA	NA	NA	NA
NC_045512.2	6708	A	G	3564	1660	48	1	0	68	0.000280505	3565	0.50007	FALSE	NA	NA	NA	NA	NA	NA
NC_045512.2	6709	A	G	3424	1670	46	1	1	68	0.000291971	3425	0.500073	FALSE	NA	NA	NA	NA	NA	NA
NC_045512.2	6715	T	C	3560	1787	48	1	0	68	0.00028082	3561	0.50007	FALSE	NA	NA	NA	NA	NA	NA
NC_045512.2	6725	A	G	3640	2249	47	1	1	34	0.00027465	3641	0.937586	FALSE	NA	NA	NA	NA	NA	NA
NC_045512.2	6731	A	G	3704	2513	50	1	0	24	0.000269906	3705	1	FALSE	NA	NA	NA	NA	NA	NA
NC_045512.2	6743	T	A	3708	2394	52	2	1	47	0.000539084	3710	0.250034	FALSE	NA	NA	NA	NA	NA	NA
NC_045512.2	6745	T	G	3351	2008	48	1	1	34	0.00029824	3353	0.937556	FALSE	NA	NA	NA	NA	NA	NA
NC_045512.2	6745	T	C	3351	2008	48	1	0	46	0.00029824	3353	0.5	FALSE	NA	NA	NA	NA	NA	NA
NC_045512.2	6749	A	G	3796	2530	53	1	1	60	0.000263296	3798	0.5	FALSE	NA	NA	NA	NA	NA	NA
NC_045512.2	6749	A	C	3796	2530	53	1	1	24	0.000263296	3798	1	FALSE	NA	NA	NA	NA	NA	NA
NC_045512.2	6751	C	T	3769	2563	52	1	1	34	0.000265252	3770	0.937583	FALSE	NA	NA	NA	NA	NA	NA
NC_045512.2	6754	T	A	3313	2210	55	1	1	26	0.00030175	3314	1	FALSE	NA	NA	NA	NA	NA	NA
NC_045512.2	6756	T	A	3069	2006	50	1	0	20	0.000325733	3070	1	FALSE	NA	NA	NA	NA	NA	NA
NC_045512.2	6757	T	C	3317	2265	54	1	0	60	0.000301386	3318	0.500075	FALSE	NA	NA	NA	NA	NA	NA
NC_045512.2	6758	T	C	3310	2258	53	1	1	34	0.000302024	3311	0.937594	FALSE	NA	NA	NA	NA	NA	NA
NC_045512.2	6759	G	A	3311	2254	54	1	1	68	0.000301932	3312	0.500075	FALSE	NA	NA	NA	NA	NA	NA
NC_045512.2	6760	T	G	3328	2294	54	1	1	60	0.000300391	3329	0.500075	FALSE	NA	NA	NA	NA	NA	NA
NC_045512.2	6764	A	T	3147	2203	51	1	1	26	0.000317662	3148	1	FALSE	NA	NA	NA	NA	NA	NA
NC_045512.2	6765	A	G	3204	2264	51	1	0	68	0.000312012	3205	0.500078	FALSE	NA	NA	NA	NA	NA	NA
NC_045512.2	6766	T	C	3227	2264	53	1	1	68	0.000309789	3228	0.500077	FALSE	NA	NA	NA	NA	NA	NA
NC_045512.2	6767	T	C	3214	2259	53	1	1	46	0.000311042	3215	0.500078	FALSE	NA	NA	NA	NA	NA	NA
NC_045512.2	6769	T	C	3174	2220	53	1	1	68	0.000314961	3175	0.500079	FALSE	NA	NA	NA	NA	NA	NA
NC_045512.2	6770	A	T	3191	2245	52	1	0	20	0.000313283	3192	1	FALSE	NA	NA	NA	NA	NA	NA
NC_045512.2	6773	C	A	3167	2226	52	2	0	23	0.000631114	3169	1	FALSE	NA	NA	NA	NA	NA	NA
NC_045512.2	6789	T	C	2759	1937	50	1	0	68	0.000362319	2760	0.500091	FALSE	NA	NA	NA	NA	NA	NA
NC_045512.2	6797	C	G	2825	2053	51	2	2	51	0.000707464	2827	0.250044	FALSE	NA	NA	NA	NA	NA	NA
NC_045512.2	6798	A	G	2820	2050	51	1	0	68	0.000354484	2821	0.500089	FALSE	NA	NA	NA	NA	NA	NA
NC_045512.2	6799	A	G	2827	2056	51	1	1	34	0.000353607	2828	0.875133	FALSE	NA	NA	NA	NA	NA	NA
NC_045512.2	6806	A	T	2687	2078	48	1	1	34	0.000371885	2689	0.87507	FALSE	NA	NA	NA	NA	NA	NA
NC_045512.2	6806	A	G	2687	2078	48	1	0	68	0.000371885	2689	0.5	FALSE	NA	NA	NA	NA	NA	NA
NC_045512.2	6813	C	T	2526	1974	47	1	1	34	0.000395726	2527	0.875148	FALSE	NA	NA	NA	NA	NA	NA
NC_045512.2	6823	A	T	2445	1962	45	2	2	34	0.000817327	2447	0.68773	FALSE	NA	NA	NA	NA	NA	NA
NC_045512.2	6824	A	G	2479	2005	46	1	1	68	0.000403226	2480	0.500101	FALSE	NA	NA	NA	NA	NA	NA
NC_045512.2	6826	T	C	2478	2037	45	1	0	68	0.000403388	2479	0.500101	FALSE	NA	NA	NA	NA	NA	NA
NC_045512.2	6847	G	T	2319	2000	42	1	1	34	0.000431034	2320	0.875162	FALSE	NA	NA	NA	NA	NA	NA
NC_045512.2	6848	C	A	2304	1985	42	2	2	30	0.000867303	2306	0.687744	FALSE	NA	NA	NA	NA	NA	NA
NC_045512.2	6854	A	T	1998	1718	43	1	1	34	0.00050025	1999	0.750188	FALSE	NA	NA	NA	NA	NA	NA
NC_045512.2	6858	T	C	1973	1695	43	1	0	60	0.000506586	1974	0.500127	FALSE	NA	NA	NA	NA	NA	NA
NC_045512.2	6859	A	T	1887	1623	42	1	1	34	0.000529661	1888	0.750199	FALSE	NA	NA	NA	NA	NA	NA
NC_045512.2	6861	C	A	1690	1445	42	1	0	26	0.000591366	1691	0.999993	FALSE	NA	NA	NA	NA	NA	NA
NC_045512.2	6863	A	G	1668	1431	42	1	0	68	0.000599161	1669	0.50015	FALSE	NA	NA	NA	NA	NA	NA
NC_045512.2	6872	G	C	1429	1245	42	1	1	34	0.000699301	1430	0.750262	FALSE	NA	NA	NA	NA	NA	NA
NC_045512.2	6878	A	T	994	851	41	1	1	26	0.00100503	995	0.99905	FALSE	NA	NA	NA	NA	NA	NA
NC_045512.2	7247	T	+G	210	53	41	2	0	20	0.00952381	210	0.693734	FALSE	NA	NA	NA	NA	NA	NA
NC_045512.2	7251	T	C	211	61	44	1	0	34	0.00471698	212	0.501182	FALSE	NA	NA	NA	NA	NA	NA
NC_045512.2	7259	A	T	227	65	44	1	0	34	0.00438596	228	0.501099	FALSE	NA	NA	NA	NA	NA	NA
NC_045512.2	7312	G	T	262	94	47	1	0	26	0.00380228	263	0.876427	FALSE	NA	NA	NA	NA	NA	NA
NC_045512.2	7481	T	G	113	99	42	1	1	34	0.00877193	114	0.502203	FALSE	NA	NA	NA	NA	NA	NA
NC_045512.2	7493	A	G	92	80	42	1	1	68	0.0107527	93	0.502703	FALSE	NA	NA	NA	NA	NA	NA
NC_045512.2	7507	A	C	76	66	40	1	0	34	0.012987	77	0.503268	FALSE	NA	NA	NA	NA	NA	NA
NC_045512.2	7536	C	A	3	0	34	1	0	34	0.25	4	0.571429	FALSE	NA	NA	NA	NA	NA	NA
NC_045512.2	7628	T	A	13	5	54	1	0	24	0.0714286	14	0.518519	FALSE	NA	NA	NA	NA	NA	NA
NC_045512.2	7842	A	G	0	0	0	1	1	34	1	1	1	FALSE	NA	NA	NA	NA	NA	NA
NC_045512.2	8116	A	G	18111	2737	33	6	2	34	0.000331181	18117	0.996705	FALSE	NA	NA	NA	NA	NA	NA
NC_045512.2	8117	G	T	18376	2714	34	1	0	34	5.43951e-05	18384	0.999998	FALSE	NA	NA	NA	NA	NA	NA
NC_045512.2	8117	G	A	18376	2714	34	7	0	31	0.000380766	18384	0.9927	FALSE	NA	NA	NA	NA	NA	NA
NC_045512.2	8118	C	T	18409	2743	34	1	0	34	5.43183e-05	18410	0.999998	FALSE	NA	NA	NA	NA	NA	NA
NC_045512.2	8119	T	C	18438	2754	34	3	1	34	0.000162681	18441	0.99989	FALSE	NA	NA	NA	NA	NA	NA
NC_045512.2	8120	G	T	18367	2736	34	1	0	34	5.44336e-05	18371	0.999998	FALSE	NA	NA	NA	NA	NA	NA
NC_045512.2	8120	G	A	18367	2736	34	3	0	34	0.000163301	18371	0.99989	FALSE	NA	NA	NA	NA	NA	NA
NC_045512.2	8122	A	G	18317	2900	34	4	1	29	0.000218329	18321	1	FALSE	NA	NA	NA	NA	NA	NA
NC_045512.2	8123	C	T	18897	2947	34	2	0	34	0.000105826	18899	0.99998	FALSE	NA	NA	NA	NA	NA	NA
NC_045512.2	8124	T	C	18815	2986	35	1	0	34	5.31463e-05	18816	0.999998	FALSE	NA	NA	NA	NA	NA	NA
NC_045512.2	8126	G	A	19349	2993	35	2	0	34	0.000103354	19351	0.99999	FALSE	NA	NA	NA	NA	NA	NA
NC_045512.2	8127	C	T	19590	3037	35	1	0	34	5.10412e-05	19592	0.999999	FALSE	NA	NA	NA	NA	NA	NA
NC_045512.2	8127	C	A	19590	3037	35	1	0	34	5.10412e-05	19592	0.999999	FALSE	NA	NA	NA	NA	NA	NA
NC_045512.2	8128	A	G	19714	3074	35	1	0	34	5.07228e-05	19715	0.999999	FALSE	NA	NA	NA	NA	NA	NA
NC_045512.2	8129	A	G	19749	3099	35	2	0	34	0.000101261	19751	0.99999	FALSE	NA	NA	NA	NA	NA	NA
NC_045512.2	8131	G	T	26812	3506	35	2	0	26	7.45879e-05	26814	1	FALSE	NA	NA	NA	NA	NA	NA
NC_045512.2	8132	A	G	25738	3604	35	9	0	31	0.000349555	25747	0.998538	FALSE	NA	NA	NA	NA	NA	NA
NC_045512.2	8133	A	G	26690	3697	36	2	0	30	7.49288e-05	26692	1	FALSE	NA	NA	NA	NA	NA	NA
NC_045512.2	8134	T	C	27117	3700	36	2	1	47	7.3749e-05	27119	0.687521	FALSE	NA	NA	NA	NA	NA	NA
NC_045512.2	8135	G	A	27080	3705	36	2	1	34	7.38498e-05	27082	1	FALSE	NA	NA	NA	NA	NA	NA
NC_045512.2	8136	T	C	27050	3720	36	5	0	40	0.000184802	27056	0.226547	FALSE	NA	NA	NA	NA	NA	NA
NC_045512.2	8136	T	A	27050	3720	36	1	0	34	3.69604e-05	27056	1	FALSE	NA	NA	NA	NA	NA	NA
NC_045512.2	8137	G	T	27613	3787	36	2	1	34	7.24165e-05	27618	1	FALSE	NA	NA	NA	NA	NA	NA
NC_045512.2	8137	G	A	27613	3787	36	3	1	34	0.000108625	27618	1	FALSE	NA	NA	NA	NA	NA	NA
NC_045512.2	8138	T	C	33626	4881	38	8	1	34	0.000237847	33635	0.999987	FALSE	NA	NA	NA	NA	NA	NA
NC_045512.2	8138	T	A	33626	4881	38	1	0	26	2.97309e-05	33635	1	FALSE	NA	NA	NA	NA	NA	NA
NC_045512.2	8139	C	G	33942	5184	38	1	0	27	2.94473e-05	33959	1	FALSE	NA	NA	NA	NA	NA	NA
NC_045512.2	8139	C	A	33942	5184	38	16	0	33	0.000471156	33959	0.995313	FALSE	NA	NA	NA	NA	NA	NA
NC_045512.2	8140	C	T	33908	5442	39	1	0	34	2.9489e-05	33911	1	FALSE	NA	NA	NA	NA	NA	NA
NC_045512.2	8140	C	G	33908	5442	39	1	0	34	2.9489e-05	33911	1	FALSE	NA	NA	NA	NA	NA	NA
NC_045512.2	8140	C	A	33908	5442	39	1	0	34	2.9489e-05	33911	1	FALSE	NA	NA	NA	NA	NA	NA
NC_045512.2	8140	C	-T	33908	5442	39	1	0	20	2.9489e-05	33911	1	FALSE	NA	NA	NA	NA	NA	NA
NC_045512.2	8141	T	C	34167	5410	39	1	0	34	2.92663e-05	34169	1	FALSE	NA	NA	NA	NA	NA	NA
NC_045512.2	8141	T	A	34167	5410	39	1	0	34	2.92663e-05	34169	1	FALSE	NA	NA	NA	NA	NA	NA
NC_045512.2	8142	T	G	34129	5465	39	1	1	26	2.92997e-05	34130	1	FALSE	NA	NA	NA	NA	NA	NA
NC_045512.2	8143	A	C	34675	5501	39	1	1	34	2.88384e-05	34676	1	FALSE	NA	NA	NA	NA	NA	NA
NC_045512.2	8144	G	T	36914	5726	39	1	1	26	2.70878e-05	36917	1	FALSE	NA	NA	NA	NA	NA	NA
NC_045512.2	8144	G	C	36914	5726	39	1	0	34	2.70878e-05	36917	1	FALSE	NA	NA	NA	NA	NA	NA
NC_045512.2	8144	G	A	36914	5726	39	1	0	34	2.70878e-05	36917	1	FALSE	NA	NA	NA	NA	NA	NA
NC_045512.2	8145	A	T	35563	5719	38	2	0	30	5.62193e-05	35575	1	FALSE	NA	NA	NA	NA	NA	NA
NC_045512.2	8145	A	G	35563	5719	38	9	1	30	0.000252987	35575	0.999987	FALSE	NA	NA	NA	NA	NA	NA
NC_045512.2	8145	A	C	35563	5719	38	1	1	34	2.81096e-05	35575	1	FALSE	NA	NA	NA	NA	NA	NA
NC_045512.2	8146	C	T	37037	5820	39	1	0	68	2.69986e-05	37039	0.5	FALSE	NA	NA	NA	NA	NA	NA
NC_045512.2	8146	C	G	37037	5820	39	1	0	34	2.69986e-05	37039	1	FALSE	NA	NA	NA	NA	NA	NA
NC_045512.2	8147	A	G	35465	5686	38	13	2	36	0.000366424	35478	0.999643	FALSE	NA	NA	NA	NA	NA	NA
NC_045512.2	8149	T	C	37719	6090	39	2	0	30	5.30181e-05	37723	1	FALSE	NA	NA	NA	NA	NA	NA
NC_045512.2	8149	T	A	37719	6090	39	2	2	30	5.30181e-05	37723	1	FALSE	NA	NA	NA	NA	NA	NA
NC_045512.2	8150	G	A	41868	6533	39	3	0	29	7.16486e-05	41871	1	FALSE	NA	NA	NA	NA	NA	NA
NC_045512.2	8151	T	G	41740	6685	39	4	0	32	9.57969e-05	41755	1	FALSE	NA	NA	NA	NA	NA	NA
NC_045512.2	8151	T	C	41740	6685	39	5	0	34	0.000119746	41755	1	FALSE	NA	NA	NA	NA	NA	NA
NC_045512.2	8151	T	A	41740	6685	39	6	0	30	0.000143695	41755	1	FALSE	NA	NA	NA	NA	NA	NA
NC_045512.2	8152	C	T	42825	6878	40	1	0	34	2.33503e-05	42826	1	FALSE	NA	NA	NA	NA	NA	NA
NC_045512.2	8152	C	-T	42825	6878	40	3	0	20	7.00509e-05	42826	1	FALSE	NA	NA	NA	NA	NA	NA
NC_045512.2	8153	T	G	42947	6931	40	2	0	51	4.65636e-05	42952	0.249968	FALSE	NA	NA	NA	NA	NA	NA
NC_045512.2	8153	T	C	42947	6931	40	1	0	34	2.32818e-05	42952	1	FALSE	NA	NA	NA	NA	NA	NA
NC_045512.2	8153	T	A	42947	6931	40	2	0	30	4.65636e-05	42952	1	FALSE	NA	NA	NA	NA	NA	NA
NC_045512.2	8154	T	C	42786	6843	39	1	0	34	2.33705e-05	42789	1	FALSE	NA	NA	NA	NA	NA	NA
NC_045512.2	8154	T	A	42786	6843	39	2	2	26	4.6741e-05	42789	1	FALSE	NA	NA	NA	NA	NA	NA
NC_045512.2	8154	T	-A	42786	6843	39	1	0	20	2.33705e-05	42789	1	FALSE	NA	NA	NA	NA	NA	NA
NC_045512.2	8155	A	G	42931	7061	40	1	0	34	2.32926e-05	42932	1	FALSE	NA	NA	NA	NA	NA	NA
NC_045512.2	8156	T	C	43140	6872	39	1	0	34	2.31798e-05	43141	1	FALSE	NA	NA	NA	NA	NA	NA
NC_045512.2	8157	C	T	43143	7057	40	2	1	51	4.63553e-05	43145	0.250003	FALSE	NA	NA	NA	NA	NA	NA
NC_045512.2	8158	T	C	43317	7064	40	4	1	40	9.2334e-05	43321	0.636738	FALSE	NA	NA	NA	NA	NA	NA
NC_045512.2	8159	A	T	44395	7132	40	1	0	34	2.25235e-05	44398	1	FALSE	NA	NA	NA	NA	NA	NA
NC_045512.2	8159	A	G	44395	7132	40	1	0	34	2.25235e-05	44398	1	FALSE	NA	NA	NA	NA	NA	NA
NC_045512.2	8159	A	C	44395	7132	40	1	0	26	2.25235e-05	44398	1	FALSE	NA	NA	NA	NA	NA	NA
NC_045512.2	8159	A	-CTTTTATTTCAG	44395	7132	40	1	0	20	2.25235e-05	44398	1	FALSE	NA	NA	NA	NA	NA	NA
NC_045512.2	8160	C	T	44263	7145	40	3	1	34	6.7766e-05	44270	1	FALSE	NA	NA	NA	NA	NA	NA
NC_045512.2	8160	C	G	44263	7145	40	2	0	34	4.51773e-05	44270	1	FALSE	NA	NA	NA	NA	NA	NA
NC_045512.2	8160	C	A	44263	7145	40	2	0	27	4.51773e-05	44270	1	FALSE	NA	NA	NA	NA	NA	NA
NC_045512.2	8160	C	-T	44263	7145	40	1	0	20	2.25882e-05	44271	1	FALSE	NA	NA	NA	NA	NA	NA
NC_045512.2	8161	T	G	44137	7769	41	1	1	34	2.26536e-05	44143	1	FALSE	NA	NA	NA	NA	NA	NA
NC_045512.2	8161	T	C	44137	7769	41	3	2	56	6.79609e-05	44143	0.124979	FALSE	NA	NA	NA	NA	NA	NA
NC_045512.2	8161	T	A	44137	7769	41	2	0	30	4.53073e-05	44143	1	FALSE	NA	NA	NA	NA	NA	NA
NC_045512.2	8162	T	G	43824	7535	40	1	1	20	2.28175e-05	43826	1	FALSE	NA	NA	NA	NA	NA	NA
NC_045512.2	8162	T	A	43824	7535	40	1	0	26	2.28175e-05	43826	1	FALSE	NA	NA	NA	NA	NA	NA
NC_045512.2	8163	T	C	44287	7859	41	3	1	30	6.77354e-05	44290	1	FALSE	NA	NA	NA	NA	NA	NA
NC_045512.2	8164	T	C	44888	7644	40	2	0	34	4.45514e-05	44892	1	FALSE	NA	NA	NA	NA	NA	NA
NC_045512.2	8164	T	A	44888	7644	40	2	2	27	4.45514e-05	44892	1	FALSE	NA	NA	NA	NA	NA	NA
NC_045512.2	8165	A	T	45453	7925	41	1	0	34	2.19983e-05	45458	1	FALSE	NA	NA	NA	NA	NA	NA
NC_045512.2	8165	A	G	45453	7925	41	4	1	45	8.79933e-05	45458	0.636713	FALSE	NA	NA	NA	NA	NA	NA
NC_045512.2	8166	T	G	45252	8068	41	1	1	26	2.2097e-05	45255	1	FALSE	NA	NA	NA	NA	NA	NA
NC_045512.2	8166	T	C	45252	8068	41	2	1	40	4.4194e-05	45255	0.890628	FALSE	NA	NA	NA	NA	NA	NA
NC_045512.2	8167	T	C	45142	8096	41	1	0	68	2.21518e-05	45143	0.5	FALSE	NA	NA	NA	NA	NA	NA
NC_045512.2	8168	T	C	45180	8808	42	3	1	45	6.63952e-05	45184	0.773438	FALSE	NA	NA	NA	NA	NA	NA
NC_045512.2	8168	T	A	45180	8808	42	1	0	26	2.21317e-05	45184	1	FALSE	NA	NA	NA	NA	NA	NA
NC_045512.2	8169	C	T	45214	8781	42	1	0	34	2.21146e-05	45219	1	FALSE	NA	NA	NA	NA	NA	NA
NC_045512.2	8169	C	G	45214	8781	42	3	0	29	6.63438e-05	45219	1	FALSE	NA	NA	NA	NA	NA	NA
NC_045512.2	8169	C	A	45214	8781	42	1	0	26	2.21146e-05	45219	1	FALSE	NA	NA	NA	NA	NA	NA
NC_045512.2	8170	A	T	45581	8782	42	1	0	34	2.19346e-05	45590	1	FALSE	NA	NA	NA	NA	NA	NA
NC_045512.2	8170	A	G	45581	8782	42	7	0	38	0.000153542	45590	1	FALSE	NA	NA	NA	NA	NA	NA
NC_045512.2	8170	A	C	45581	8782	42	1	1	26	2.19346e-05	45590	1	FALSE	NA	NA	NA	NA	NA	NA
NC_045512.2	8171	G	T	45433	8789	42	3	1	31	6.60211e-05	45440	1	FALSE	NA	NA	NA	NA	NA	NA
NC_045512.2	8171	G	A	45433	8789	42	4	2	49	8.80282e-05	45440	0.636689	FALSE	NA	NA	NA	NA	NA	NA
NC_045512.2	8172	C	T	45322	9201	43	4	0	32	8.82437e-05	45329	1	FALSE	NA	NA	NA	NA	NA	NA
NC_045512.2	8172	C	G	45322	9201	43	1	0	27	2.20609e-05	45329	1	FALSE	NA	NA	NA	NA	NA	NA
NC_045512.2	8172	C	A	45322	9201	43	2	0	34	4.41219e-05	45329	1	FALSE	NA	NA	NA	NA	NA	NA
NC_045512.2	8173	A	T	45474	9251	43	1	0	34	2.19887e-05	45478	1	FALSE	NA	NA	NA	NA	NA	NA
NC_045512.2	8173	A	G	45474	9251	43	3	1	31	6.5966e-05	45478	1	FALSE	NA	NA	NA	NA	NA	NA
NC_045512.2	8174	G	T	45809	9183	42	1	1	27	2.18283e-05	45812	1	FALSE	NA	NA	NA	NA	NA	NA
NC_045512.2	8174	G	C	45809	9183	42	1	1	24	2.18283e-05	45812	1	FALSE	NA	NA	NA	NA	NA	NA
NC_045512.2	8174	G	A	45809	9183	42	1	0	34	2.18283e-05	45812	1	FALSE	NA	NA	NA	NA	NA	NA
NC_045512.2	8175	C	T	45836	9303	43	4	2	42	8.72543e-05	45843	0.636701	FALSE	NA	NA	NA	NA	NA	NA
NC_045512.2	8175	C	G	45836	9303	43	2	0	30	4.36272e-05	45843	1	FALSE	NA	NA	NA	NA	NA	NA
NC_045512.2	8175	C	A	45836	9303	43	1	0	34	2.18136e-05	45843	1	FALSE	NA	NA	NA	NA	NA	NA
NC_045512.2	8176	T	G	46098	9691	43	1	0	26	2.1692e-05	46100	1	FALSE	NA	NA	NA	NA	NA	NA
NC_045512.2	8176	T	A	46098	9691	43	1	0	26	2.1692e-05	46100	1	FALSE	NA	NA	NA	NA	NA	NA
NC_045512.2	8177	C	T	48638	10989	44	3	1	31	6.16713e-05	48645	1	FALSE	NA	NA	NA	NA	NA	NA
NC_045512.2	8177	C	G	48638	10989	44	2	0	30	4.11142e-05	48645	1	FALSE	NA	NA	NA	NA	NA	NA
NC_045512.2	8177	C	A	48638	10989	44	2	1	64	4.11142e-05	48645	0.249977	FALSE	NA	NA	NA	NA	NA	NA
NC_045512.2	8178	G	T	49142	11267	45	1	0	68	2.03459e-05	49150	0.499969	FALSE	NA	NA	NA	NA	NA	NA
NC_045512.2	8178	G	A	49142	11267	45	7	1	36	0.000142421	49150	1	FALSE	NA	NA	NA	NA	NA	NA
NC_045512.2	8179	G	C	49300	11370	45	1	0	34	2.02749e-05	49322	1	FALSE	NA	NA	NA	NA	NA	NA
NC_045512.2	8179	G	A	49300	11370	45	21	7	46	0.000425773	49322	0.000454618	TRUE	NA	NA	NA	NA	NA	NA
NC_045512.2	8180	C	T	49309	11390	45	1	0	26	2.0279e-05	49312	1	FALSE	NA	NA	NA	NA	NA	NA
NC_045512.2	8180	C	G	49309	11390	45	1	0	27	2.0279e-05	49312	1	FALSE	NA	NA	NA	NA	NA	NA
NC_045512.2	8180	C	A	49309	11390	45	1	0	20	2.0279e-05	49312	1	FALSE	NA	NA	NA	NA	NA	NA
NC_045512.2	8181	A	T	48919	11441	45	4	1	28	8.17444e-05	48933	1	FALSE	NA	NA	NA	NA	NA	NA
NC_045512.2	8181	A	G	48919	11441	45	9	3	36	0.000183925	48933	1	FALSE	NA	NA	NA	NA	NA	NA
NC_045512.2	8181	A	C	48919	11441	45	1	1	27	2.04361e-05	48933	1	FALSE	NA	NA	NA	NA	NA	NA
NC_045512.2	8182	A	T	49018	11438	45	3	1	30	6.11933e-05	49025	1	FALSE	NA	NA	NA	NA	NA	NA
NC_045512.2	8182	A	G	49018	11438	45	3	0	38	6.11933e-05	49025	1	FALSE	NA	NA	NA	NA	NA	NA
NC_045512.2	8182	A	C	49018	11438	45	1	1	27	2.03978e-05	49025	1	FALSE	NA	NA	NA	NA	NA	NA
NC_045512.2	8183	G	A	50827	11567	45	2	0	42	3.93476e-05	50829	0.93751	FALSE	NA	NA	NA	NA	NA	NA
NC_045512.2	8184	G	T	54132	12452	45	1	1	27	1.84706e-05	54140	1	FALSE	NA	NA	NA	NA	NA	NA
NC_045512.2	8184	G	A	54132	12452	45	7	0	31	0.000129294	54140	1	FALSE	NA	NA	NA	NA	NA	NA
NC_045512.2	8185	G	C	54247	13040	46	1	1	27	1.84267e-05	54269	1	FALSE	NA	NA	NA	NA	NA	NA
NC_045512.2	8185	G	A	54247	13040	46	21	0	31	0.000386961	54269	0.999968	FALSE	NA	NA	NA	NA	NA	NA
NC_045512.2	8186	T	G	52598	11414	41	8	6	27	0.000152059	52611	1	FALSE	NA	NA	NA	NA	NA	NA
NC_045512.2	8186	T	C	52598	11414	41	4	3	55	7.60297e-05	52611	0.0624774	FALSE	NA	NA	NA	NA	NA	NA
NC_045512.2	8186	T	A	52598	11414	41	1	0	26	1.90074e-05	52611	1	FALSE	NA	NA	NA	NA	NA	NA
NC_045512.2	8187	T	G	54268	13114	46	1	0	34	1.84243e-05	54276	1	FALSE	NA	NA	NA	NA	NA	NA
NC_045512.2	8187	T	C	54268	13114	46	7	3	41	0.00012897	54276	0.387201	FALSE	NA	NA	NA	NA	NA	NA
NC_045512.2	8188	T	G	54291	13011	45	1	0	27	1.84148e-05	54304	1	FALSE	NA	NA	NA	NA	NA	NA
NC_045512.2	8188	T	C	54291	13011	45	11	2	42	0.000202563	54304	0.105033	FALSE	NA	NA	NA	NA	NA	NA
NC_045512.2	8188	T	A	54291	13011	45	1	1	26	1.84148e-05	54304	1	FALSE	NA	NA	NA	NA	NA	NA
NC_045512.2	8189	G	T	54516	13088	46	1	1	20	1.83422e-05	54519	1	FALSE	NA	NA	NA	NA	NA	NA
NC_045512.2	8189	G	A	54516	13088	46	2	1	34	3.66845e-05	54519	1	FALSE	NA	NA	NA	NA	NA	NA
NC_045512.2	8190	T	G	54339	13203	45	1	1	27	1.84016e-05	54343	1	FALSE	NA	NA	NA	NA	NA	NA
NC_045512.2	8190	T	C	54339	13203	45	3	0	39	5.52049e-05	54343	1	FALSE	NA	NA	NA	NA	NA	NA
NC_045512.2	8191	T	G	54492	13395	46	1	0	34	1.8348e-05	54502	1	FALSE	NA	NA	NA	NA	NA	NA
NC_045512.2	8191	T	C	54492	13395	46	7	4	50	0.000128436	54502	0.00780999	TRUE	NA	NA	NA	NA	NA	NA
NC_045512.2	8191	T	A	54492	13395	46	2	0	25	3.66959e-05	54502	1	FALSE	NA	NA	NA	NA	NA	NA
NC_045512.2	8192	G	T	54647	13373	46	1	1	27	1.82983e-05	54650	1	FALSE	NA	NA	NA	NA	NA	NA
NC_045512.2	8192	G	C	54647	13373	46	1	0	34	1.82983e-05	54650	1	FALSE	NA	NA	NA	NA	NA	NA
NC_045512.2	8192	G	A	54647	13373	46	1	1	68	1.82983e-05	54650	0.499995	FALSE	NA	NA	NA	NA	NA	NA
NC_045512.2	8193	A	T	55352	13598	46	1	1	68	1.80633e-05	55361	0.499968	FALSE	NA	NA	NA	NA	NA	NA
NC_045512.2	8193	A	G	55352	13598	46	7	1	40	0.000126443	55361	0.387189	FALSE	NA	NA	NA	NA	NA	NA
NC_045512.2	8193	A	C	55352	13598	46	1	0	26	1.80633e-05	55361	1	FALSE	NA	NA	NA	NA	NA	NA
NC_045512.2	8194	T	C	55373	14059	47	9	2	40	0.000162508	55382	0.21197	FALSE	NA	NA	NA	NA	NA	NA
NC_045512.2	8195	T	G	55191	14538	47	1	0	27	1.81163e-05	55199	1	FALSE	NA	NA	NA	NA	NA	NA
NC_045512.2	8195	T	C	55191	14538	47	3	0	42	5.43488e-05	55199	0.855454	FALSE	NA	NA	NA	NA	NA	NA
NC_045512.2	8195	T	A	55191	14538	47	4	0	32	7.24651e-05	55199	1	FALSE	NA	NA	NA	NA	NA	NA
NC_045512.2	8196	C	T	55237	14589	47	2	0	51	3.6203e-05	55244	0.24998	FALSE	NA	NA	NA	NA	NA	NA
NC_045512.2	8196	C	G	55237	14589	47	2	0	29	3.6203e-05	55244	1	FALSE	NA	NA	NA	NA	NA	NA
NC_045512.2	8196	C	A	55237	14589	47	3	1	54	5.43045e-05	55244	0.124986	FALSE	NA	NA	NA	NA	NA	NA
NC_045512.2	8197	A	T	55088	14665	48	1	1	68	1.81505e-05	55095	0.499977	FALSE	NA	NA	NA	NA	NA	NA
NC_045512.2	8197	A	G	55088	14665	48	5	0	40	9.07523e-05	55095	0.623041	FALSE	NA	NA	NA	NA	NA	NA
NC_045512.2	8197	A	C	55088	14665	48	1	0	26	1.81505e-05	55095	1	FALSE	NA	NA	NA	NA	NA	NA
NC_045512.2	8198	G	C	56157	14664	47	1	0	26	1.78069e-05	56158	1	FALSE	NA	NA	NA	NA	NA	NA
NC_045512.2	8199	A	T	56082	15789	48	2	1	64	3.56563e-05	56091	0.249971	FALSE	NA	NA	NA	NA	NA	NA
NC_045512.2	8199	A	G	56082	15789	48	7	1	46	0.000124797	56091	0.387189	FALSE	NA	NA	NA	NA	NA	NA
NC_045512.2	8200	T	C	56262	15779	48	1	0	34	1.77724e-05	56267	1	FALSE	NA	NA	NA	NA	NA	NA
NC_045512.2	8200	T	A	56262	15779	48	4	2	26	7.10896e-05	56267	1	FALSE	NA	NA	NA	NA	NA	NA
NC_045512.2	8201	G	T	56644	15985	49	2	1	36	3.53039e-05	56651	1	FALSE	NA	NA	NA	NA	NA	NA
NC_045512.2	8201	G	C	56644	15985	49	1	0	34	1.76519e-05	56651	1	FALSE	NA	NA	NA	NA	NA	NA
NC_045512.2	8201	G	A	56644	15985	49	4	0	42	7.06078e-05	56651	0.746085	FALSE	NA	NA	NA	NA	NA	NA
NC_045512.2	8202	T	C	56763	16952	50	3	2	42	5.28476e-05	56767	0.855477	FALSE	NA	NA	NA	NA	NA	NA
NC_045512.2	8202	T	A	56763	16952	50	1	0	34	1.76159e-05	56767	1	FALSE	NA	NA	NA	NA	NA	NA
NC_045512.2	8203	A	T	56942	17029	50	1	0	26	1.75586e-05	56952	1	FALSE	NA	NA	NA	NA	NA	NA
NC_045512.2	8203	A	G	56942	17029	50	9	1	45	0.000158028	56952	0.211961	FALSE	NA	NA	NA	NA	NA	NA
NC_045512.2	8204	G	T	56809	16999	50	1	0	26	1.76025e-05	56810	1	FALSE	NA	NA	NA	NA	NA	NA
NC_045512.2	8205	A	T	55945	17535	49	4	1	29	7.14898e-05	55952	1	FALSE	NA	NA	NA	NA	NA	NA
NC_045512.2	8205	A	G	55945	17535	49	3	0	31	5.36174e-05	55952	1	FALSE	NA	NA	NA	NA	NA	NA
NC_045512.2	8206	A	T	57652	17596	51	1	0	34	1.73427e-05	57661	1	FALSE	NA	NA	NA	NA	NA	NA
NC_045512.2	8206	A	G	57652	17596	51	7	1	46	0.000121399	57661	0.387189	FALSE	NA	NA	NA	NA	NA	NA
NC_045512.2	8206	A	C	57652	17596	51	1	0	27	1.73427e-05	57661	1	FALSE	NA	NA	NA	NA	NA	NA
NC_045512.2	8207	A	T	57009	17691	50	1	1	34	1.75392e-05	57015	1	FALSE	NA	NA	NA	NA	NA	NA
NC_045512.2	8207	A	G	57009	17691	50	5	1	48	8.76962e-05	57015	0.623052	FALSE	NA	NA	NA	NA	NA	NA
NC_045512.2	8208	C	T	60031	17967	50	2	0	47	3.3315e-05	60033	0.96485	FALSE	NA	NA	NA	NA	NA	NA
NC_045512.2	8209	T	G	60462	18059	50	2	0	30	3.30726e-05	60473	1	FALSE	NA	NA	NA	NA	NA	NA
NC_045512.2	8209	T	C	60462	18059	50	3	1	49	4.96089e-05	60473	0.910136	FALSE	NA	NA	NA	NA	NA	NA
NC_045512.2	8209	T	A	60462	18059	50	6	0	26	9.92178e-05	60473	1	FALSE	NA	NA	NA	NA	NA	NA
NC_045512.2	8210	A	T	60542	18005	50	1	0	34	1.65166e-05	60545	1	FALSE	NA	NA	NA	NA	NA	NA
NC_045512.2	8210	A	G	60542	18005	50	2	0	30	3.30333e-05	60545	1	FALSE	NA	NA	NA	NA	NA	NA
NC_045512.2	8211	A	T	60145	18046	50	2	1	26	3.32502e-05	60150	1	FALSE	NA	NA	NA	NA	NA	NA
NC_045512.2	8211	A	G	60145	18046	50	2	1	51	3.32502e-05	60150	0.24999	FALSE	NA	NA	NA	NA	NA	NA
NC_045512.2	8211	A	C	60145	18046	50	1	0	27	1.66251e-05	60150	1	FALSE	NA	NA	NA	NA	NA	NA
NC_045512.2	8212	A	T	60461	18121	50	1	0	34	1.65388e-05	60464	1	FALSE	NA	NA	NA	NA	NA	NA
NC_045512.2	8212	A	G	60461	18121	50	2	1	47	3.30775e-05	60464	0.964848	FALSE	NA	NA	NA	NA	NA	NA
NC_045512.2	8213	G	T	60447	18075	50	1	1	27	1.65423e-05	60451	1	FALSE	NA	NA	NA	NA	NA	NA
NC_045512.2	8213	G	C	60447	18075	50	1	1	34	1.65423e-05	60451	1	FALSE	NA	NA	NA	NA	NA	NA
NC_045512.2	8213	G	A	60447	18075	50	2	1	27	3.30846e-05	60451	1	FALSE	NA	NA	NA	NA	NA	NA
NC_045512.2	8214	A	T	60205	18855	50	8	1	27	0.000132859	60214	1	FALSE	NA	NA	NA	NA	NA	NA
NC_045512.2	8214	A	G	60205	18855	50	1	0	34	1.66074e-05	60214	1	FALSE	NA	NA	NA	NA	NA	NA
NC_045512.2	8215	T	G	61207	18963	50	2	0	27	3.26717e-05	61215	1	FALSE	NA	NA	NA	NA	NA	NA
NC_045512.2	8215	T	C	61207	18963	50	1	0	34	1.63359e-05	61215	1	FALSE	NA	NA	NA	NA	NA	NA
NC_045512.2	8215	T	A	61207	18963	50	5	2	28	8.16793e-05	61215	1	FALSE	NA	NA	NA	NA	NA	NA
NC_045512.2	8216	G	T	61619	19014	51	2	1	27	3.24559e-05	61622	1	FALSE	NA	NA	NA	NA	NA	NA
NC_045512.2	8216	G	C	61619	19014	51	1	1	20	1.6228e-05	61622	1	FALSE	NA	NA	NA	NA	NA	NA
NC_045512.2	8217	T	G	61164	19994	52	2	0	27	3.26926e-05	61176	1	FALSE	NA	NA	NA	NA	NA	NA
NC_045512.2	8217	T	C	61164	19994	52	4	1	52	6.53851e-05	61176	0.0624826	FALSE	NA	NA	NA	NA	NA	NA
NC_045512.2	8217	T	A	61164	19994	52	6	1	31	9.80777e-05	61176	1	FALSE	NA	NA	NA	NA	NA	NA
NC_045512.2	8218	T	G	61235	19957	52	1	0	34	1.63271e-05	61248	1	FALSE	NA	NA	NA	NA	NA	NA
NC_045512.2	8218	T	C	61235	19957	52	11	3	58	0.000179598	61248	0.000488018	TRUE	NA	NA	NA	NA	NA	NA
NC_045512.2	8218	T	A	61235	19957	52	1	1	27	1.63271e-05	61248	1	FALSE	NA	NA	NA	NA	NA	NA
NC_045512.2	8219	G	T	61876	20059	52	1	0	26	1.61611e-05	61877	1	FALSE	NA	NA	NA	NA	NA	NA
NC_045512.2	8220	T	G	61520	19645	48	1	1	20	1.62514e-05	61533	1	FALSE	NA	NA	NA	NA	NA	NA
NC_045512.2	8220	T	C	61520	19645	48	2	1	30	3.25029e-05	61533	1	FALSE	NA	NA	NA	NA	NA	NA
NC_045512.2	8220	T	A	61520	19645	48	10	0	29	0.000162514	61533	1	FALSE	NA	NA	NA	NA	NA	NA
NC_045512.2	8221	T	C	61970	20171	52	6	1	43	9.68085e-05	61978	0.612788	FALSE	NA	NA	NA	NA	NA	NA
NC_045512.2	8221	T	A	61970	20171	52	2	0	30	3.22695e-05	61978	1	FALSE	NA	NA	NA	NA	NA	NA
NC_045512.2	8222	G	C	61894	20189	52	9	3	49	0.000145379	61907	0.303575	FALSE	NA	NA	NA	NA	NA	NA
NC_045512.2	8222	G	A	61894	20189	52	4	1	45	6.4613e-05	61907	0.828082	FALSE	NA	NA	NA	NA	NA	NA
NC_045512.2	8223	A	T	61922	20118	52	2	1	64	3.22961e-05	61927	0.24999	FALSE	NA	NA	NA	NA	NA	NA
NC_045512.2	8223	A	G	61922	20118	52	3	1	30	4.84441e-05	61927	1	FALSE	NA	NA	NA	NA	NA	NA
NC_045512.2	8224	A	T	61670	20191	52	7	2	28	0.000113485	61682	1	FALSE	NA	NA	NA	NA	NA	NA
NC_045512.2	8224	A	G	61670	20191	52	5	1	38	8.10609e-05	61682	1	FALSE	NA	NA	NA	NA	NA	NA
NC_045512.2	8225	T	G	61774	20073	52	1	0	68	1.61862e-05	61781	0.49998	FALSE	NA	NA	NA	NA	NA	NA
NC_045512.2	8225	T	C	61774	20073	52	5	1	54	8.0931e-05	61781	0.0312462	FALSE	NA	NA	NA	NA	NA	NA
NC_045512.2	8225	T	A	61774	20073	52	1	1	27	1.61862e-05	61781	1	FALSE	NA	NA	NA	NA	NA	NA
NC_045512.2	8226	G	T	65149	20525	52	3	2	45	4.60426e-05	65157	0.910149	FALSE	NA	NA	NA	NA	NA	NA
NC_045512.2	8226	G	C	65149	20525	52	2	1	27	3.06951e-05	65157	1	FALSE	NA	NA	NA	NA	NA	NA
NC_045512.2	8226	G	A	65149	20525	52	3	0	34	4.60426e-05	65157	1	FALSE	NA	NA	NA	NA	NA	NA
NC_045512.2	8227	T	G	65065	20367	51	1	0	34	1.53657e-05	65080	1	FALSE	NA	NA	NA	NA	NA	NA
NC_045512.2	8227	T	C	65065	20367	51	4	1	34	6.14628e-05	65080	1	FALSE	NA	NA	NA	NA	NA	NA
NC_045512.2	8227	T	A	65065	20367	51	10	2	34	0.000153657	65080	1	FALSE	NA	NA	NA	NA	NA	NA
NC_045512.2	8228	C	T	65219	20417	52	7	4	66	0.000107313	65230	0.00780999	TRUE	NA	NA	NA	NA	NA	NA
NC_045512.2	8228	C	G	65219	20417	52	2	0	30	3.06607e-05	65230	1	FALSE	NA	NA	NA	NA	NA	NA
NC_045512.2	8228	C	A	65219	20417	52	2	0	46	3.06607e-05	65230	0.964835	FALSE	NA	NA	NA	NA	NA	NA
NC_045512.2	8229	T	C	65518	20530	52	2	0	68	3.05241e-05	65522	0.249994	FALSE	NA	NA	NA	NA	NA	NA
NC_045512.2	8229	T	A	65518	20530	52	2	0	23	3.05241e-05	65522	1	FALSE	NA	NA	NA	NA	NA	NA
NC_045512.2	8230	T	C	65329	20557	51	5	3	59	7.65263e-05	65337	0.0312452	FALSE	NA	NA	NA	NA	NA	NA
NC_045512.2	8230	T	A	65329	20557	51	3	1	43	4.59158e-05	65337	0.910149	FALSE	NA	NA	NA	NA	NA	NA
NC_045512.2	8230	T	+A	65329	20557	51	1	0	20	1.53053e-05	65337	1	FALSE	NA	NA	NA	NA	NA	NA
NC_045512.2	8231	A	T	65548	20595	52	2	1	30	3.05097e-05	65553	1	FALSE	NA	NA	NA	NA	NA	NA
NC_045512.2	8231	A	G	65548	20595	52	3	0	26	4.57645e-05	65553	1	FALSE	NA	NA	NA	NA	NA	NA
NC_045512.2	8232	A	T	65419	20671	52	2	1	27	3.05703e-05	65423	1	FALSE	NA	NA	NA	NA	NA	NA
NC_045512.2	8232	A	G	65419	20671	52	2	0	30	3.05703e-05	65423	1	FALSE	NA	NA	NA	NA	NA	NA
NC_045512.2	8233	A	T	64360	20756	51	3	3	26	4.6607e-05	64368	1	FALSE	NA	NA	NA	NA	NA	NA
NC_045512.2	8233	A	G	64360	20756	51	2	0	68	3.10713e-05	64368	0.249979	FALSE	NA	NA	NA	NA	NA	NA
NC_045512.2	8233	A	C	64360	20756	51	3	2	28	4.6607e-05	64368	1	FALSE	NA	NA	NA	NA	NA	NA
NC_045512.2	8234	T	C	65521	20869	52	2	0	36	3.05227e-05	65525	1	FALSE	NA	NA	NA	NA	NA	NA
NC_045512.2	8234	T	A	65521	20869	52	2	2	26	3.05227e-05	65525	1	FALSE	NA	NA	NA	NA	NA	NA
NC_045512.2	8235	T	C	63327	20075	51	10	4	50	0.000157883	63338	0.000976216	TRUE	NA	NA	NA	NA	NA	NA
NC_045512.2	8235	T	A	63327	20075	51	1	0	38	1.57883e-05	63338	1	FALSE	NA	NA	NA	NA	NA	NA
NC_045512.2	8236	G	C	64041	19981	52	1	1	34	1.56138e-05	64046	1	FALSE	NA	NA	NA	NA	NA	NA
NC_045512.2	8236	G	A	64041	19981	52	4	0	33	6.24551e-05	64046	1	FALSE	NA	NA	NA	NA	NA	NA
NC_045512.2	8237	T	C	63993	19949	52	8	4	50	0.000124992	64004	0.00390491	TRUE	NA	NA	NA	NA	NA	NA
NC_045512.2	8237	T	A	63993	19949	52	3	3	29	4.68721e-05	64004	1	FALSE	NA	NA	NA	NA	NA	NA
NC_045512.2	8238	C	T	63797	19947	52	2	1	60	3.13475e-05	63801	0.249994	FALSE	NA	NA	NA	NA	NA	NA
NC_045512.2	8238	C	A	63797	19947	52	2	0	26	3.13475e-05	63801	1	FALSE	NA	NA	NA	NA	NA	NA
NC_045512.2	8239	A	T	63636	20300	53	4	0	33	6.28496e-05	63644	1	FALSE	NA	NA	NA	NA	NA	NA
NC_045512.2	8239	A	G	63636	20300	53	2	2	68	3.14248e-05	63644	0.249978	FALSE	NA	NA	NA	NA	NA	NA
NC_045512.2	8239	A	C	63636	20300	53	2	1	51	3.14248e-05	63644	0.249978	FALSE	NA	NA	NA	NA	NA	NA
NC_045512.2	8240	C	T	64543	20510	52	5	1	46	7.74605e-05	64549	0.725595	FALSE	NA	NA	NA	NA	NA	NA
NC_045512.2	8240	C	G	64543	20510	52	1	0	27	1.54921e-05	64549	1	FALSE	NA	NA	NA	NA	NA	NA
NC_045512.2	8241	A	G	64442	20536	53	2	0	68	3.10347e-05	64444	0.250002	FALSE	NA	NA	NA	NA	NA	NA
NC_045512.2	8242	T	G	64836	20581	53	2	0	25	3.08428e-05	64845	1	FALSE	NA	NA	NA	NA	NA	NA
NC_045512.2	8242	T	C	64836	20581	53	4	0	59	6.16856e-05	64845	0.0624894	FALSE	NA	NA	NA	NA	NA	NA
NC_045512.2	8242	T	A	64836	20581	53	3	2	26	4.62642e-05	64845	1	FALSE	NA	NA	NA	NA	NA	NA
NC_045512.2	8243	C	T	64525	20579	52	1	0	34	1.54974e-05	64527	1	FALSE	NA	NA	NA	NA	NA	NA
NC_045512.2	8243	C	G	64525	20579	52	1	0	34	1.54974e-05	64527	1	FALSE	NA	NA	NA	NA	NA	NA
NC_045512.2	8244	A	T	64659	21283	53	2	1	26	3.09277e-05	64667	1	FALSE	NA	NA	NA	NA	NA	NA
NC_045512.2	8244	A	G	64659	21283	53	5	2	48	7.73192e-05	64667	0.725577	FALSE	NA	NA	NA	NA	NA	NA
NC_045512.2	8244	A	C	64659	21283	53	1	1	26	1.54638e-05	64667	1	FALSE	NA	NA	NA	NA	NA	NA
NC_045512.2	8245	A	G	63574	21871	51	2	0	47	3.14584e-05	63576	0.96485	FALSE	NA	NA	NA	NA	NA	NA
NC_045512.2	8246	T	C	65047	22656	53	3	2	45	4.61177e-05	65051	0.910164	FALSE	NA	NA	NA	NA	NA	NA
NC_045512.2	8246	T	A	65047	22656	53	1	0	34	1.53726e-05	65051	1	FALSE	NA	NA	NA	NA	NA	NA
NC_045512.2	8247	C	T	63894	24688	53	1	1	68	1.56499e-05	63898	0.499992	FALSE	NA	NA	NA	NA	NA	NA
NC_045512.2	8247	C	G	63894	24688	53	1	0	27	1.56499e-05	63898	1	FALSE	NA	NA	NA	NA	NA	NA
NC_045512.2	8247	C	A	63894	24688	53	2	0	30	3.12999e-05	63898	1	FALSE	NA	NA	NA	NA	NA	NA
NC_045512.2	8247	C	+T	63894	24688	53	1	0	20	1.56499e-05	63898	1	FALSE	NA	NA	NA	NA	NA	NA
NC_045512.2	8248	T	C	64176	24725	53	7	6	51	0.000109056	64187	0.00780994	TRUE	NA	NA	NA	NA	NA	NA
NC_045512.2	8248	T	A	64176	24725	53	4	3	42	6.23179e-05	64187	0.828096	FALSE	NA	NA	NA	NA	NA	NA
NC_045512.2	8249	G	T	63778	24523	53	3	3	45	4.70337e-05	63784	0.910156	FALSE	NA	NA	NA	NA	NA	NA
NC_045512.2	8249	G	C	63778	24523	53	1	1	27	1.56779e-05	63784	1	FALSE	NA	NA	NA	NA	NA	NA
NC_045512.2	8249	G	A	63778	24523	53	2	0	68	3.13558e-05	63784	0.249986	FALSE	NA	NA	NA	NA	NA	NA
NC_045512.2	8250	A	T	66649	24742	53	4	3	28	6.00078e-05	66658	1	FALSE	NA	NA	NA	NA	NA	NA
NC_045512.2	8250	A	G	66649	24742	53	5	1	40	7.50098e-05	66658	0.725569	FALSE	NA	NA	NA	NA	NA	NA
NC_045512.2	8251	C	T	65622	26569	51	3	1	42	4.57087e-05	65633	0.910137	FALSE	NA	NA	NA	NA	NA	NA
NC_045512.2	8251	C	G	65622	26569	51	2	0	34	3.04725e-05	65633	1	FALSE	NA	NA	NA	NA	NA	NA
NC_045512.2	8251	C	A	65622	26569	51	6	0	38	9.14174e-05	65633	1	FALSE	NA	NA	NA	NA	NA	NA
NC_045512.2	8252	A	T	64966	26662	51	4	0	26	6.1565e-05	64972	1	FALSE	NA	NA	NA	NA	NA	NA
NC_045512.2	8252	A	G	64966	26662	51	2	1	46	3.07825e-05	64972	0.964843	FALSE	NA	NA	NA	NA	NA	NA
NC_045512.2	8253	T	C	65779	26809	52	2	1	51	3.04016e-05	65786	0.249983	FALSE	NA	NA	NA	NA	NA	NA
NC_045512.2	8253	T	A	65779	26809	52	5	3	27	7.6004e-05	65786	1	FALSE	NA	NA	NA	NA	NA	NA
NC_045512.2	8254	A	T	65054	26540	51	2	0	30	3.07404e-05	65061	1	FALSE	NA	NA	NA	NA	NA	NA
NC_045512.2	8254	A	G	65054	26540	51	5	3	44	7.6851e-05	65061	0.725586	FALSE	NA	NA	NA	NA	NA	NA
NC_045512.2	8255	G	C	65488	26527	52	3	2	24	4.58057e-05	65494	1	FALSE	NA	NA	NA	NA	NA	NA
NC_045512.2	8255	G	A	65488	26527	52	3	1	56	4.58057e-05	65494	0.124991	FALSE	NA	NA	NA	NA	NA	NA
NC_045512.2	8256	A	T	65318	27085	51	1	0	68	1.53069e-05	65330	0.499962	FALSE	NA	NA	NA	NA	NA	NA
NC_045512.2	8256	A	G	65318	27085	51	11	4	32	0.000168376	65330	1	FALSE	NA	NA	NA	NA	NA	NA
NC_045512.2	8257	A	T	65686	27540	52	1	0	27	1.52223e-05	65693	1	FALSE	NA	NA	NA	NA	NA	NA
NC_045512.2	8257	A	G	65686	27540	52	6	1	52	9.13339e-05	65693	0.0156232	FALSE	NA	NA	NA	NA	NA	NA
NC_045512.2	8258	G	T	65670	27499	52	1	1	27	1.52274e-05	65671	1	FALSE	NA	NA	NA	NA	NA	NA
NC_045512.2	8259	T	G	64422	26699	52	1	0	26	1.55217e-05	64426	1	FALSE	NA	NA	NA	NA	NA	NA
NC_045512.2	8259	T	C	64422	26699	52	3	2	51	4.65651e-05	64426	0.124997	FALSE	NA	NA	NA	NA	NA	NA
NC_045512.2	8260	T	C	63837	26749	51	4	1	42	6.26498e-05	63847	0.828103	FALSE	NA	NA	NA	NA	NA	NA
NC_045512.2	8260	T	A	63837	26749	51	6	3	25	9.39747e-05	63847	1	FALSE	NA	NA	NA	NA	NA	NA
NC_045512.2	8261	A	T	64144	26973	51	1	1	26	1.55892e-05	64147	1	FALSE	NA	NA	NA	NA	NA	NA
NC_045512.2	8261	A	G	64144	26973	51	2	1	64	3.11784e-05	64147	0.249998	FALSE	NA	NA	NA	NA	NA	NA
NC_045512.2	8261	A	-C	64144	26973	51	1	0	20	1.55892e-05	64147	1	FALSE	NA	NA	NA	NA	NA	NA
NC_045512.2	8262	C	T	63930	27296	51	3	2	49	4.69197e-05	63939	0.910141	FALSE	NA	NA	NA	NA	NA	NA
NC_045512.2	8262	C	G	63930	27296	51	2	0	30	3.12798e-05	63939	1	FALSE	NA	NA	NA	NA	NA	NA
NC_045512.2	8262	C	A	63930	27296	51	4	2	45	6.25596e-05	63939	0.828103	FALSE	NA	NA	NA	NA	NA	NA
NC_045512.2	8263	T	G	63967	27184	51	1	1	26	1.56299e-05	63980	1	FALSE	NA	NA	NA	NA	NA	NA
NC_045512.2	8263	T	C	63967	27184	51	6	2	55	9.37793e-05	63980	0.0156188	FALSE	NA	NA	NA	NA	NA	NA
NC_045512.2	8263	T	A	63967	27184	51	6	3	31	9.37793e-05	63980	1	FALSE	NA	NA	NA	NA	NA	NA
NC_045512.2	8263	T	-G	63967	27184	51	2	0	20	3.12598e-05	63980	1	FALSE	NA	NA	NA	NA	NA	NA
NC_045512.2	8264	G	T	64692	27182	51	2	2	30	3.09133e-05	64697	1	FALSE	NA	NA	NA	NA	NA	NA
NC_045512.2	8264	G	C	64692	27182	51	2	2	36	3.09133e-05	64697	1	FALSE	NA	NA	NA	NA	NA	NA
NC_045512.2	8264	G	A	64692	27182	51	1	1	68	1.54567e-05	64697	0.499981	FALSE	NA	NA	NA	NA	NA	NA
NC_045512.2	8265	G	T	64652	27683	51	1	1	34	1.54658e-05	64659	1	FALSE	NA	NA	NA	NA	NA	NA
NC_045512.2	8265	G	C	64652	27683	51	1	1	34	1.54658e-05	64659	1	FALSE	NA	NA	NA	NA	NA	NA
NC_045512.2	8265	G	A	64652	27683	51	5	3	44	7.73288e-05	64659	0.725586	FALSE	NA	NA	NA	NA	NA	NA
NC_045512.2	8266	C	T	64570	28765	51	8	3	54	0.000123868	64585	0.00390395	TRUE	NA	NA	NA	NA	NA	NA
NC_045512.2	8266	C	G	64570	28765	51	4	1	40	6.19339e-05	64585	0.828071	FALSE	NA	NA	NA	NA	NA	NA
NC_045512.2	8266	C	A	64570	28765	51	3	3	56	4.64504e-05	64585	0.124965	FALSE	NA	NA	NA	NA	NA	NA
NC_045512.2	8267	G	T	64776	28898	51	2	2	23	3.08713e-05	64785	1	FALSE	NA	NA	NA	NA	NA	NA
NC_045512.2	8267	G	C	64776	28898	51	2	1	26	3.08713e-05	64785	1	FALSE	NA	NA	NA	NA	NA	NA
NC_045512.2	8267	G	A	64776	28898	51	5	2	40	7.71784e-05	64785	0.725569	FALSE	NA	NA	NA	NA	NA	NA
NC_045512.2	8268	A	T	64923	28908	51	5	3	34	7.70036e-05	64932	1	FALSE	NA	NA	NA	NA	NA	NA
NC_045512.2	8268	A	G	64923	28908	51	4	2	51	6.16029e-05	64932	0.0624894	FALSE	NA	NA	NA	NA	NA	NA
NC_045512.2	8269	T	C	64879	28949	51	2	0	29	3.08242e-05	64884	1	FALSE	NA	NA	NA	NA	NA	NA
NC_045512.2	8269	T	A	64879	28949	51	3	1	26	4.62364e-05	64884	1	FALSE	NA	NA	NA	NA	NA	NA
NC_045512.2	8270	A	T	62601	29009	49	10	2	27	0.000159704	62616	1	FALSE	NA	NA	NA	NA	NA	NA
NC_045512.2	8270	A	G	62601	29009	49	4	0	59	6.38814e-05	62616	0.062477	FALSE	NA	NA	NA	NA	NA	NA
NC_045512.2	8270	A	C	62601	29009	49	1	1	27	1.59704e-05	62616	1	FALSE	NA	NA	NA	NA	NA	NA
NC_045512.2	8271	G	T	65091	28885	51	1	1	26	1.53624e-05	65094	1	FALSE	NA	NA	NA	NA	NA	NA
NC_045512.2	8271	G	A	65091	28885	51	2	1	68	3.07248e-05	65094	0.249994	FALSE	NA	NA	NA	NA	NA	NA
NC_045512.2	8272	T	G	65022	29463	51	1	0	34	1.53768e-05	65033	1	FALSE	NA	NA	NA	NA	NA	NA
NC_045512.2	8272	T	C	65022	29463	51	4	2	59	6.15072e-05	65033	0.0624837	FALSE	NA	NA	NA	NA	NA	NA
NC_045512.2	8272	T	A	65022	29463	51	6	1	26	9.22609e-05	65033	1	FALSE	NA	NA	NA	NA	NA	NA
NC_045512.2	8273	T	G	64836	29453	52	1	0	26	1.54219e-05	64843	1	FALSE	NA	NA	NA	NA	NA	NA
NC_045512.2	8273	T	C	64836	29453	52	6	3	36	9.25312e-05	64843	1	FALSE	NA	NA	NA	NA	NA	NA
NC_045512.2	8274	G	T	65167	29508	52	3	2	42	4.60278e-05	65178	0.910134	FALSE	NA	NA	NA	NA	NA	NA
NC_045512.2	8274	G	C	65167	29508	52	2	1	30	3.06852e-05	65178	1	FALSE	NA	NA	NA	NA	NA	NA
NC_045512.2	8274	G	A	65167	29508	52	6	2	29	9.20556e-05	65178	1	FALSE	NA	NA	NA	NA	NA	NA
NC_045512.2	8274	G	-T	65167	29508	52	1	0	20	1.53424e-05	65179	1	FALSE	NA	NA	NA	NA	NA	NA
NC_045512.2	8275	T	G	64865	29319	51	1	0	46	1.5415e-05	64872	0.992186	FALSE	NA	NA	NA	NA	NA	NA
NC_045512.2	8275	T	C	64865	29319	51	3	1	53	4.62449e-05	64872	0.124983	FALSE	NA	NA	NA	NA	NA	NA
NC_045512.2	8275	T	A	64865	29319	51	3	1	26	4.62449e-05	64872	1	FALSE	NA	NA	NA	NA	NA	NA
NC_045512.2	8275	T	-A	64865	29319	51	1	0	20	1.54145e-05	64874	1	FALSE	NA	NA	NA	NA	NA	NA
NC_045512.2	8276	A	T	64950	29519	51	3	0	26	4.61808e-05	64962	1	FALSE	NA	NA	NA	NA	NA	NA
NC_045512.2	8276	A	G	64950	29519	51	7	2	57	0.000107755	64962	0.00780871	TRUE	NA	NA	NA	NA	NA	NA
NC_045512.2	8276	A	C	64950	29519	51	2	0	30	3.07872e-05	64962	1	FALSE	NA	NA	NA	NA	NA	NA
NC_045512.2	8277	A	T	64779	29714	51	7	4	31	0.00010804	64791	1	FALSE	NA	NA	NA	NA	NA	NA
NC_045512.2	8277	A	G	64779	29714	51	5	2	61	7.71712e-05	64791	0.0312391	FALSE	NA	NA	NA	NA	NA	NA
NC_045512.2	8278	T	C	65099	29894	51	2	1	68	3.0721e-05	65102	0.249994	FALSE	NA	NA	NA	NA	NA	NA
NC_045512.2	8278	T	A	65099	29894	51	1	0	34	1.53605e-05	65102	1	FALSE	NA	NA	NA	NA	NA	NA
NC_045512.2	8278	T	-A	65099	29894	51	1	0	20	1.53603e-05	65103	1	FALSE	NA	NA	NA	NA	NA	NA
NC_045512.2	8279	A	T	61968	29970	49	11	0	32	0.000177471	61982	1	FALSE	NA	NA	NA	NA	NA	NA
NC_045512.2	8279	A	G	61968	29970	49	3	2	51	4.84011e-05	61982	0.124964	FALSE	NA	NA	NA	NA	NA	NA
NC_045512.2	8280	A	G	66817	30428	51	6	2	45	8.97894e-05	66823	0.612808	FALSE	NA	NA	NA	NA	NA	NA
NC_045512.2	8281	C	T	67371	33267	49	1	1	26	1.48397e-05	67387	1	FALSE	NA	NA	NA	NA	NA	NA
NC_045512.2	8281	C	G	67371	33267	49	4	2	28	5.93586e-05	67387	1	FALSE	NA	NA	NA	NA	NA	NA
NC_045512.2	8281	C	A	67371	33267	49	11	0	32	0.000163236	67387	1	FALSE	NA	NA	NA	NA	NA	NA
NC_045512.2	8282	T	C	67122	32957	48	7	3	45	0.000104269	67134	0.499956	FALSE	NA	NA	NA	NA	NA	NA
NC_045512.2	8282	T	A	67122	32957	48	5	3	29	7.44779e-05	67134	1	FALSE	NA	NA	NA	NA	NA	NA
NC_045512.2	8283	A	T	66955	32881	48	3	1	43	4.48009e-05	66963	0.910145	FALSE	NA	NA	NA	NA	NA	NA
NC_045512.2	8283	A	G	66955	32881	48	5	1	30	7.46681e-05	66963	1	FALSE	NA	NA	NA	NA	NA	NA
NC_045512.2	8284	T	G	66637	32498	48	1	0	34	1.50056e-05	66642	1	FALSE	NA	NA	NA	NA	NA	NA
NC_045512.2	8284	T	A	66637	32498	48	4	2	36	6.00222e-05	66642	1	FALSE	NA	NA	NA	NA	NA	NA
NC_045512.2	8285	A	T	66652	33457	48	4	2	26	6.00051e-05	66661	1	FALSE	NA	NA	NA	NA	NA	NA
NC_045512.2	8285	A	G	66652	33457	48	5	2	35	7.50064e-05	66661	1	FALSE	NA	NA	NA	NA	NA	NA
NC_045512.2	8286	T	C	67547	33838	49	2	0	40	2.96064e-05	67553	0.964841	FALSE	NA	NA	NA	NA	NA	NA
NC_045512.2	8286	T	A	67547	33838	49	4	2	37	5.92128e-05	67553	1	FALSE	NA	NA	NA	NA	NA	NA
NC_045512.2	8287	G	T	66903	33657	49	10	9	30	0.000149428	66922	1	FALSE	NA	NA	NA	NA	NA	NA
NC_045512.2	8287	G	C	66903	33657	49	4	4	32	5.97711e-05	66922	1	FALSE	NA	NA	NA	NA	NA	NA
NC_045512.2	8287	G	A	66903	33657	49	5	2	47	7.47138e-05	66922	0.725476	FALSE	NA	NA	NA	NA	NA	NA
NC_045512.2	8288	C	T	66018	36382	47	4	2	40	6.05758e-05	66033	0.828072	FALSE	NA	NA	NA	NA	NA	NA
NC_045512.2	8288	C	G	66018	36382	47	1	0	68	1.51439e-05	66033	0.499951	FALSE	NA	NA	NA	NA	NA	NA
NC_045512.2	8288	C	A	66018	36382	47	10	4	28	0.000151439	66033	1	FALSE	NA	NA	NA	NA	NA	NA
NC_045512.2	8289	T	C	64154	34679	47	4	4	51	6.23422e-05	64162	0.0624912	FALSE	NA	NA	NA	NA	NA	NA
NC_045512.2	8289	T	A	64154	34679	47	4	1	26	6.23422e-05	64162	1	FALSE	NA	NA	NA	NA	NA	NA
NC_045512.2	8290	C	T	63105	33722	47	3	0	34	4.75345e-05	63112	1	FALSE	NA	NA	NA	NA	NA	NA
NC_045512.2	8290	C	G	63105	33722	47	3	2	45	4.75345e-05	63112	0.910152	FALSE	NA	NA	NA	NA	NA	NA
NC_045512.2	8290	C	A	63105	33722	47	1	1	26	1.58448e-05	63112	1	FALSE	NA	NA	NA	NA	NA	NA
NC_045512.2	8291	A	T	62384	33685	47	1	1	26	1.60287e-05	62388	1	FALSE	NA	NA	NA	NA	NA	NA
NC_045512.2	8291	A	G	62384	33685	47	3	1	42	4.80862e-05	62388	0.910164	FALSE	NA	NA	NA	NA	NA	NA
NC_045512.2	8291	A	-C	62384	33685	47	1	0	20	1.60287e-05	62388	1	FALSE	NA	NA	NA	NA	NA	NA
NC_045512.2	8292	C	G	63988	33885	47	1	0	27	1.56277e-05	63989	1	FALSE	NA	NA	NA	NA	NA	NA
NC_045512.2	8293	C	T	9	6	35	64151	34123	47	0.999766	64166	0	TRUE	NA	NA	NA	NA	NA	NA
NC_045512.2	8293	C	A	9	6	35	6	2	28	9.35075e-05	64166	4.75171e-09	TRUE	NA	NA	NA	NA	NA	NA
NC_045512.2	8293	C	+NCCCACAA	9	6	35	1	0	20	1.55846e-05	64166	0.0956599	FALSE	NA	NA	NA	NA	NA	NA
NC_045512.2	8294	T	C	62457	33075	46	4	4	42	6.40369e-05	62464	0.828122	FALSE	NA	NA	NA	NA	NA	NA
NC_045512.2	8294	T	A	62457	33075	46	3	1	28	4.80277e-05	62464	1	FALSE	NA	NA	NA	NA	NA	NA
NC_045512.2	8295	A	T	63717	34763	46	2	1	36	3.13873e-05	63720	1	FALSE	NA	NA	NA	NA	NA	NA
NC_045512.2	8295	A	C	63717	34763	46	1	1	26	1.56937e-05	63720	1	FALSE	NA	NA	NA	NA	NA	NA
NC_045512.2	8296	T	C	63050	34257	46	6	3	43	9.5146e-05	63061	0.612755	FALSE	NA	NA	NA	NA	NA	NA
NC_045512.2	8296	T	A	63050	34257	46	5	0	28	7.92883e-05	63061	1	FALSE	NA	NA	NA	NA	NA	NA
NC_045512.2	8296	T	-A	63050	34257	46	2	0	20	3.17153e-05	63061	1	FALSE	NA	NA	NA	NA	NA	NA
NC_045512.2	8297	A	T	63525	34747	46	3	2	29	4.7221e-05	63531	1	FALSE	NA	NA	NA	NA	NA	NA
NC_045512.2	8297	A	G	63525	34747	46	3	2	45	4.7221e-05	63531	0.910149	FALSE	NA	NA	NA	NA	NA	NA
NC_045512.2	8298	A	T	63829	34790	46	4	3	49	6.26576e-05	63839	0.828103	FALSE	NA	NA	NA	NA	NA	NA
NC_045512.2	8298	A	G	63829	34790	46	2	1	34	3.13288e-05	63839	1	FALSE	NA	NA	NA	NA	NA	NA
NC_045512.2	8298	A	C	63829	34790	46	4	3	30	6.26576e-05	63839	1	FALSE	NA	NA	NA	NA	NA	NA
NC_045512.2	8299	C	T	63252	34875	46	4	4	32	6.32331e-05	63258	1	FALSE	NA	NA	NA	NA	NA	NA
NC_045512.2	8299	C	A	63252	34875	46	2	0	27	3.16166e-05	63258	1	FALSE	NA	NA	NA	NA	NA	NA
NC_045512.2	8300	A	T	62369	34152	46	1	0	27	1.60326e-05	62373	1	FALSE	NA	NA	NA	NA	NA	NA
NC_045512.2	8300	A	G	62369	34152	46	2	2	46	3.20652e-05	62373	0.964846	FALSE	NA	NA	NA	NA	NA	NA
NC_045512.2	8300	A	C	62369	34152	46	1	1	34	1.60326e-05	62373	1	FALSE	NA	NA	NA	NA	NA	NA
NC_045512.2	8301	A	T	61354	35020	45	1	0	26	1.62975e-05	61359	1	FALSE	NA	NA	NA	NA	NA	NA
NC_045512.2	8301	A	G	61354	35020	45	4	3	42	6.51901e-05	61359	0.828135	FALSE	NA	NA	NA	NA	NA	NA
NC_045512.2	8302	A	G	56214	35264	42	3	2	42	5.33599e-05	56222	0.855454	FALSE	NA	NA	NA	NA	NA	NA
NC_045512.2	8302	A	C	56214	35264	42	5	1	27	8.89332e-05	56222	1	FALSE	NA	NA	NA	NA	NA	NA
NC_045512.2	8302	A	-GTT	56214	35264	42	1	0	20	1.77866e-05	56222	1	FALSE	NA	NA	NA	NA	NA	NA
NC_045512.2	8303	G	T	61896	35303	44	4	2	57	6.46183e-05	61902	0.0624929	FALSE	NA	NA	NA	NA	NA	NA
NC_045512.2	8303	G	C	61896	35303	44	1	0	34	1.61546e-05	61902	1	FALSE	NA	NA	NA	NA	NA	NA
NC_045512.2	8303	G	A	61896	35303	44	1	0	68	1.61546e-05	61902	0.49998	FALSE	NA	NA	NA	NA	NA	NA
NC_045512.2	8304	T	G	60778	34383	44	2	0	34	3.29023e-05	60786	1	FALSE	NA	NA	NA	NA	NA	NA
NC_045512.2	8304	T	C	60778	34383	44	2	1	68	3.29023e-05	60786	0.249973	FALSE	NA	NA	NA	NA	NA	NA
NC_045512.2	8304	T	A	60778	34383	44	4	0	28	6.58046e-05	60786	1	FALSE	NA	NA	NA	NA	NA	NA
NC_045512.2	8305	T	C	63274	38550	46	7	3	52	0.000110616	63282	0.00781077	TRUE	NA	NA	NA	NA	NA	NA
NC_045512.2	8305	T	A	63274	38550	46	1	0	34	1.58023e-05	63282	1	FALSE	NA	NA	NA	NA	NA	NA
NC_045512.2	8306	G	C	63039	38515	46	1	1	34	1.58624e-05	63042	1	FALSE	NA	NA	NA	NA	NA	NA
NC_045512.2	8306	G	A	63039	38515	46	2	1	30	3.17249e-05	63042	1	FALSE	NA	NA	NA	NA	NA	NA
NC_045512.2	8306	G	-A	63039	38515	46	3	0	20	4.75873e-05	63042	1	FALSE	NA	NA	NA	NA	NA	NA
NC_045512.2	8307	A	G	63432	38916	46	3	2	28	4.72925e-05	63435	1	FALSE	NA	NA	NA	NA	NA	NA
NC_045512.2	8308	A	T	63771	39210	47	1	0	24	1.56796e-05	63777	1	FALSE	NA	NA	NA	NA	NA	NA
NC_045512.2	8308	A	G	63771	39210	47	3	2	42	4.70389e-05	63777	0.910156	FALSE	NA	NA	NA	NA	NA	NA
NC_045512.2	8308	A	C	63771	39210	47	2	2	34	3.13593e-05	63777	1	FALSE	NA	NA	NA	NA	NA	NA
NC_045512.2	8309	A	T	63621	39120	47	2	2	26	3.14347e-05	63624	1	FALSE	NA	NA	NA	NA	NA	NA
NC_045512.2	8309	A	G	63621	39120	47	1	1	26	1.57173e-05	63624	1	FALSE	NA	NA	NA	NA	NA	NA
NC_045512.2	8310	A	T	64687	41790	47	6	6	30	9.27285e-05	64705	1	FALSE	NA	NA	NA	NA	NA	NA
NC_045512.2	8310	A	G	64687	41790	47	6	4	29	9.27285e-05	64705	1	FALSE	NA	NA	NA	NA	NA	NA
NC_045512.2	8310	A	C	64687	41790	47	6	3	30	9.27285e-05	64705	1	FALSE	NA	NA	NA	NA	NA	NA
NC_045512.2	8311	C	T	65549	42025	47	2	2	30	3.05097e-05	65553	1	FALSE	NA	NA	NA	NA	NA	NA
NC_045512.2	8311	C	G	65549	42025	47	1	0	27	1.52548e-05	65553	1	FALSE	NA	NA	NA	NA	NA	NA
NC_045512.2	8311	C	A	65549	42025	47	1	0	27	1.52548e-05	65553	1	FALSE	NA	NA	NA	NA	NA	NA
NC_045512.2	8312	A	T	63891	40543	47	3	2	28	4.69498e-05	63898	1	FALSE	NA	NA	NA	NA	NA	NA
NC_045512.2	8312	A	G	63891	40543	47	3	1	56	4.69498e-05	63898	0.124988	FALSE	NA	NA	NA	NA	NA	NA
NC_045512.2	8312	A	C	63891	40543	47	1	0	34	1.56499e-05	63898	1	FALSE	NA	NA	NA	NA	NA	NA
NC_045512.2	8313	T	C	63618	40074	47	8	4	48	0.000125725	63631	0.395212	FALSE	NA	NA	NA	NA	NA	NA
NC_045512.2	8313	T	A	63618	40074	47	5	3	31	7.85781e-05	63631	1	FALSE	NA	NA	NA	NA	NA	NA
NC_045512.2	8314	G	T	63956	40657	47	3	1	53	4.69036e-05	63961	0.124994	FALSE	NA	NA	NA	NA	NA	NA
NC_045512.2	8314	G	C	63956	40657	47	1	1	27	1.56345e-05	63961	1	FALSE	NA	NA	NA	NA	NA	NA
NC_045512.2	8314	G	A	63956	40657	47	1	0	34	1.56345e-05	63961	1	FALSE	NA	NA	NA	NA	NA	NA
NC_045512.2	8315	A	T	64189	41574	48	5	3	45	7.78756e-05	64205	0.725507	FALSE	NA	NA	NA	NA	NA	NA
NC_045512.2	8315	A	G	64189	41574	48	9	6	43	0.000140176	64205	0.303544	FALSE	NA	NA	NA	NA	NA	NA
NC_045512.2	8315	A	C	64189	41574	48	2	2	27	3.11502e-05	64205	1	FALSE	NA	NA	NA	NA	NA	NA
NC_045512.2	8316	C	T	64334	41657	48	1	1	26	1.55434e-05	64336	1	FALSE	NA	NA	NA	NA	NA	NA
NC_045512.2	8316	C	G	64334	41657	48	1	0	27	1.55434e-05	64336	1	FALSE	NA	NA	NA	NA	NA	NA
NC_045512.2	8317	A	T	63779	41152	48	7	5	25	0.000109732	63792	1	FALSE	NA	NA	NA	NA	NA	NA
NC_045512.2	8317	A	G	63779	41152	48	3	2	45	4.70278e-05	63792	0.910129	FALSE	NA	NA	NA	NA	NA	NA
NC_045512.2	8317	A	C	63779	41152	48	3	3	31	4.70278e-05	63792	1	FALSE	NA	NA	NA	NA	NA	NA
NC_045512.2	8318	C	T	64934	41611	48	3	3	31	4.61965e-05	64940	1	FALSE	NA	NA	NA	NA	NA	NA
NC_045512.2	8318	C	G	64934	41611	48	2	1	26	3.07977e-05	64940	1	FALSE	NA	NA	NA	NA	NA	NA
NC_045512.2	8318	C	A	64934	41611	48	1	1	26	1.53988e-05	64940	1	FALSE	NA	NA	NA	NA	NA	NA
NC_045512.2	8319	C	T	64061	40258	48	4	2	54	6.24298e-05	64072	0.0624854	FALSE	NA	NA	NA	NA	NA	NA
NC_045512.2	8319	C	G	64061	40258	48	1	0	27	1.56074e-05	64072	1	FALSE	NA	NA	NA	NA	NA	NA
NC_045512.2	8319	C	A	64061	40258	48	6	1	36	9.36446e-05	64072	1	FALSE	NA	NA	NA	NA	NA	NA
NC_045512.2	8320	C	T	63944	40977	49	5	4	45	7.81836e-05	63952	0.725577	FALSE	NA	NA	NA	NA	NA	NA
NC_045512.2	8320	C	G	63944	40977	49	1	0	27	1.56367e-05	63952	1	FALSE	NA	NA	NA	NA	NA	NA
NC_045512.2	8320	C	A	63944	40977	49	2	0	30	3.12735e-05	63952	1	FALSE	NA	NA	NA	NA	NA	NA
NC_045512.2	8321	C	T	63531	40571	49	4	2	42	6.29515e-05	63541	0.828102	FALSE	NA	NA	NA	NA	NA	NA
NC_045512.2	8321	C	G	63531	40571	49	1	1	34	1.57379e-05	63541	1	FALSE	NA	NA	NA	NA	NA	NA
NC_045512.2	8321	C	A	63531	40571	49	5	0	46	7.86894e-05	63541	0.725559	FALSE	NA	NA	NA	NA	NA	NA
NC_045512.2	8321	C	-G	63531	40571	49	1	0	20	1.57379e-05	63541	1	FALSE	NA	NA	NA	NA	NA	NA
NC_045512.2	8322	G	C	63212	40283	49	4	4	32	6.32691e-05	63222	1	FALSE	NA	NA	NA	NA	NA	NA
NC_045512.2	8322	G	A	63212	40283	49	6	3	41	9.49037e-05	63222	0.612755	FALSE	NA	NA	NA	NA	NA	NA
NC_045512.2	8323	T	C	63348	40458	49	8	5	41	0.000126265	63359	0.395235	FALSE	NA	NA	NA	NA	NA	NA
NC_045512.2	8323	T	A	63348	40458	49	3	2	29	4.73492e-05	63359	1	FALSE	NA	NA	NA	NA	NA	NA
NC_045512.2	8324	G	T	63717	40860	49	1	1	26	1.56934e-05	63721	1	FALSE	NA	NA	NA	NA	NA	NA
NC_045512.2	8324	G	C	63717	40860	49	1	1	34	1.56934e-05	63721	1	FALSE	NA	NA	NA	NA	NA	NA
NC_045512.2	8324	G	A	63717	40860	49	2	2	38	3.13868e-05	63721	1	FALSE	NA	NA	NA	NA	NA	NA
NC_045512.2	8325	A	T	64021	40958	49	4	3	30	6.24697e-05	64031	1	FALSE	NA	NA	NA	NA	NA	NA
NC_045512.2	8325	A	G	64021	40958	49	2	2	24	3.12349e-05	64031	1	FALSE	NA	NA	NA	NA	NA	NA
NC_045512.2	8325	A	C	64021	40958	49	4	4	32	6.24697e-05	64031	1	FALSE	NA	NA	NA	NA	NA	NA
NC_045512.2	8326	C	T	64612	41202	49	10	8	40	0.000154744	64623	0.227235	FALSE	NA	NA	NA	NA	NA	NA
NC_045512.2	8326	C	G	64612	41202	49	1	1	27	1.54744e-05	64623	1	FALSE	NA	NA	NA	NA	NA	NA
NC_045512.2	8327	C	T	62825	41519	47	1	0	24	1.59155e-05	62832	1	FALSE	NA	NA	NA	NA	NA	NA
NC_045512.2	8327	C	G	62825	41519	47	3	3	26	4.77464e-05	62832	1	FALSE	NA	NA	NA	NA	NA	NA
NC_045512.2	8327	C	A	62825	41519	47	3	0	24	4.77464e-05	62832	1	FALSE	NA	NA	NA	NA	NA	NA
NC_045512.2	8328	T	G	57358	36068	46	3	3	26	5.22949e-05	57367	1	FALSE	NA	NA	NA	NA	NA	NA
NC_045512.2	8328	T	C	57358	36068	46	4	3	29	6.97265e-05	57367	1	FALSE	NA	NA	NA	NA	NA	NA
NC_045512.2	8328	T	A	57358	36068	46	2	0	34	3.48632e-05	57367	1	FALSE	NA	NA	NA	NA	NA	NA
NC_045512.2	8329	T	G	60696	40110	49	2	1	27	3.29468e-05	60704	1	FALSE	NA	NA	NA	NA	NA	NA
NC_045512.2	8329	T	C	60696	40110	49	6	4	43	9.88403e-05	60704	0.612787	FALSE	NA	NA	NA	NA	NA	NA
NC_045512.2	8330	G	T	60467	39898	49	2	1	30	3.30726e-05	60473	1	FALSE	NA	NA	NA	NA	NA	NA
NC_045512.2	8330	G	C	60467	39898	49	2	2	26	3.30726e-05	60473	1	FALSE	NA	NA	NA	NA	NA	NA
NC_045512.2	8330	G	A	60467	39898	49	2	0	57	3.30726e-05	60473	0.249986	FALSE	NA	NA	NA	NA	NA	NA
NC_045512.2	8331	G	C	60743	40175	49	1	1	27	1.64623e-05	60745	1	FALSE	NA	NA	NA	NA	NA	NA
NC_045512.2	8331	G	A	60743	40175	49	1	1	34	1.64623e-05	60745	1	FALSE	NA	NA	NA	NA	NA	NA
NC_045512.2	8332	T	C	60827	40814	50	5	5	46	8.21922e-05	60833	0.725595	FALSE	NA	NA	NA	NA	NA	NA
NC_045512.2	8332	T	A	60827	40814	50	1	1	26	1.64384e-05	60833	1	FALSE	NA	NA	NA	NA	NA	NA
NC_045512.2	8333	G	T	60809	40895	50	5	5	42	8.22112e-05	60819	0.725558	FALSE	NA	NA	NA	NA	NA	NA
NC_045512.2	8333	G	C	60809	40895	50	2	2	34	3.28845e-05	60819	1	FALSE	NA	NA	NA	NA	NA	NA
NC_045512.2	8333	G	A	60809	40895	50	3	2	56	4.93267e-05	60819	0.124978	FALSE	NA	NA	NA	NA	NA	NA
NC_045512.2	8334	C	T	59141	41480	48	7	4	41	0.000118341	59151	0.387178	FALSE	NA	NA	NA	NA	NA	NA
NC_045512.2	8334	C	G	59141	41480	48	2	1	26	3.38118e-05	59151	1	FALSE	NA	NA	NA	NA	NA	NA
NC_045512.2	8334	C	A	59141	41480	48	1	0	26	1.69059e-05	59151	1	FALSE	NA	NA	NA	NA	NA	NA
NC_045512.2	8335	T	G	58425	40658	49	4	3	51	6.84463e-05	58440	0.0624754	FALSE	NA	NA	NA	NA	NA	NA
NC_045512.2	8335	T	C	58425	40658	49	9	8	39	0.000154004	58440	1	FALSE	NA	NA	NA	NA	NA	NA
NC_045512.2	8335	T	A	58425	40658	49	2	2	30	3.42231e-05	58440	1	FALSE	NA	NA	NA	NA	NA	NA
NC_045512.2	8336	T	C	59000	41080	49	9	7	44	0.000152509	59013	0.211933	FALSE	NA	NA	NA	NA	NA	NA
NC_045512.2	8336	T	A	59000	41080	49	4	3	37	6.77817e-05	59013	1	FALSE	NA	NA	NA	NA	NA	NA
NC_045512.2	8337	G	T	59219	40879	49	2	2	34	3.37684e-05	59227	1	FALSE	NA	NA	NA	NA	NA	NA
NC_045512.2	8337	G	C	59219	40879	49	2	2	26	3.37684e-05	59227	1	FALSE	NA	NA	NA	NA	NA	NA
NC_045512.2	8337	G	A	59219	40879	49	4	2	32	6.75368e-05	59227	1	FALSE	NA	NA	NA	NA	NA	NA
NC_045512.2	8338	T	C	58700	42182	50	5	4	54	8.51629e-05	58711	0.0312407	FALSE	NA	NA	NA	NA	NA	NA
NC_045512.2	8338	T	A	58700	42182	50	6	5	27	0.000102195	58711	1	FALSE	NA	NA	NA	NA	NA	NA
NC_045512.2	8339	A	T	60243	43969	51	5	3	28	8.2982e-05	60254	1	FALSE	NA	NA	NA	NA	NA	NA
NC_045512.2	8339	A	G	60243	43969	51	6	5	41	9.95785e-05	60254	0.612754	FALSE	NA	NA	NA	NA	NA	NA
NC_045512.2	8339	A	-T	60243	43969	51	1	0	20	1.65964e-05	60254	1	FALSE	NA	NA	NA	NA	NA	NA
NC_045512.2	8340	T	G	55826	39545	48	1	1	26	1.79112e-05	55831	1	FALSE	NA	NA	NA	NA	NA	NA
NC_045512.2	8340	T	C	55826	39545	48	2	1	51	3.58224e-05	55831	0.249984	FALSE	NA	NA	NA	NA	NA	NA
NC_045512.2	8340	T	A	55826	39545	48	2	1	47	3.58224e-05	55831	0.937497	FALSE	NA	NA	NA	NA	NA	NA
NC_045512.2	8341	T	G	60709	44265	51	1	0	24	1.64693e-05	60719	1	FALSE	NA	NA	NA	NA	NA	NA
NC_045512.2	8341	T	C	60709	44265	51	8	8	41	0.000131754	60719	0.395246	FALSE	NA	NA	NA	NA	NA	NA
NC_045512.2	8341	T	A	60709	44265	51	1	0	27	1.64693e-05	60719	1	FALSE	NA	NA	NA	NA	NA	NA
NC_045512.2	8342	G	T	60454	43952	51	4	3	37	6.61562e-05	60463	1	FALSE	NA	NA	NA	NA	NA	NA
NC_045512.2	8342	G	C	60454	43952	51	1	1	27	1.6539e-05	60463	1	FALSE	NA	NA	NA	NA	NA	NA
NC_045512.2	8342	G	A	60454	43952	51	4	3	40	6.61562e-05	60463	0.828108	FALSE	NA	NA	NA	NA	NA	NA
NC_045512.2	8343	A	T	59906	43366	51	8	8	31	0.000133514	59919	1	FALSE	NA	NA	NA	NA	NA	NA
NC_045512.2	8343	A	G	59906	43366	51	3	3	32	5.00676e-05	59919	1	FALSE	NA	NA	NA	NA	NA	NA
NC_045512.2	8343	A	C	59906	43366	51	2	2	34	3.33784e-05	59919	1	FALSE	NA	NA	NA	NA	NA	NA
NC_045512.2	8344	C	T	60636	44183	51	1	1	34	1.64908e-05	60640	1	FALSE	NA	NA	NA	NA	NA	NA
NC_045512.2	8344	C	G	60636	44183	51	1	1	27	1.64908e-05	60640	1	FALSE	NA	NA	NA	NA	NA	NA
NC_045512.2	8344	C	A	60636	44183	51	2	0	25	3.29815e-05	60640	1	FALSE	NA	NA	NA	NA	NA	NA
NC_045512.2	8345	T	G	59576	43126	51	1	0	27	1.67842e-05	59580	1	FALSE	NA	NA	NA	NA	NA	NA
NC_045512.2	8345	T	C	59576	43126	51	3	3	34	5.03525e-05	59580	1	FALSE	NA	NA	NA	NA	NA	NA
NC_045512.2	8346	G	T	58576	42109	52	4	4	34	6.82804e-05	58582	1	FALSE	NA	NA	NA	NA	NA	NA
NC_045512.2	8346	G	C	58576	42109	52	1	1	34	1.70701e-05	58582	1	FALSE	NA	NA	NA	NA	NA	NA
NC_045512.2	8346	G	A	58576	42109	52	1	1	34	1.70701e-05	58582	1	FALSE	NA	NA	NA	NA	NA	NA
NC_045512.2	8347	T	C	58320	41759	51	2	2	42	3.42888e-05	58328	0.937492	FALSE	NA	NA	NA	NA	NA	NA
NC_045512.2	8347	T	A	58320	41759	51	6	3	37	0.000102867	58328	1	FALSE	NA	NA	NA	NA	NA	NA
NC_045512.2	8348	A	T	58200	41754	52	5	5	28	8.58856e-05	58217	1	FALSE	NA	NA	NA	NA	NA	NA
NC_045512.2	8348	A	G	58200	41754	52	12	9	50	0.000206125	58217	0.000243902	TRUE	NA	NA	NA	NA	NA	NA
NC_045512.2	8349	G	C	58347	42260	51	4	1	57	6.85507e-05	58351	0.0624989	FALSE	NA	NA	NA	NA	NA	NA
NC_045512.2	8350	T	G	54038	38050	50	4	4	24	7.4011e-05	54046	1	FALSE	NA	NA	NA	NA	NA	NA
NC_045512.2	8350	T	C	54038	38050	50	2	2	40	3.70055e-05	54046	0.937491	FALSE	NA	NA	NA	NA	NA	NA
NC_045512.2	8350	T	A	54038	38050	50	2	2	25	3.70055e-05	54046	1	FALSE	NA	NA	NA	NA	NA	NA
NC_045512.2	8351	G	T	55972	40076	52	4	4	32	7.14528e-05	55981	1	FALSE	NA	NA	NA	NA	NA	NA
NC_045512.2	8351	G	C	55972	40076	52	4	4	32	7.14528e-05	55981	1	FALSE	NA	NA	NA	NA	NA	NA
NC_045512.2	8351	G	A	55972	40076	52	1	1	34	1.78632e-05	55981	1	FALSE	NA	NA	NA	NA	NA	NA
NC_045512.2	8352	C	T	54847	39242	51	14	10	48	0.000255176	54864	0.0317671	FALSE	NA	NA	NA	NA	NA	NA
NC_045512.2	8352	C	G	54847	39242	51	1	0	24	1.82269e-05	54864	1	FALSE	NA	NA	NA	NA	NA	NA
NC_045512.2	8352	C	A	54847	39242	51	2	0	47	3.64538e-05	54864	0.937464	FALSE	NA	NA	NA	NA	NA	NA
NC_045512.2	8353	G	T	53264	37712	52	7	6	36	0.000131394	53275	1	FALSE	NA	NA	NA	NA	NA	NA
NC_045512.2	8353	G	C	53264	37712	52	3	2	31	5.63116e-05	53275	1	FALSE	NA	NA	NA	NA	NA	NA
NC_045512.2	8353	G	A	53264	37712	52	1	1	34	1.87705e-05	53275	1	FALSE	NA	NA	NA	NA	NA	NA
NC_045512.2	8354	C	T	53375	41332	43	3	2	34	5.59534e-05	53616	1	FALSE	NA	NA	NA	NA	NA	NA
NC_045512.2	8354	C	G	53375	41332	43	238	3	26	0.00443897	53616	1	FALSE	NA	NA	NA	NA	NA	NA
NC_045512.2	8355	G	C	52459	36842	52	3	3	39	5.71712e-05	52474	1	FALSE	NA	NA	NA	NA	NA	NA
NC_045512.2	8355	G	A	52459	36842	52	12	8	44	0.000228685	52474	0.0717046	FALSE	NA	NA	NA	NA	NA	NA
NC_045512.2	8356	T	G	53190	37519	52	1	0	24	1.87981e-05	53197	1	FALSE	NA	NA	NA	NA	NA	NA
NC_045512.2	8356	T	C	53190	37519	52	3	2	56	5.63942e-05	53197	0.124986	FALSE	NA	NA	NA	NA	NA	NA
NC_045512.2	8356	T	A	53190	37519	52	3	2	26	5.63942e-05	53197	1	FALSE	NA	NA	NA	NA	NA	NA
NC_045512.2	8357	C	T	52847	37470	52	3	3	34	5.67591e-05	52855	1	FALSE	NA	NA	NA	NA	NA	NA
NC_045512.2	8357	C	G	52847	37470	52	3	3	26	5.67591e-05	52855	1	FALSE	NA	NA	NA	NA	NA	NA
NC_045512.2	8357	C	A	52847	37470	52	2	1	30	3.78394e-05	52855	1	FALSE	NA	NA	NA	NA	NA	NA
NC_045512.2	8357	C	-A	52847	37470	52	1	0	20	1.89197e-05	52855	1	FALSE	NA	NA	NA	NA	NA	NA
NC_045512.2	8358	A	G	53404	38162	51	7	4	60	0.000131059	53411	0.00781096	TRUE	NA	NA	NA	NA	NA	NA
NC_045512.2	8359	T	C	51377	36794	50	1	1	26	1.94606e-05	51386	1	FALSE	NA	NA	NA	NA	NA	NA
NC_045512.2	8359	T	A	51377	36794	50	8	7	28	0.000155684	51386	1	FALSE	NA	NA	NA	NA	NA	NA
NC_045512.2	8360	A	T	53396	38989	49	6	1	24	0.000112347	53406	1	FALSE	NA	NA	NA	NA	NA	NA
NC_045512.2	8360	A	G	53396	38989	49	3	3	58	5.61735e-05	53406	0.124975	FALSE	NA	NA	NA	NA	NA	NA
NC_045512.2	8360	A	C	53396	38989	49	1	1	26	1.87245e-05	53406	1	FALSE	NA	NA	NA	NA	NA	NA
NC_045512.2	8361	T	G	52492	37929	51	1	0	34	1.9048e-05	52499	1	FALSE	NA	NA	NA	NA	NA	NA
NC_045512.2	8361	T	C	52492	37929	51	2	1	24	3.8096e-05	52499	1	FALSE	NA	NA	NA	NA	NA	NA
NC_045512.2	8361	T	A	52492	37929	51	4	4	28	7.61919e-05	52499	1	FALSE	NA	NA	NA	NA	NA	NA
NC_045512.2	8362	T	C	52254	37768	50	6	3	43	0.000114802	52264	0.499961	FALSE	NA	NA	NA	NA	NA	NA
NC_045512.2	8362	T	A	52254	37768	50	4	4	32	7.65345e-05	52264	1	FALSE	NA	NA	NA	NA	NA	NA
NC_045512.2	8363	A	T	52126	37744	51	4	4	29	7.67254e-05	52134	1	FALSE	NA	NA	NA	NA	NA	NA
NC_045512.2	8363	A	G	52126	37744	51	3	2	56	5.7544e-05	52134	0.124982	FALSE	NA	NA	NA	NA	NA	NA
NC_045512.2	8363	A	C	52126	37744	51	1	0	34	1.91813e-05	52134	1	FALSE	NA	NA	NA	NA	NA	NA
NC_045512.2	8364	A	T	52154	37860	50	2	2	30	3.83428e-05	52161	1	FALSE	NA	NA	NA	NA	NA	NA
NC_045512.2	8364	A	G	52154	37860	50	5	5	46	9.58571e-05	52161	0.623041	FALSE	NA	NA	NA	NA	NA	NA
NC_045512.2	8365	T	G	51326	37244	51	2	1	51	3.89621e-05	51332	0.249983	FALSE	NA	NA	NA	NA	NA	NA
NC_045512.2	8365	T	C	51326	37244	51	3	3	35	5.84431e-05	51332	1	FALSE	NA	NA	NA	NA	NA	NA
NC_045512.2	8365	T	A	51326	37244	51	1	1	34	1.9481e-05	51332	1	FALSE	NA	NA	NA	NA	NA	NA
NC_045512.2	8366	G	T	51310	37233	51	1	0	24	1.94875e-05	51315	1	FALSE	NA	NA	NA	NA	NA	NA
NC_045512.2	8366	G	C	51310	37233	51	3	2	26	5.84624e-05	51315	1	FALSE	NA	NA	NA	NA	NA	NA
NC_045512.2	8366	G	A	51310	37233	51	1	1	26	1.94875e-05	51315	1	FALSE	NA	NA	NA	NA	NA	NA
NC_045512.2	8367	C	T	48708	35065	52	6	5	51	0.000123165	48715	0.0156226	FALSE	NA	NA	NA	NA	NA	NA
NC_045512.2	8367	C	A	48708	35065	52	1	1	26	2.05276e-05	48715	1	FALSE	NA	NA	NA	NA	NA	NA
NC_045512.2	8368	G	T	48506	34843	52	3	3	28	6.18314e-05	48519	1	FALSE	NA	NA	NA	NA	NA	NA
NC_045512.2	8368	G	C	48506	34843	52	3	3	31	6.18314e-05	48519	1	FALSE	NA	NA	NA	NA	NA	NA
NC_045512.2	8368	G	A	48506	34843	52	7	5	52	0.000144273	48519	0.00780799	TRUE	NA	NA	NA	NA	NA	NA
NC_045512.2	8369	C	T	48490	35063	51	1	1	34	2.0622e-05	48492	1	FALSE	NA	NA	NA	NA	NA	NA
NC_045512.2	8369	C	A	48490	35063	51	1	1	34	2.0622e-05	48492	1	FALSE	NA	NA	NA	NA	NA	NA
NC_045512.2	8370	A	T	47684	34319	49	1	1	34	2.09692e-05	47689	1	FALSE	NA	NA	NA	NA	NA	NA
NC_045512.2	8370	A	G	47684	34319	49	2	2	51	4.19384e-05	47689	0.249987	FALSE	NA	NA	NA	NA	NA	NA
NC_045512.2	8370	A	C	47684	34319	49	2	0	30	4.19384e-05	47689	1	FALSE	NA	NA	NA	NA	NA	NA
NC_045512.2	8371	G	T	47955	34478	51	1	1	68	2.08498e-05	47962	0.499974	FALSE	NA	NA	NA	NA	NA	NA
NC_045512.2	8371	G	C	47955	34478	51	2	2	30	4.16997e-05	47962	1	FALSE	NA	NA	NA	NA	NA	NA
NC_045512.2	8371	G	A	47955	34478	51	4	4	51	8.33994e-05	47962	0.0624909	FALSE	NA	NA	NA	NA	NA	NA
NC_045512.2	8372	G	T	48237	34858	52	1	1	34	2.07293e-05	48241	1	FALSE	NA	NA	NA	NA	NA	NA
NC_045512.2	8372	G	C	48237	34858	52	1	1	34	2.07293e-05	48241	1	FALSE	NA	NA	NA	NA	NA	NA
NC_045512.2	8372	G	A	48237	34858	52	2	2	34	4.14585e-05	48241	1	FALSE	NA	NA	NA	NA	NA	NA
NC_045512.2	8373	T	C	48245	34854	52	1	1	68	2.0725e-05	48251	0.499979	FALSE	NA	NA	NA	NA	NA	NA
NC_045512.2	8373	T	A	48245	34854	52	5	4	29	0.000103625	48251	1	FALSE	NA	NA	NA	NA	NA	NA
NC_045512.2	8374	A	T	48214	34811	52	3	1	22	6.22123e-05	48222	1	FALSE	NA	NA	NA	NA	NA	NA
NC_045512.2	8374	A	G	48214	34811	52	5	2	59	0.000103687	48222	0.0312435	FALSE	NA	NA	NA	NA	NA	NA
NC_045512.2	8375	G	T	47721	34348	51	3	2	31	6.28549e-05	47729	1	FALSE	NA	NA	NA	NA	NA	NA
NC_045512.2	8375	G	A	47721	34348	51	5	1	56	0.000104758	47729	0.0312435	FALSE	NA	NA	NA	NA	NA	NA
NC_045512.2	8376	C	T	48055	36064	49	5	4	41	0.00010403	48063	0.499974	FALSE	NA	NA	NA	NA	NA	NA
NC_045512.2	8376	C	G	48055	36064	49	1	1	27	2.0806e-05	48063	1	FALSE	NA	NA	NA	NA	NA	NA
NC_045512.2	8376	C	A	48055	36064	49	2	0	20	4.16121e-05	48063	1	FALSE	NA	NA	NA	NA	NA	NA
NC_045512.2	8376	C	-A	48055	36064	49	7	0	20	0.000145642	48063	1	FALSE	NA	NA	NA	NA	NA	NA
NC_045512.2	8377	A	G	48138	36156	50	17	14	54	0.000353019	48156	7.60922e-06	TRUE	NA	NA	NA	NA	NA	NA
NC_045512.2	8377	A	C	48138	36156	50	1	1	34	2.07658e-05	48156	1	FALSE	NA	NA	NA	NA	NA	NA
NC_045512.2	8378	A	T	48198	36227	50	1	1	34	2.0743e-05	48209	1	FALSE	NA	NA	NA	NA	NA	NA
NC_045512.2	8378	A	G	48198	36227	50	8	4	42	0.000165944	48209	0.193813	FALSE	NA	NA	NA	NA	NA	NA
NC_045512.2	8378	A	C	48198	36227	50	2	1	30	4.1486e-05	48209	1	FALSE	NA	NA	NA	NA	NA	NA
NC_045512.2	8379	A	T	48152	36340	48	1	1	26	2.07663e-05	48155	1	FALSE	NA	NA	NA	NA	NA	NA
NC_045512.2	8379	A	G	48152	36340	48	1	1	26	2.07663e-05	48155	1	FALSE	NA	NA	NA	NA	NA	NA
NC_045512.2	8379	A	C	48152	36340	48	1	0	26	2.07663e-05	48155	1	FALSE	NA	NA	NA	NA	NA	NA
NC_045512.2	8380	A	G	47711	35870	50	2	0	25	4.19173e-05	47713	1	FALSE	NA	NA	NA	NA	NA	NA
NC_045512.2	8381	A	T	47652	35862	48	1	1	26	2.09846e-05	47654	1	FALSE	NA	NA	NA	NA	NA	NA
NC_045512.2	8381	A	C	47652	35862	48	1	1	34	2.09846e-05	47654	1	FALSE	NA	NA	NA	NA	NA	NA
NC_045512.2	8382	G	C	47610	35804	50	2	2	34	4.20045e-05	47614	1	FALSE	NA	NA	NA	NA	NA	NA
NC_045512.2	8382	G	A	47610	35804	50	2	1	68	4.20045e-05	47614	0.249992	FALSE	NA	NA	NA	NA	NA	NA
NC_045512.2	8383	T	C	47137	35361	49	5	4	61	0.000106056	47145	0.0312434	FALSE	NA	NA	NA	NA	NA	NA
NC_045512.2	8383	T	A	47137	35361	49	3	2	31	6.36335e-05	47145	1	FALSE	NA	NA	NA	NA	NA	NA
NC_045512.2	8385	A	T	46809	35089	49	1	0	24	2.13616e-05	46813	1	FALSE	NA	NA	NA	NA	NA	NA
NC_045512.2	8385	A	G	46809	35089	49	2	2	29	4.27232e-05	46813	1	FALSE	NA	NA	NA	NA	NA	NA
NC_045512.2	8385	A	C	46809	35089	49	1	1	34	2.13616e-05	46813	1	FALSE	NA	NA	NA	NA	NA	NA
NC_045512.2	8385	A	-C	46809	35089	49	1	0	20	2.13616e-05	46813	1	FALSE	NA	NA	NA	NA	NA	NA
NC_045512.2	8386	C	T	47271	35611	50	2	1	47	4.23074e-05	47273	0.890632	FALSE	NA	NA	NA	NA	NA	NA
NC_045512.2	8387	A	G	47100	35444	49	2	1	29	4.2461e-05	47102	1	FALSE	NA	NA	NA	NA	NA	NA
NC_045512.2	8388	A	T	47176	35507	49	1	1	34	2.11945e-05	47182	1	FALSE	NA	NA	NA	NA	NA	NA
NC_045512.2	8388	A	G	47176	35507	49	4	2	68	8.47781e-05	47182	0.0624934	FALSE	NA	NA	NA	NA	NA	NA
NC_045512.2	8388	A	C	47176	35507	49	1	1	34	2.11945e-05	47182	1	FALSE	NA	NA	NA	NA	NA	NA
NC_045512.2	8389	C	G	47152	35507	49	1	0	27	2.12076e-05	47153	1	FALSE	NA	NA	NA	NA	NA	NA
NC_045512.2	8390	A	T	46630	35144	49	2	1	29	4.28872e-05	46634	1	FALSE	NA	NA	NA	NA	NA	NA
NC_045512.2	8390	A	G	46630	35144	49	1	0	60	2.14436e-05	46634	0.499989	FALSE	NA	NA	NA	NA	NA	NA
NC_045512.2	8390	A	C	46630	35144	49	1	1	26	2.14436e-05	46634	1	FALSE	NA	NA	NA	NA	NA	NA
NC_045512.2	8391	T	C	46222	35014	49	4	3	29	8.65295e-05	46227	1	FALSE	NA	NA	NA	NA	NA	NA
NC_045512.2	8391	T	A	46222	35014	49	1	1	34	2.16324e-05	46227	1	FALSE	NA	NA	NA	NA	NA	NA
NC_045512.2	8392	T	C	45848	34617	49	1	1	34	2.18093e-05	45852	1	FALSE	NA	NA	NA	NA	NA	NA
NC_045512.2	8392	T	A	45848	34617	49	3	3	42	6.54279e-05	45852	0.773446	FALSE	NA	NA	NA	NA	NA	NA
NC_045512.2	8393	G	T	3	2	28	2	1	34	4.34613e-05	46018	1.06304e-05	TRUE	NA	NA	NA	NA	NA	NA
NC_045512.2	8393	G	A	3	2	28	46013	34856	49	0.999891	46018	0	TRUE	NA	NA	NA	NA	NA	NA
NC_045512.2	8394	C	A	45877	34988	49	1	0	27	2.17969e-05	45878	1	FALSE	NA	NA	NA	NA	NA	NA
NC_045512.2	8395	T	G	41600	30786	48	2	2	26	4.807e-05	41606	1	FALSE	NA	NA	NA	NA	NA	NA
NC_045512.2	8395	T	C	41600	30786	48	2	2	42	4.807e-05	41606	0.890617	FALSE	NA	NA	NA	NA	NA	NA
NC_045512.2	8395	T	A	41600	30786	48	2	0	23	4.807e-05	41606	1	FALSE	NA	NA	NA	NA	NA	NA
NC_045512.2	8396	T	C	41671	30889	48	6	5	45	0.000143961	41678	0.376946	FALSE	NA	NA	NA	NA	NA	NA
NC_045512.2	8396	T	A	41671	30889	48	1	0	34	2.39935e-05	41678	1	FALSE	NA	NA	NA	NA	NA	NA
NC_045512.2	8397	T	C	41057	30479	50	1	1	34	2.43546e-05	41060	1	FALSE	NA	NA	NA	NA	NA	NA
NC_045512.2	8397	T	A	41057	30479	50	2	2	26	4.87092e-05	41060	1	FALSE	NA	NA	NA	NA	NA	NA
NC_045512.2	8398	G	T	40874	30359	50	2	2	30	4.89213e-05	40882	1	FALSE	NA	NA	NA	NA	NA	NA
NC_045512.2	8398	G	C	40874	30359	50	5	5	32	0.000122303	40882	1	FALSE	NA	NA	NA	NA	NA	NA
NC_045512.2	8398	G	A	40874	30359	50	1	1	46	2.44606e-05	40882	0.968742	FALSE	NA	NA	NA	NA	NA	NA
NC_045512.2	8399	A	T	40994	30407	50	2	2	30	4.87829e-05	40998	1	FALSE	NA	NA	NA	NA	NA	NA
NC_045512.2	8399	A	G	40994	30407	50	2	1	42	4.87829e-05	40998	0.890628	FALSE	NA	NA	NA	NA	NA	NA
NC_045512.2	8400	T	C	40256	29862	49	1	1	34	2.48373e-05	40262	1	FALSE	NA	NA	NA	NA	NA	NA
NC_045512.2	8400	T	A	40256	29862	49	5	5	28	0.000124187	40262	1	FALSE	NA	NA	NA	NA	NA	NA
NC_045512.2	8401	A	T	40974	31659	47	2	0	30	4.88067e-05	40978	1	FALSE	NA	NA	NA	NA	NA	NA
NC_045512.2	8401	A	G	40974	31659	47	2	1	51	4.88067e-05	40978	0.249991	FALSE	NA	NA	NA	NA	NA	NA
NC_045512.2	8402	T	A	40488	31194	49	2	1	51	4.93949e-05	40490	0.250003	FALSE	NA	NA	NA	NA	NA	NA
NC_045512.2	8403	G	T	39719	30453	48	6	5	38	0.000151023	39729	1	FALSE	NA	NA	NA	NA	NA	NA
NC_045512.2	8403	G	C	39719	30453	48	2	1	30	5.03411e-05	39729	1	FALSE	NA	NA	NA	NA	NA	NA
NC_045512.2	8403	G	A	39719	30453	48	2	2	34	5.03411e-05	39729	1	FALSE	NA	NA	NA	NA	NA	NA
NC_045512.2	8404	G	C	39741	30463	48	1	1	34	2.51598e-05	39746	1	FALSE	NA	NA	NA	NA	NA	NA
NC_045512.2	8404	G	A	39741	30463	48	4	1	46	0.000100639	39746	0.5	FALSE	NA	NA	NA	NA	NA	NA
NC_045512.2	8405	A	T	39818	30575	49	4	4	26	0.000100432	39828	1	FALSE	NA	NA	NA	NA	NA	NA
NC_045512.2	8405	A	G	39818	30575	49	5	3	38	0.00012554	39828	1	FALSE	NA	NA	NA	NA	NA	NA
NC_045512.2	8405	A	C	39818	30575	49	1	1	26	2.5108e-05	39828	1	FALSE	NA	NA	NA	NA	NA	NA
NC_045512.2	8406	A	T	39911	30747	48	1	0	68	2.50501e-05	39920	0.499956	FALSE	NA	NA	NA	NA	NA	NA
NC_045512.2	8406	A	G	39911	30747	48	7	7	47	0.000175351	39920	0.171849	FALSE	NA	NA	NA	NA	NA	NA
NC_045512.2	8406	A	C	39911	30747	48	1	1	34	2.50501e-05	39920	1	FALSE	NA	NA	NA	NA	NA	NA
NC_045512.2	8407	C	T	38610	29630	48	6	3	51	0.000155376	38616	0.0156232	FALSE	NA	NA	NA	NA	NA	NA
NC_045512.2	8408	G	C	38352	29362	48	1	1	34	2.60702e-05	38358	1	FALSE	NA	NA	NA	NA	NA	NA
NC_045512.2	8408	G	A	38352	29362	48	5	5	34	0.000130351	38358	1	FALSE	NA	NA	NA	NA	NA	NA
NC_045512.2	8409	T	C	34936	25954	46	2	2	46	5.72443e-05	34938	0.812518	FALSE	NA	NA	NA	NA	NA	NA
NC_045512.2	8410	T	A	38561	29609	49	1	1	34	2.59323e-05	38562	1	FALSE	NA	NA	NA	NA	NA	NA
NC_045512.2	8411	A	T	38427	29497	48	2	0	24	5.20373e-05	38434	1	FALSE	NA	NA	NA	NA	NA	NA
NC_045512.2	8411	A	G	38427	29497	48	5	5	40	0.000130093	38434	0.36326	FALSE	NA	NA	NA	NA	NA	NA
NC_045512.2	8412	A	G	38417	29482	48	1	0	68	2.60288e-05	38419	0.5	FALSE	NA	NA	NA	NA	NA	NA
NC_045512.2	8412	A	C	38417	29482	48	1	1	26	2.60288e-05	38419	1	FALSE	NA	NA	NA	NA	NA	NA
NC_045512.2	8413	A	T	38383	29454	48	1	1	34	2.60505e-05	38387	1	FALSE	NA	NA	NA	NA	NA	NA
NC_045512.2	8413	A	G	38383	29454	48	3	3	56	7.81515e-05	38387	0.124995	FALSE	NA	NA	NA	NA	NA	NA
NC_045512.2	8414	G	T	38335	29605	48	2	2	30	5.21648e-05	38340	1	FALSE	NA	NA	NA	NA	NA	NA
NC_045512.2	8414	G	C	38335	29605	48	1	1	34	2.60824e-05	38340	1	FALSE	NA	NA	NA	NA	NA	NA
NC_045512.2	8414	G	A	38335	29605	48	2	2	29	5.21648e-05	38340	1	FALSE	NA	NA	NA	NA	NA	NA
NC_045512.2	8415	A	T	37506	29062	46	1	1	27	2.66588e-05	37511	1	FALSE	NA	NA	NA	NA	NA	NA
NC_045512.2	8415	A	G	37506	29062	46	3	2	28	7.99765e-05	37511	1	FALSE	NA	NA	NA	NA	NA	NA
NC_045512.2	8415	A	C	37506	29062	46	1	1	34	2.66588e-05	37511	1	FALSE	NA	NA	NA	NA	NA	NA
NC_045512.2	8417	T	G	32447	24135	46	1	1	24	3.08147e-05	32452	1	FALSE	NA	NA	NA	NA	NA	NA
NC_045512.2	8417	T	C	32447	24135	46	2	1	68	6.16295e-05	32452	0.249981	FALSE	NA	NA	NA	NA	NA	NA
NC_045512.2	8417	T	A	32447	24135	46	2	0	20	6.16295e-05	32452	1	FALSE	NA	NA	NA	NA	NA	NA
NC_045512.2	8418	T	C	35894	27594	48	4	2	64	0.000111424	35899	0.0624948	FALSE	NA	NA	NA	NA	NA	NA
NC_045512.2	8418	T	A	35894	27594	48	1	1	38	2.78559e-05	35899	1	FALSE	NA	NA	NA	NA	NA	NA
NC_045512.2	8419	C	G	36128	27866	48	1	1	24	2.76778e-05	36130	1	FALSE	NA	NA	NA	NA	NA	NA
NC_045512.2	8419	C	A	36128	27866	48	1	1	34	2.76778e-05	36130	1	FALSE	NA	NA	NA	NA	NA	NA
NC_045512.2	8420	A	T	36141	27850	48	1	0	68	2.76679e-05	36143	0.5	FALSE	NA	NA	NA	NA	NA	NA
NC_045512.2	8420	A	G	36141	27850	48	1	0	68	2.76679e-05	36143	0.5	FALSE	NA	NA	NA	NA	NA	NA
NC_045512.2	8423	T	C	34098	26175	48	2	1	68	5.86493e-05	34101	0.249996	FALSE	NA	NA	NA	NA	NA	NA
NC_045512.2	8423	T	A	34098	26175	48	1	1	34	2.93247e-05	34101	1	FALSE	NA	NA	NA	NA	NA	NA
NC_045512.2	8424	C	T	34320	26556	48	1	0	68	2.91358e-05	34322	0.5	FALSE	NA	NA	NA	NA	NA	NA
NC_045512.2	8424	C	A	34320	26556	48	1	0	68	2.91358e-05	34322	0.5	FALSE	NA	NA	NA	NA	NA	NA
NC_045512.2	8425	A	T	34130	26428	48	1	0	20	2.92963e-05	34134	1	FALSE	NA	NA	NA	NA	NA	NA
NC_045512.2	8425	A	G	34130	26428	48	3	1	39	8.78889e-05	34134	1	FALSE	NA	NA	NA	NA	NA	NA
NC_045512.2	8426	T	G	34396	26701	48	1	1	34	2.90698e-05	34400	1	FALSE	NA	NA	NA	NA	NA	NA
NC_045512.2	8426	T	C	34396	26701	48	1	1	34	2.90698e-05	34400	1	FALSE	NA	NA	NA	NA	NA	NA
NC_045512.2	8426	T	A	34396	26701	48	2	1	27	5.81395e-05	34400	1	FALSE	NA	NA	NA	NA	NA	NA
NC_045512.2	8427	T	C	33897	26198	47	3	2	45	8.84956e-05	33900	0.656271	FALSE	NA	NA	NA	NA	NA	NA
NC_045512.2	8429	T	C	33818	26219	47	2	1	46	5.91366e-05	33820	0.812518	FALSE	NA	NA	NA	NA	NA	NA
NC_045512.2	8430	C	T	33861	27785	45	1	1	34	2.95299e-05	33864	1	FALSE	NA	NA	NA	NA	NA	NA
NC_045512.2	8430	C	A	33861	27785	45	2	1	30	5.90598e-05	33864	1	FALSE	NA	NA	NA	NA	NA	NA
NC_045512.2	8431	T	C	32839	26836	45	1	1	34	3.04497e-05	32841	1	FALSE	NA	NA	NA	NA	NA	NA
NC_045512.2	8431	T	A	32839	26836	45	1	1	34	3.04497e-05	32841	1	FALSE	NA	NA	NA	NA	NA	NA
NC_045512.2	8432	G	A	32544	26542	45	4	4	34	0.000122895	32548	1	FALSE	NA	NA	NA	NA	NA	NA
NC_045512.2	8433	A	G	32735	26732	45	2	2	34	6.1093e-05	32737	1	FALSE	NA	NA	NA	NA	NA	NA
NC_045512.2	8434	A	T	32618	26643	45	5	5	31	0.000153238	32629	0.999999	FALSE	NA	NA	NA	NA	NA	NA
NC_045512.2	8434	A	G	32618	26643	45	6	6	48	0.000183886	32629	0.253831	FALSE	NA	NA	NA	NA	NA	NA
NC_045512.2	8435	C	G	32654	26779	45	1	0	27	3.06232e-05	32655	1	FALSE	NA	NA	NA	NA	NA	NA
NC_045512.2	8436	A	T	31350	25573	45	2	1	30	6.37857e-05	31355	1	FALSE	NA	NA	NA	NA	NA	NA
NC_045512.2	8436	A	G	31350	25573	45	2	2	34	6.37857e-05	31355	1	FALSE	NA	NA	NA	NA	NA	NA
NC_045512.2	8436	A	C	31350	25573	45	1	1	34	3.18928e-05	31355	1	FALSE	NA	NA	NA	NA	NA	NA
NC_045512.2	8437	A	T	30838	25074	45	1	1	34	3.24265e-05	30839	1	FALSE	NA	NA	NA	NA	NA	NA
NC_045512.2	8438	C	T	30852	25119	45	1	0	68	3.24107e-05	30854	0.5	FALSE	NA	NA	NA	NA	NA	NA
NC_045512.2	8438	C	A	30852	25119	45	1	0	27	3.24107e-05	30854	1	FALSE	NA	NA	NA	NA	NA	NA
NC_045512.2	8439	T	C	30449	24745	45	4	3	43	0.00013135	30453	0.500018	FALSE	NA	NA	NA	NA	NA	NA
NC_045512.2	8440	A	G	31393	24801	45	1	1	68	3.18532e-05	31394	0.500008	FALSE	NA	NA	NA	NA	NA	NA
NC_045512.2	8441	C	T	30742	24250	45	1	1	68	3.25277e-05	30743	0.500008	FALSE	NA	NA	NA	NA	NA	NA
NC_045512.2	8442	G	T	30623	24304	44	1	1	34	3.2652e-05	30626	1	FALSE	NA	NA	NA	NA	NA	NA
NC_045512.2	8442	G	C	30623	24304	44	1	1	34	3.2652e-05	30626	1	FALSE	NA	NA	NA	NA	NA	NA
NC_045512.2	8442	G	A	30623	24304	44	1	1	34	3.2652e-05	30626	1	FALSE	NA	NA	NA	NA	NA	NA
NC_045512.2	8444	A	G	30307	24561	42	3	2	39	9.8974e-05	30311	1	FALSE	NA	NA	NA	NA	NA	NA
NC_045512.2	8444	A	C	30307	24561	42	1	0	26	3.29913e-05	30311	1	FALSE	NA	NA	NA	NA	NA	NA
NC_045512.2	8445	A	G	30595	24508	44	1	1	34	3.2684e-05	30596	1	FALSE	NA	NA	NA	NA	NA	NA
NC_045512.2	8446	A	G	30294	24480	42	4	2	49	0.000132018	30299	0.5	FALSE	NA	NA	NA	NA	NA	NA
NC_045512.2	8446	A	C	30294	24480	42	1	0	26	3.30044e-05	30299	1	FALSE	NA	NA	NA	NA	NA	NA
NC_045512.2	8447	C	T	30894	24463	44	1	0	34	3.23666e-05	30896	1	FALSE	NA	NA	NA	NA	NA	NA
NC_045512.2	8447	C	A	30894	24463	44	1	0	34	3.23666e-05	30896	1	FALSE	NA	NA	NA	NA	NA	NA
NC_045512.2	8448	A	G	30785	24385	44	11	10	41	0.000357189	30796	0.0286766	FALSE	NA	NA	NA	NA	NA	NA
NC_045512.2	8449	A	T	30889	24418	44	1	1	34	3.23729e-05	30890	1	FALSE	NA	NA	NA	NA	NA	NA
NC_045512.2	8450	A	G	30662	24362	43	1	0	34	3.26126e-05	30663	1	FALSE	NA	NA	NA	NA	NA	NA
NC_045512.2	8452	A	T	30946	24272	43	2	2	34	6.46204e-05	30950	1	FALSE	NA	NA	NA	NA	NA	NA
NC_045512.2	8452	A	C	30946	24272	43	2	2	34	6.46204e-05	30950	1	FALSE	NA	NA	NA	NA	NA	NA
NC_045512.2	8453	C	T	31060	24831	43	5	3	47	0.000160948	31066	0.363272	FALSE	NA	NA	NA	NA	NA	NA
NC_045512.2	8453	C	A	31060	24831	43	1	0	34	3.21895e-05	31066	1	FALSE	NA	NA	NA	NA	NA	NA
NC_045512.2	8454	G	T	29977	23840	43	13	13	32	0.00043342	29994	0.996049	FALSE	NA	NA	NA	NA	NA	NA
NC_045512.2	8454	G	C	29977	23840	43	2	2	34	6.668e-05	29994	1	FALSE	NA	NA	NA	NA	NA	NA
NC_045512.2	8454	G	A	29977	23840	43	2	2	34	6.668e-05	29994	1	FALSE	NA	NA	NA	NA	NA	NA
NC_045512.2	8455	T	C	29843	23724	42	2	2	51	6.70107e-05	29846	0.249996	FALSE	NA	NA	NA	NA	NA	NA
NC_045512.2	8455	T	A	29843	23724	42	1	0	20	3.35053e-05	29846	1	FALSE	NA	NA	NA	NA	NA	NA
NC_045512.2	8455	T	+C	29843	23724	42	1	0	20	3.35053e-05	29846	1	FALSE	NA	NA	NA	NA	NA	NA
NC_045512.2	8456	A	T	24539	19011	43	1	1	27	4.07498e-05	24540	1	FALSE	NA	NA	NA	NA	NA	NA
NC_045512.2	8458	T	C	23745	18246	44	1	1	26	4.21106e-05	23747	1	FALSE	NA	NA	NA	NA	NA	NA
NC_045512.2	8458	T	A	23745	18246	44	1	0	26	4.21106e-05	23747	1	FALSE	NA	NA	NA	NA	NA	NA
NC_045512.2	8459	G	T	23392	17985	43	11	11	28	0.000469905	23409	1	FALSE	NA	NA	NA	NA	NA	NA
NC_045512.2	8459	G	C	23392	17985	43	4	3	30	0.000170874	23409	0.999975	FALSE	NA	NA	NA	NA	NA	NA
NC_045512.2	8459	G	A	23392	17985	43	2	1	51	8.54372e-05	23409	0.249845	FALSE	NA	NA	NA	NA	NA	NA
NC_045512.2	8460	C	T	23324	18471	42	4	3	51	0.000171453	23330	0.0624866	FALSE	NA	NA	NA	NA	NA	NA
NC_045512.2	8460	C	A	23324	18471	42	2	1	26	8.57265e-05	23330	1	FALSE	NA	NA	NA	NA	NA	NA
NC_045512.2	8461	T	C	18767	14360	43	2	1	29	0.000106559	18769	1	FALSE	NA	NA	NA	NA	NA	NA
NC_045512.2	8462	G	A	18715	14183	42	3	2	45	0.000160274	18718	0.31251	FALSE	NA	NA	NA	NA	NA	NA
NC_045512.2	8464	T	C	18793	14274	43	3	2	42	0.000159608	18796	0.31251	FALSE	NA	NA	NA	NA	NA	NA
NC_045512.2	8464	T	-A	18793	14274	43	2	0	20	0.000106406	18796	1	FALSE	NA	NA	NA	NA	NA	NA
NC_045512.2	8469	A	G	2448	374	38	1	0	26	0.00040833	2449	1	FALSE	NA	NA	NA	NA	NA	NA
NC_045512.2	8472	A	T	2562	377	38	1	0	34	0.000390168	2563	0.875146	FALSE	NA	NA	NA	NA	NA	NA
NC_045512.2	8476	C	A	2641	404	39	1	1	68	0.000378501	2642	0.500095	FALSE	NA	NA	NA	NA	NA	NA
NC_045512.2	8477	T	C	2632	397	38	1	0	34	0.000379795	2633	0.875142	FALSE	NA	NA	NA	NA	NA	NA
NC_045512.2	8481	C	G	2782	427	39	1	0	34	0.000359324	2783	0.875135	FALSE	NA	NA	NA	NA	NA	NA
NC_045512.2	8485	T	C	2804	431	39	1	0	68	0.000356506	2805	0.500089	FALSE	NA	NA	NA	NA	NA	NA
NC_045512.2	8489	T	G	2860	346	37	2	1	30	0.000698568	2863	0.687566	FALSE	NA	NA	NA	NA	NA	NA
NC_045512.2	8489	T	A	2860	346	37	1	0	34	0.000349284	2863	0.875	FALSE	NA	NA	NA	NA	NA	NA
NC_045512.2	8500	A	G	3159	676	43	1	0	34	0.000316456	3160	0.937599	FALSE	NA	NA	NA	NA	NA	NA
NC_045512.2	8503	T	G	3649	731	43	1	0	34	0.000273823	3652	0.937517	FALSE	NA	NA	NA	NA	NA	NA
NC_045512.2	8503	T	A	3649	731	43	2	0	34	0.000547645	3652	0.812586	FALSE	NA	NA	NA	NA	NA	NA
NC_045512.2	8507	A	G	3661	760	43	1	1	46	0.000273075	3662	0.500068	FALSE	NA	NA	NA	NA	NA	NA
NC_045512.2	8512	A	C	3764	903	46	1	0	34	0.000265604	3765	0.937583	FALSE	NA	NA	NA	NA	NA	NA
NC_045512.2	8515	T	C	3946	938	45	3	0	34	0.000759686	3949	0.656428	FALSE	NA	NA	NA	NA	NA	NA
NC_045512.2	8516	G	T	3970	939	45	1	1	20	0.000251762	3972	1	FALSE	NA	NA	NA	NA	NA	NA
NC_045512.2	8516	G	A	3970	939	45	1	0	34	0.000251762	3972	0.937547	FALSE	NA	NA	NA	NA	NA	NA
NC_045512.2	8517	T	G	3959	924	44	1	0	20	0.000252461	3961	1	FALSE	NA	NA	NA	NA	NA	NA
NC_045512.2	8517	T	C	3959	924	44	1	0	68	0.000252461	3961	0.5	FALSE	NA	NA	NA	NA	NA	NA
NC_045512.2	8519	A	T	3976	1000	46	2	1	34	0.000502765	3978	0.812657	FALSE	NA	NA	NA	NA	NA	NA
NC_045512.2	8524	T	G	4030	1011	45	1	0	27	0.000248077	4031	1	FALSE	NA	NA	NA	NA	NA	NA
NC_045512.2	8526	T	G	4003	1031	46	1	0	27	0.000249688	4005	1	FALSE	NA	NA	NA	NA	NA	NA
NC_045512.2	8526	T	C	4003	1031	46	1	0	24	0.000249688	4005	1	FALSE	NA	NA	NA	NA	NA	NA
NC_045512.2	8530	A	G	3997	1048	46	1	0	68	0.000250125	3998	0.500063	FALSE	NA	NA	NA	NA	NA	NA
NC_045512.2	8531	A	T	4150	1050	46	1	0	34	0.000240906	4151	0.968806	FALSE	NA	NA	NA	NA	NA	NA
NC_045512.2	8533	A	G	4141	1063	46	1	0	34	0.000241429	4142	0.968807	FALSE	NA	NA	NA	NA	NA	NA
NC_045512.2	8534	A	T	4168	1066	46	1	0	34	0.000239866	4169	0.968806	FALSE	NA	NA	NA	NA	NA	NA
NC_045512.2	8535	A	C	3640	1098	43	1	0	26	0.00027465	3641	1	FALSE	NA	NA	NA	NA	NA	NA
NC_045512.2	8537	A	T	4243	1080	45	2	0	30	0.000471143	4245	0.890763	FALSE	NA	NA	NA	NA	NA	NA
NC_045512.2	8538	T	C	4432	1073	45	1	0	34	0.00022553	4434	0.968785	FALSE	NA	NA	NA	NA	NA	NA
NC_045512.2	8538	T	A	4432	1073	45	1	1	27	0.00022553	4434	1	FALSE	NA	NA	NA	NA	NA	NA
NC_045512.2	8539	A	T	4284	1091	46	2	0	34	0.000466418	4288	0.890652	FALSE	NA	NA	NA	NA	NA	NA
NC_045512.2	8539	A	G	4284	1091	46	2	0	34	0.000466418	4288	0.890652	FALSE	NA	NA	NA	NA	NA	NA
NC_045512.2	8541	C	G	4581	1121	46	1	0	34	0.000218245	4582	0.968801	FALSE	NA	NA	NA	NA	NA	NA
NC_045512.2	8544	T	G	4925	1119	44	1	1	24	0.000203004	4926	1	FALSE	NA	NA	NA	NA	NA	NA
NC_045512.2	8545	T	C	4893	1182	46	1	0	34	0.000204332	4894	0.968798	FALSE	NA	NA	NA	NA	NA	NA
NC_045512.2	8546	A	T	4815	1185	46	1	0	34	0.000207641	4816	0.968799	FALSE	NA	NA	NA	NA	NA	NA
NC_045512.2	8547	A	G	4801	1191	46	1	1	68	0.000208247	4802	0.500052	FALSE	NA	NA	NA	NA	NA	NA
NC_045512.2	8557	A	T	4706	1455	51	1	0	34	0.00021245	4707	0.9688	FALSE	NA	NA	NA	NA	NA	NA
NC_045512.2	8559	T	C	4798	1470	52	1	0	34	0.000208333	4800	0.968783	FALSE	NA	NA	NA	NA	NA	NA
NC_045512.2	8559	T	A	4798	1470	52	1	0	34	0.000208333	4800	0.968783	FALSE	NA	NA	NA	NA	NA	NA
NC_045512.2	8560	T	A	4762	1462	52	1	0	27	0.000209952	4763	1	FALSE	NA	NA	NA	NA	NA	NA
NC_045512.2	8567	A	T	4651	1615	51	3	0	22	0.000644607	4654	1	FALSE	NA	NA	NA	NA	NA	NA
NC_045512.2	8570	T	C	4759	1621	52	2	2	68	0.00042008	4761	0.250026	FALSE	NA	NA	NA	NA	NA	NA
NC_045512.2	8573	T	A	4743	1622	47	1	0	20	0.000210793	4744	1	FALSE	NA	NA	NA	NA	NA	NA
NC_045512.2	8576	A	G	4833	1754	51	1	0	68	0.000206868	4834	0.500052	FALSE	NA	NA	NA	NA	NA	NA
NC_045512.2	8579	C	G	4750	1847	51	1	0	26	0.000210482	4751	1	FALSE	NA	NA	NA	NA	NA	NA
NC_045512.2	8580	A	G	4698	1831	51	2	0	51	0.000425532	4700	0.250027	FALSE	NA	NA	NA	NA	NA	NA
NC_045512.2	8582	T	G	4569	1679	46	2	2	23	0.00043735	4573	1	FALSE	NA	NA	NA	NA	NA	NA
NC_045512.2	8582	T	C	4569	1679	46	1	1	68	0.000218675	4573	0.499891	FALSE	NA	NA	NA	NA	NA	NA
NC_045512.2	8582	T	A	4569	1679	46	1	0	27	0.000218675	4573	1	FALSE	NA	NA	NA	NA	NA	NA
NC_045512.2	8586	T	C	4738	1963	50	1	0	68	0.000211015	4739	0.500053	FALSE	NA	NA	NA	NA	NA	NA
NC_045512.2	8587	T	A	4667	2007	50	1	1	68	0.000214225	4668	0.500054	FALSE	NA	NA	NA	NA	NA	NA
NC_045512.2	8588	A	G	4604	2009	49	1	1	68	0.000217155	4605	0.500054	FALSE	NA	NA	NA	NA	NA	NA
NC_045512.2	8594	A	G	4934	2072	52	1	0	34	0.000202634	4935	0.968797	FALSE	NA	NA	NA	NA	NA	NA
NC_045512.2	8596	A	G	4974	2144	52	1	0	24	0.000201005	4975	1	FALSE	NA	NA	NA	NA	NA	NA
NC_045512.2	8598	T	C	4920	2267	50	1	1	34	0.000203211	4921	0.968798	FALSE	NA	NA	NA	NA	NA	NA
NC_045512.2	8600	G	T	4907	2264	50	1	1	26	0.000203749	4908	1	FALSE	NA	NA	NA	NA	NA	NA
NC_045512.2	8602	G	A	4887	2270	50	1	1	68	0.000204583	4888	0.500051	FALSE	NA	NA	NA	NA	NA	NA
NC_045512.2	8604	T	A	4808	2370	48	1	0	68	0.000207943	4809	0.500052	FALSE	NA	NA	NA	NA	NA	NA
NC_045512.2	8618	G	A	4700	2410	47	1	1	34	0.000212721	4701	0.9688	FALSE	NA	NA	NA	NA	NA	NA
NC_045512.2	8620	T	C	4745	2572	47	1	0	68	0.000210704	4746	0.500053	FALSE	NA	NA	NA	NA	NA	NA
NC_045512.2	8622	T	A	4794	2613	48	1	0	27	0.000208551	4795	1	FALSE	NA	NA	NA	NA	NA	NA
NC_045512.2	8623	T	C	4789	2605	48	2	0	51	0.000417449	4791	0.250026	FALSE	NA	NA	NA	NA	NA	NA
NC_045512.2	8634	T	C	4897	3207	51	1	0	34	0.000204165	4898	0.968798	FALSE	NA	NA	NA	NA	NA	NA
NC_045512.2	8635	A	T	4902	3227	50	1	1	34	0.000203957	4903	0.968798	FALSE	NA	NA	NA	NA	NA	NA
NC_045512.2	8638	A	G	5015	3311	51	1	1	34	0.000199362	5016	0.984408	FALSE	NA	NA	NA	NA	NA	NA
NC_045512.2	8639	C	T	5000	3328	51	1	0	34	0.00019996	5001	0.984408	FALSE	NA	NA	NA	NA	NA	NA
NC_045512.2	8643	T	C	4528	2864	48	1	0	68	0.000220799	4529	0.500055	FALSE	NA	NA	NA	NA	NA	NA
NC_045512.2	8644	T	C	5030	3412	52	1	0	68	0.000198728	5032	0.5	FALSE	NA	NA	NA	NA	NA	NA
NC_045512.2	8644	T	A	5030	3412	52	1	1	34	0.000198728	5032	0.984398	FALSE	NA	NA	NA	NA	NA	NA
NC_045512.2	8645	C	T	5004	3393	52	1	0	68	0.0001998	5005	0.50005	FALSE	NA	NA	NA	NA	NA	NA
NC_045512.2	8647	T	C	4850	3337	52	1	1	68	0.000206101	4852	0.5	FALSE	NA	NA	NA	NA	NA	NA
NC_045512.2	8647	T	A	4850	3337	52	1	1	26	0.000206101	4852	1	FALSE	NA	NA	NA	NA	NA	NA
NC_045512.2	8648	G	C	4822	3322	52	1	1	26	0.00020734	4823	1	FALSE	NA	NA	NA	NA	NA	NA
NC_045512.2	8649	T	A	4842	3372	52	1	1	34	0.000206484	4843	0.968798	FALSE	NA	NA	NA	NA	NA	NA
NC_045512.2	8654	T	A	4534	3262	49	2	2	26	0.000440917	4536	1	FALSE	NA	NA	NA	NA	NA	NA
NC_045512.2	8659	A	T	4593	3346	48	1	1	34	0.000217675	4594	0.968801	FALSE	NA	NA	NA	NA	NA	NA
NC_045512.2	8662	T	A	4246	3010	51	2	1	30	0.00047081	4248	0.890763	FALSE	NA	NA	NA	NA	NA	NA
NC_045512.2	8663	A	T	4276	3044	51	1	1	34	0.000233809	4277	0.968805	FALSE	NA	NA	NA	NA	NA	NA
NC_045512.2	8666	G	T	4237	3105	50	1	1	34	0.00023596	4238	0.968805	FALSE	NA	NA	NA	NA	NA	NA
NC_045512.2	8667	A	T	4246	3112	50	1	1	26	0.00023546	4247	1	FALSE	NA	NA	NA	NA	NA	NA
NC_045512.2	8668	C	A	4242	3108	50	1	1	20	0.000235682	4243	1	FALSE	NA	NA	NA	NA	NA	NA
NC_045512.2	8669	T	C	4168	3037	50	1	1	27	0.000239866	4169	1	FALSE	NA	NA	NA	NA	NA	NA
NC_045512.2	8671	T	C	4125	2989	50	1	1	24	0.000242365	4126	1	FALSE	NA	NA	NA	NA	NA	NA
NC_045512.2	8677	T	C	4046	2942	50	1	0	24	0.000247097	4047	1	FALSE	NA	NA	NA	NA	NA	NA
NC_045512.2	8680	A	G	4085	3037	50	1	1	24	0.000244738	4086	1	FALSE	NA	NA	NA	NA	NA	NA
NC_045512.2	8685	T	C	4060	3046	49	1	1	34	0.000246245	4061	0.968808	FALSE	NA	NA	NA	NA	NA	NA
NC_045512.2	8686	A	T	4037	3123	48	1	1	34	0.000247586	4039	0.968789	FALSE	NA	NA	NA	NA	NA	NA
NC_045512.2	8686	A	C	4037	3123	48	1	1	34	0.000247586	4039	0.968789	FALSE	NA	NA	NA	NA	NA	NA
NC_045512.2	8687	G	C	4018	3110	48	1	1	34	0.000248818	4019	0.968808	FALSE	NA	NA	NA	NA	NA	NA
NC_045512.2	8688	G	C	4028	3126	47	1	1	34	0.000248201	4029	0.968808	FALSE	NA	NA	NA	NA	NA	NA
NC_045512.2	8690	T	A	3946	3042	47	1	1	26	0.000253357	3947	1	FALSE	NA	NA	NA	NA	NA	NA
NC_045512.2	8693	A	G	3949	3271	44	1	1	68	0.000253165	3950	0.500063	FALSE	NA	NA	NA	NA	NA	NA
NC_045512.2	8695	G	T	3955	3312	44	2	1	68	0.000505306	3958	0.249968	FALSE	NA	NA	NA	NA	NA	NA
NC_045512.2	8695	G	C	3955	3312	44	1	1	34	0.000252653	3958	0.937516	FALSE	NA	NA	NA	NA	NA	NA
NC_045512.2	8696	G	T	3833	3198	44	1	1	34	0.000260824	3834	0.937582	FALSE	NA	NA	NA	NA	NA	NA
NC_045512.2	8700	T	G	2717	2116	44	1	1	26	0.000367918	2718	1	FALSE	NA	NA	NA	NA	NA	NA
NC_045512.2	8701	T	A	3430	2835	45	1	1	34	0.00029146	3431	0.937591	FALSE	NA	NA	NA	NA	NA	NA
NC_045512.2	8702	G	C	3430	2840	45	1	1	26	0.00029146	3431	1	FALSE	NA	NA	NA	NA	NA	NA
NC_045512.2	8705	G	C	3093	2554	45	1	1	26	0.000323206	3094	1	FALSE	NA	NA	NA	NA	NA	NA
NC_045512.2	8706	G	T	3092	2554	45	1	1	34	0.000323311	3093	0.937601	FALSE	NA	NA	NA	NA	NA	NA
NC_045512.2	8710	T	A	2868	2339	45	1	1	34	0.000348554	2869	0.875131	FALSE	NA	NA	NA	NA	NA	NA
NC_045512.2	8725	A	G	2707	2260	44	1	1	34	0.000369276	2708	0.875138	FALSE	NA	NA	NA	NA	NA	NA
NC_045512.2	8743	T	C	2240	1909	43	1	1	34	0.000446229	2241	0.875167	FALSE	NA	NA	NA	NA	NA	NA
NC_045512.2	8752	C	T	2072	1817	41	1	1	34	0.000482393	2073	0.875181	FALSE	NA	NA	NA	NA	NA	NA
NC_045512.2	8761	T	C	1962	1741	41	1	1	34	0.000509424	1963	0.750191	FALSE	NA	NA	NA	NA	NA	NA
NC_045512.2	8764	T	C	1962	1745	41	1	1	24	0.000509424	1963	0.999999	FALSE	NA	NA	NA	NA	NA	NA
NC_045512.2	8777	T	A	1795	1533	40	1	0	27	0.000556793	1796	0.999996	FALSE	NA	NA	NA	NA	NA	NA
NC_045512.2	8823	T	C	157	23	44	1	0	24	0.00632911	158	0.752381	FALSE	NA	NA	NA	NA	NA	NA
NC_045512.2	8938	A	G	241	132	50	1	0	26	0.00413223	242	0.876551	FALSE	NA	NA	NA	NA	NA	NA
NC_045512.2	8958	C	G	263	165	48	1	1	27	0.00378788	264	0.876422	FALSE	NA	NA	NA	NA	NA	NA
NC_045512.2	8976	A	T	245	172	51	1	0	34	0.00406504	246	0.501018	FALSE	NA	NA	NA	NA	NA	NA
NC_045512.2	8985	A	G	215	144	53	1	0	60	0.00462963	216	0.50116	FALSE	NA	NA	NA	NA	NA	NA
NC_045512.2	9009	T	C	187	129	51	1	1	68	0.00531915	188	0.501333	FALSE	NA	NA	NA	NA	NA	NA
NC_045512.2	9333	C	A	3098	439	34	1	0	26	0.000322685	3099	1	FALSE	NA	NA	NA	NA	NA	NA
NC_045512.2	9344	C	T	0	0	0	3151	502	35	1	3151	0	TRUE	NA	NA	NA	NA	NA	NA
NC_045512.2	9356	T	G	3948	572	37	1	1	34	0.000253229	3949	0.937579	FALSE	NA	NA	NA	NA	NA	NA
NC_045512.2	9358	T	C	4176	820	40	1	0	34	0.000239406	4177	0.968806	FALSE	NA	NA	NA	NA	NA	NA
NC_045512.2	9363	C	A	4538	975	41	1	0	34	0.000220313	4539	0.968802	FALSE	NA	NA	NA	NA	NA	NA
NC_045512.2	9365	C	A	4642	992	41	1	0	34	0.000215378	4643	0.9688	FALSE	NA	NA	NA	NA	NA	NA
NC_045512.2	9368	A	G	4549	1042	40	1	0	34	0.00021978	4550	0.968801	FALSE	NA	NA	NA	NA	NA	NA
NC_045512.2	9369	T	C	4903	1031	41	1	0	34	0.000203915	4904	0.968798	FALSE	NA	NA	NA	NA	NA	NA
NC_045512.2	9370	T	C	4854	1092	42	4	0	42	0.000823384	4858	0.0624871	FALSE	NA	NA	NA	NA	NA	NA
NC_045512.2	9371	C	A	4865	1100	42	1	0	26	0.000205508	4866	1	FALSE	NA	NA	NA	NA	NA	NA
NC_045512.2	9374	C	G	5120	1120	42	1	1	20	0.000195198	5123	1	FALSE	NA	NA	NA	NA	NA	NA
NC_045512.2	9374	C	A	5120	1120	42	2	0	30	0.000390396	5123	0.937564	FALSE	NA	NA	NA	NA	NA	NA
NC_045512.2	9375	C	T	5124	1131	42	1	0	34	0.000195122	5125	0.984407	FALSE	NA	NA	NA	NA	NA	NA
NC_045512.2	9384	C	T	5617	1263	42	1	0	34	0.000177936	5620	0.984388	FALSE	NA	NA	NA	NA	NA	NA
NC_045512.2	9384	C	A	5617	1263	42	2	0	30	0.000355872	5620	0.937558	FALSE	NA	NA	NA	NA	NA	NA
NC_045512.2	9389	G	T	6139	1310	43	1	1	26	0.000162866	6140	1	FALSE	NA	NA	NA	NA	NA	NA
NC_045512.2	9390	A	G	6183	1357	43	3	1	34	0.000484966	6186	0.910276	FALSE	NA	NA	NA	NA	NA	NA
NC_045512.2	9394	A	T	6293	1489	44	1	1	27	0.000158881	6294	1	FALSE	NA	NA	NA	NA	NA	NA
NC_045512.2	9395	T	A	6368	1493	45	2	0	34	0.000313972	6370	0.964904	FALSE	NA	NA	NA	NA	NA	NA
NC_045512.2	9396	C	G	6348	1482	44	1	1	27	0.00015748	6350	1	FALSE	NA	NA	NA	NA	NA	NA
NC_045512.2	9396	C	A	6348	1482	44	1	0	34	0.00015748	6350	0.9922	FALSE	NA	NA	NA	NA	NA	NA
NC_045512.2	9397	A	T	6394	1486	45	1	1	34	0.000156372	6395	0.992205	FALSE	NA	NA	NA	NA	NA	NA
NC_045512.2	9399	C	T	6497	1597	45	1	1	68	0.000153894	6498	0.500038	FALSE	NA	NA	NA	NA	NA	NA
NC_045512.2	9403	T	G	7097	1893	47	1	0	34	0.000140885	7098	0.996104	FALSE	NA	NA	NA	NA	NA	NA
NC_045512.2	9404	A	G	7202	1914	47	1	0	34	0.000138831	7203	0.996104	FALSE	NA	NA	NA	NA	NA	NA
NC_045512.2	9406	A	T	7039	1912	46	1	0	34	0.000142045	7040	0.996104	FALSE	NA	NA	NA	NA	NA	NA
NC_045512.2	9408	T	C	7176	1943	47	1	0	24	0.000139334	7177	1	FALSE	NA	NA	NA	NA	NA	NA
NC_045512.2	9409	A	T	7195	1939	47	1	0	26	0.000138947	7197	1	FALSE	NA	NA	NA	NA	NA	NA
NC_045512.2	9409	A	G	7195	1939	47	1	0	68	0.000138947	7197	0.5	FALSE	NA	NA	NA	NA	NA	NA
NC_045512.2	9410	G	T	7261	1938	47	1	1	34	0.000137684	7263	0.996101	FALSE	NA	NA	NA	NA	NA	NA
NC_045512.2	9410	G	A	7261	1938	47	1	0	34	0.000137684	7263	0.996101	FALSE	NA	NA	NA	NA	NA	NA
NC_045512.2	9415	T	G	7521	2072	48	1	0	34	0.000132908	7524	0.996099	FALSE	NA	NA	NA	NA	NA	NA
NC_045512.2	9415	T	A	7521	2072	48	2	0	26	0.000265816	7524	1	FALSE	NA	NA	NA	NA	NA	NA
NC_045512.2	9416	G	C	7521	2065	47	2	1	30	0.000265851	7523	0.980506	FALSE	NA	NA	NA	NA	NA	NA
NC_045512.2	9418	T	A	7785	2086	47	1	0	34	0.000128436	7786	0.996103	FALSE	NA	NA	NA	NA	NA	NA
NC_045512.2	9419	A	G	7893	2119	47	1	0	34	0.000126678	7894	0.996103	FALSE	NA	NA	NA	NA	NA	NA
NC_045512.2	9421	T	A	7918	2268	49	1	0	34	0.000126279	7919	0.996103	FALSE	NA	NA	NA	NA	NA	NA
NC_045512.2	9422	G	T	7945	2279	49	1	1	27	0.000125849	7946	1	FALSE	NA	NA	NA	NA	NA	NA
NC_045512.2	9423	T	C	7913	2293	49	2	1	34	0.000252685	7915	0.980504	FALSE	NA	NA	NA	NA	NA	NA
NC_045512.2	9424	A	G	0	0	0	7986	2286	49	1	7986	0	TRUE	NA	NA	NA	NA	NA	NA
NC_045512.2	9425	G	A	7971	2293	49	1	0	34	0.000125439	7972	0.996103	FALSE	NA	NA	NA	NA	NA	NA
NC_045512.2	9426	C	T	7966	2326	49	1	0	34	0.000125518	7967	0.996103	FALSE	NA	NA	NA	NA	NA	NA
NC_045512.2	9427	T	A	7962	2283	48	1	1	27	0.000125581	7963	1	FALSE	NA	NA	NA	NA	NA	NA
NC_045512.2	9428	A	G	8050	2340	49	1	1	24	0.000124208	8051	1	FALSE	NA	NA	NA	NA	NA	NA
NC_045512.2	9429	T	G	7921	2352	48	1	0	34	0.000126215	7923	0.996101	FALSE	NA	NA	NA	NA	NA	NA
NC_045512.2	9429	T	C	7921	2352	48	1	0	26	0.000126215	7923	1	FALSE	NA	NA	NA	NA	NA	NA
NC_045512.2	9431	G	A	8127	2355	49	2	1	68	0.000246033	8129	0.250015	FALSE	NA	NA	NA	NA	NA	NA
NC_045512.2	9432	T	C	8130	2514	50	1	0	60	0.000122986	8131	0.500031	FALSE	NA	NA	NA	NA	NA	NA
NC_045512.2	9433	A	G	8162	2506	50	1	0	34	0.000122504	8163	0.998052	FALSE	NA	NA	NA	NA	NA	NA
NC_045512.2	9435	T	C	8268	2527	50	1	0	34	0.000120904	8271	0.99805	FALSE	NA	NA	NA	NA	NA	NA
NC_045512.2	9435	T	A	8268	2527	50	2	0	26	0.000241809	8271	1	FALSE	NA	NA	NA	NA	NA	NA
NC_045512.2	9437	A	G	8354	2534	50	1	0	34	0.000119689	8355	0.998052	FALSE	NA	NA	NA	NA	NA	NA
NC_045512.2	9438	C	T	8320	2530	50	1	0	34	0.000120178	8321	0.998052	FALSE	NA	NA	NA	NA	NA	NA
NC_045512.2	9439	A	G	8233	2535	50	1	1	68	0.000121448	8234	0.50003	FALSE	NA	NA	NA	NA	NA	NA
NC_045512.2	9440	T	C	8370	2545	51	2	0	47	0.000238863	8373	0.249985	FALSE	NA	NA	NA	NA	NA	NA
NC_045512.2	9440	T	A	8370	2545	51	1	1	60	0.000119432	8373	0.49997	FALSE	NA	NA	NA	NA	NA	NA
NC_045512.2	9441	G	T	8387	2544	50	1	1	27	0.000119218	8388	1	FALSE	NA	NA	NA	NA	NA	NA
NC_045512.2	9443	C	A	8325	2652	51	1	0	34	0.000120106	8326	0.998052	FALSE	NA	NA	NA	NA	NA	NA
NC_045512.2	9444	T	C	8361	2658	52	1	0	24	0.000119574	8363	1	FALSE	NA	NA	NA	NA	NA	NA
NC_045512.2	9444	T	A	8361	2658	52	1	0	34	0.000119574	8363	0.998051	FALSE	NA	NA	NA	NA	NA	NA
NC_045512.2	9445	T	C	8350	2672	52	1	0	34	0.000119746	8351	0.998052	FALSE	NA	NA	NA	NA	NA	NA
NC_045512.2	9446	G	C	8524	2683	51	2	2	47	0.000234577	8526	0.250015	FALSE	NA	NA	NA	NA	NA	NA
NC_045512.2	9449	T	C	8502	2744	52	1	0	68	0.000117592	8504	0.5	FALSE	NA	NA	NA	NA	NA	NA
NC_045512.2	9449	T	A	8502	2744	52	1	0	26	0.000117592	8504	1	FALSE	NA	NA	NA	NA	NA	NA
NC_045512.2	9450	A	T	8384	2704	51	1	1	34	0.000119261	8385	0.998052	FALSE	NA	NA	NA	NA	NA	NA
NC_045512.2	9451	C	T	8487	2712	52	1	1	60	0.000117813	8488	0.500029	FALSE	NA	NA	NA	NA	NA	NA
NC_045512.2	9452	T	A	8516	2713	52	1	0	26	0.000117412	8517	1	FALSE	NA	NA	NA	NA	NA	NA
NC_045512.2	9453	A	T	8429	2770	52	3	2	28	0.000355787	8432	1	FALSE	NA	NA	NA	NA	NA	NA
NC_045512.2	9454	T	A	8588	2797	53	1	0	26	0.000116428	8589	1	FALSE	NA	NA	NA	NA	NA	NA
NC_045512.2	9460	G	T	8463	2743	53	2	0	25	0.000236267	8465	1	FALSE	NA	NA	NA	NA	NA	NA
NC_045512.2	9461	A	T	8437	2748	52	1	1	26	0.000118455	8442	1	FALSE	NA	NA	NA	NA	NA	NA
NC_045512.2	9461	A	G	8437	2748	52	3	0	34	0.000355366	8442	0.967314	FALSE	NA	NA	NA	NA	NA	NA
NC_045512.2	9461	A	C	8437	2748	52	1	0	34	0.000118455	8442	0.998048	FALSE	NA	NA	NA	NA	NA	NA
NC_045512.2	9463	G	-T	8889	2929	52	1	0	20	0.000112499	8889	1	FALSE	NA	NA	NA	NA	NA	NA
NC_045512.2	9464	T	G	8811	2873	50	2	0	34	0.000226912	8814	0.98927	FALSE	NA	NA	NA	NA	NA	NA
NC_045512.2	9464	T	A	8811	2873	50	1	0	26	0.000113456	8814	1	FALSE	NA	NA	NA	NA	NA	NA
NC_045512.2	9469	A	G	8328	3182	48	2	2	51	0.000240096	8330	0.250015	FALSE	NA	NA	NA	NA	NA	NA
NC_045512.2	9472	A	T	8190	3149	49	1	0	26	0.00012207	8192	1	FALSE	NA	NA	NA	NA	NA	NA
NC_045512.2	9472	A	G	8190	3149	49	1	0	60	0.00012207	8192	0.5	FALSE	NA	NA	NA	NA	NA	NA
NC_045512.2	9474	C	-T	8265	3589	48	1	0	20	0.000120992	8265	1	FALSE	NA	NA	NA	NA	NA	NA
NC_045512.2	9476	T	C	8311	3617	48	1	0	34	0.000120294	8313	0.998051	FALSE	NA	NA	NA	NA	NA	NA
NC_045512.2	9476	T	A	8311	3617	48	1	0	26	0.000120294	8313	1	FALSE	NA	NA	NA	NA	NA	NA
NC_045512.2	9477	T	C	8226	3527	47	2	1	36	0.000243043	8229	0.989277	FALSE	NA	NA	NA	NA	NA	NA
NC_045512.2	9477	T	A	8226	3527	47	1	1	34	0.000121521	8229	0.99805	FALSE	NA	NA	NA	NA	NA	NA
NC_045512.2	9478	T	C	8343	3628	48	3	3	34	0.000359454	8346	0.967343	FALSE	NA	NA	NA	NA	NA	NA
NC_045512.2	9478	T	-G	8343	3628	48	1	0	20	0.000119818	8346	1	FALSE	NA	NA	NA	NA	NA	NA
NC_045512.2	9481	T	C	8420	3574	47	2	1	68	0.000237417	8424	0.249955	FALSE	NA	NA	NA	NA	NA	NA
NC_045512.2	9481	T	A	8420	3574	47	2	0	23	0.000237417	8424	1	FALSE	NA	NA	NA	NA	NA	NA
NC_045512.2	9482	G	A	8627	3642	48	1	0	34	0.000115902	8628	0.998052	FALSE	NA	NA	NA	NA	NA	NA
NC_045512.2	9485	T	C	8670	3676	47	2	1	34	0.000230574	8674	0.98927	FALSE	NA	NA	NA	NA	NA	NA
NC_045512.2	9485	T	A	8670	3676	47	2	0	30	0.000230574	8674	0.98927	FALSE	NA	NA	NA	NA	NA	NA
NC_045512.2	9486	A	G	7940	3678	44	2	2	47	0.000251826	7942	0.250016	FALSE	NA	NA	NA	NA	NA	NA
NC_045512.2	9488	A	T	8670	3594	47	1	0	27	0.000115314	8672	1	FALSE	NA	NA	NA	NA	NA	NA
NC_045512.2	9488	A	G	8670	3594	47	1	0	34	0.000115314	8672	0.998051	FALSE	NA	NA	NA	NA	NA	NA
NC_045512.2	9489	G	C	9323	3626	46	1	0	20	0.00010725	9324	1	FALSE	NA	NA	NA	NA	NA	NA
NC_045512.2	9490	T	G	9319	3635	46	1	0	34	0.000107273	9322	0.999025	FALSE	NA	NA	NA	NA	NA	NA
NC_045512.2	9490	T	C	9319	3635	46	1	0	68	0.000107273	9322	0.499973	FALSE	NA	NA	NA	NA	NA	NA
NC_045512.2	9490	T	A	9319	3635	46	1	1	34	0.000107273	9322	0.999025	FALSE	NA	NA	NA	NA	NA	NA
NC_045512.2	9492	A	T	9286	3592	46	1	1	27	0.000107677	9287	1	FALSE	NA	NA	NA	NA	NA	NA
NC_045512.2	9493	T	A	9212	3521	46	1	1	34	0.000108542	9213	0.999026	FALSE	NA	NA	NA	NA	NA	NA
NC_045512.2	9494	G	C	9255	3537	46	1	1	26	0.000108038	9256	1	FALSE	NA	NA	NA	NA	NA	NA
NC_045512.2	9495	T	C	9280	3631	47	1	1	24	0.000107735	9282	1	FALSE	NA	NA	NA	NA	NA	NA
NC_045512.2	9495	T	A	9280	3631	47	1	1	34	0.000107735	9282	0.999026	FALSE	NA	NA	NA	NA	NA	NA
NC_045512.2	9496	A	T	9198	3556	46	2	2	30	0.000217368	9201	0.994152	FALSE	NA	NA	NA	NA	NA	NA
NC_045512.2	9496	A	G	9198	3556	46	1	0	20	0.000108684	9201	1	FALSE	NA	NA	NA	NA	NA	NA
NC_045512.2	9498	T	C	8702	3334	47	1	0	34	0.000114903	8703	0.998052	FALSE	NA	NA	NA	NA	NA	NA
NC_045512.2	9499	T	C	8755	3450	48	1	1	68	0.000114207	8756	0.500029	FALSE	NA	NA	NA	NA	NA	NA
NC_045512.2	9500	G	C	8758	3431	47	1	0	34	0.000114168	8759	0.998052	FALSE	NA	NA	NA	NA	NA	NA
NC_045512.2	9501	C	A	8842	3464	47	1	0	34	0.000113084	8843	0.998052	FALSE	NA	NA	NA	NA	NA	NA
NC_045512.2	9503	T	C	8974	3432	46	3	1	51	0.000334113	8979	0.124958	FALSE	NA	NA	NA	NA	NA	NA
NC_045512.2	9503	T	A	8974	3432	46	2	0	30	0.000222742	8979	0.989265	FALSE	NA	NA	NA	NA	NA	NA
NC_045512.2	9506	A	G	8967	3835	47	1	0	46	0.000111508	8968	0.500028	FALSE	NA	NA	NA	NA	NA	NA
NC_045512.2	9507	A	G	9002	3864	47	1	1	68	0.000111074	9003	0.500028	FALSE	NA	NA	NA	NA	NA	NA
NC_045512.2	9509	A	T	8794	3885	46	2	1	25	0.000227376	8796	1	FALSE	NA	NA	NA	NA	NA	NA
NC_045512.2	9510	C	G	9004	3889	47	1	1	34	0.000111049	9005	0.999026	FALSE	NA	NA	NA	NA	NA	NA
NC_045512.2	9511	T	G	8092	3088	44	2	2	30	0.000247097	8094	0.989282	FALSE	NA	NA	NA	NA	NA	NA
NC_045512.2	9512	T	C	9044	4218	49	2	0	29	0.000221068	9047	1	FALSE	NA	NA	NA	NA	NA	NA
NC_045512.2	9512	T	A	9044	4218	49	1	0	46	0.000110534	9047	0.499972	FALSE	NA	NA	NA	NA	NA	NA
NC_045512.2	9513	T	C	8965	4350	48	2	1	51	0.000223015	8968	0.249986	FALSE	NA	NA	NA	NA	NA	NA
NC_045512.2	9513	T	A	8965	4350	48	1	1	34	0.000111508	8968	0.99805	FALSE	NA	NA	NA	NA	NA	NA
NC_045512.2	9515	C	A	8962	4369	48	1	0	26	0.00011157	8963	1	FALSE	NA	NA	NA	NA	NA	NA
NC_045512.2	9516	T	C	8962	4517	49	1	0	68	0.000111557	8964	0.5	FALSE	NA	NA	NA	NA	NA	NA
NC_045512.2	9516	T	A	8962	4517	49	1	1	34	0.000111557	8964	0.998051	FALSE	NA	NA	NA	NA	NA	NA
NC_045512.2	9517	A	T	9021	4641	49	1	0	34	0.00011084	9022	0.999026	FALSE	NA	NA	NA	NA	NA	NA
NC_045512.2	9518	T	C	9020	4675	49	1	0	60	0.000110852	9021	0.500028	FALSE	NA	NA	NA	NA	NA	NA
NC_045512.2	9519	T	C	9087	4707	49	2	2	36	0.000220022	9090	0.994152	FALSE	NA	NA	NA	NA	NA	NA
NC_045512.2	9519	T	A	9087	4707	49	1	0	26	0.000110011	9090	1	FALSE	NA	NA	NA	NA	NA	NA
NC_045512.2	9522	T	A	8954	4584	50	1	0	34	0.000111669	8955	0.998052	FALSE	NA	NA	NA	NA	NA	NA
NC_045512.2	9523	T	A	8893	4634	49	2	0	26	0.000224845	8895	1	FALSE	NA	NA	NA	NA	NA	NA
NC_045512.2	9526	G	C	9178	5500	52	2	2	26	0.000217865	9180	1	FALSE	NA	NA	NA	NA	NA	NA
NC_045512.2	9527	T	C	9165	5504	52	2	1	64	0.000218174	9167	0.250014	FALSE	NA	NA	NA	NA	NA	NA
NC_045512.2	9528	C	T	9009	5356	52	1	1	34	0.000110988	9010	0.999026	FALSE	NA	NA	NA	NA	NA	NA
NC_045512.2	9529	A	G	9068	5481	53	1	0	24	0.000110266	9069	1	FALSE	NA	NA	NA	NA	NA	NA
NC_045512.2	9530	T	C	8928	5321	52	1	0	46	0.000111982	8930	0.5	FALSE	NA	NA	NA	NA	NA	NA
NC_045512.2	9530	T	A	8928	5321	52	1	1	60	0.000111982	8930	0.5	FALSE	NA	NA	NA	NA	NA	NA
NC_045512.2	9531	T	C	9117	5463	52	1	1	34	0.000109673	9118	0.999026	FALSE	NA	NA	NA	NA	NA	NA
NC_045512.2	9534	C	T	1	1	24	9235	5775	52	0.999892	9236	0	TRUE	NA	NA	NA	NA	NA	NA
NC_045512.2	9537	T	C	9291	5813	52	3	2	60	0.000322754	9295	0.12498	FALSE	NA	NA	NA	NA	NA	NA
NC_045512.2	9537	T	A	9291	5813	52	1	0	26	0.000107585	9295	1	FALSE	NA	NA	NA	NA	NA	NA
NC_045512.2	9539	C	T	9317	6081	52	1	1	34	0.000107319	9318	0.999026	FALSE	NA	NA	NA	NA	NA	NA
NC_045512.2	9542	T	C	8991	5766	52	1	1	68	0.00011121	8992	0.500028	FALSE	NA	NA	NA	NA	NA	NA
NC_045512.2	9543	G	T	9358	5972	52	1	1	27	0.000106849	9359	1	FALSE	NA	NA	NA	NA	NA	NA
NC_045512.2	9544	T	C	9215	5861	51	1	1	26	0.000108495	9217	1	FALSE	NA	NA	NA	NA	NA	NA
NC_045512.2	9544	T	A	9215	5861	51	1	0	27	0.000108495	9217	1	FALSE	NA	NA	NA	NA	NA	NA
NC_045512.2	9545	T	C	8954	5760	52	1	0	68	0.000111669	8955	0.500028	FALSE	NA	NA	NA	NA	NA	NA
NC_045512.2	9546	T	C	9234	6091	51	4	4	32	0.000432947	9239	0.953914	FALSE	NA	NA	NA	NA	NA	NA
NC_045512.2	9546	T	A	9234	6091	51	1	1	24	0.000108237	9239	1	FALSE	NA	NA	NA	NA	NA	NA
NC_045512.2	9550	A	T	9144	6145	54	1	1	27	0.000109349	9145	1	FALSE	NA	NA	NA	NA	NA	NA
NC_045512.2	9552	C	A	8588	5912	53	1	0	34	0.000116428	8589	0.998052	FALSE	NA	NA	NA	NA	NA	NA
NC_045512.2	9554	G	A	8550	5841	53	1	1	46	0.000116945	8551	0.500029	FALSE	NA	NA	NA	NA	NA	NA
NC_045512.2	9557	T	C	8596	5908	53	1	1	24	0.00011632	8597	1	FALSE	NA	NA	NA	NA	NA	NA
NC_045512.2	9558	A	T	8556	5861	53	1	1	20	0.000116863	8557	1	FALSE	NA	NA	NA	NA	NA	NA
NC_045512.2	9559	C	T	8575	5929	53	1	1	34	0.000116604	8576	0.998052	FALSE	NA	NA	NA	NA	NA	NA
NC_045512.2	9560	T	C	8503	5847	53	3	1	56	0.000352692	8506	0.125	FALSE	NA	NA	NA	NA	NA	NA
NC_045512.2	9562	A	G	8427	5761	53	1	1	24	0.000118652	8428	1	FALSE	NA	NA	NA	NA	NA	NA
NC_045512.2	9563	T	C	8420	5744	53	1	0	68	0.000118751	8421	0.50003	FALSE	NA	NA	NA	NA	NA	NA
NC_045512.2	9565	C	G	8429	5852	53	1	1	26	0.000118624	8430	1	FALSE	NA	NA	NA	NA	NA	NA
NC_045512.2	9567	T	C	8474	5915	53	1	0	68	0.00011798	8476	0.5	FALSE	NA	NA	NA	NA	NA	NA
NC_045512.2	9567	T	A	8474	5915	53	1	0	27	0.00011798	8476	1	FALSE	NA	NA	NA	NA	NA	NA
NC_045512.2	9568	A	T	8401	5950	52	3	3	31	0.000356888	8406	0.967314	FALSE	NA	NA	NA	NA	NA	NA
NC_045512.2	9568	A	G	8401	5950	52	2	2	29	0.000237925	8406	1	FALSE	NA	NA	NA	NA	NA	NA
NC_045512.2	9569	C	G	8392	5978	51	1	1	26	0.000119147	8393	1	FALSE	NA	NA	NA	NA	NA	NA
NC_045512.2	9570	C	G	8384	5972	50	1	1	26	0.000119261	8385	1	FALSE	NA	NA	NA	NA	NA	NA
NC_045512.2	9571	T	G	8157	5754	52	1	1	68	0.000122504	8163	0.499877	FALSE	NA	NA	NA	NA	NA	NA
NC_045512.2	9571	T	C	8157	5754	52	4	4	59	0.000490016	8163	0.0624617	FALSE	NA	NA	NA	NA	NA	NA
NC_045512.2	9571	T	A	8157	5754	52	1	1	34	0.000122504	8163	0.998047	FALSE	NA	NA	NA	NA	NA	NA
NC_045512.2	9574	T	C	8024	5635	52	1	1	38	0.000124611	8025	0.998052	FALSE	NA	NA	NA	NA	NA	NA
NC_045512.2	9575	G	T	7978	5597	52	1	1	26	0.000125313	7980	1	FALSE	NA	NA	NA	NA	NA	NA
NC_045512.2	9575	G	A	7978	5597	52	1	1	68	0.000125313	7980	0.5	FALSE	NA	NA	NA	NA	NA	NA
NC_045512.2	9577	T	C	7975	5593	52	2	2	51	0.000250689	7978	0.249984	FALSE	NA	NA	NA	NA	NA	NA
NC_045512.2	9577	T	A	7975	5593	52	1	1	27	0.000125345	7978	1	FALSE	NA	NA	NA	NA	NA	NA
NC_045512.2	9579	A	T	7916	5550	52	1	1	26	0.000126295	7918	1	FALSE	NA	NA	NA	NA	NA	NA
NC_045512.2	9579	A	C	7916	5550	52	1	1	27	0.000126295	7918	1	FALSE	NA	NA	NA	NA	NA	NA
NC_045512.2	9580	T	C	7989	5634	53	1	1	27	0.000125156	7990	1	FALSE	NA	NA	NA	NA	NA	NA
NC_045512.2	9583	T	G	7545	5328	52	1	1	27	0.000132521	7546	1	FALSE	NA	NA	NA	NA	NA	NA
NC_045512.2	9585	T	G	7576	5373	52	1	1	27	0.000131944	7579	1	FALSE	NA	NA	NA	NA	NA	NA
NC_045512.2	9585	T	C	7576	5373	52	2	2	36	0.000263887	7579	0.980497	FALSE	NA	NA	NA	NA	NA	NA
NC_045512.2	9586	T	C	7509	5302	52	2	2	30	0.000266276	7511	0.980506	FALSE	NA	NA	NA	NA	NA	NA
NC_045512.2	9587	A	G	7564	5379	51	1	1	34	0.000132188	7565	0.996103	FALSE	NA	NA	NA	NA	NA	NA
NC_045512.2	9588	T	C	7069	4883	51	2	2	30	0.000282845	7071	0.980509	FALSE	NA	NA	NA	NA	NA	NA
NC_045512.2	9590	T	C	7497	5318	52	1	1	34	0.000133369	7498	0.996103	FALSE	NA	NA	NA	NA	NA	NA
NC_045512.2	9591	A	T	7468	5297	52	1	1	34	0.000133887	7469	0.996103	FALSE	NA	NA	NA	NA	NA	NA
NC_045512.2	9593	T	G	7157	5062	52	1	1	27	0.000139665	7160	1	FALSE	NA	NA	NA	NA	NA	NA
NC_045512.2	9593	T	C	7157	5062	52	1	1	68	0.000139665	7160	0.499965	FALSE	NA	NA	NA	NA	NA	NA
NC_045512.2	9593	T	A	7157	5062	52	1	1	34	0.000139665	7160	0.996099	FALSE	NA	NA	NA	NA	NA	NA
NC_045512.2	9594	T	C	7155	5063	52	1	1	26	0.000139743	7156	1	FALSE	NA	NA	NA	NA	NA	NA
NC_045512.2	9596	T	C	7016	4940	52	1	1	46	0.000142511	7017	0.500036	FALSE	NA	NA	NA	NA	NA	NA
NC_045512.2	9598	C	T	7037	5043	51	3	2	68	0.000426136	7040	0.125	FALSE	NA	NA	NA	NA	NA	NA
NC_045512.2	9602	A	T	6884	4917	52	1	1	68	0.000145222	6886	0.5	FALSE	NA	NA	NA	NA	NA	NA
NC_045512.2	9602	A	C	6884	4917	52	1	1	27	0.000145222	6886	1	FALSE	NA	NA	NA	NA	NA	NA
NC_045512.2	9604	A	C	6724	4831	51	3	3	34	0.000445964	6727	0.910266	FALSE	NA	NA	NA	NA	NA	NA
NC_045512.2	9608	T	C	6522	4648	49	1	0	68	0.000153304	6523	0.500038	FALSE	NA	NA	NA	NA	NA	NA
NC_045512.2	9609	A	C	6705	4822	52	1	1	27	0.00014912	6706	1	FALSE	NA	NA	NA	NA	NA	NA
NC_045512.2	9610	T	C	6405	4515	50	3	3	35	0.000468165	6408	0.910271	FALSE	NA	NA	NA	NA	NA	NA
NC_045512.2	9612	T	C	6399	4567	52	1	1	34	0.00015625	6400	0.992205	FALSE	NA	NA	NA	NA	NA	NA
NC_045512.2	9613	T	G	6418	4672	50	1	0	27	0.000155763	6420	1	FALSE	NA	NA	NA	NA	NA	NA
NC_045512.2	9613	T	C	6418	4672	50	1	1	68	0.000155763	6420	0.5	FALSE	NA	NA	NA	NA	NA	NA
NC_045512.2	9618	A	G	6349	4730	49	1	1	34	0.00015748	6350	0.992205	FALSE	NA	NA	NA	NA	NA	NA
NC_045512.2	9619	T	A	6341	4737	49	1	0	27	0.000157679	6342	1	FALSE	NA	NA	NA	NA	NA	NA
NC_045512.2	9620	G	T	6359	4762	49	2	2	34	0.000314218	6365	0.964835	FALSE	NA	NA	NA	NA	NA	NA
NC_045512.2	9620	G	C	6359	4762	49	1	1	27	0.000157109	6365	1	FALSE	NA	NA	NA	NA	NA	NA
NC_045512.2	9620	G	A	6359	4762	49	3	3	34	0.000471328	6365	0.910156	FALSE	NA	NA	NA	NA	NA	NA
NC_045512.2	9622	T	C	6221	4622	49	1	1	68	0.00016072	6222	0.50004	FALSE	NA	NA	NA	NA	NA	NA
NC_045512.2	9623	G	C	6283	4727	49	1	0	27	0.000159109	6285	1	FALSE	NA	NA	NA	NA	NA	NA
NC_045512.2	9623	G	A	6283	4727	49	1	1	46	0.000159109	6285	0.5	FALSE	NA	NA	NA	NA	NA	NA
NC_045512.2	9626	T	C	5992	4478	48	1	1	24	0.000166834	5994	1	FALSE	NA	NA	NA	NA	NA	NA
NC_045512.2	9626	T	A	5992	4478	48	1	1	26	0.000166834	5994	1	FALSE	NA	NA	NA	NA	NA	NA
NC_045512.2	9627	C	-T	6145	4629	49	1	0	20	0.000162734	6145	1	FALSE	NA	NA	NA	NA	NA	NA
NC_045512.2	9627	C	+T	6145	4629	49	1	0	20	0.000162734	6145	1	FALSE	NA	NA	NA	NA	NA	NA
NC_045512.2	9628	T	G	6107	4590	49	1	1	27	0.00016372	6108	1	FALSE	NA	NA	NA	NA	NA	NA
NC_045512.2	9630	T	C	6155	4719	48	2	2	64	0.000324834	6157	0.25002	FALSE	NA	NA	NA	NA	NA	NA
NC_045512.2	9634	A	G	6113	4739	48	1	1	68	0.000163559	6114	0.500041	FALSE	NA	NA	NA	NA	NA	NA
NC_045512.2	9637	A	G	6094	4770	47	1	1	68	0.000164069	6095	0.500041	FALSE	NA	NA	NA	NA	NA	NA
NC_045512.2	9642	T	C	6079	5107	44	1	0	68	0.000164474	6080	0.500041	FALSE	NA	NA	NA	NA	NA	NA
NC_045512.2	9645	A	G	5859	4936	43	2	2	34	0.000341239	5861	0.937584	FALSE	NA	NA	NA	NA	NA	NA
NC_045512.2	9654	T	C	5413	4711	42	3	3	34	0.000553914	5416	0.85562	FALSE	NA	NA	NA	NA	NA	NA
NC_045512.2	9655	T	C	5001	4328	41	1	1	68	0.00019992	5002	0.50005	FALSE	NA	NA	NA	NA	NA	NA
NC_045512.2	9656	A	T	5092	4424	42	1	0	20	0.000196348	5093	1	FALSE	NA	NA	NA	NA	NA	NA
NC_045512.2	9660	T	C	4896	4265	42	3	3	49	0.00061237	4899	0.125	FALSE	NA	NA	NA	NA	NA	NA
NC_045512.2	9662	A	T	3827	3317	42	1	1	34	0.000261233	3828	0.937582	FALSE	NA	NA	NA	NA	NA	NA
NC_045512.2	9665	C	T	3787	3328	41	2	2	34	0.000527844	3789	0.812665	FALSE	NA	NA	NA	NA	NA	NA
NC_045512.2	9669	T	C	3122	2745	41	1	0	68	0.000320205	3123	0.50008	FALSE	NA	NA	NA	NA	NA	NA
NC_045512.2	9670	A	T	3158	2794	41	2	2	26	0.000632911	3160	1	FALSE	NA	NA	NA	NA	NA	NA
NC_045512.2	9946	A	T	1163	137	34	1	0	26	0.000859107	1164	0.999764	FALSE	NA	NA	NA	NA	NA	NA
NC_045512.2	9949	A	G	1271	144	35	1	0	34	0.000786164	1272	0.750295	FALSE	NA	NA	NA	NA	NA	NA
NC_045512.2	9960	G	A	1336	248	40	1	0	34	0.000747943	1337	0.750281	FALSE	NA	NA	NA	NA	NA	NA
NC_045512.2	9964	T	C	1309	221	38	1	1	68	0.000763359	1310	0.500191	FALSE	NA	NA	NA	NA	NA	NA
NC_045512.2	9966	T	C	1348	279	41	1	0	60	0.00074129	1349	0.500185	FALSE	NA	NA	NA	NA	NA	NA
NC_045512.2	9972	A	G	1099	289	39	1	0	68	0.000909091	1100	0.500227	FALSE	NA	NA	NA	NA	NA	NA
NC_045512.2	9978	T	A	1609	309	42	1	0	26	0.000621118	1610	0.999993	FALSE	NA	NA	NA	NA	NA	NA
NC_045512.2	9986	T	C	1666	371	44	2	1	29	0.00119904	1668	0.99993	FALSE	NA	NA	NA	NA	NA	NA
NC_045512.2	10000	T	C	1890	462	45	1	0	60	0.000528821	1891	0.500132	FALSE	NA	NA	NA	NA	NA	NA
NC_045512.2	10008	T	A	2014	484	46	1	0	26	0.000496278	2015	1	FALSE	NA	NA	NA	NA	NA	NA
NC_045512.2	10019	C	T	2061	529	47	1	1	68	0.000484966	2062	0.500121	FALSE	NA	NA	NA	NA	NA	NA
NC_045512.2	10023	C	A	2173	582	48	2	0	30	0.00091954	2175	0.687759	FALSE	NA	NA	NA	NA	NA	NA
NC_045512.2	10029	C	T	1	1	68	2182	613	46	0.999542	2183	0	TRUE	NA	NA	NA	NA	NA	NA
NC_045512.2	10032	C	G	2257	667	50	1	0	34	0.000442674	2259	0.875083	FALSE	NA	NA	NA	NA	NA	NA
NC_045512.2	10032	C	A	2257	667	50	1	0	26	0.000442674	2259	1	FALSE	NA	NA	NA	NA	NA	NA
NC_045512.2	10046	G	+T	2395	748	51	1	0	20	0.000417537	2395	1	FALSE	NA	NA	NA	NA	NA	NA
NC_045512.2	10054	G	C	2352	781	53	1	1	27	0.000424989	2353	1	FALSE	NA	NA	NA	NA	NA	NA
NC_045512.2	10055	A	T	2237	784	54	1	0	27	0.000446828	2238	1	FALSE	NA	NA	NA	NA	NA	NA
NC_045512.2	10056	G	C	2253	774	55	1	0	26	0.000443656	2254	1	FALSE	NA	NA	NA	NA	NA	NA
NC_045512.2	10058	G	C	2268	812	54	1	0	27	0.000440723	2269	1	FALSE	NA	NA	NA	NA	NA	NA
NC_045512.2	10063	T	A	2221	923	55	1	0	34	0.000450045	2222	0.875169	FALSE	NA	NA	NA	NA	NA	NA
NC_045512.2	10065	G	A	2217	928	54	1	0	34	0.000450857	2218	0.875169	FALSE	NA	NA	NA	NA	NA	NA
NC_045512.2	10070	A	G	2214	944	54	1	0	34	0.000451467	2215	0.875169	FALSE	NA	NA	NA	NA	NA	NA
NC_045512.2	10073	G	A	2195	968	53	1	1	68	0.000455373	2196	0.500114	FALSE	NA	NA	NA	NA	NA	NA
NC_045512.2	10085	G	C	2127	1189	48	1	1	68	0.000469925	2128	0.500118	FALSE	NA	NA	NA	NA	NA	NA
NC_045512.2	10090	A	T	2110	1261	46	1	1	34	0.000473709	2111	0.875178	FALSE	NA	NA	NA	NA	NA	NA
NC_045512.2	10091	G	C	2231	1273	47	1	0	34	0.000448029	2232	0.875168	FALSE	NA	NA	NA	NA	NA	NA
NC_045512.2	10092	T	C	2122	1167	45	1	1	34	0.00047081	2124	0.875088	FALSE	NA	NA	NA	NA	NA	NA
NC_045512.2	10092	T	A	2122	1167	45	1	0	20	0.00047081	2124	1	FALSE	NA	NA	NA	NA	NA	NA
NC_045512.2	10101	G	C	2229	1257	47	1	1	24	0.000448229	2231	1	FALSE	NA	NA	NA	NA	NA	NA
NC_045512.2	10101	G	A	2229	1257	47	1	0	68	0.000448229	2231	0.5	FALSE	NA	NA	NA	NA	NA	NA
NC_045512.2	10112	G	A	2120	1149	47	2	2	34	0.000942507	2122	0.687765	FALSE	NA	NA	NA	NA	NA	NA
NC_045512.2	10121	G	A	2111	1264	49	1	1	24	0.000473485	2112	1	FALSE	NA	NA	NA	NA	NA	NA
NC_045512.2	10127	A	G	2181	1420	50	10	6	46	0.00456413	2191	0.000968774	TRUE	NA	NA	NA	NA	NA	NA
NC_045512.2	10129	T	C	2196	1500	49	1	1	34	0.000455166	2197	0.875171	FALSE	NA	NA	NA	NA	NA	NA
NC_045512.2	10131	C	T	2186	1486	50	1	1	34	0.000457247	2187	0.875171	FALSE	NA	NA	NA	NA	NA	NA
NC_045512.2	10135	T	C	2103	1482	51	1	1	68	0.000475285	2104	0.500119	FALSE	NA	NA	NA	NA	NA	NA
NC_045512.2	10136	A	T	2081	1465	51	1	1	34	0.000480077	2083	0.87509	FALSE	NA	NA	NA	NA	NA	NA
NC_045512.2	10136	A	C	2081	1465	51	1	0	27	0.000480077	2083	1	FALSE	NA	NA	NA	NA	NA	NA
NC_045512.2	10139	G	T	2071	1496	51	1	1	26	0.000482625	2072	1	FALSE	NA	NA	NA	NA	NA	NA
NC_045512.2	10157	G	A	1968	1480	50	1	1	68	0.000507872	1969	0.500127	FALSE	NA	NA	NA	NA	NA	NA
NC_045512.2	10157	G	-TA	1968	1480	50	4	0	20	0.00203149	1969	0.999768	FALSE	NA	NA	NA	NA	NA	NA
NC_045512.2	10158	T	-AG	1961	1491	49	647	0	20	0.329934	1961	1.02628e-144	TRUE	NA	NA	NA	NA	NA	NA
NC_045512.2	10159	A	T	1303	983	50	1	1	34	0.000766871	1304	0.654493	FALSE	NA	NA	NA	NA	NA	NA
NC_045512.2	10161	T	G	1391	901	44	1	1	26	0.000718391	1392	0.999941	FALSE	NA	NA	NA	NA	NA	NA
NC_045512.2	10163	T	A	1948	1482	48	1	0	68	0.000513084	1949	0.500128	FALSE	NA	NA	NA	NA	NA	NA
NC_045512.2	10168	T	C	1884	1430	49	1	1	34	0.000530223	1886	0.750066	FALSE	NA	NA	NA	NA	NA	NA
NC_045512.2	10168	T	A	1884	1430	49	1	0	34	0.000530223	1886	0.750066	FALSE	NA	NA	NA	NA	NA	NA
NC_045512.2	10180	G	A	1620	1239	48	1	1	60	0.000616903	1621	0.500154	FALSE	NA	NA	NA	NA	NA	NA
NC_045512.2	10182	T	A	1581	1214	48	1	1	26	0.000632111	1582	0.999985	FALSE	NA	NA	NA	NA	NA	NA
NC_045512.2	10190	T	G	1464	1138	47	1	1	24	0.000682594	1465	0.999971	FALSE	NA	NA	NA	NA	NA	NA
NC_045512.2	10192	T	C	1441	1128	47	1	0	24	0.000693481	1442	0.999971	FALSE	NA	NA	NA	NA	NA	NA
NC_045512.2	10196	G	T	1439	1126	47	1	1	34	0.000694444	1440	0.750261	FALSE	NA	NA	NA	NA	NA	NA
NC_045512.2	10198	C	T	0	0	0	1291	1005	47	1	1291	0	TRUE	NA	NA	NA	NA	NA	NA
NC_045512.2	10203	T	G	1211	935	46	1	1	26	0.000825083	1212	0.999882	FALSE	NA	NA	NA	NA	NA	NA
NC_045512.2	10204	T	A	1239	965	47	1	1	26	0.000806452	1240	0.999882	FALSE	NA	NA	NA	NA	NA	NA
NC_045512.2	10212	A	G	1088	826	48	1	1	34	0.000918274	1089	0.750345	FALSE	NA	NA	NA	NA	NA	NA
NC_045512.2	10234	T	A	957	725	48	1	1	34	0.00104384	958	0.500261	FALSE	NA	NA	NA	NA	NA	NA
NC_045512.2	10248	A	T	871	718	44	1	1	26	0.00114679	872	0.998097	FALSE	NA	NA	NA	NA	NA	NA
NC_045512.2	10561	T	C	7376	1234	33	2	1	34	0.000270929	7382	0.980469	FALSE	NA	NA	NA	NA	NA	NA
NC_045512.2	10561	T	A	7376	1234	33	4	0	28	0.000541859	7382	1	FALSE	NA	NA	NA	NA	NA	NA
NC_045512.2	10564	A	G	7774	1340	34	1	1	68	0.000128617	7775	0.500032	FALSE	NA	NA	NA	NA	NA	NA
NC_045512.2	10565	G	A	8004	1341	34	4	1	34	0.0004995	8008	0.927108	FALSE	NA	NA	NA	NA	NA	NA
NC_045512.2	10566	T	G	7446	802	34	1	1	26	0.000134246	7449	1	FALSE	NA	NA	NA	NA	NA	NA
NC_045512.2	10566	T	C	7446	802	34	2	1	30	0.000268492	7449	0.980497	FALSE	NA	NA	NA	NA	NA	NA
NC_045512.2	10567	T	C	7966	1304	34	1	0	34	0.000125518	7967	0.996103	FALSE	NA	NA	NA	NA	NA	NA
NC_045512.2	10568	C	T	8032	1356	34	1	0	26	0.000124486	8033	1	FALSE	NA	NA	NA	NA	NA	NA
NC_045512.2	10569	A	T	8028	1374	34	1	1	26	0.000124549	8029	1	FALSE	NA	NA	NA	NA	NA	NA
NC_045512.2	10570	T	C	8660	1401	34	1	0	34	0.00011546	8661	0.998052	FALSE	NA	NA	NA	NA	NA	NA
NC_045512.2	10573	T	C	8655	1396	34	2	0	34	0.000231027	8657	0.989281	FALSE	NA	NA	NA	NA	NA	NA
NC_045512.2	10574	G	A	9915	1477	35	1	1	34	0.000100847	9916	0.999026	FALSE	NA	NA	NA	NA	NA	NA
NC_045512.2	10575	G	A	9981	1469	35	6	1	38	0.000600781	9987	0.849259	FALSE	NA	NA	NA	NA	NA	NA
NC_045512.2	10576	C	T	9982	1498	35	1	0	34	0.00010017	9983	0.999026	FALSE	NA	NA	NA	NA	NA	NA
NC_045512.2	10577	A	G	10015	1494	35	3	1	34	0.000299461	10018	0.988796	FALSE	NA	NA	NA	NA	NA	NA
NC_045512.2	10578	C	G	9963	1501	35	1	0	34	0.000100361	9964	0.999026	FALSE	NA	NA	NA	NA	NA	NA
NC_045512.2	10579	A	G	9888	1503	35	2	1	34	0.000202224	9890	0.994154	FALSE	NA	NA	NA	NA	NA	NA
NC_045512.2	10581	A	G	12182	1724	36	2	0	30	0.00016415	12184	0.999087	FALSE	NA	NA	NA	NA	NA	NA
NC_045512.2	10582	C	-T	13219	1799	36	2	0	20	0.000151297	13219	1	FALSE	NA	NA	NA	NA	NA	NA
NC_045512.2	10583	T	C	13113	1786	36	2	0	34	0.000152497	13115	0.999513	FALSE	NA	NA	NA	NA	NA	NA
NC_045512.2	10585	A	G	13303	1899	37	2	0	34	0.000150319	13305	0.999513	FALSE	NA	NA	NA	NA	NA	NA
NC_045512.2	10586	G	T	13302	1908	37	1	0	34	7.5171e-05	13303	0.999939	FALSE	NA	NA	NA	NA	NA	NA
NC_045512.2	10588	A	G	13474	1909	37	2	0	26	0.000148412	13476	1	FALSE	NA	NA	NA	NA	NA	NA
NC_045512.2	10590	G	A	13621	2119	38	1	0	34	7.34107e-05	13622	0.999939	FALSE	NA	NA	NA	NA	NA	NA
NC_045512.2	10591	T	C	13589	2276	38	1	0	34	7.35835e-05	13590	0.999939	FALSE	NA	NA	NA	NA	NA	NA
NC_045512.2	10593	A	T	13602	2300	38	1	1	27	7.35078e-05	13604	1	FALSE	NA	NA	NA	NA	NA	NA
NC_045512.2	10593	A	G	13602	2300	38	1	0	34	7.35078e-05	13604	0.999939	FALSE	NA	NA	NA	NA	NA	NA
NC_045512.2	10594	C	G	14475	2349	38	1	0	34	6.90799e-05	14476	0.99997	FALSE	NA	NA	NA	NA	NA	NA
NC_045512.2	10595	T	G	14441	2352	38	1	0	34	6.92377e-05	14443	0.99997	FALSE	NA	NA	NA	NA	NA	NA
NC_045512.2	10595	T	A	14441	2352	38	1	0	26	6.92377e-05	14443	1	FALSE	NA	NA	NA	NA	NA	NA
NC_045512.2	10597	T	C	14834	2508	39	1	0	34	6.74082e-05	14835	0.99997	FALSE	NA	NA	NA	NA	NA	NA
NC_045512.2	10598	T	C	14817	2751	40	1	0	68	6.74855e-05	14818	0.500017	FALSE	NA	NA	NA	NA	NA	NA
NC_045512.2	10599	A	T	14844	3092	41	1	1	27	6.73582e-05	14846	1	FALSE	NA	NA	NA	NA	NA	NA
NC_045512.2	10599	A	G	14844	3092	41	1	0	34	6.73582e-05	14846	0.99997	FALSE	NA	NA	NA	NA	NA	NA
NC_045512.2	10601	G	A	14888	3121	41	1	0	34	6.71637e-05	14889	0.99997	FALSE	NA	NA	NA	NA	NA	NA
NC_045512.2	10602	G	A	14994	3141	41	1	0	34	6.66889e-05	14995	0.99997	FALSE	NA	NA	NA	NA	NA	NA
NC_045512.2	10603	A	T	15108	3149	41	1	0	34	6.61813e-05	15110	0.999985	FALSE	NA	NA	NA	NA	NA	NA
NC_045512.2	10603	A	G	15108	3149	41	1	1	68	6.61813e-05	15110	0.5	FALSE	NA	NA	NA	NA	NA	NA
NC_045512.2	10604	C	G	15186	3184	41	1	0	34	6.58458e-05	15187	0.999985	FALSE	NA	NA	NA	NA	NA	NA
NC_045512.2	10605	C	A	15042	3284	42	2	0	34	0.000132943	15044	0.999863	FALSE	NA	NA	NA	NA	NA	NA
NC_045512.2	10605	C	-T	15042	3284	42	1	0	20	6.64717e-05	15044	1	FALSE	NA	NA	NA	NA	NA	NA
NC_045512.2	10606	T	G	15258	3276	42	1	0	34	6.55222e-05	15262	0.999985	FALSE	NA	NA	NA	NA	NA	NA
NC_045512.2	10606	T	C	15258	3276	42	3	1	34	0.000196567	15262	0.999346	FALSE	NA	NA	NA	NA	NA	NA
NC_045512.2	10607	T	G	15518	3239	41	2	1	30	0.000128858	15521	0.999863	FALSE	NA	NA	NA	NA	NA	NA
NC_045512.2	10607	T	C	15518	3239	41	1	0	34	6.44288e-05	15521	0.999985	FALSE	NA	NA	NA	NA	NA	NA
NC_045512.2	10608	T	C	15545	3311	42	1	0	68	6.43211e-05	15547	0.5	FALSE	NA	NA	NA	NA	NA	NA
NC_045512.2	10608	T	A	15545	3311	42	1	0	34	6.43211e-05	15547	0.999985	FALSE	NA	NA	NA	NA	NA	NA
NC_045512.2	10609	T	C	15393	3260	41	2	1	51	0.000129904	15396	0.249992	FALSE	NA	NA	NA	NA	NA	NA
NC_045512.2	10609	T	A	15393	3260	41	1	0	24	6.49519e-05	15396	1	FALSE	NA	NA	NA	NA	NA	NA
NC_045512.2	10610	G	A	15606	3302	42	3	1	34	0.000192197	15609	0.999346	FALSE	NA	NA	NA	NA	NA	NA
NC_045512.2	10611	T	G	15391	3149	40	2	0	34	0.000129921	15394	0.999863	FALSE	NA	NA	NA	NA	NA	NA
NC_045512.2	10611	T	A	15391	3149	40	1	0	34	6.49604e-05	15394	0.999985	FALSE	NA	NA	NA	NA	NA	NA
NC_045512.2	10612	T	G	15570	3360	42	1	0	34	6.42096e-05	15574	0.999985	FALSE	NA	NA	NA	NA	NA	NA
NC_045512.2	10612	T	C	15570	3360	42	3	0	34	0.000192629	15574	0.999346	FALSE	NA	NA	NA	NA	NA	NA
NC_045512.2	10614	A	G	15746	3366	42	1	0	34	6.35042e-05	15747	0.999985	FALSE	NA	NA	NA	NA	NA	NA
NC_045512.2	10615	C	G	16066	3383	42	1	0	34	6.22394e-05	16067	0.999992	FALSE	NA	NA	NA	NA	NA	NA
NC_045512.2	10616	A	G	16027	3404	42	2	0	34	0.000124774	16029	0.999928	FALSE	NA	NA	NA	NA	NA	NA
NC_045512.2	10617	G	A	16648	3430	42	1	1	34	6.00637e-05	16649	0.999992	FALSE	NA	NA	NA	NA	NA	NA
NC_045512.2	10618	G	T	16674	3521	42	1	0	24	5.99592e-05	16678	1	FALSE	NA	NA	NA	NA	NA	NA
NC_045512.2	10618	G	A	16674	3521	42	3	0	34	0.000179878	16678	0.999637	FALSE	NA	NA	NA	NA	NA	NA
NC_045512.2	10619	C	G	16703	3534	42	1	0	26	5.98659e-05	16704	1	FALSE	NA	NA	NA	NA	NA	NA
NC_045512.2	10619	C	-A	16703	3534	42	3	0	20	0.000179598	16704	1	FALSE	NA	NA	NA	NA	NA	NA
NC_045512.2	10620	A	T	16790	3815	43	1	0	34	5.95522e-05	16792	0.999992	FALSE	NA	NA	NA	NA	NA	NA
NC_045512.2	10620	A	G	16790	3815	43	1	0	34	5.95522e-05	16792	0.999992	FALSE	NA	NA	NA	NA	NA	NA
NC_045512.2	10621	A	T	16506	3803	43	2	0	30	0.000121146	16509	0.999928	FALSE	NA	NA	NA	NA	NA	NA
NC_045512.2	10621	A	G	16506	3803	43	1	0	34	6.0573e-05	16509	0.999992	FALSE	NA	NA	NA	NA	NA	NA
NC_045512.2	10622	A	C	12358	3827	40	1	0	26	8.09127e-05	12359	1	FALSE	NA	NA	NA	NA	NA	NA
NC_045512.2	10623	C	G	17011	3845	43	1	0	34	5.87786e-05	17013	0.999996	FALSE	NA	NA	NA	NA	NA	NA
NC_045512.2	10623	C	A	17011	3845	43	1	0	26	5.87786e-05	17013	1	FALSE	NA	NA	NA	NA	NA	NA
NC_045512.2	10624	A	T	17209	3866	43	1	0	34	5.80923e-05	17214	0.999996	FALSE	NA	NA	NA	NA	NA	NA
NC_045512.2	10624	A	G	17209	3866	43	4	2	59	0.000232369	17214	0.0624891	FALSE	NA	NA	NA	NA	NA	NA
NC_045512.2	10625	G	A	17481	3883	43	1	0	68	5.72017e-05	17482	0.500014	FALSE	NA	NA	NA	NA	NA	NA
NC_045512.2	10626	C	T	17386	4305	44	2	0	34	0.000115009	17390	0.999962	FALSE	NA	NA	NA	NA	NA	NA
NC_045512.2	10626	C	G	17386	4305	44	2	0	34	0.000115009	17390	0.999962	FALSE	NA	NA	NA	NA	NA	NA
NC_045512.2	10627	A	T	17602	4331	45	1	1	20	5.6802e-05	17605	1	FALSE	NA	NA	NA	NA	NA	NA
NC_045512.2	10627	A	G	17602	4331	45	2	1	34	0.000113604	17605	0.999962	FALSE	NA	NA	NA	NA	NA	NA
NC_045512.2	10628	C	T	17562	4308	45	2	0	51	0.000113869	17564	0.250007	FALSE	NA	NA	NA	NA	NA	NA
NC_045512.2	10629	A	T	17686	4318	45	1	0	68	5.65227e-05	17692	0.499943	FALSE	NA	NA	NA	NA	NA	NA
NC_045512.2	10629	A	G	17686	4318	45	5	1	40	0.000282614	17692	0.109355	FALSE	NA	NA	NA	NA	NA	NA
NC_045512.2	10630	A	T	17636	4330	45	1	1	24	5.66926e-05	17639	1	FALSE	NA	NA	NA	NA	NA	NA
NC_045512.2	10630	A	G	17636	4330	45	2	1	34	0.000113385	17639	0.999962	FALSE	NA	NA	NA	NA	NA	NA
NC_045512.2	10631	G	A	17645	4332	44	1	0	27	5.66701e-05	17646	1	FALSE	NA	NA	NA	NA	NA	NA
NC_045512.2	10632	C	T	17817	4361	44	1	0	34	5.61199e-05	17819	0.999996	FALSE	NA	NA	NA	NA	NA	NA
NC_045512.2	10632	C	G	17817	4361	44	1	0	27	5.61199e-05	17819	1	FALSE	NA	NA	NA	NA	NA	NA
NC_045512.2	10633	A	T	17925	4350	45	1	1	27	5.57724e-05	17930	1	FALSE	NA	NA	NA	NA	NA	NA
NC_045512.2	10633	A	G	17925	4350	45	4	1	32	0.00022309	17930	0.999257	FALSE	NA	NA	NA	NA	NA	NA
NC_045512.2	10634	G	T	18014	4355	44	2	0	34	0.000111012	18016	0.99998	FALSE	NA	NA	NA	NA	NA	NA
NC_045512.2	10635	C	T	18005	4951	47	1	1	46	5.5534e-05	18007	0.750007	FALSE	NA	NA	NA	NA	NA	NA
NC_045512.2	10635	C	G	18005	4951	47	1	1	68	5.5534e-05	18007	0.5	FALSE	NA	NA	NA	NA	NA	NA
NC_045512.2	10636	T	G	18041	4891	46	1	0	34	5.54262e-05	18042	0.999998	FALSE	NA	NA	NA	NA	NA	NA
NC_045512.2	10638	G	A	18819	5095	46	4	0	32	0.000212506	18823	0.999574	FALSE	NA	NA	NA	NA	NA	NA
NC_045512.2	10639	T	G	18869	5361	48	1	0	26	5.29886e-05	18872	1	FALSE	NA	NA	NA	NA	NA	NA
NC_045512.2	10639	T	C	18869	5361	48	1	0	38	5.29886e-05	18872	0.999998	FALSE	NA	NA	NA	NA	NA	NA
NC_045512.2	10639	T	A	18869	5361	48	1	0	34	5.29886e-05	18872	0.999998	FALSE	NA	NA	NA	NA	NA	NA
NC_045512.2	10640	A	G	18898	5464	47	2	0	34	0.00010582	18900	0.99998	FALSE	NA	NA	NA	NA	NA	NA
NC_045512.2	10641	C	T	18735	5501	48	4	2	51	0.000213447	18740	0.06249	FALSE	NA	NA	NA	NA	NA	NA
NC_045512.2	10641	C	G	18735	5501	48	1	0	68	5.33618e-05	18740	0.49996	FALSE	NA	NA	NA	NA	NA	NA
NC_045512.2	10642	G	A	19447	5552	48	1	1	68	5.14192e-05	19448	0.500013	FALSE	NA	NA	NA	NA	NA	NA
NC_045512.2	10643	G	A	19667	5574	48	6	0	32	0.000304987	19673	0.997968	FALSE	NA	NA	NA	NA	NA	NA
NC_045512.2	10643	G	-ACACAA	19667	5574	48	1	0	20	5.08311e-05	19673	1	FALSE	NA	NA	NA	NA	NA	NA
NC_045512.2	10644	A	T	19810	5706	48	1	0	26	5.04719e-05	19813	1	FALSE	NA	NA	NA	NA	NA	NA
NC_045512.2	10644	A	G	19810	5706	48	2	0	29	0.000100944	19813	1	FALSE	NA	NA	NA	NA	NA	NA
NC_045512.2	10645	C	T	19735	5713	48	1	0	26	5.06688e-05	19736	1	FALSE	NA	NA	NA	NA	NA	NA
NC_045512.2	10646	A	T	19554	5782	48	3	2	26	0.000153398	19557	1	FALSE	NA	NA	NA	NA	NA	NA
NC_045512.2	10647	C	T	20425	5863	48	3	1	49	0.000146843	20430	0.499954	FALSE	NA	NA	NA	NA	NA	NA
NC_045512.2	10647	C	A	20425	5863	48	2	0	29	9.78953e-05	20430	1	FALSE	NA	NA	NA	NA	NA	NA
NC_045512.2	10648	A	T	20444	5892	48	4	1	37	0.000195609	20449	0.999862	FALSE	NA	NA	NA	NA	NA	NA
NC_045512.2	10648	A	G	20444	5892	48	1	1	68	4.89021e-05	20449	0.499951	FALSE	NA	NA	NA	NA	NA	NA
NC_045512.2	10649	A	T	20593	5925	48	1	0	26	4.85531e-05	20596	1	FALSE	NA	NA	NA	NA	NA	NA
NC_045512.2	10649	A	G	20593	5925	48	2	0	26	9.71062e-05	20596	1	FALSE	NA	NA	NA	NA	NA	NA
NC_045512.2	10650	C	G	22804	6123	47	1	0	34	4.38443e-05	22808	1	FALSE	NA	NA	NA	NA	NA	NA
NC_045512.2	10650	C	A	22804	6123	47	3	1	31	0.000131533	22808	0.99999	FALSE	NA	NA	NA	NA	NA	NA
NC_045512.2	10650	C	+GCGCGG	22804	6123	47	1	0	20	4.38443e-05	22808	1	FALSE	NA	NA	NA	NA	NA	NA
NC_045512.2	10651	T	G	22610	5908	45	2	0	34	8.84291e-05	22617	0.999999	FALSE	NA	NA	NA	NA	NA	NA
NC_045512.2	10651	T	C	22610	5908	45	1	0	24	4.42145e-05	22617	1	FALSE	NA	NA	NA	NA	NA	NA
NC_045512.2	10651	T	A	22610	5908	45	4	2	28	0.000176858	22617	1	FALSE	NA	NA	NA	NA	NA	NA
NC_045512.2	10652	A	T	22687	6160	47	2	0	29	8.81407e-05	22691	1	FALSE	NA	NA	NA	NA	NA	NA
NC_045512.2	10652	A	G	22687	6160	47	2	1	68	8.81407e-05	22691	0.249983	FALSE	NA	NA	NA	NA	NA	NA
NC_045512.2	10653	T	G	22875	6187	47	1	0	27	4.37139e-05	22876	1	FALSE	NA	NA	NA	NA	NA	NA
NC_045512.2	10654	T	C	22817	6262	48	1	0	68	4.38231e-05	22819	0.5	FALSE	NA	NA	NA	NA	NA	NA
NC_045512.2	10654	T	A	22817	6262	48	1	0	26	4.38231e-05	22819	1	FALSE	NA	NA	NA	NA	NA	NA
NC_045512.2	10655	A	T	22434	6237	47	3	1	30	0.000133708	22437	0.99999	FALSE	NA	NA	NA	NA	NA	NA
NC_045512.2	10656	C	T	23167	6281	47	4	1	68	0.000172622	23172	0.0624919	FALSE	NA	NA	NA	NA	NA	NA
NC_045512.2	10656	C	G	23167	6281	47	1	0	34	4.31555e-05	23172	1	FALSE	NA	NA	NA	NA	NA	NA
NC_045512.2	10657	A	T	23256	6250	47	1	0	34	4.2996e-05	23258	1	FALSE	NA	NA	NA	NA	NA	NA
NC_045512.2	10657	A	G	23256	6250	47	1	0	34	4.2996e-05	23258	1	FALSE	NA	NA	NA	NA	NA	NA
NC_045512.2	10658	G	A	23396	6269	47	3	1	45	0.000128211	23399	0.50002	FALSE	NA	NA	NA	NA	NA	NA
NC_045512.2	10659	T	G	22746	5880	43	4	4	25	0.000175809	22752	1	FALSE	NA	NA	NA	NA	NA	NA
NC_045512.2	10659	T	C	22746	5880	43	2	1	46	8.79044e-05	22752	0.687459	FALSE	NA	NA	NA	NA	NA	NA
NC_045512.2	10660	T	C	23350	6911	49	2	0	68	8.56421e-05	23353	0.249995	FALSE	NA	NA	NA	NA	NA	NA
NC_045512.2	10660	T	A	23350	6911	49	1	0	34	4.28211e-05	23353	1	FALSE	NA	NA	NA	NA	NA	NA
NC_045512.2	10661	A	T	23327	7045	49	1	1	20	4.28614e-05	23331	1	FALSE	NA	NA	NA	NA	NA	NA
NC_045512.2	10661	A	G	23327	7045	49	3	2	51	0.000128584	23331	0.124992	FALSE	NA	NA	NA	NA	NA	NA
NC_045512.2	10662	A	T	21442	7098	47	2	0	34	9.32662e-05	21444	0.999997	FALSE	NA	NA	NA	NA	NA	NA
NC_045512.2	10663	T	G	23608	7099	49	1	0	34	4.23567e-05	23609	1	FALSE	NA	NA	NA	NA	NA	NA
NC_045512.2	10664	G	A	24120	7138	49	3	0	34	0.000124363	24123	0.999997	FALSE	NA	NA	NA	NA	NA	NA
NC_045512.2	10665	T	C	23985	7145	49	1	0	60	4.16875e-05	23988	0.49999	FALSE	NA	NA	NA	NA	NA	NA
NC_045512.2	10665	T	A	23985	7145	49	2	0	30	8.3375e-05	23988	0.999999	FALSE	NA	NA	NA	NA	NA	NA
NC_045512.2	10666	T	G	24002	7239	50	1	0	34	4.1658e-05	24005	1	FALSE	NA	NA	NA	NA	NA	NA
NC_045512.2	10666	T	C	24002	7239	50	2	1	25	8.3316e-05	24005	1	FALSE	NA	NA	NA	NA	NA	NA
NC_045512.2	10667	T	C	24090	7257	50	1	0	34	4.15093e-05	24091	1	FALSE	NA	NA	NA	NA	NA	NA
NC_045512.2	10668	T	C	23887	7284	50	2	1	51	8.37205e-05	23889	0.250005	FALSE	NA	NA	NA	NA	NA	NA
NC_045512.2	10669	A	T	24114	7295	50	1	1	27	4.14628e-05	24118	1	FALSE	NA	NA	NA	NA	NA	NA
NC_045512.2	10669	A	G	24114	7295	50	2	1	68	8.29256e-05	24118	0.249984	FALSE	NA	NA	NA	NA	NA	NA
NC_045512.2	10669	A	C	24114	7295	50	1	1	27	4.14628e-05	24118	1	FALSE	NA	NA	NA	NA	NA	NA
NC_045512.2	10671	C	G	24056	7332	50	2	1	30	8.3129e-05	24059	1	FALSE	NA	NA	NA	NA	NA	NA
NC_045512.2	10671	C	A	24056	7332	50	1	0	34	4.15645e-05	24059	1	FALSE	NA	NA	NA	NA	NA	NA
NC_045512.2	10672	T	C	24039	7158	47	1	0	26	4.15973e-05	24040	1	FALSE	NA	NA	NA	NA	NA	NA
NC_045512.2	10673	T	C	24164	7280	50	3	1	49	0.000124126	24169	0.499981	FALSE	NA	NA	NA	NA	NA	NA
NC_045512.2	10673	T	A	24164	7280	50	2	0	30	8.27506e-05	24169	1	FALSE	NA	NA	NA	NA	NA	NA
NC_045512.2	10675	G	A	25972	7437	49	1	0	34	3.85015e-05	25973	1	FALSE	NA	NA	NA	NA	NA	NA
NC_045512.2	10676	T	A	26094	7559	50	7	1	36	0.000268189	26101	0.999839	FALSE	NA	NA	NA	NA	NA	NA
NC_045512.2	10677	T	A	26047	7557	50	1	0	68	3.83907e-05	26048	0.50001	FALSE	NA	NA	NA	NA	NA	NA
NC_045512.2	10678	G	A	26125	7565	50	4	1	51	0.000153087	26129	0.0624976	FALSE	NA	NA	NA	NA	NA	NA
NC_045512.2	10679	T	C	25976	7522	49	1	1	60	3.84941e-05	25978	0.5	FALSE	NA	NA	NA	NA	NA	NA
NC_045512.2	10679	T	A	25976	7522	49	1	0	27	3.84941e-05	25978	1	FALSE	NA	NA	NA	NA	NA	NA
NC_045512.2	10680	A	G	26311	7604	49	1	0	68	3.80055e-05	26312	0.50001	FALSE	NA	NA	NA	NA	NA	NA
NC_045512.2	10681	C	T	26061	7687	50	3	1	42	0.000115092	26066	0.499982	FALSE	NA	NA	NA	NA	NA	NA
NC_045512.2	10681	C	G	26061	7687	50	2	0	30	7.67283e-05	26066	1	FALSE	NA	NA	NA	NA	NA	NA
NC_045512.2	10682	G	T	26109	7615	50	1	1	34	3.82951e-05	26113	1	FALSE	NA	NA	NA	NA	NA	NA
NC_045512.2	10682	G	A	26109	7615	50	3	2	56	0.000114885	26113	0.124993	FALSE	NA	NA	NA	NA	NA	NA
NC_045512.2	10683	C	G	26172	7725	50	3	0	31	0.000114604	26177	0.999999	FALSE	NA	NA	NA	NA	NA	NA
NC_045512.2	10683	C	A	26172	7725	50	2	1	68	7.64029e-05	26177	0.249976	FALSE	NA	NA	NA	NA	NA	NA
NC_045512.2	10684	T	G	25335	7291	50	1	0	46	3.94602e-05	25342	0.87497	FALSE	NA	NA	NA	NA	NA	NA
NC_045512.2	10684	T	C	25335	7291	50	3	0	45	0.000118381	25342	0.499945	FALSE	NA	NA	NA	NA	NA	NA
NC_045512.2	10684	T	A	25335	7291	50	3	0	30	0.000118381	25342	0.999998	FALSE	NA	NA	NA	NA	NA	NA
NC_045512.2	10685	G	C	25505	7302	50	1	0	34	3.92019e-05	25509	1	FALSE	NA	NA	NA	NA	NA	NA
NC_045512.2	10685	G	A	25505	7302	50	3	0	68	0.000117606	25509	0.124993	FALSE	NA	NA	NA	NA	NA	NA
NC_045512.2	10686	C	T	25330	7500	50	4	1	45	0.000157866	25338	0.343685	FALSE	NA	NA	NA	NA	NA	NA
NC_045512.2	10686	C	G	25330	7500	50	1	0	26	3.94664e-05	25338	1	FALSE	NA	NA	NA	NA	NA	NA
NC_045512.2	10686	C	A	25330	7500	50	3	0	34	0.000118399	25338	0.999998	FALSE	NA	NA	NA	NA	NA	NA
NC_045512.2	10687	T	C	25442	7458	50	9	1	45	0.000353621	25451	0.0327053	FALSE	NA	NA	NA	NA	NA	NA
NC_045512.2	10688	G	T	26141	7501	49	1	0	34	3.82512e-05	26143	1	FALSE	NA	NA	NA	NA	NA	NA
NC_045512.2	10688	G	A	26141	7501	49	1	1	68	3.82512e-05	26143	0.5	FALSE	NA	NA	NA	NA	NA	NA
NC_045512.2	10688	G	-T	26141	7501	49	1	0	20	3.82512e-05	26143	1	FALSE	NA	NA	NA	NA	NA	NA
NC_045512.2	10689	T	C	26118	7521	50	2	0	51	7.65609e-05	26123	0.249967	FALSE	NA	NA	NA	NA	NA	NA
NC_045512.2	10689	T	A	26118	7521	50	3	0	28	0.000114841	26123	1	FALSE	NA	NA	NA	NA	NA	NA
NC_045512.2	10690	T	C	26078	7486	49	2	0	29	7.66783e-05	26083	1	FALSE	NA	NA	NA	NA	NA	NA
NC_045512.2	10690	T	A	26078	7486	49	3	1	32	0.000115017	26083	0.999999	FALSE	NA	NA	NA	NA	NA	NA
NC_045512.2	10691	A	T	26011	7594	49	2	0	27	7.68787e-05	26015	1	FALSE	NA	NA	NA	NA	NA	NA
NC_045512.2	10691	A	G	26011	7594	49	2	0	34	7.68787e-05	26015	1	FALSE	NA	NA	NA	NA	NA	NA
NC_045512.2	10692	T	-A	25970	7644	50	2	0	20	7.70119e-05	25970	1	FALSE	NA	NA	NA	NA	NA	NA
NC_045512.2	10693	A	T	24946	7890	48	4	0	29	0.000160314	24951	1	FALSE	NA	NA	NA	NA	NA	NA
NC_045512.2	10693	A	G	24946	7890	48	1	1	68	4.00786e-05	24951	0.49995	FALSE	NA	NA	NA	NA	NA	NA
NC_045512.2	10694	A	T	25592	8324	49	1	0	34	3.90671e-05	25597	1	FALSE	NA	NA	NA	NA	NA	NA
NC_045512.2	10694	A	G	25592	8324	49	4	2	38	0.000156268	25597	0.999992	FALSE	NA	NA	NA	NA	NA	NA
NC_045512.2	10695	A	T	24066	8330	47	1	1	34	4.15472e-05	24069	1	FALSE	NA	NA	NA	NA	NA	NA
NC_045512.2	10695	A	C	24066	8330	47	2	1	25	8.30944e-05	24069	1	FALSE	NA	NA	NA	NA	NA	NA
NC_045512.2	10696	T	C	25391	8580	48	5	2	35	0.000196881	25396	0.99997	FALSE	NA	NA	NA	NA	NA	NA
NC_045512.2	10697	G	T	25059	8363	48	1	1	20	3.99026e-05	25061	1	FALSE	NA	NA	NA	NA	NA	NA
NC_045512.2	10697	G	C	25059	8363	48	1	1	26	3.99026e-05	25061	1	FALSE	NA	NA	NA	NA	NA	NA
NC_045512.2	10698	G	T	25028	8414	48	2	0	30	7.98945e-05	25033	1	FALSE	NA	NA	NA	NA	NA	NA
NC_045512.2	10698	G	C	25028	8414	48	1	1	27	3.99473e-05	25033	1	FALSE	NA	NA	NA	NA	NA	NA
NC_045512.2	10698	G	A	25028	8414	48	2	1	47	7.98945e-05	25033	0.687478	FALSE	NA	NA	NA	NA	NA	NA
NC_045512.2	10699	A	T	25261	8403	49	3	0	34	0.000118737	25266	0.999998	FALSE	NA	NA	NA	NA	NA	NA
NC_045512.2	10699	A	G	25261	8403	49	2	1	51	7.91578e-05	25266	0.249975	FALSE	NA	NA	NA	NA	NA	NA
NC_045512.2	10700	G	A	25306	8446	48	2	1	57	7.90264e-05	25308	0.250005	FALSE	NA	NA	NA	NA	NA	NA
NC_045512.2	10701	A	T	24351	8764	46	3	0	31	0.000123178	24355	0.999997	FALSE	NA	NA	NA	NA	NA	NA
NC_045512.2	10701	A	C	24351	8764	46	1	0	24	4.10593e-05	24355	1	FALSE	NA	NA	NA	NA	NA	NA
NC_045512.2	10702	C	T	25180	8751	48	1	1	68	3.97109e-05	25182	0.5	FALSE	NA	NA	NA	NA	NA	NA
NC_045512.2	10702	C	G	25180	8751	48	1	0	34	3.97109e-05	25182	1	FALSE	NA	NA	NA	NA	NA	NA
NC_045512.2	10703	A	T	24980	8692	47	4	1	32	0.000160045	24993	0.999986	FALSE	NA	NA	NA	NA	NA	NA
NC_045512.2	10703	A	G	24980	8692	47	9	4	49	0.000360101	24993	0.0326858	FALSE	NA	NA	NA	NA	NA	NA
NC_045512.2	10704	G	C	25330	8692	47	1	0	20	3.94742e-05	25333	1	FALSE	NA	NA	NA	NA	NA	NA
NC_045512.2	10704	G	A	25330	8692	47	2	1	68	7.89484e-05	25333	0.249995	FALSE	NA	NA	NA	NA	NA	NA
NC_045512.2	10704	G	-GTGGTTT	25330	8692	47	1	0	20	3.94742e-05	25333	1	FALSE	NA	NA	NA	NA	NA	NA
NC_045512.2	10705	G	C	25440	9555	49	2	1	30	7.86071e-05	25443	1	FALSE	NA	NA	NA	NA	NA	NA
NC_045512.2	10705	G	A	25440	9555	49	1	0	34	3.93035e-05	25443	1	FALSE	NA	NA	NA	NA	NA	NA
NC_045512.2	10707	G	T	25403	9578	49	2	2	47	7.87216e-05	25406	0.687493	FALSE	NA	NA	NA	NA	NA	NA
NC_045512.2	10707	G	C	25403	9578	49	1	0	20	3.93608e-05	25406	1	FALSE	NA	NA	NA	NA	NA	NA
NC_045512.2	10708	G	A	25405	9758	49	2	0	34	7.87185e-05	25407	1	FALSE	NA	NA	NA	NA	NA	NA
NC_045512.2	10709	T	G	25347	9719	49	1	0	68	3.94477e-05	25350	0.49998	FALSE	NA	NA	NA	NA	NA	NA
NC_045512.2	10709	T	C	25347	9719	49	2	1	51	7.88955e-05	25350	0.249985	FALSE	NA	NA	NA	NA	NA	NA
NC_045512.2	10710	T	G	25373	9751	49	2	1	30	7.88115e-05	25377	1	FALSE	NA	NA	NA	NA	NA	NA
NC_045512.2	10710	T	C	25373	9751	49	2	2	46	7.88115e-05	25377	0.687478	FALSE	NA	NA	NA	NA	NA	NA
NC_045512.2	10711	T	G	23498	8296	45	1	0	34	4.25459e-05	23504	1	FALSE	NA	NA	NA	NA	NA	NA
NC_045512.2	10711	T	C	23498	8296	45	4	0	45	0.000170184	23504	0.3437	FALSE	NA	NA	NA	NA	NA	NA
NC_045512.2	10711	T	A	23498	8296	45	1	0	34	4.25459e-05	23504	1	FALSE	NA	NA	NA	NA	NA	NA
NC_045512.2	10712	C	T	24988	9989	48	1	0	34	4.00176e-05	24989	1	FALSE	NA	NA	NA	NA	NA	NA
NC_045512.2	10712	C	+CCCAAAC	24988	9989	48	1	0	20	4.00176e-05	24989	1	FALSE	NA	NA	NA	NA	NA	NA
NC_045512.2	10713	T	G	25052	9934	49	1	0	34	3.99074e-05	25058	1	FALSE	NA	NA	NA	NA	NA	NA
NC_045512.2	10713	T	C	25052	9934	49	4	2	42	0.00015963	25058	0.343722	FALSE	NA	NA	NA	NA	NA	NA
NC_045512.2	10713	T	A	25052	9934	49	1	1	34	3.99074e-05	25058	1	FALSE	NA	NA	NA	NA	NA	NA
NC_045512.2	10714	C	T	24829	9934	48	1	0	68	4.0269e-05	24833	0.49998	FALSE	NA	NA	NA	NA	NA	NA
NC_045512.2	10714	C	G	24829	9934	48	3	0	45	0.000120807	24833	0.5	FALSE	NA	NA	NA	NA	NA	NA
NC_045512.2	10715	A	G	24853	9923	48	5	0	40	0.000201142	24858	0.226562	FALSE	NA	NA	NA	NA	NA	NA
NC_045512.2	10716	A	T	24724	10032	48	1	0	26	4.04384e-05	24729	1	FALSE	NA	NA	NA	NA	NA	NA
NC_045512.2	10716	A	G	24724	10032	48	4	1	42	0.000161753	24729	0.343741	FALSE	NA	NA	NA	NA	NA	NA
NC_045512.2	10717	T	C	24890	10026	48	1	1	24	4.01735e-05	24892	1	FALSE	NA	NA	NA	NA	NA	NA
NC_045512.2	10717	T	A	24890	10026	48	1	0	27	4.01735e-05	24892	1	FALSE	NA	NA	NA	NA	NA	NA
NC_045512.2	10718	C	A	24872	10012	48	1	0	20	4.02042e-05	24873	1	FALSE	NA	NA	NA	NA	NA	NA
NC_045512.2	10719	G	C	24808	10025	48	1	1	24	4.03047e-05	24811	1	FALSE	NA	NA	NA	NA	NA	NA
NC_045512.2	10719	G	A	24808	10025	48	2	1	47	8.06094e-05	24811	0.687508	FALSE	NA	NA	NA	NA	NA	NA
NC_045512.2	10720	A	C	25391	10212	48	1	1	34	3.93825e-05	25392	1	FALSE	NA	NA	NA	NA	NA	NA
NC_045512.2	10720	A	-T	25391	10212	48	1	0	20	3.93825e-05	25392	1	FALSE	NA	NA	NA	NA	NA	NA
NC_045512.2	10721	T	C	24638	9868	46	1	1	26	4.05828e-05	24641	1	FALSE	NA	NA	NA	NA	NA	NA
NC_045512.2	10721	T	A	24638	9868	46	2	0	30	8.11655e-05	24641	1	FALSE	NA	NA	NA	NA	NA	NA
NC_045512.2	10722	T	G	25218	10469	48	1	1	34	3.96448e-05	25224	1	FALSE	NA	NA	NA	NA	NA	NA
NC_045512.2	10722	T	C	25218	10469	48	2	0	40	7.92896e-05	25224	0.687463	FALSE	NA	NA	NA	NA	NA	NA
NC_045512.2	10722	T	A	25218	10469	48	3	2	26	0.000118934	25224	1	FALSE	NA	NA	NA	NA	NA	NA
NC_045512.2	10723	T	C	24175	9722	45	1	1	34	4.13582e-05	24179	1	FALSE	NA	NA	NA	NA	NA	NA
NC_045512.2	10723	T	A	24175	9722	45	3	3	33	0.000124075	24179	0.999997	FALSE	NA	NA	NA	NA	NA	NA
NC_045512.2	10723	T	+A	24175	9722	45	1	0	20	4.13582e-05	24179	1	FALSE	NA	NA	NA	NA	NA	NA
NC_045512.2	10724	A	G	25254	10538	47	3	1	42	0.000118779	25257	0.500019	FALSE	NA	NA	NA	NA	NA	NA
NC_045512.2	10725	C	T	25271	10925	46	1	1	34	3.95695e-05	25272	1	FALSE	NA	NA	NA	NA	NA	NA
NC_045512.2	10725	C	-CA	25271	10925	46	1	0	20	3.95695e-05	25272	1	FALSE	NA	NA	NA	NA	NA	NA
NC_045512.2	10726	C	T	25234	11154	47	1	1	68	3.96275e-05	25235	0.5	FALSE	NA	NA	NA	NA	NA	NA
NC_045512.2	10727	A	T	25408	11130	47	2	1	30	7.86968e-05	25414	1	FALSE	NA	NA	NA	NA	NA	NA
NC_045512.2	10727	A	G	25408	11130	47	4	2	37	0.000157394	25414	0.999992	FALSE	NA	NA	NA	NA	NA	NA
NC_045512.2	10728	C	T	25370	11205	47	2	1	34	7.88208e-05	25374	1	FALSE	NA	NA	NA	NA	NA	NA
NC_045512.2	10728	C	G	25370	11205	47	1	0	34	3.94104e-05	25374	1	FALSE	NA	NA	NA	NA	NA	NA
NC_045512.2	10728	C	A	25370	11205	47	1	0	34	3.94104e-05	25374	1	FALSE	NA	NA	NA	NA	NA	NA
NC_045512.2	10729	A	C	25120	10975	47	1	1	34	3.98073e-05	25121	1	FALSE	NA	NA	NA	NA	NA	NA
NC_045512.2	10730	A	G	24897	11186	46	3	1	42	0.000120477	24901	0.5	FALSE	NA	NA	NA	NA	NA	NA
NC_045512.2	10730	A	C	24897	11186	46	1	1	34	4.0159e-05	24901	1	FALSE	NA	NA	NA	NA	NA	NA
NC_045512.2	10732	T	C	24151	11217	43	2	0	34	8.27883e-05	24158	1	FALSE	NA	NA	NA	NA	NA	NA
NC_045512.2	10732	T	A	24151	11217	43	5	4	34	0.000206971	24158	0.999948	FALSE	NA	NA	NA	NA	NA	NA
NC_045512.2	10733	C	G	25274	12035	44	1	1	34	3.95648e-05	25275	1	FALSE	NA	NA	NA	NA	NA	NA
NC_045512.2	10734	T	C	24714	11453	44	5	3	42	0.000202265	24720	0.226546	FALSE	NA	NA	NA	NA	NA	NA
NC_045512.2	10734	T	A	24714	11453	44	1	0	34	4.04531e-05	24720	1	FALSE	NA	NA	NA	NA	NA	NA
NC_045512.2	10735	T	A	25041	12058	45	3	0	45	0.000119789	25044	0.500019	FALSE	NA	NA	NA	NA	NA	NA
NC_045512.2	10735	T	-A	25041	12058	45	1	0	20	3.99297e-05	25044	1	FALSE	NA	NA	NA	NA	NA	NA
NC_045512.2	10736	A	T	25146	12248	45	2	1	47	7.95229e-05	25150	0.687478	FALSE	NA	NA	NA	NA	NA	NA
NC_045512.2	10736	A	G	25146	12248	45	1	1	60	3.97614e-05	25150	0.49997	FALSE	NA	NA	NA	NA	NA	NA
NC_045512.2	10736	A	C	25146	12248	45	1	1	27	3.97614e-05	25150	1	FALSE	NA	NA	NA	NA	NA	NA
NC_045512.2	10737	A	G	25007	12393	45	2	2	34	7.99712e-05	25009	1	FALSE	NA	NA	NA	NA	NA	NA
NC_045512.2	10738	T	G	25271	12407	45	1	0	34	3.95695e-05	25272	1	FALSE	NA	NA	NA	NA	NA	NA
NC_045512.2	10739	G	A	25308	12399	45	1	1	34	3.95116e-05	25309	1	FALSE	NA	NA	NA	NA	NA	NA
NC_045512.2	10740	A	T	25369	12164	45	1	0	24	3.94089e-05	25375	1	FALSE	NA	NA	NA	NA	NA	NA
NC_045512.2	10740	A	G	25369	12164	45	4	1	49	0.000157635	25375	0.343722	FALSE	NA	NA	NA	NA	NA	NA
NC_045512.2	10740	A	C	25369	12164	45	1	1	34	3.94089e-05	25375	1	FALSE	NA	NA	NA	NA	NA	NA
NC_045512.2	10741	C	A	25938	12255	45	1	0	27	3.8552e-05	25939	1	FALSE	NA	NA	NA	NA	NA	NA
NC_045512.2	10741	C	-T	25938	12255	45	1	0	20	3.8552e-05	25939	1	FALSE	NA	NA	NA	NA	NA	NA
NC_045512.2	10742	T	C	25050	11323	44	3	1	35	0.000119746	25053	0.999998	FALSE	NA	NA	NA	NA	NA	NA
NC_045512.2	10743	T	C	24899	11257	44	1	1	34	4.01606e-05	24900	1	FALSE	NA	NA	NA	NA	NA	NA
NC_045512.2	10744	T	C	25430	11985	45	1	1	68	3.93174e-05	25434	0.49998	FALSE	NA	NA	NA	NA	NA	NA
NC_045512.2	10744	T	A	25430	11985	45	3	2	27	0.000117952	25434	1	FALSE	NA	NA	NA	NA	NA	NA
NC_045512.2	10746	A	T	24894	12463	44	2	2	30	8.03245e-05	24899	1	FALSE	NA	NA	NA	NA	NA	NA
NC_045512.2	10746	A	G	24894	12463	44	3	2	56	0.000120487	24899	0.124985	FALSE	NA	NA	NA	NA	NA	NA
NC_045512.2	10747	C	T	25357	12490	44	4	4	32	0.000157716	25362	0.999992	FALSE	NA	NA	NA	NA	NA	NA
NC_045512.2	10747	C	A	25357	12490	44	1	0	34	3.94291e-05	25362	1	FALSE	NA	NA	NA	NA	NA	NA
NC_045512.2	10748	C	T	25240	12575	45	1	1	34	3.96149e-05	25243	1	FALSE	NA	NA	NA	NA	NA	NA
NC_045512.2	10748	C	G	25240	12575	45	1	0	34	3.96149e-05	25243	1	FALSE	NA	NA	NA	NA	NA	NA
NC_045512.2	10748	C	A	25240	12575	45	1	0	34	3.96149e-05	25243	1	FALSE	NA	NA	NA	NA	NA	NA
NC_045512.2	10748	C	-T	25240	12575	45	1	0	20	3.96149e-05	25243	1	FALSE	NA	NA	NA	NA	NA	NA
NC_045512.2	10749	T	C	24712	11974	45	5	2	37	0.00020229	24717	0.999948	FALSE	NA	NA	NA	NA	NA	NA
NC_045512.2	10750	T	G	23991	11407	46	1	0	34	4.16736e-05	23996	1	FALSE	NA	NA	NA	NA	NA	NA
NC_045512.2	10750	T	C	23991	11407	46	3	3	68	0.000125021	23996	0.124984	FALSE	NA	NA	NA	NA	NA	NA
NC_045512.2	10750	T	A	23991	11407	46	1	1	34	4.16736e-05	23996	1	FALSE	NA	NA	NA	NA	NA	NA
NC_045512.2	10752	T	G	24162	11672	46	1	0	26	4.13719e-05	24171	1	FALSE	NA	NA	NA	NA	NA	NA
NC_045512.2	10752	T	C	24162	11672	46	3	0	62	0.000124116	24171	0.124953	FALSE	NA	NA	NA	NA	NA	NA
NC_045512.2	10752	T	A	24162	11672	46	5	1	30	0.000206859	24171	0.999948	FALSE	NA	NA	NA	NA	NA	NA
NC_045512.2	10752	T	-G	24162	11672	46	1	0	20	4.13719e-05	24171	1	FALSE	NA	NA	NA	NA	NA	NA
NC_045512.2	10753	G	T	24016	11590	46	3	3	31	0.000124896	24020	0.999997	FALSE	NA	NA	NA	NA	NA	NA
NC_045512.2	10753	G	C	24016	11590	46	1	1	34	4.1632e-05	24020	1	FALSE	NA	NA	NA	NA	NA	NA
NC_045512.2	10754	G	T	25209	15106	51	1	1	34	3.96668e-05	25210	1	FALSE	NA	NA	NA	NA	NA	NA
NC_045512.2	10755	C	G	25289	15588	52	3	2	22	0.000118615	25292	1	FALSE	NA	NA	NA	NA	NA	NA
NC_045512.2	10756	T	C	25154	15477	52	2	2	29	7.95039e-05	25156	1	FALSE	NA	NA	NA	NA	NA	NA
NC_045512.2	10757	A	G	24983	15280	51	1	0	38	4.00256e-05	24984	1	FALSE	NA	NA	NA	NA	NA	NA
NC_045512.2	10758	T	C	25541	16733	54	3	2	43	0.000117435	25546	0.499982	FALSE	NA	NA	NA	NA	NA	NA
NC_045512.2	10758	T	A	25541	16733	54	2	1	30	7.82901e-05	25546	1	FALSE	NA	NA	NA	NA	NA	NA
NC_045512.2	10759	G	A	25472	16683	54	1	1	68	3.92573e-05	25473	0.50001	FALSE	NA	NA	NA	NA	NA	NA
NC_045512.2	10760	A	T	25473	16732	53	1	0	20	3.92542e-05	25475	1	FALSE	NA	NA	NA	NA	NA	NA
NC_045512.2	10760	A	G	25473	16732	53	1	1	34	3.92542e-05	25475	1	FALSE	NA	NA	NA	NA	NA	NA
NC_045512.2	10761	A	T	25546	16826	54	1	1	26	3.91374e-05	25551	1	FALSE	NA	NA	NA	NA	NA	NA
NC_045512.2	10761	A	G	25546	16826	54	3	3	42	0.000117412	25551	0.499982	FALSE	NA	NA	NA	NA	NA	NA
NC_045512.2	10761	A	C	25546	16826	54	1	1	34	3.91374e-05	25551	1	FALSE	NA	NA	NA	NA	NA	NA
NC_045512.2	10762	G	T	25591	16678	53	1	0	68	3.90717e-05	25594	0.49999	FALSE	NA	NA	NA	NA	NA	NA
NC_045512.2	10762	G	C	25591	16678	53	1	1	27	3.90717e-05	25594	1	FALSE	NA	NA	NA	NA	NA	NA
NC_045512.2	10762	G	A	25591	16678	53	1	0	68	3.90717e-05	25594	0.49999	FALSE	NA	NA	NA	NA	NA	NA
NC_045512.2	10763	T	C	25824	17107	54	1	1	34	3.87192e-05	25827	1	FALSE	NA	NA	NA	NA	NA	NA
NC_045512.2	10763	T	A	25824	17107	54	2	1	47	7.74383e-05	25827	0.687507	FALSE	NA	NA	NA	NA	NA	NA
NC_045512.2	10764	A	T	25656	16979	54	3	3	26	0.0001169	25663	1	FALSE	NA	NA	NA	NA	NA	NA
NC_045512.2	10764	A	G	25656	16979	54	4	4	51	0.000155866	25663	0.062483	FALSE	NA	NA	NA	NA	NA	NA
NC_045512.2	10765	C	T	25789	17325	54	1	1	34	3.87747e-05	25790	1	FALSE	NA	NA	NA	NA	NA	NA
NC_045512.2	10766	A	T	25628	17199	54	1	1	26	3.90153e-05	25631	1	FALSE	NA	NA	NA	NA	NA	NA
NC_045512.2	10766	A	G	25628	17199	54	1	1	34	3.90153e-05	25631	1	FALSE	NA	NA	NA	NA	NA	NA
NC_045512.2	10766	A	C	25628	17199	54	1	1	34	3.90153e-05	25631	1	FALSE	NA	NA	NA	NA	NA	NA
NC_045512.2	10767	A	T	26117	17520	54	1	1	20	3.82819e-05	26122	1	FALSE	NA	NA	NA	NA	NA	NA
NC_045512.2	10767	A	G	26117	17520	54	4	2	36	0.000153128	26122	0.999996	FALSE	NA	NA	NA	NA	NA	NA
NC_045512.2	10768	T	C	26014	17671	54	2	1	35	7.68699e-05	26018	1	FALSE	NA	NA	NA	NA	NA	NA
NC_045512.2	10768	T	A	26014	17671	54	2	2	26	7.68699e-05	26018	1	FALSE	NA	NA	NA	NA	NA	NA
NC_045512.2	10769	T	C	25855	17485	53	1	0	68	3.86698e-05	25860	0.499971	FALSE	NA	NA	NA	NA	NA	NA
NC_045512.2	10769	T	A	25855	17485	53	4	3	33	0.000154679	25860	0.999992	FALSE	NA	NA	NA	NA	NA	NA
NC_045512.2	10770	A	T	26082	17763	54	1	1	26	3.83391e-05	26083	1	FALSE	NA	NA	NA	NA	NA	NA
NC_045512.2	10771	T	C	25499	17285	54	2	2	46	7.84221e-05	25503	0.687493	FALSE	NA	NA	NA	NA	NA	NA
NC_045512.2	10771	T	A	25499	17285	54	2	2	34	7.84221e-05	25503	1	FALSE	NA	NA	NA	NA	NA	NA
NC_045512.2	10772	G	T	25345	17138	54	1	1	34	3.94508e-05	25348	1	FALSE	NA	NA	NA	NA	NA	NA
NC_045512.2	10772	G	C	25345	17138	54	1	1	27	3.94508e-05	25348	1	FALSE	NA	NA	NA	NA	NA	NA
NC_045512.2	10772	G	A	25345	17138	54	1	0	68	3.94508e-05	25348	0.49999	FALSE	NA	NA	NA	NA	NA	NA
NC_045512.2	10773	A	T	25427	17208	53	2	1	27	7.86411e-05	25432	1	FALSE	NA	NA	NA	NA	NA	NA
NC_045512.2	10773	A	G	25427	17208	53	3	1	54	0.000117962	25432	0.124985	FALSE	NA	NA	NA	NA	NA	NA
NC_045512.2	10774	A	G	25325	17353	51	3	1	43	0.000118437	25330	0.499981	FALSE	NA	NA	NA	NA	NA	NA
NC_045512.2	10774	A	C	25325	17353	51	2	1	29	7.89578e-05	25330	1	FALSE	NA	NA	NA	NA	NA	NA
NC_045512.2	10775	C	T	25651	17573	54	1	1	34	3.89818e-05	25653	1	FALSE	NA	NA	NA	NA	NA	NA
NC_045512.2	10775	C	A	25651	17573	54	1	1	24	3.89818e-05	25653	1	FALSE	NA	NA	NA	NA	NA	NA
NC_045512.2	10776	C	T	25055	17023	54	1	1	34	3.99074e-05	25058	1	FALSE	NA	NA	NA	NA	NA	NA
NC_045512.2	10776	C	A	25055	17023	54	2	0	26	7.98148e-05	25058	1	FALSE	NA	NA	NA	NA	NA	NA
NC_045512.2	10777	T	C	23039	14934	50	2	1	51	8.67566e-05	23053	0.249875	FALSE	NA	NA	NA	NA	NA	NA
NC_045512.2	10777	T	A	23039	14934	50	12	10	31	0.00052054	23053	0.979552	FALSE	NA	NA	NA	NA	NA	NA
NC_045512.2	10778	C	A	24846	16776	54	1	0	20	4.02463e-05	24847	1	FALSE	NA	NA	NA	NA	NA	NA
NC_045512.2	10779	T	A	24149	16079	53	7	7	29	0.000289783	24156	1	FALSE	NA	NA	NA	NA	NA	NA
NC_045512.2	10780	A	G	24863	16802	54	1	0	38	4.02188e-05	24864	1	FALSE	NA	NA	NA	NA	NA	NA
NC_045512.2	10781	A	C	25128	17132	50	2	0	27	7.95862e-05	25130	1	FALSE	NA	NA	NA	NA	NA	NA
NC_045512.2	10782	C	A	25260	17184	54	1	0	27	3.95867e-05	25261	1	FALSE	NA	NA	NA	NA	NA	NA
NC_045512.2	10783	A	T	25131	17036	54	5	5	29	0.000198902	25138	1	FALSE	NA	NA	NA	NA	NA	NA
NC_045512.2	10783	A	G	25131	17036	54	1	1	68	3.97804e-05	25138	0.49995	FALSE	NA	NA	NA	NA	NA	NA
NC_045512.2	10783	A	C	25131	17036	54	1	1	27	3.97804e-05	25138	1	FALSE	NA	NA	NA	NA	NA	NA
NC_045512.2	10784	C	A	24915	16965	54	2	1	27	8.02665e-05	24917	1	FALSE	NA	NA	NA	NA	NA	NA
NC_045512.2	10785	A	G	23631	15719	55	2	1	57	8.46274e-05	23633	0.250005	FALSE	NA	NA	NA	NA	NA	NA
NC_045512.2	10786	A	G	23832	15945	55	2	2	29	8.39137e-05	23834	1	FALSE	NA	NA	NA	NA	NA	NA
NC_045512.2	10787	G	C	23764	16020	54	1	0	27	4.20769e-05	23766	1	FALSE	NA	NA	NA	NA	NA	NA
NC_045512.2	10787	G	A	23764	16020	54	1	0	68	4.20769e-05	23766	0.5	FALSE	NA	NA	NA	NA	NA	NA
NC_045512.2	10788	A	T	23715	16115	53	1	1	26	4.21638e-05	23717	1	FALSE	NA	NA	NA	NA	NA	NA
NC_045512.2	10788	A	G	23715	16115	53	1	1	34	4.21638e-05	23717	1	FALSE	NA	NA	NA	NA	NA	NA
NC_045512.2	10789	C	T	23750	16165	54	2	2	30	8.41999e-05	23753	0.999999	FALSE	NA	NA	NA	NA	NA	NA
NC_045512.2	10789	C	G	23750	16165	54	1	0	26	4.20999e-05	23753	1	FALSE	NA	NA	NA	NA	NA	NA
NC_045512.2	10790	C	T	23011	15492	53	3	2	53	0.00013035	23015	0.124992	FALSE	NA	NA	NA	NA	NA	NA
NC_045512.2	10790	C	G	23011	15492	53	1	1	24	4.34499e-05	23015	1	FALSE	NA	NA	NA	NA	NA	NA
NC_045512.2	10791	A	G	22602	15173	54	4	3	48	0.000176944	22606	0.34376	FALSE	NA	NA	NA	NA	NA	NA
NC_045512.2	10792	T	C	22238	14819	53	1	1	34	4.49559e-05	22244	1	FALSE	NA	NA	NA	NA	NA	NA
NC_045512.2	10792	T	A	22238	14819	53	5	5	25	0.00022478	22244	1	FALSE	NA	NA	NA	NA	NA	NA
NC_045512.2	10793	G	T	22607	15446	54	1	1	26	4.42263e-05	22611	1	FALSE	NA	NA	NA	NA	NA	NA
NC_045512.2	10793	G	C	22607	15446	54	1	1	34	4.42263e-05	22611	1	FALSE	NA	NA	NA	NA	NA	NA
NC_045512.2	10793	G	A	22607	15446	54	2	1	57	8.84525e-05	22611	0.249983	FALSE	NA	NA	NA	NA	NA	NA
NC_045512.2	10794	T	G	18141	10903	47	2	2	26	0.000110223	18145	1	FALSE	NA	NA	NA	NA	NA	NA
NC_045512.2	10794	T	C	18141	10903	47	2	2	29	0.000110223	18145	1	FALSE	NA	NA	NA	NA	NA	NA
NC_045512.2	10795	T	C	22395	15328	54	1	1	34	4.46488e-05	22397	1	FALSE	NA	NA	NA	NA	NA	NA
NC_045512.2	10795	T	A	22395	15328	54	1	0	24	4.46488e-05	22397	1	FALSE	NA	NA	NA	NA	NA	NA
NC_045512.2	10796	G	T	22293	15253	54	1	0	68	4.48511e-05	22296	0.499989	FALSE	NA	NA	NA	NA	NA	NA
NC_045512.2	10796	G	C	22293	15253	54	1	1	34	4.48511e-05	22296	1	FALSE	NA	NA	NA	NA	NA	NA
NC_045512.2	10796	G	A	22293	15253	54	1	1	60	4.48511e-05	22296	0.499989	FALSE	NA	NA	NA	NA	NA	NA
NC_045512.2	10797	A	T	22134	15133	54	1	1	26	4.51692e-05	22139	1	FALSE	NA	NA	NA	NA	NA	NA
NC_045512.2	10797	A	G	22134	15133	54	3	0	50	0.000135507	22139	0.124983	FALSE	NA	NA	NA	NA	NA	NA
NC_045512.2	10797	A	C	22134	15133	54	1	1	34	4.51692e-05	22139	1	FALSE	NA	NA	NA	NA	NA	NA
NC_045512.2	10798	C	G	22158	15424	53	1	1	26	4.51284e-05	22159	1	FALSE	NA	NA	NA	NA	NA	NA
NC_045512.2	10799	A	T	22082	15393	51	4	2	25	0.000181086	22089	1	FALSE	NA	NA	NA	NA	NA	NA
NC_045512.2	10799	A	G	22082	15393	51	2	2	30	9.05428e-05	22089	0.999999	FALSE	NA	NA	NA	NA	NA	NA
NC_045512.2	10799	A	C	22082	15393	51	1	1	34	4.52714e-05	22089	1	FALSE	NA	NA	NA	NA	NA	NA
NC_045512.2	10800	T	C	22031	15466	53	2	1	51	9.07606e-05	22036	0.249972	FALSE	NA	NA	NA	NA	NA	NA
NC_045512.2	10800	T	A	22031	15466	53	3	0	26	0.000136141	22036	1	FALSE	NA	NA	NA	NA	NA	NA
NC_045512.2	10801	A	T	21799	16000	50	1	1	34	4.58695e-05	21801	1	FALSE	NA	NA	NA	NA	NA	NA
NC_045512.2	10801	A	C	21799	16000	50	1	1	34	4.58695e-05	21801	1	FALSE	NA	NA	NA	NA	NA	NA
NC_045512.2	10802	C	T	21867	16098	50	1	1	68	4.57289e-05	21868	0.500011	FALSE	NA	NA	NA	NA	NA	NA
NC_045512.2	10804	A	T	21788	16015	50	1	1	27	4.58884e-05	21792	1	FALSE	NA	NA	NA	NA	NA	NA
NC_045512.2	10804	A	G	21788	16015	50	3	2	31	0.000137665	21792	0.999982	FALSE	NA	NA	NA	NA	NA	NA
NC_045512.2	10806	G	C	21732	16053	50	1	1	34	4.6013e-05	21733	1	FALSE	NA	NA	NA	NA	NA	NA
NC_045512.2	10807	A	T	21532	15932	50	1	0	26	4.64339e-05	21536	1	FALSE	NA	NA	NA	NA	NA	NA
NC_045512.2	10807	A	G	21532	15932	50	1	1	34	4.64339e-05	21536	1	FALSE	NA	NA	NA	NA	NA	NA
NC_045512.2	10807	A	C	21532	15932	50	2	2	30	9.28678e-05	21536	0.999997	FALSE	NA	NA	NA	NA	NA	NA
NC_045512.2	10808	C	T	21507	16028	49	3	2	42	0.00013947	21510	0.500022	FALSE	NA	NA	NA	NA	NA	NA
NC_045512.2	10810	T	C	18958	13590	49	6	4	52	0.000316339	18967	0.0156139	FALSE	NA	NA	NA	NA	NA	NA
NC_045512.2	10810	T	A	18958	13590	49	3	2	28	0.000158169	18967	1	FALSE	NA	NA	NA	NA	NA	NA
NC_045512.2	10811	C	T	19941	14599	51	1	1	34	5.01404e-05	19944	0.999999	FALSE	NA	NA	NA	NA	NA	NA
NC_045512.2	10811	C	A	19941	14599	51	2	2	34	0.000100281	19944	0.99999	FALSE	NA	NA	NA	NA	NA	NA
NC_045512.2	10812	T	G	19613	14278	50	1	1	34	5.09762e-05	19617	0.999999	FALSE	NA	NA	NA	NA	NA	NA
NC_045512.2	10812	T	C	19613	14278	50	3	2	45	0.000152929	19617	0.31249	FALSE	NA	NA	NA	NA	NA	NA
NC_045512.2	10813	T	C	19809	14483	50	1	1	34	5.0477e-05	19811	0.999999	FALSE	NA	NA	NA	NA	NA	NA
NC_045512.2	10813	T	A	19809	14483	50	1	1	34	5.0477e-05	19811	0.999999	FALSE	NA	NA	NA	NA	NA	NA
NC_045512.2	10814	T	C	19691	14417	50	2	1	51	0.000101559	19693	0.250006	FALSE	NA	NA	NA	NA	NA	NA
NC_045512.2	10815	C	T	19787	14757	50	3	1	68	0.000151592	19790	0.125	FALSE	NA	NA	NA	NA	NA	NA
NC_045512.2	10816	T	C	19340	14327	50	2	1	40	0.000103397	19343	0.5	FALSE	NA	NA	NA	NA	NA	NA
NC_045512.2	10816	T	A	19340	14327	50	1	1	34	5.16983e-05	19343	0.999999	FALSE	NA	NA	NA	NA	NA	NA
NC_045512.2	10817	G	T	19323	14317	50	1	1	46	5.17411e-05	19327	0.749981	FALSE	NA	NA	NA	NA	NA	NA
NC_045512.2	10817	G	C	19323	14317	50	1	1	34	5.17411e-05	19327	0.999999	FALSE	NA	NA	NA	NA	NA	NA
NC_045512.2	10817	G	A	19323	14317	50	2	2	51	0.000103482	19327	0.249981	FALSE	NA	NA	NA	NA	NA	NA
NC_045512.2	10818	C	T	19502	14521	49	1	1	34	5.12689e-05	19505	0.999999	FALSE	NA	NA	NA	NA	NA	NA
NC_045512.2	10818	C	A	19502	14521	49	2	1	51	0.000102538	19505	0.249994	FALSE	NA	NA	NA	NA	NA	NA
NC_045512.2	10819	T	C	19416	14386	50	6	4	35	0.000308928	19422	0.997968	FALSE	NA	NA	NA	NA	NA	NA
NC_045512.2	10821	A	C	19297	14365	50	1	1	26	5.18188e-05	19298	1	FALSE	NA	NA	NA	NA	NA	NA
NC_045512.2	10823	A	G	19201	14876	43	1	0	68	5.20779e-05	19202	0.500013	FALSE	NA	NA	NA	NA	NA	NA
NC_045512.2	10824	C	A	19221	15177	47	1	0	34	5.20237e-05	19222	0.999999	FALSE	NA	NA	NA	NA	NA	NA
NC_045512.2	10825	T	C	18999	14954	47	3	3	45	0.000157862	19004	0.31247	FALSE	NA	NA	NA	NA	NA	NA
NC_045512.2	10825	T	A	18999	14954	47	2	1	26	0.000105241	19004	1	FALSE	NA	NA	NA	NA	NA	NA
NC_045512.2	10826	G	C	18739	14719	47	2	2	26	0.000106718	18741	1	FALSE	NA	NA	NA	NA	NA	NA
NC_045512.2	10828	A	G	18867	14843	47	9	7	48	0.000476771	18877	0.010734	FALSE	NA	NA	NA	NA	NA	NA
NC_045512.2	10828	A	C	18867	14843	47	1	1	34	5.29745e-05	18877	0.999998	FALSE	NA	NA	NA	NA	NA	NA
NC_045512.2	10829	A	T	18981	15006	47	1	1	34	5.26759e-05	18984	0.999998	FALSE	NA	NA	NA	NA	NA	NA
NC_045512.2	10829	A	G	18981	15006	47	1	1	34	5.26759e-05	18984	0.999998	FALSE	NA	NA	NA	NA	NA	NA
NC_045512.2	10829	A	C	18981	15006	47	1	1	34	5.26759e-05	18984	0.999998	FALSE	NA	NA	NA	NA	NA	NA
NC_045512.2	10830	T	C	18822	14848	47	1	1	68	5.31237e-05	18824	0.5	FALSE	NA	NA	NA	NA	NA	NA
NC_045512.2	10830	T	A	18822	14848	47	1	1	34	5.31237e-05	18824	0.999998	FALSE	NA	NA	NA	NA	NA	NA
NC_045512.2	10831	T	C	18608	14719	47	2	1	25	0.000107458	18612	1	FALSE	NA	NA	NA	NA	NA	NA
NC_045512.2	10831	T	A	18608	14719	47	2	2	30	0.000107458	18612	0.99998	FALSE	NA	NA	NA	NA	NA	NA
NC_045512.2	10832	G	T	18450	14572	47	1	1	26	5.41917e-05	18453	1	FALSE	NA	NA	NA	NA	NA	NA
NC_045512.2	10832	G	C	18450	14572	47	1	1	34	5.41917e-05	18453	0.999998	FALSE	NA	NA	NA	NA	NA	NA
NC_045512.2	10832	G	A	18450	14572	47	1	1	24	5.41917e-05	18453	1	FALSE	NA	NA	NA	NA	NA	NA
NC_045512.2	10833	C	T	18484	14707	46	1	1	34	5.40979e-05	18485	0.999998	FALSE	NA	NA	NA	NA	NA	NA
NC_045512.2	10834	C	T	18489	14713	47	1	1	34	5.40804e-05	18491	0.999998	FALSE	NA	NA	NA	NA	NA	NA
NC_045512.2	10834	C	G	18489	14713	47	1	0	24	5.40804e-05	18491	1	FALSE	NA	NA	NA	NA	NA	NA
NC_045512.2	10835	G	C	18406	14646	47	2	2	34	0.000108648	18408	0.99998	FALSE	NA	NA	NA	NA	NA	NA
NC_045512.2	10836	T	C	17193	13544	45	2	1	68	0.000116313	17195	0.250007	FALSE	NA	NA	NA	NA	NA	NA
NC_045512.2	10837	T	G	17919	14269	45	1	1	26	5.58005e-05	17921	1	FALSE	NA	NA	NA	NA	NA	NA
NC_045512.2	10837	T	C	17919	14269	45	1	1	34	5.58005e-05	17921	0.999996	FALSE	NA	NA	NA	NA	NA	NA
NC_045512.2	10838	T	C	17387	13747	45	1	1	34	5.75076e-05	17389	0.999996	FALSE	NA	NA	NA	NA	NA	NA
NC_045512.2	10838	T	A	17387	13747	45	1	1	26	5.75076e-05	17389	1	FALSE	NA	NA	NA	NA	NA	NA
NC_045512.2	10839	T	C	18321	14996	45	1	1	34	5.45792e-05	18322	0.999998	FALSE	NA	NA	NA	NA	NA	NA
NC_045512.2	10840	A	T	18130	14817	45	1	0	24	5.51511e-05	18132	1	FALSE	NA	NA	NA	NA	NA	NA
NC_045512.2	10840	A	G	18130	14817	45	1	1	34	5.51511e-05	18132	0.999998	FALSE	NA	NA	NA	NA	NA	NA
NC_045512.2	10841	G	C	18141	14844	45	1	1	34	5.51177e-05	18143	0.999998	FALSE	NA	NA	NA	NA	NA	NA
NC_045512.2	10841	G	A	18141	14844	45	1	1	34	5.51177e-05	18143	0.999998	FALSE	NA	NA	NA	NA	NA	NA
NC_045512.2	10842	A	T	18047	14783	43	2	1	30	0.000110791	18052	0.99998	FALSE	NA	NA	NA	NA	NA	NA
NC_045512.2	10842	A	G	18047	14783	43	3	2	46	0.000166187	18052	0.312469	FALSE	NA	NA	NA	NA	NA	NA
NC_045512.2	10843	T	C	18160	14888	45	2	2	34	0.000110102	18165	0.99998	FALSE	NA	NA	NA	NA	NA	NA
NC_045512.2	10843	T	A	18160	14888	45	3	3	28	0.000165153	18165	1	FALSE	NA	NA	NA	NA	NA	NA
NC_045512.2	10844	A	G	17911	14706	44	2	2	34	0.000111651	17913	0.999962	FALSE	NA	NA	NA	NA	NA	NA
NC_045512.2	10846	G	T	17681	14503	45	3	2	68	0.000169607	17688	0.124958	FALSE	NA	NA	NA	NA	NA	NA
NC_045512.2	10846	G	C	17681	14503	45	1	1	26	5.65355e-05	17688	1	FALSE	NA	NA	NA	NA	NA	NA
NC_045512.2	10846	G	A	17681	14503	45	3	3	56	0.000169607	17688	0.124958	FALSE	NA	NA	NA	NA	NA	NA
NC_045512.2	10847	T	C	17444	14265	45	3	3	31	0.000171939	17448	0.999799	FALSE	NA	NA	NA	NA	NA	NA
NC_045512.2	10847	T	A	17444	14265	45	1	1	26	5.73132e-05	17448	1	FALSE	NA	NA	NA	NA	NA	NA
NC_045512.2	10849	T	C	16615	13543	45	2	2	34	0.000120351	16618	0.999928	FALSE	NA	NA	NA	NA	NA	NA
NC_045512.2	10849	T	A	16615	13543	45	1	1	26	6.01757e-05	16618	1	FALSE	NA	NA	NA	NA	NA	NA
NC_045512.2	10850	G	T	16449	13393	45	3	3	28	0.000182326	16454	1	FALSE	NA	NA	NA	NA	NA	NA
NC_045512.2	10850	G	C	16449	13393	45	1	1	34	6.07755e-05	16454	0.999992	FALSE	NA	NA	NA	NA	NA	NA
NC_045512.2	10850	G	A	16449	13393	45	1	1	34	6.07755e-05	16454	0.999992	FALSE	NA	NA	NA	NA	NA	NA
NC_045512.2	10851	C	A	16539	13624	45	1	1	34	6.04595e-05	16540	0.999992	FALSE	NA	NA	NA	NA	NA	NA
NC_045512.2	10852	T	G	16064	13159	45	1	0	24	6.22432e-05	16066	1	FALSE	NA	NA	NA	NA	NA	NA
NC_045512.2	10852	T	C	16064	13159	45	1	1	34	6.22432e-05	16066	0.999992	FALSE	NA	NA	NA	NA	NA	NA
NC_045512.2	10853	T	C	15948	13048	45	2	1	51	0.000125376	15952	0.249976	FALSE	NA	NA	NA	NA	NA	NA
NC_045512.2	10853	T	A	15948	13048	45	2	1	30	0.000125376	15952	0.999863	FALSE	NA	NA	NA	NA	NA	NA
NC_045512.2	10854	C	T	15906	13124	45	1	1	34	6.28575e-05	15909	0.999985	FALSE	NA	NA	NA	NA	NA	NA
NC_045512.2	10854	C	A	15906	13124	45	2	1	30	0.000125715	15909	0.999863	FALSE	NA	NA	NA	NA	NA	NA
NC_045512.2	10857	T	C	15654	12902	45	1	1	34	6.38774e-05	15655	0.999985	FALSE	NA	NA	NA	NA	NA	NA
NC_045512.2	10859	A	T	15577	12844	44	1	1	34	6.41931e-05	15578	0.999985	FALSE	NA	NA	NA	NA	NA	NA
NC_045512.2	10860	A	T	15595	12852	44	1	1	20	6.41067e-05	15599	1	FALSE	NA	NA	NA	NA	NA	NA
NC_045512.2	10860	A	G	15595	12852	44	3	3	56	0.00019232	15599	0.124988	FALSE	NA	NA	NA	NA	NA	NA
NC_045512.2	10861	A	T	15602	12856	44	1	1	26	6.40779e-05	15606	1	FALSE	NA	NA	NA	NA	NA	NA
NC_045512.2	10861	A	G	15602	12856	44	3	2	30	0.000192234	15606	0.999346	FALSE	NA	NA	NA	NA	NA	NA
NC_045512.2	10863	A	T	15359	12641	44	1	1	26	6.50999e-05	15361	1	FALSE	NA	NA	NA	NA	NA	NA
NC_045512.2	10863	A	G	15359	12641	44	1	0	46	6.50999e-05	15361	0.750008	FALSE	NA	NA	NA	NA	NA	NA
NC_045512.2	10864	A	T	15466	12747	45	1	1	34	6.46496e-05	15468	0.999985	FALSE	NA	NA	NA	NA	NA	NA
NC_045512.2	10864	A	G	15466	12747	45	1	1	68	6.46496e-05	15468	0.5	FALSE	NA	NA	NA	NA	NA	NA
NC_045512.2	10865	T	C	15491	12776	45	2	0	46	0.000129091	15493	0.500024	FALSE	NA	NA	NA	NA	NA	NA
NC_045512.2	10866	T	C	15123	12416	44	5	5	30	0.000330513	15128	0.994107	FALSE	NA	NA	NA	NA	NA	NA
NC_045512.2	10867	A	T	15342	12609	45	1	0	24	6.51763e-05	15343	1	FALSE	NA	NA	NA	NA	NA	NA
NC_045512.2	10868	C	T	15420	12902	44	1	1	34	6.48466e-05	15421	0.999985	FALSE	NA	NA	NA	NA	NA	NA
NC_045512.2	10870	G	A	15284	12781	44	2	2	51	0.000130839	15286	0.250008	FALSE	NA	NA	NA	NA	NA	NA
NC_045512.2	10871	C	-A	15023	12548	44	1	0	20	6.65646e-05	15023	1	FALSE	NA	NA	NA	NA	NA	NA
NC_045512.2	10871	C	+A	15023	12548	44	1	0	20	6.65646e-05	15023	1	FALSE	NA	NA	NA	NA	NA	NA
NC_045512.2	10875	A	G	14867	12443	44	1	1	68	6.72585e-05	14868	0.500017	FALSE	NA	NA	NA	NA	NA	NA
NC_045512.2	10876	T	A	14882	12595	43	1	0	20	6.71908e-05	14883	1	FALSE	NA	NA	NA	NA	NA	NA
NC_045512.2	10877	G	T	14225	11973	43	1	1	26	7.02889e-05	14227	1	FALSE	NA	NA	NA	NA	NA	NA
NC_045512.2	10877	G	C	14225	11973	43	1	1	20	7.02889e-05	14227	1	FALSE	NA	NA	NA	NA	NA	NA
NC_045512.2	10878	G	A	14458	12216	43	1	1	34	6.91611e-05	14459	0.99997	FALSE	NA	NA	NA	NA	NA	NA
NC_045512.2	10880	A	G	14242	12031	43	1	0	20	7.02099e-05	14243	1	FALSE	NA	NA	NA	NA	NA	NA
NC_045512.2	10881	T	A	14189	11982	43	1	1	68	7.04722e-05	14190	0.500018	FALSE	NA	NA	NA	NA	NA	NA
NC_045512.2	10882	G	A	14200	12242	42	2	2	30	0.000140825	14202	0.999742	FALSE	NA	NA	NA	NA	NA	NA
NC_045512.2	10885	T	C	13294	11516	41	1	1	68	7.52049e-05	13297	0.499981	FALSE	NA	NA	NA	NA	NA	NA
NC_045512.2	10885	T	A	13294	11516	41	2	1	27	0.00015041	13297	1	FALSE	NA	NA	NA	NA	NA	NA
NC_045512.2	10886	G	T	13457	11720	41	2	2	34	0.000148588	13460	0.999513	FALSE	NA	NA	NA	NA	NA	NA
NC_045512.2	10886	G	A	13457	11720	41	1	1	34	7.42942e-05	13460	0.999939	FALSE	NA	NA	NA	NA	NA	NA
NC_045512.2	10887	G	A	13192	11508	41	3	3	31	0.000227359	13195	0.997916	FALSE	NA	NA	NA	NA	NA	NA
NC_045512.2	10888	A	T	13179	11486	42	1	1	26	7.58725e-05	13180	1	FALSE	NA	NA	NA	NA	NA	NA
NC_045512.2	10889	C	T	13100	11536	41	2	2	34	0.000152648	13102	0.999513	FALSE	NA	NA	NA	NA	NA	NA
NC_045512.2	10890	G	A	10185	8686	39	1	1	34	9.8174e-05	10186	0.999513	FALSE	NA	NA	NA	NA	NA	NA
NC_045512.2	10892	A	G	12815	11730	39	1	1	34	7.80275e-05	12816	0.999878	FALSE	NA	NA	NA	NA	NA	NA
NC_045512.2	10893	C	T	12802	11722	39	1	1	34	7.81067e-05	12803	0.999878	FALSE	NA	NA	NA	NA	NA	NA
NC_045512.2	10894	C	T	12602	11521	39	3	2	32	0.000238001	12605	0.996317	FALSE	NA	NA	NA	NA	NA	NA
NC_045512.2	11193	C	A	3815	841	36	3	0	29	0.000785752	3818	1	FALSE	NA	NA	NA	NA	NA	NA
NC_045512.2	11194	T	A	3669	667	36	2	2	26	0.000544811	3671	1	FALSE	NA	NA	NA	NA	NA	NA
NC_045512.2	11195	C	A	3825	840	37	1	0	34	0.00026137	3826	0.937582	FALSE	NA	NA	NA	NA	NA	NA
NC_045512.2	11200	C	G	4105	888	37	1	0	26	0.000243546	4106	1	FALSE	NA	NA	NA	NA	NA	NA
NC_045512.2	11203	T	C	4432	971	38	1	0	26	0.000225581	4433	1	FALSE	NA	NA	NA	NA	NA	NA
NC_045512.2	11208	C	T	4516	1019	38	1	0	34	0.000221386	4517	0.968802	FALSE	NA	NA	NA	NA	NA	NA
NC_045512.2	11209	T	C	4559	1039	39	2	0	34	0.0004385	4561	0.890753	FALSE	NA	NA	NA	NA	NA	NA
NC_045512.2	11218	T	A	4874	1278	41	1	0	26	0.000205128	4875	1	FALSE	NA	NA	NA	NA	NA	NA
NC_045512.2	11220	T	C	4892	1295	41	2	0	34	0.000408664	4894	0.890745	FALSE	NA	NA	NA	NA	NA	NA
NC_045512.2	11222	G	A	6442	1433	41	3	0	34	0.000465477	6445	0.910271	FALSE	NA	NA	NA	NA	NA	NA
NC_045512.2	11223	T	A	6498	1439	41	2	0	34	0.000307692	6500	0.964903	FALSE	NA	NA	NA	NA	NA	NA
NC_045512.2	11224	C	A	7807	1565	41	1	0	34	0.000128074	7808	0.996103	FALSE	NA	NA	NA	NA	NA	NA
NC_045512.2	11225	T	C	7854	1562	41	3	1	34	0.000381825	7857	0.945391	FALSE	NA	NA	NA	NA	NA	NA
NC_045512.2	11226	A	T	7901	1801	43	1	1	26	0.00012655	7902	1	FALSE	NA	NA	NA	NA	NA	NA
NC_045512.2	11227	T	C	7865	1787	43	1	0	34	0.000127129	7866	0.996103	FALSE	NA	NA	NA	NA	NA	NA
NC_045512.2	11230	G	T	7925	1848	43	1	0	34	0.000126151	7927	0.996101	FALSE	NA	NA	NA	NA	NA	NA
NC_045512.2	11230	G	A	7925	1848	43	1	0	34	0.000126151	7927	0.996101	FALSE	NA	NA	NA	NA	NA	NA
NC_045512.2	11233	T	C	8003	1904	43	1	0	34	0.000124938	8004	0.998052	FALSE	NA	NA	NA	NA	NA	NA
NC_045512.2	11236	T	+ACAACCC	8106	1975	44	1	0	20	0.000123365	8106	1	FALSE	NA	NA	NA	NA	NA	NA
NC_045512.2	11237	A	-GTTGGGT	8072	1965	44	1	0	20	0.000123885	8072	1	FALSE	NA	NA	NA	NA	NA	NA
NC_045512.2	11239	T	G	8186	2012	43	1	0	20	0.0001221	8190	1	FALSE	NA	NA	NA	NA	NA	NA
NC_045512.2	11239	T	A	8186	2012	43	3	0	34	0.0003663	8190	0.967315	FALSE	NA	NA	NA	NA	NA	NA
NC_045512.2	11240	T	G	8288	2073	44	1	0	68	0.000120613	8291	0.49994	FALSE	NA	NA	NA	NA	NA	NA
NC_045512.2	11240	T	C	8288	2073	44	2	1	40	0.000241225	8291	0.249955	FALSE	NA	NA	NA	NA	NA	NA
NC_045512.2	11241	G	T	8332	2092	45	2	0	30	0.000239981	8334	0.989276	FALSE	NA	NA	NA	NA	NA	NA
NC_045512.2	11242	G	C	8367	2086	45	1	0	24	0.000119503	8368	1	FALSE	NA	NA	NA	NA	NA	NA
NC_045512.2	11243	G	A	8404	2107	45	1	1	68	0.000118977	8405	0.5	FALSE	NA	NA	NA	NA	NA	NA
NC_045512.2	11244	T	C	8353	2126	44	1	1	38	0.000119703	8354	0.998051	FALSE	NA	NA	NA	NA	NA	NA
NC_045512.2	11246	A	T	8383	2364	46	1	0	34	0.000119275	8384	0.998052	FALSE	NA	NA	NA	NA	NA	NA
NC_045512.2	11247	T	C	8469	2375	46	2	2	46	0.000236072	8472	0.249985	FALSE	NA	NA	NA	NA	NA	NA
NC_045512.2	11247	T	A	8469	2375	46	1	1	26	0.000118036	8472	1	FALSE	NA	NA	NA	NA	NA	NA
NC_045512.2	11249	C	T	8435	2380	46	2	0	34	0.000236911	8442	0.989255	FALSE	NA	NA	NA	NA	NA	NA
NC_045512.2	11249	C	G	8435	2380	46	4	1	32	0.000473821	8442	0.927016	FALSE	NA	NA	NA	NA	NA	NA
NC_045512.2	11249	C	A	8435	2380	46	1	0	34	0.000118455	8442	0.998046	FALSE	NA	NA	NA	NA	NA	NA
NC_045512.2	11252	A	T	8784	2409	47	1	0	34	0.00011383	8785	0.998052	FALSE	NA	NA	NA	NA	NA	NA
NC_045512.2	11254	T	A	8749	2487	47	1	1	34	0.000114286	8750	0.998052	FALSE	NA	NA	NA	NA	NA	NA
NC_045512.2	11255	A	T	8585	2523	46	2	2	30	0.00023291	8587	0.989281	FALSE	NA	NA	NA	NA	NA	NA
NC_045512.2	11256	T	A	8862	2532	47	1	0	34	0.000112829	8863	0.998052	FALSE	NA	NA	NA	NA	NA	NA
NC_045512.2	11257	G	A	8820	2537	47	1	1	68	0.000113366	8821	0.500028	FALSE	NA	NA	NA	NA	NA	NA
NC_045512.2	11264	T	C	9155	2434	44	1	0	26	0.000109218	9156	1	FALSE	NA	NA	NA	NA	NA	NA
NC_045512.2	11266	G	A	9696	2696	47	1	1	68	0.000103125	9697	0.500026	FALSE	NA	NA	NA	NA	NA	NA
NC_045512.2	11267	G	A	9740	2712	47	1	0	26	0.000102659	9741	1	FALSE	NA	NA	NA	NA	NA	NA
NC_045512.2	11269	T	C	9771	2715	46	1	1	68	0.000102302	9775	0.499949	FALSE	NA	NA	NA	NA	NA	NA
NC_045512.2	11269	T	A	9771	2715	46	3	1	28	0.000306905	9775	1	FALSE	NA	NA	NA	NA	NA	NA
NC_045512.2	11270	A	T	9505	2760	47	2	1	51	0.000210371	9507	0.250013	FALSE	NA	NA	NA	NA	NA	NA
NC_045512.2	11272	G	C	10025	2773	47	1	0	26	9.97407e-05	10026	1	FALSE	NA	NA	NA	NA	NA	NA
NC_045512.2	11273	G	A	10269	2792	47	1	0	26	9.7371e-05	10270	1	FALSE	NA	NA	NA	NA	NA	NA
NC_045512.2	11274	T	G	10068	2570	43	1	1	27	9.93049e-05	10070	1	FALSE	NA	NA	NA	NA	NA	NA
NC_045512.2	11274	T	A	10068	2570	43	1	0	34	9.93049e-05	10070	0.999513	FALSE	NA	NA	NA	NA	NA	NA
NC_045512.2	11275	T	C	10274	2895	48	1	0	68	9.73236e-05	10275	0.500024	FALSE	NA	NA	NA	NA	NA	NA
NC_045512.2	11279	A	G	10223	2962	47	1	0	34	9.78091e-05	10224	0.999513	FALSE	NA	NA	NA	NA	NA	NA
NC_045512.2	11280	C	T	10355	2944	48	1	1	68	9.65624e-05	10356	0.500024	FALSE	NA	NA	NA	NA	NA	NA
NC_045512.2	11281	T	C	10347	2947	48	1	0	24	9.6637e-05	10348	1	FALSE	NA	NA	NA	NA	NA	NA
NC_045512.2	11282	A	C	10305	2948	48	1	0	34	9.70309e-05	10306	0.999513	FALSE	NA	NA	NA	NA	NA	NA
NC_045512.2	11282	A	-GTTTGTCTG	10305	2948	48	9	0	20	0.000873278	10306	1	FALSE	NA	NA	NA	NA	NA	NA
NC_045512.2	11285	T	C	10270	2910	46	2	0	51	0.000194704	10272	0.249672	FALSE	NA	NA	NA	NA	NA	NA
NC_045512.2	11286	T	C	10244	2954	47	1	0	34	9.75991e-05	10246	0.999509	FALSE	NA	NA	NA	NA	NA	NA
NC_045512.2	11286	T	A	10244	2954	47	1	0	34	9.75991e-05	10246	0.999509	FALSE	NA	NA	NA	NA	NA	NA
NC_045512.2	11287	G	-TCTGGTTTT	10329	2946	48	10176	0	20	0.983854	10343	0	TRUE	NA	NA	NA	NA	NA	NA
NC_045512.2	11291	G	A	0	0	0	96	7	38	1	96	1.34242e-222	TRUE	NA	NA	NA	NA	NA	NA
NC_045512.2	11296	T	G	12	11	32	408	294	35	0.966825	422	0	TRUE	NA	NA	NA	NA	NA	NA
NC_045512.2	11296	T	C	12	11	32	1	0	26	0.00236967	422	0.122677	FALSE	NA	NA	NA	NA	NA	NA
NC_045512.2	11296	T	A	12	11	32	1	0	34	0.00236967	422	0.0135569	FALSE	NA	NA	NA	NA	NA	NA
NC_045512.2	11296	T	+G	12	11	32	10	0	20	0.000954563	10476	8.85773e-15	TRUE	NA	NA	NA	NA	NA	NA
NC_045512.2	11296	T	+C	12	11	32	1	0	20	9.54563e-05	10476	0.122677	FALSE	NA	NA	NA	NA	NA	NA
NC_045512.2	11297	A	G	10437	2998	48	1	0	26	9.58038e-05	10438	1	FALSE	NA	NA	NA	NA	NA	NA
NC_045512.2	11298	A	G	10360	3009	48	3	1	56	0.000289491	10363	0.125	FALSE	NA	NA	NA	NA	NA	NA
NC_045512.2	11299	G	T	10773	2997	48	1	1	34	9.2816e-05	10774	0.999513	FALSE	NA	NA	NA	NA	NA	NA
NC_045512.2	11300	C	G	10929	3410	50	1	0	34	9.14829e-05	10931	0.999513	FALSE	NA	NA	NA	NA	NA	NA
NC_045512.2	11300	C	A	10929	3410	50	1	0	34	9.14829e-05	10931	0.999513	FALSE	NA	NA	NA	NA	NA	NA
NC_045512.2	11301	T	-A	11040	3433	50	3	0	20	0.000271739	11040	1	FALSE	NA	NA	NA	NA	NA	NA
NC_045512.2	11302	A	T	11056	3434	50	2	1	34	0.000180832	11060	0.998292	FALSE	NA	NA	NA	NA	NA	NA
NC_045512.2	11302	A	G	11056	3434	50	2	1	68	0.000180832	11060	0.249898	FALSE	NA	NA	NA	NA	NA	NA
NC_045512.2	11307	A	T	11148	3501	50	1	1	26	8.96941e-05	11149	1	FALSE	NA	NA	NA	NA	NA	NA
NC_045512.2	11309	T	C	11205	3525	51	2	1	29	0.00017846	11207	1	FALSE	NA	NA	NA	NA	NA	NA
NC_045512.2	11310	G	C	11775	3563	50	1	0	34	8.49113e-05	11777	0.999757	FALSE	NA	NA	NA	NA	NA	NA
NC_045512.2	11310	G	A	11775	3563	50	1	1	68	8.49113e-05	11777	0.5	FALSE	NA	NA	NA	NA	NA	NA
NC_045512.2	11311	T	A	11798	3685	51	2	0	30	0.000169492	11800	0.998296	FALSE	NA	NA	NA	NA	NA	NA
NC_045512.2	11312	G	T	11975	3704	51	2	1	47	0.000166973	11978	0.5	FALSE	NA	NA	NA	NA	NA	NA
NC_045512.2	11312	G	A	11975	3704	51	1	0	27	8.34864e-05	11978	1	FALSE	NA	NA	NA	NA	NA	NA
NC_045512.2	11312	G	-T	11975	3704	51	1	0	20	8.34864e-05	11978	1	FALSE	NA	NA	NA	NA	NA	NA
NC_045512.2	11313	T	G	12024	3721	51	1	0	26	8.31601e-05	12025	1	FALSE	NA	NA	NA	NA	NA	NA
NC_045512.2	11314	T	C	11947	3788	51	5	2	50	0.00041834	11952	0.0312435	FALSE	NA	NA	NA	NA	NA	NA
NC_045512.2	11315	A	T	12013	3801	50	2	1	26	0.000166445	12016	1	FALSE	NA	NA	NA	NA	NA	NA
NC_045512.2	11315	A	G	12013	3801	50	1	0	34	8.32224e-05	12016	0.999878	FALSE	NA	NA	NA	NA	NA	NA
NC_045512.2	11316	T	C	12119	3808	51	1	1	24	8.25014e-05	12121	1	FALSE	NA	NA	NA	NA	NA	NA
NC_045512.2	11316	T	A	12119	3808	51	1	0	46	8.25014e-05	12121	0.75001	FALSE	NA	NA	NA	NA	NA	NA
NC_045512.2	11318	T	G	12106	3808	51	1	0	34	8.259e-05	12108	0.999878	FALSE	NA	NA	NA	NA	NA	NA
NC_045512.2	11318	T	C	12106	3808	51	1	0	34	8.259e-05	12108	0.999878	FALSE	NA	NA	NA	NA	NA	NA
NC_045512.2	11319	A	T	11930	3676	51	1	1	26	8.37942e-05	11934	1	FALSE	NA	NA	NA	NA	NA	NA
NC_045512.2	11319	A	G	11930	3676	51	3	2	53	0.000251383	11934	0.124984	FALSE	NA	NA	NA	NA	NA	NA
NC_045512.2	11320	T	G	11839	3751	51	1	0	34	8.44523e-05	11841	0.999757	FALSE	NA	NA	NA	NA	NA	NA
NC_045512.2	11320	T	A	11839	3751	51	1	0	34	8.44523e-05	11841	0.999757	FALSE	NA	NA	NA	NA	NA	NA
NC_045512.2	11321	G	A	11668	3703	51	5	0	61	0.000428339	11673	0.0312433	FALSE	NA	NA	NA	NA	NA	NA
NC_045512.2	11323	A	G	11733	3774	51	2	0	34	0.00017043	11735	0.998296	FALSE	NA	NA	NA	NA	NA	NA
NC_045512.2	11324	T	G	11625	3754	51	1	0	34	8.60067e-05	11627	0.999757	FALSE	NA	NA	NA	NA	NA	NA
NC_045512.2	11324	T	A	11625	3754	51	1	0	34	8.60067e-05	11627	0.999757	FALSE	NA	NA	NA	NA	NA	NA
NC_045512.2	11326	A	T	11410	3963	49	1	0	24	8.76194e-05	11413	1	FALSE	NA	NA	NA	NA	NA	NA
NC_045512.2	11326	A	G	11410	3963	49	1	1	68	8.76194e-05	11413	0.499978	FALSE	NA	NA	NA	NA	NA	NA
NC_045512.2	11326	A	C	11410	3963	49	1	0	34	8.76194e-05	11413	0.999756	FALSE	NA	NA	NA	NA	NA	NA
NC_045512.2	11328	C	T	11949	4111	48	1	1	68	8.3661e-05	11953	0.499958	FALSE	NA	NA	NA	NA	NA	NA
NC_045512.2	11328	C	A	11949	4111	48	3	0	56	0.000250983	11953	0.124984	FALSE	NA	NA	NA	NA	NA	NA
NC_045512.2	11329	T	G	12193	4975	53	1	0	34	8.20075e-05	12194	0.999878	FALSE	NA	NA	NA	NA	NA	NA
NC_045512.2	11330	G	A	12173	4992	53	3	1	68	0.000246386	12176	0.125	FALSE	NA	NA	NA	NA	NA	NA
NC_045512.2	11331	T	G	12065	5014	52	1	0	34	8.28775e-05	12066	0.999878	FALSE	NA	NA	NA	NA	NA	NA
NC_045512.2	11332	A	G	12159	4998	53	2	0	47	0.00016446	12161	0.500031	FALSE	NA	NA	NA	NA	NA	NA
NC_045512.2	11334	T	G	12225	5035	53	1	0	34	8.17728e-05	12229	0.999878	FALSE	NA	NA	NA	NA	NA	NA
NC_045512.2	11334	T	C	12225	5035	53	2	0	29	0.000163546	12229	1	FALSE	NA	NA	NA	NA	NA	NA
NC_045512.2	11334	T	A	12225	5035	53	1	0	26	8.17728e-05	12229	1	FALSE	NA	NA	NA	NA	NA	NA
NC_045512.2	11335	G	A	12239	5060	53	2	0	34	0.000163385	12241	0.999087	FALSE	NA	NA	NA	NA	NA	NA
NC_045512.2	11336	T	C	11978	4866	53	1	1	34	8.34794e-05	11979	0.999757	FALSE	NA	NA	NA	NA	NA	NA
NC_045512.2	11338	A	G	12146	4912	52	2	1	53	0.000164636	12148	0.25001	FALSE	NA	NA	NA	NA	NA	NA
NC_045512.2	11339	C	T	12183	5011	53	2	1	64	0.000164136	12185	0.25001	FALSE	NA	NA	NA	NA	NA	NA
NC_045512.2	11340	T	C	12206	5045	53	2	1	68	0.000163827	12208	0.25001	FALSE	NA	NA	NA	NA	NA	NA
NC_045512.2	11341	A	T	12157	5030	53	1	0	24	8.22368e-05	12160	1	FALSE	NA	NA	NA	NA	NA	NA
NC_045512.2	11341	A	G	12157	5030	53	2	2	47	0.000164474	12160	0.5	FALSE	NA	NA	NA	NA	NA	NA
NC_045512.2	11343	T	C	12158	5048	53	1	1	34	8.22436e-05	12159	0.999878	FALSE	NA	NA	NA	NA	NA	NA
NC_045512.2	11344	C	A	12320	5108	52	1	0	26	8.11622e-05	12321	1	FALSE	NA	NA	NA	NA	NA	NA
NC_045512.2	11345	C	A	12276	5238	53	1	1	26	8.14531e-05	12277	1	FALSE	NA	NA	NA	NA	NA	NA
NC_045512.2	11347	T	C	12127	5142	53	1	0	34	8.24538e-05	12128	0.999878	FALSE	NA	NA	NA	NA	NA	NA
NC_045512.2	11348	A	T	12217	5188	54	1	0	27	8.18465e-05	12218	1	FALSE	NA	NA	NA	NA	NA	NA
NC_045512.2	11349	T	A	12180	5201	53	1	1	26	8.20951e-05	12181	1	FALSE	NA	NA	NA	NA	NA	NA
NC_045512.2	11351	A	G	12115	5263	53	2	2	51	0.000165057	12117	0.25001	FALSE	NA	NA	NA	NA	NA	NA
NC_045512.2	11353	A	G	12064	5485	52	2	1	46	0.000165755	12066	0.500031	FALSE	NA	NA	NA	NA	NA	NA
NC_045512.2	11354	G	C	12056	5389	51	1	1	27	8.29394e-05	12057	1	FALSE	NA	NA	NA	NA	NA	NA
NC_045512.2	11356	A	T	12285	5906	54	1	1	26	8.13868e-05	12287	1	FALSE	NA	NA	NA	NA	NA	NA
NC_045512.2	11356	A	G	12285	5906	54	1	1	34	8.13868e-05	12287	0.999878	FALSE	NA	NA	NA	NA	NA	NA
NC_045512.2	11357	A	T	12283	5940	54	1	1	27	8.14067e-05	12284	1	FALSE	NA	NA	NA	NA	NA	NA
NC_045512.2	11359	A	T	11968	6453	50	4	3	26	0.000334057	11974	1	FALSE	NA	NA	NA	NA	NA	NA
NC_045512.2	11359	A	G	11968	6453	50	2	2	68	0.000167029	11974	0.249927	FALSE	NA	NA	NA	NA	NA	NA
NC_045512.2	11360	A	T	12384	6560	55	2	2	23	0.000161447	12388	1	FALSE	NA	NA	NA	NA	NA	NA
NC_045512.2	11360	A	G	12384	6560	55	1	0	34	8.07233e-05	12388	0.999878	FALSE	NA	NA	NA	NA	NA	NA
NC_045512.2	11360	A	C	12384	6560	55	1	0	27	8.07233e-05	12388	1	FALSE	NA	NA	NA	NA	NA	NA
NC_045512.2	11361	C	T	12407	6694	55	2	0	46	0.000161173	12409	0.50003	FALSE	NA	NA	NA	NA	NA	NA
NC_045512.2	11362	T	C	12193	6530	55	2	0	68	0.000163988	12196	0.24999	FALSE	NA	NA	NA	NA	NA	NA
NC_045512.2	11362	T	A	12193	6530	55	1	1	27	8.19941e-05	12196	1	FALSE	NA	NA	NA	NA	NA	NA
NC_045512.2	11363	G	C	12691	6745	55	1	0	24	7.87836e-05	12693	1	FALSE	NA	NA	NA	NA	NA	NA
NC_045512.2	11363	G	A	12691	6745	55	1	1	60	7.87836e-05	12693	0.5	FALSE	NA	NA	NA	NA	NA	NA
NC_045512.2	11365	G	T	12745	7111	57	1	1	34	7.84498e-05	12747	0.999878	FALSE	NA	NA	NA	NA	NA	NA
NC_045512.2	11365	G	A	12745	7111	57	1	1	34	7.84498e-05	12747	0.999878	FALSE	NA	NA	NA	NA	NA	NA
NC_045512.2	11366	T	G	12767	7194	57	2	1	24	0.000156605	12771	1	FALSE	NA	NA	NA	NA	NA	NA
NC_045512.2	11366	T	C	12767	7194	57	1	1	68	7.83024e-05	12771	0.499961	FALSE	NA	NA	NA	NA	NA	NA
NC_045512.2	11366	T	A	12767	7194	57	1	1	26	7.83024e-05	12771	1	FALSE	NA	NA	NA	NA	NA	NA
NC_045512.2	11367	A	T	12650	7121	57	1	1	26	7.90451e-05	12651	1	FALSE	NA	NA	NA	NA	NA	NA
NC_045512.2	11368	T	C	12689	7131	57	1	1	68	7.8796e-05	12691	0.5	FALSE	NA	NA	NA	NA	NA	NA
NC_045512.2	11368	T	A	12689	7131	57	1	1	34	7.8796e-05	12691	0.999878	FALSE	NA	NA	NA	NA	NA	NA
NC_045512.2	11370	A	G	12611	7175	56	1	1	34	7.92896e-05	12612	0.999878	FALSE	NA	NA	NA	NA	NA	NA
NC_045512.2	11371	T	C	12622	7239	57	1	0	68	7.92142e-05	12624	0.5	FALSE	NA	NA	NA	NA	NA	NA
NC_045512.2	11371	T	A	12622	7239	57	1	0	24	7.92142e-05	12624	1	FALSE	NA	NA	NA	NA	NA	NA
NC_045512.2	11373	A	T	12132	6963	58	1	1	26	8.24063e-05	12135	1	FALSE	NA	NA	NA	NA	NA	NA
NC_045512.2	11373	A	G	12132	6963	58	2	0	47	0.000164813	12135	0.5	FALSE	NA	NA	NA	NA	NA	NA
NC_045512.2	11374	T	A	12047	7053	58	1	1	34	8.30013e-05	12048	0.999878	FALSE	NA	NA	NA	NA	NA	NA
NC_045512.2	11375	G	T	12106	7104	59	2	1	68	0.00016518	12108	0.25001	FALSE	NA	NA	NA	NA	NA	NA
NC_045512.2	11378	G	A	12472	7352	59	3	0	40	0.000240481	12475	0.312515	FALSE	NA	NA	NA	NA	NA	NA
NC_045512.2	11379	C	G	12489	7601	58	2	2	26	0.000160115	12491	1	FALSE	NA	NA	NA	NA	NA	NA
NC_045512.2	11380	T	C	12486	7610	59	1	0	24	8.00833e-05	12487	1	FALSE	NA	NA	NA	NA	NA	NA
NC_045512.2	11381	A	T	12509	7695	58	1	1	68	7.99361e-05	12510	0.50002	FALSE	NA	NA	NA	NA	NA	NA
NC_045512.2	11382	G	T	12466	8006	56	1	1	34	8.02053e-05	12468	0.999878	FALSE	NA	NA	NA	NA	NA	NA
NC_045512.2	11382	G	A	12466	8006	56	1	1	68	8.02053e-05	12468	0.5	FALSE	NA	NA	NA	NA	NA	NA
NC_045512.2	11384	A	T	12428	8592	53	4	4	32	0.000321699	12434	0.98938	FALSE	NA	NA	NA	NA	NA	NA
NC_045512.2	11384	A	G	12428	8592	53	2	2	34	0.000160849	12434	0.999086	FALSE	NA	NA	NA	NA	NA	NA
NC_045512.2	11387	G	T	11937	8084	55	1	1	34	8.37661e-05	11938	0.999757	FALSE	NA	NA	NA	NA	NA	NA
NC_045512.2	11388	T	A	11879	8051	54	1	1	26	8.41751e-05	11880	1	FALSE	NA	NA	NA	NA	NA	NA
NC_045512.2	11389	G	T	11905	8057	54	1	1	20	8.39842e-05	11907	1	FALSE	NA	NA	NA	NA	NA	NA
NC_045512.2	11389	G	A	11905	8057	54	1	0	68	8.39842e-05	11907	0.5	FALSE	NA	NA	NA	NA	NA	NA
NC_045512.2	11390	T	C	11879	8052	54	1	0	38	8.41751e-05	11880	0.999757	FALSE	NA	NA	NA	NA	NA	NA
NC_045512.2	11392	G	A	11860	8056	54	3	1	65	0.000252887	11863	0.125	FALSE	NA	NA	NA	NA	NA	NA
NC_045512.2	11394	C	T	11865	8114	54	2	1	68	0.000168535	11867	0.250011	FALSE	NA	NA	NA	NA	NA	NA
NC_045512.2	11395	A	T	11755	7984	54	2	2	34	0.000170111	11757	0.998296	FALSE	NA	NA	NA	NA	NA	NA
NC_045512.2	11397	T	G	11665	7931	54	1	0	27	8.56971e-05	11669	1	FALSE	NA	NA	NA	NA	NA	NA
NC_045512.2	11397	T	C	11665	7931	54	1	0	60	8.56971e-05	11669	0.499957	FALSE	NA	NA	NA	NA	NA	NA
NC_045512.2	11397	T	A	11665	7931	54	2	1	26	0.000171394	11669	1	FALSE	NA	NA	NA	NA	NA	NA
NC_045512.2	11400	T	C	11644	7914	54	1	1	34	8.58738e-05	11645	0.999757	FALSE	NA	NA	NA	NA	NA	NA
NC_045512.2	11401	G	T	11620	7916	54	1	1	34	8.60511e-05	11621	0.999757	FALSE	NA	NA	NA	NA	NA	NA
NC_045512.2	11402	A	T	11621	7918	55	3	3	25	0.000258065	11625	1	FALSE	NA	NA	NA	NA	NA	NA
NC_045512.2	11402	A	G	11621	7918	55	1	1	26	8.60215e-05	11625	1	FALSE	NA	NA	NA	NA	NA	NA
NC_045512.2	11403	A	T	11561	7888	54	1	1	26	8.64603e-05	11566	1	FALSE	NA	NA	NA	NA	NA	NA
NC_045512.2	11403	A	G	11561	7888	54	2	2	43	0.000172921	11566	0.499935	FALSE	NA	NA	NA	NA	NA	NA
NC_045512.2	11403	A	C	11561	7888	54	2	2	30	0.000172921	11566	0.998293	FALSE	NA	NA	NA	NA	NA	NA
NC_045512.2	11404	T	A	11249	7550	53	1	1	34	8.88889e-05	11250	0.999757	FALSE	NA	NA	NA	NA	NA	NA
NC_045512.2	11406	T	C	10277	6629	52	1	0	24	9.72668e-05	10281	1	FALSE	NA	NA	NA	NA	NA	NA
NC_045512.2	11406	T	A	10277	6629	52	3	1	25	0.0002918	10281	1	FALSE	NA	NA	NA	NA	NA	NA
NC_045512.2	11407	C	A	11024	7431	55	1	0	27	9.07029e-05	11025	1	FALSE	NA	NA	NA	NA	NA	NA
NC_045512.2	11409	T	C	11013	7414	55	3	3	45	0.000272331	11016	0.312517	FALSE	NA	NA	NA	NA	NA	NA
NC_045512.2	11412	C	A	11006	7513	55	1	1	34	9.08513e-05	11007	0.999757	FALSE	NA	NA	NA	NA	NA	NA
NC_045512.2	11413	A	T	10881	7396	53	1	1	26	9.18949e-05	10882	1	FALSE	NA	NA	NA	NA	NA	NA
NC_045512.2	11415	T	G	10836	7391	55	1	0	38	9.22594e-05	10839	0.999513	FALSE	NA	NA	NA	NA	NA	NA
NC_045512.2	11415	T	C	10836	7391	55	2	1	51	0.000184519	10839	0.249988	FALSE	NA	NA	NA	NA	NA	NA
NC_045512.2	11416	C	T	10711	7274	54	2	1	68	0.000186689	10713	0.250012	FALSE	NA	NA	NA	NA	NA	NA
NC_045512.2	11417	G	-T	10740	7288	55	1	0	20	9.31099e-05	10740	1	FALSE	NA	NA	NA	NA	NA	NA
NC_045512.2	11422	T	-A	10796	7491	54	1	0	20	9.26269e-05	10796	1	FALSE	NA	NA	NA	NA	NA	NA
NC_045512.2	11425	A	T	10509	7383	50	1	1	34	9.51203e-05	10513	0.999512	FALSE	NA	NA	NA	NA	NA	NA
NC_045512.2	11425	A	G	10509	7383	50	1	0	68	9.51203e-05	10513	0.499952	FALSE	NA	NA	NA	NA	NA	NA
NC_045512.2	11425	A	C	10509	7383	50	2	2	27	0.000190241	10513	1	FALSE	NA	NA	NA	NA	NA	NA
NC_045512.2	11427	T	G	8068	4966	47	3	3	28	0.000371609	8073	1	FALSE	NA	NA	NA	NA	NA	NA
NC_045512.2	11427	T	C	8068	4966	47	2	2	64	0.000247739	8073	0.249923	FALSE	NA	NA	NA	NA	NA	NA
NC_045512.2	11432	T	A	10352	7468	51	1	1	34	9.65904e-05	10353	0.999513	FALSE	NA	NA	NA	NA	NA	NA
NC_045512.2	11433	A	T	10406	7595	50	2	2	30	0.000192123	10410	0.996832	FALSE	NA	NA	NA	NA	NA	NA
NC_045512.2	11433	A	G	10406	7595	50	1	1	34	9.60615e-05	10410	0.999512	FALSE	NA	NA	NA	NA	NA	NA
NC_045512.2	11433	A	C	10406	7595	50	1	1	34	9.60615e-05	10410	0.999512	FALSE	NA	NA	NA	NA	NA	NA
NC_045512.2	11434	T	A	10319	7495	51	2	2	26	0.00019378	10321	1	FALSE	NA	NA	NA	NA	NA	NA
NC_045512.2	11435	G	A	10098	7295	52	1	1	34	9.90197e-05	10099	0.999513	FALSE	NA	NA	NA	NA	NA	NA
NC_045512.2	11436	G	C	10126	7366	51	1	1	34	9.87459e-05	10127	0.999513	FALSE	NA	NA	NA	NA	NA	NA
NC_045512.2	11437	T	C	9764	7033	50	1	1	34	0.000102396	9766	0.999026	FALSE	NA	NA	NA	NA	NA	NA
NC_045512.2	11437	T	A	9764	7033	50	1	0	27	0.000102396	9766	1	FALSE	NA	NA	NA	NA	NA	NA
NC_045512.2	11438	A	T	10052	7320	52	1	0	24	9.9453e-05	10055	1	FALSE	NA	NA	NA	NA	NA	NA
NC_045512.2	11438	A	G	10052	7320	52	2	1	36	0.000198906	10055	0.996833	FALSE	NA	NA	NA	NA	NA	NA
NC_045512.2	11439	A	G	10031	7310	51	1	0	68	9.9681e-05	10032	0.500025	FALSE	NA	NA	NA	NA	NA	NA
NC_045512.2	11442	C	G	10039	7373	51	1	1	68	9.96016e-05	10040	0.500025	FALSE	NA	NA	NA	NA	NA	NA
NC_045512.2	11444	T	G	9425	6788	51	1	1	24	0.000106067	9428	1	FALSE	NA	NA	NA	NA	NA	NA
NC_045512.2	11444	T	C	9425	6788	51	1	1	26	0.000106067	9428	1	FALSE	NA	NA	NA	NA	NA	NA
NC_045512.2	11444	T	A	9425	6788	51	1	1	24	0.000106067	9428	1	FALSE	NA	NA	NA	NA	NA	NA
NC_045512.2	11445	T	C	9667	7039	51	1	1	34	0.000103423	9669	0.999026	FALSE	NA	NA	NA	NA	NA	NA
NC_045512.2	11445	T	A	9667	7039	51	1	1	26	0.000103423	9669	1	FALSE	NA	NA	NA	NA	NA	NA
NC_045512.2	11448	A	T	9629	7034	47	2	2	30	0.000207663	9631	0.994155	FALSE	NA	NA	NA	NA	NA	NA
NC_045512.2	11449	T	C	9694	7103	51	1	1	68	0.000103135	9696	0.5	FALSE	NA	NA	NA	NA	NA	NA
NC_045512.2	11449	T	A	9694	7103	51	1	0	27	0.000103135	9696	1	FALSE	NA	NA	NA	NA	NA	NA
NC_045512.2	11453	G	A	8744	6487	51	1	0	68	0.000114351	8745	0.500029	FALSE	NA	NA	NA	NA	NA	NA
NC_045512.2	11454	C	T	8744	6494	51	4	4	34	0.000457247	8748	0.927099	FALSE	NA	NA	NA	NA	NA	NA
NC_045512.2	11456	A	G	8530	6408	50	2	2	51	0.000234412	8532	0.250015	FALSE	NA	NA	NA	NA	NA	NA
NC_045512.2	11458	T	C	8542	6432	50	1	1	68	0.000117055	8543	0.500029	FALSE	NA	NA	NA	NA	NA	NA
NC_045512.2	11459	T	C	8559	6467	50	2	2	47	0.000233618	8561	0.250015	FALSE	NA	NA	NA	NA	NA	NA
NC_045512.2	11460	C	T	8505	6662	48	1	1	68	0.000117564	8506	0.500029	FALSE	NA	NA	NA	NA	NA	NA
NC_045512.2	11462	A	T	8191	6366	48	1	1	34	0.00012207	8192	0.998052	FALSE	NA	NA	NA	NA	NA	NA
NC_045512.2	11465	T	C	7988	6264	48	2	0	46	0.000250313	7990	0.250016	FALSE	NA	NA	NA	NA	NA	NA
NC_045512.2	11466	G	T	7943	6268	48	2	1	68	0.000251731	7945	0.250016	FALSE	NA	NA	NA	NA	NA	NA
NC_045512.2	11467	G	A	7925	6245	48	1	1	34	0.000126167	7926	0.996103	FALSE	NA	NA	NA	NA	NA	NA
NC_045512.2	11468	G	T	7915	6299	47	1	1	26	0.000126326	7916	1	FALSE	NA	NA	NA	NA	NA	NA
NC_045512.2	11469	C	A	7899	6297	47	1	1	34	0.000126582	7900	0.996103	FALSE	NA	NA	NA	NA	NA	NA
NC_045512.2	11470	T	C	7457	5859	46	2	2	51	0.000268132	7459	0.250017	FALSE	NA	NA	NA	NA	NA	NA
NC_045512.2	11471	C	-T	7836	6275	47	1	0	20	0.000127616	7836	1	FALSE	NA	NA	NA	NA	NA	NA
NC_045512.2	11472	T	A	7845	6284	47	1	1	34	0.000127453	7846	0.996101	FALSE	NA	NA	NA	NA	NA	NA
NC_045512.2	11473	T	C	7779	6216	47	2	2	30	0.000257036	7781	0.980505	FALSE	NA	NA	NA	NA	NA	NA
NC_045512.2	11476	A	G	7731	6248	46	2	2	34	0.000258632	7733	0.980505	FALSE	NA	NA	NA	NA	NA	NA
NC_045512.2	11477	A	T	7755	6306	46	1	1	24	0.000128932	7756	1	FALSE	NA	NA	NA	NA	NA	NA
NC_045512.2	11478	T	C	7069	5851	42	3	3	34	0.000424208	7072	0.945399	FALSE	NA	NA	NA	NA	NA	NA
NC_045512.2	11482	T	C	5573	4589	45	1	1	68	0.000179404	5574	0.500045	FALSE	NA	NA	NA	NA	NA	NA
NC_045512.2	11485	T	C	5601	4625	45	1	1	34	0.000178508	5602	0.984404	FALSE	NA	NA	NA	NA	NA	NA
NC_045512.2	11488	T	C	5448	4585	44	3	3	31	0.000550358	5451	0.855619	FALSE	NA	NA	NA	NA	NA	NA
NC_045512.2	11493	A	T	5138	4337	41	1	1	34	0.00019459	5139	0.984407	FALSE	NA	NA	NA	NA	NA	NA
NC_045512.2	11495	T	C	5000	4274	43	2	2	68	0.00039984	5002	0.250025	FALSE	NA	NA	NA	NA	NA	NA
NC_045512.2	11503	T	C	4094	3498	43	1	1	34	0.0002442	4095	0.968807	FALSE	NA	NA	NA	NA	NA	NA
NC_045512.2	11833	C	A	312	54	40	34	0	36	0.0982659	346	2.61042e-11	TRUE	NA	NA	NA	NA	NA	NA
NC_045512.2	11834	A	G	391	65	39	1	0	24	0.00255102	392	0.938297	FALSE	NA	NA	NA	NA	NA	NA
NC_045512.2	11838	T	G	543	86	41	1	0	34	0.0018315	546	0.499541	FALSE	NA	NA	NA	NA	NA	NA
NC_045512.2	11838	T	A	543	86	41	2	0	30	0.003663	546	0.24977	FALSE	NA	NA	NA	NA	NA	NA
NC_045512.2	11841	A	G	553	86	41	1	0	34	0.00180505	554	0.500452	FALSE	NA	NA	NA	NA	NA	NA
NC_045512.2	11843	T	G	959	105	39	1	0	34	0.00104167	960	0.500261	FALSE	NA	NA	NA	NA	NA	NA
NC_045512.2	11844	C	-T	961	107	39	1	0	20	0.00104058	961	0.999056	FALSE	NA	NA	NA	NA	NA	NA
NC_045512.2	11844	C	+T	961	107	39	1	0	20	0.00104058	961	0.999056	FALSE	NA	NA	NA	NA	NA	NA
NC_045512.2	11845	T	A	968	106	39	1	0	26	0.00103199	969	0.999046	FALSE	NA	NA	NA	NA	NA	NA
NC_045512.2	11845	T	-A	968	106	39	7	0	20	0.00721649	970	0.777458	FALSE	NA	NA	NA	NA	NA	NA
NC_045512.2	11852	T	C	987	107	39	1	0	34	0.00101215	988	0.500253	FALSE	NA	NA	NA	NA	NA	NA
NC_045512.2	11856	A	G	1129	113	38	1	0	26	0.000884956	1130	0.999764	FALSE	NA	NA	NA	NA	NA	NA
NC_045512.2	11872	A	G	1487	154	39	1	0	34	0.000672043	1488	0.750252	FALSE	NA	NA	NA	NA	NA	NA
NC_045512.2	11875	A	G	1505	156	39	1	0	34	0.000664011	1506	0.750249	FALSE	NA	NA	NA	NA	NA	NA
NC_045512.2	11877	T	A	1640	162	37	1	0	34	0.000609385	1641	0.750229	FALSE	NA	NA	NA	NA	NA	NA
NC_045512.2	11892	T	C	1731	262	42	3	1	45	0.0017301	1734	0.125	FALSE	NA	NA	NA	NA	NA	NA
NC_045512.2	11902	C	A	1836	299	42	1	0	26	0.000544366	1837	0.999998	FALSE	NA	NA	NA	NA	NA	NA
NC_045512.2	11905	A	T	1982	328	43	1	1	34	0.000504286	1983	0.750189	FALSE	NA	NA	NA	NA	NA	NA
NC_045512.2	11907	T	C	1991	335	43	1	0	34	0.000502008	1992	0.750188	FALSE	NA	NA	NA	NA	NA	NA
NC_045512.2	11915	T	A	1997	337	43	1	0	46	0.000500501	1998	0.500125	FALSE	NA	NA	NA	NA	NA	NA
NC_045512.2	11927	T	C	2049	364	44	1	1	68	0.000487805	2050	0.500122	FALSE	NA	NA	NA	NA	NA	NA
NC_045512.2	11941	C	T	2166	418	45	1	0	68	0.000461467	2167	0.500115	FALSE	NA	NA	NA	NA	NA	NA
NC_045512.2	11942	C	A	2185	421	45	1	0	26	0.000457457	2186	1	FALSE	NA	NA	NA	NA	NA	NA
NC_045512.2	11950	C	T	2249	517	47	1	1	68	0.000444444	2250	0.500111	FALSE	NA	NA	NA	NA	NA	NA
NC_045512.2	11951	A	T	2214	519	47	1	0	68	0.000451467	2215	0.500113	FALSE	NA	NA	NA	NA	NA	NA
NC_045512.2	11957	A	T	2160	558	46	1	0	34	0.000462749	2161	0.875174	FALSE	NA	NA	NA	NA	NA	NA
NC_045512.2	11961	T	C	2238	541	45	1	0	34	0.000446628	2239	0.875168	FALSE	NA	NA	NA	NA	NA	NA
NC_045512.2	11962	C	T	2253	563	47	1	0	34	0.000443656	2254	0.875166	FALSE	NA	NA	NA	NA	NA	NA
NC_045512.2	11963	T	G	2252	554	46	1	1	27	0.000443853	2253	1	FALSE	NA	NA	NA	NA	NA	NA
NC_045512.2	11966	G	A	2263	650	48	1	1	46	0.000441696	2264	0.50011	FALSE	NA	NA	NA	NA	NA	NA
NC_045512.2	11969	A	T	2277	923	55	1	0	26	0.000438982	2278	1	FALSE	NA	NA	NA	NA	NA	NA
NC_045512.2	11971	A	T	2314	954	55	1	0	26	0.000431965	2315	1	FALSE	NA	NA	NA	NA	NA	NA
NC_045512.2	11973	A	T	2231	953	52	1	1	27	0.000448029	2232	1	FALSE	NA	NA	NA	NA	NA	NA
NC_045512.2	11975	A	T	2303	947	55	1	0	34	0.000434028	2304	0.875163	FALSE	NA	NA	NA	NA	NA	NA
NC_045512.2	11976	C	G	2346	974	55	1	0	34	0.000426076	2347	0.87516	FALSE	NA	NA	NA	NA	NA	NA
NC_045512.2	11977	T	C	2327	966	53	1	0	68	0.000429369	2329	0.5	FALSE	NA	NA	NA	NA	NA	NA
NC_045512.2	11977	T	A	2327	966	53	1	0	34	0.000429369	2329	0.875081	FALSE	NA	NA	NA	NA	NA	NA
NC_045512.2	11979	C	A	2395	1011	55	1	0	26	0.000417362	2396	1	FALSE	NA	NA	NA	NA	NA	NA
NC_045512.2	11982	A	T	2343	982	55	1	0	26	0.000426439	2345	1	FALSE	NA	NA	NA	NA	NA	NA
NC_045512.2	11982	A	G	2343	982	55	1	0	68	0.000426439	2345	0.5	FALSE	NA	NA	NA	NA	NA	NA
NC_045512.2	11983	A	T	2318	1040	54	2	0	34	0.000862069	2320	0.687743	FALSE	NA	NA	NA	NA	NA	NA
NC_045512.2	11985	C	G	2296	1053	54	1	1	27	0.00043535	2297	1	FALSE	NA	NA	NA	NA	NA	NA
NC_045512.2	11986	C	A	2275	1104	53	1	0	26	0.000439367	2276	1	FALSE	NA	NA	NA	NA	NA	NA
NC_045512.2	12008	C	A	2254	1438	48	1	0	34	0.000443459	2255	0.875166	FALSE	NA	NA	NA	NA	NA	NA
NC_045512.2	12014	G	T	2270	1561	49	1	1	26	0.000440335	2271	1	FALSE	NA	NA	NA	NA	NA	NA
NC_045512.2	12021	T	C	2203	1637	47	1	0	68	0.000453721	2204	0.500113	FALSE	NA	NA	NA	NA	NA	NA
NC_045512.2	12028	G	A	2249	1820	46	1	1	34	0.000444444	2250	0.875167	FALSE	NA	NA	NA	NA	NA	NA
NC_045512.2	12029	C	T	2244	1820	46	2	2	34	0.000890472	2246	0.687751	FALSE	NA	NA	NA	NA	NA	NA
NC_045512.2	12031	G	A	2247	1818	46	1	1	34	0.00044484	2248	0.875167	FALSE	NA	NA	NA	NA	NA	NA
NC_045512.2	12037	T	A	2207	1775	46	2	2	23	0.000905387	2209	0.999999	FALSE	NA	NA	NA	NA	NA	NA
NC_045512.2	12039	T	C	2256	1822	46	1	1	68	0.000443066	2257	0.500111	FALSE	NA	NA	NA	NA	NA	NA
NC_045512.2	12041	G	T	2236	1807	47	1	1	68	0.000447027	2237	0.500112	FALSE	NA	NA	NA	NA	NA	NA
NC_045512.2	12042	A	T	2105	1689	46	1	1	34	0.000474834	2106	0.875178	FALSE	NA	NA	NA	NA	NA	NA
NC_045512.2	12050	A	T	2034	1674	45	2	2	34	0.000982318	2036	0.687776	FALSE	NA	NA	NA	NA	NA	NA
NC_045512.2	12055	T	C	2001	1703	44	1	1	34	0.0004995	2002	0.875187	FALSE	NA	NA	NA	NA	NA	NA
NC_045512.2	12065	A	T	1974	1687	44	1	1	26	0.000506329	1975	0.999999	FALSE	NA	NA	NA	NA	NA	NA
NC_045512.2	12067	G	C	1982	1709	43	1	0	68	0.000504286	1983	0.500126	FALSE	NA	NA	NA	NA	NA	NA
NC_045512.2	12068	C	T	1983	1718	42	1	1	34	0.000504032	1984	0.750189	FALSE	NA	NA	NA	NA	NA	NA
NC_045512.2	12070	G	T	1958	1693	43	1	1	26	0.000510465	1959	0.999999	FALSE	NA	NA	NA	NA	NA	NA
NC_045512.2	12074	A	G	1917	1660	42	1	1	34	0.000521376	1918	0.750196	FALSE	NA	NA	NA	NA	NA	NA
NC_045512.2	12077	A	T	1907	1650	42	1	1	34	0.000524109	1908	0.750197	FALSE	NA	NA	NA	NA	NA	NA
NC_045512.2	12081	C	T	1871	1642	42	2	2	34	0.00106781	1873	0.5002	FALSE	NA	NA	NA	NA	NA	NA
NC_045512.2	12091	A	T	1802	1592	41	1	1	34	0.000554631	1803	0.750208	FALSE	NA	NA	NA	NA	NA	NA
NC_045512.2	12092	G	C	1776	1569	41	1	1	34	0.00056243	1778	0.75007	FALSE	NA	NA	NA	NA	NA	NA
NC_045512.2	12092	G	A	1776	1569	41	1	1	34	0.00056243	1778	0.75007	FALSE	NA	NA	NA	NA	NA	NA
NC_045512.2	12097	A	G	1732	1549	40	1	1	34	0.000577034	1733	0.750216	FALSE	NA	NA	NA	NA	NA	NA
NC_045512.2	12112	T	C	1501	1361	39	1	1	34	0.000665779	1502	0.75025	FALSE	NA	NA	NA	NA	NA	NA
NC_045512.2	12114	C	T	1511	1372	39	1	1	26	0.000661376	1512	0.999985	FALSE	NA	NA	NA	NA	NA	NA
NC_045512.2	12128	G	T	796	721	39	2	2	30	0.00250627	798	0.250157	FALSE	NA	NA	NA	NA	NA	NA
NC_045512.2	12131	G	C	739	677	38	1	1	34	0.00135135	740	0.500338	FALSE	NA	NA	NA	NA	NA	NA
NC_045512.2	12140	A	G	631	576	38	1	1	34	0.00158228	632	0.500396	FALSE	NA	NA	NA	NA	NA	NA
NC_045512.2	12144	C	A	6282	1017	35	3	0	31	0.000477327	6285	0.910274	FALSE	NA	NA	NA	NA	NA	NA
NC_045512.2	12145	T	C	6377	1078	35	1	0	34	0.000156764	6379	0.9922	FALSE	NA	NA	NA	NA	NA	NA
NC_045512.2	12145	T	A	6377	1078	35	1	0	34	0.000156764	6379	0.9922	FALSE	NA	NA	NA	NA	NA	NA
NC_045512.2	12146	C	A	6497	1086	35	2	0	34	0.00030774	6499	0.964903	FALSE	NA	NA	NA	NA	NA	NA
NC_045512.2	12148	A	G	6566	1082	35	2	0	34	0.000304507	6568	0.964902	FALSE	NA	NA	NA	NA	NA	NA
NC_045512.2	12149	G	C	6568	1078	35	1	0	38	0.00015223	6569	0.992204	FALSE	NA	NA	NA	NA	NA	NA
NC_045512.2	12150	A	T	5261	1082	33	1	0	26	0.000190042	5262	1	FALSE	NA	NA	NA	NA	NA	NA
NC_045512.2	12153	C	A	9589	1299	36	4	0	34	0.000416971	9593	0.95393	FALSE	NA	NA	NA	NA	NA	NA
NC_045512.2	12154	T	C	9614	1311	36	1	0	68	0.000103993	9616	0.5	FALSE	NA	NA	NA	NA	NA	NA
NC_045512.2	12154	T	A	9614	1311	36	1	0	26	0.000103993	9616	1	FALSE	NA	NA	NA	NA	NA	NA
NC_045512.2	12155	T	C	9671	1317	36	1	1	24	0.000103391	9672	1	FALSE	NA	NA	NA	NA	NA	NA
NC_045512.2	12157	T	C	9718	1326	37	1	0	34	0.000102891	9719	0.999026	FALSE	NA	NA	NA	NA	NA	NA
NC_045512.2	12159	A	G	9597	1208	38	2	0	34	0.000208355	9599	0.994155	FALSE	NA	NA	NA	NA	NA	NA
NC_045512.2	12160	G	A	9564	1192	38	1	0	34	0.000104548	9565	0.999026	FALSE	NA	NA	NA	NA	NA	NA
NC_045512.2	12162	A	G	9580	1232	38	1	0	34	0.000104373	9581	0.999026	FALSE	NA	NA	NA	NA	NA	NA
NC_045512.2	12164	G	C	10441	1305	38	1	0	26	9.57488e-05	10444	1	FALSE	NA	NA	NA	NA	NA	NA
NC_045512.2	12164	G	A	10441	1305	38	2	0	34	0.000191498	10444	0.996833	FALSE	NA	NA	NA	NA	NA	NA
NC_045512.2	12166	T	C	10544	1325	38	2	0	34	0.000189645	10546	0.996835	FALSE	NA	NA	NA	NA	NA	NA
NC_045512.2	12167	G	T	10723	1317	38	1	0	34	9.32401e-05	10725	0.999513	FALSE	NA	NA	NA	NA	NA	NA
NC_045512.2	12167	G	A	10723	1317	38	1	1	68	9.32401e-05	10725	0.5	FALSE	NA	NA	NA	NA	NA	NA
NC_045512.2	12168	T	A	10754	1676	41	1	0	34	9.298e-05	10755	0.999513	FALSE	NA	NA	NA	NA	NA	NA
NC_045512.2	12170	G	A	11745	1885	41	1	0	34	8.51354e-05	11746	0.999757	FALSE	NA	NA	NA	NA	NA	NA
NC_045512.2	12171	C	A	11759	1925	41	1	0	34	8.5034e-05	11760	0.999757	FALSE	NA	NA	NA	NA	NA	NA
NC_045512.2	12172	T	C	11828	1902	41	2	0	34	0.000169062	11830	0.998296	FALSE	NA	NA	NA	NA	NA	NA
NC_045512.2	12178	T	C	12110	2207	43	5	1	32	0.000412677	12116	0.975518	FALSE	NA	NA	NA	NA	NA	NA
NC_045512.2	12178	T	A	12110	2207	43	1	0	34	8.25355e-05	12116	0.999878	FALSE	NA	NA	NA	NA	NA	NA
NC_045512.2	12181	T	G	12806	2380	43	1	0	26	7.80823e-05	12807	1	FALSE	NA	NA	NA	NA	NA	NA
NC_045512.2	12182	T	A	12741	2393	43	1	0	34	7.84806e-05	12742	0.999878	FALSE	NA	NA	NA	NA	NA	NA
NC_045512.2	12186	A	G	13029	2452	43	1	1	68	7.6746e-05	13030	0.500019	FALSE	NA	NA	NA	NA	NA	NA
NC_045512.2	12187	A	T	12977	2446	44	1	1	27	7.70416e-05	12980	1	FALSE	NA	NA	NA	NA	NA	NA
NC_045512.2	12187	A	G	12977	2446	44	2	0	40	0.000154083	12980	0.5	FALSE	NA	NA	NA	NA	NA	NA
NC_045512.2	12189	T	C	12981	2578	44	2	0	34	0.000154048	12983	0.999087	FALSE	NA	NA	NA	NA	NA	NA
NC_045512.2	12191	G	C	13063	2569	44	1	1	27	7.65462e-05	13064	1	FALSE	NA	NA	NA	NA	NA	NA
NC_045512.2	12192	T	C	13053	2590	44	2	1	68	0.000153198	13055	0.25001	FALSE	NA	NA	NA	NA	NA	NA
NC_045512.2	12193	T	C	12987	2529	43	1	0	34	7.69882e-05	12989	0.999878	FALSE	NA	NA	NA	NA	NA	NA
NC_045512.2	12193	T	A	12987	2529	43	1	0	34	7.69882e-05	12989	0.999878	FALSE	NA	NA	NA	NA	NA	NA
NC_045512.2	12196	T	C	13144	2761	45	1	0	34	7.60746e-05	13145	0.999939	FALSE	NA	NA	NA	NA	NA	NA
NC_045512.2	12196	T	-A	13144	2761	45	3	0	20	0.000228224	13145	1	FALSE	NA	NA	NA	NA	NA	NA
NC_045512.2	12197	A	G	13168	2767	45	5	1	38	0.000379564	13173	0.984574	FALSE	NA	NA	NA	NA	NA	NA
NC_045512.2	12198	A	G	13147	2885	45	1	0	68	7.60572e-05	13148	0.500019	FALSE	NA	NA	NA	NA	NA	NA
NC_045512.2	12199	A	G	12606	2896	44	1	0	34	7.9321e-05	12607	0.999878	FALSE	NA	NA	NA	NA	NA	NA
NC_045512.2	12202	G	A	13360	2917	45	1	0	34	7.48447e-05	13361	0.999939	FALSE	NA	NA	NA	NA	NA	NA
NC_045512.2	12204	T	C	13459	3275	47	1	0	34	7.42887e-05	13461	0.999939	FALSE	NA	NA	NA	NA	NA	NA
NC_045512.2	12204	T	A	13459	3275	47	1	0	26	7.42887e-05	13461	1	FALSE	NA	NA	NA	NA	NA	NA
NC_045512.2	12206	A	G	13679	3342	47	4	1	40	0.000292334	13683	0.1875	FALSE	NA	NA	NA	NA	NA	NA
NC_045512.2	12207	A	T	13635	3353	47	1	0	20	7.33192e-05	13639	1	FALSE	NA	NA	NA	NA	NA	NA
NC_045512.2	12207	A	G	13635	3353	47	3	1	49	0.000219957	13639	0.312486	FALSE	NA	NA	NA	NA	NA	NA
NC_045512.2	12208	G	T	13621	3350	47	2	1	68	0.0001468	13624	0.249991	FALSE	NA	NA	NA	NA	NA	NA
NC_045512.2	12208	G	A	13621	3350	47	1	0	34	7.33999e-05	13624	0.999939	FALSE	NA	NA	NA	NA	NA	NA
NC_045512.2	12209	A	T	12922	3406	46	1	0	34	7.73694e-05	12925	0.999878	FALSE	NA	NA	NA	NA	NA	NA
NC_045512.2	12209	A	G	12922	3406	46	2	0	53	0.000154739	12925	0.24999	FALSE	NA	NA	NA	NA	NA	NA
NC_045512.2	12210	A	G	13587	3425	48	1	0	27	7.35943e-05	13588	1	FALSE	NA	NA	NA	NA	NA	NA
NC_045512.2	12211	G	T	14663	3500	47	1	1	27	6.81896e-05	14665	1	FALSE	NA	NA	NA	NA	NA	NA
NC_045512.2	12211	G	C	14663	3500	47	1	0	34	6.81896e-05	14665	0.99997	FALSE	NA	NA	NA	NA	NA	NA
NC_045512.2	12212	T	C	14678	3567	46	2	1	29	0.000136212	14683	1	FALSE	NA	NA	NA	NA	NA	NA
NC_045512.2	12212	T	A	14678	3567	46	3	0	31	0.000204318	14683	0.998828	FALSE	NA	NA	NA	NA	NA	NA
NC_045512.2	12215	T	C	15269	3716	47	2	1	51	0.000130967	15271	0.250008	FALSE	NA	NA	NA	NA	NA	NA
NC_045512.2	12216	T	G	15332	3724	47	1	1	20	6.52146e-05	15334	1	FALSE	NA	NA	NA	NA	NA	NA
NC_045512.2	12216	T	A	15332	3724	47	1	0	26	6.52146e-05	15334	1	FALSE	NA	NA	NA	NA	NA	NA
NC_045512.2	12217	G	A	15396	3729	47	1	1	68	6.49477e-05	15397	0.500016	FALSE	NA	NA	NA	NA	NA	NA
NC_045512.2	12218	A	G	15497	3774	47	2	1	47	0.000129041	15499	0.500024	FALSE	NA	NA	NA	NA	NA	NA
NC_045512.2	12219	A	T	15443	4113	49	2	2	30	0.000129492	15445	0.999863	FALSE	NA	NA	NA	NA	NA	NA
NC_045512.2	12220	T	C	15416	4131	49	10	6	50	0.000648256	15426	0.000975455	TRUE	NA	NA	NA	NA	NA	NA
NC_045512.2	12221	G	C	15389	4128	49	1	0	34	6.4973e-05	15391	0.999985	FALSE	NA	NA	NA	NA	NA	NA
NC_045512.2	12221	G	A	15389	4128	49	1	0	68	6.4973e-05	15391	0.5	FALSE	NA	NA	NA	NA	NA	NA
NC_045512.2	12221	G	-TGGC	15389	4128	49	1	0	20	6.4973e-05	15391	1	FALSE	NA	NA	NA	NA	NA	NA
NC_045512.2	12222	T	C	15404	4124	49	1	0	60	6.49098e-05	15406	0.499984	FALSE	NA	NA	NA	NA	NA	NA
NC_045512.2	12222	T	A	15404	4124	49	1	0	34	6.49098e-05	15406	0.999985	FALSE	NA	NA	NA	NA	NA	NA
NC_045512.2	12224	G	T	15824	4151	48	1	1	20	6.31712e-05	15830	1	FALSE	NA	NA	NA	NA	NA	NA
NC_045512.2	12224	G	A	15824	4151	48	5	1	38	0.000315856	15830	0.994102	FALSE	NA	NA	NA	NA	NA	NA
NC_045512.2	12225	C	T	15784	4327	49	3	0	34	0.00019003	15787	0.999346	FALSE	NA	NA	NA	NA	NA	NA
NC_045512.2	12226	T	C	15931	4334	49	1	1	68	6.27668e-05	15932	0.500016	FALSE	NA	NA	NA	NA	NA	NA
NC_045512.2	12227	A	G	15826	4330	49	2	0	51	0.000126358	15828	0.250008	FALSE	NA	NA	NA	NA	NA	NA
NC_045512.2	12228	A	G	15612	4335	49	1	1	60	6.40492e-05	15613	0.500016	FALSE	NA	NA	NA	NA	NA	NA
NC_045512.2	12229	A	C	16235	4375	49	1	1	27	6.15915e-05	16236	1	FALSE	NA	NA	NA	NA	NA	NA
NC_045512.2	12230	T	C	16204	4379	49	2	1	47	0.000123396	16208	0.499977	FALSE	NA	NA	NA	NA	NA	NA
NC_045512.2	12230	T	A	16204	4379	49	2	1	30	0.000123396	16208	0.999928	FALSE	NA	NA	NA	NA	NA	NA
NC_045512.2	12232	T	C	16241	4477	49	2	0	68	0.00012313	16243	0.250008	FALSE	NA	NA	NA	NA	NA	NA
NC_045512.2	12233	G	C	16582	4518	49	2	1	30	0.000120598	16584	0.999928	FALSE	NA	NA	NA	NA	NA	NA
NC_045512.2	12234	A	G	16681	4518	49	3	2	56	0.000179813	16684	0.125	FALSE	NA	NA	NA	NA	NA	NA
NC_045512.2	12235	A	G	16699	4540	49	1	0	60	5.98802e-05	16700	0.500015	FALSE	NA	NA	NA	NA	NA	NA
NC_045512.2	12237	T	C	16573	4474	46	1	0	68	6.03318e-05	16575	0.5	FALSE	NA	NA	NA	NA	NA	NA
NC_045512.2	12237	T	A	16573	4474	46	1	0	26	6.03318e-05	16575	1	FALSE	NA	NA	NA	NA	NA	NA
NC_045512.2	12238	T	C	16597	4564	49	3	2	62	0.000180712	16601	0.124989	FALSE	NA	NA	NA	NA	NA	NA
NC_045512.2	12238	T	A	16597	4564	49	1	0	26	6.02373e-05	16601	1	FALSE	NA	NA	NA	NA	NA	NA
NC_045512.2	12239	G	T	16631	4578	50	2	1	47	0.000120236	16634	0.5	FALSE	NA	NA	NA	NA	NA	NA
NC_045512.2	12239	G	C	16631	4578	50	1	1	27	6.01178e-05	16634	1	FALSE	NA	NA	NA	NA	NA	NA
NC_045512.2	12240	A	G	16783	4621	50	1	0	34	5.95806e-05	16784	0.999992	FALSE	NA	NA	NA	NA	NA	NA
NC_045512.2	12241	C	A	16630	4657	49	1	0	24	6.01287e-05	16631	1	FALSE	NA	NA	NA	NA	NA	NA
NC_045512.2	12242	C	T	16502	4630	50	3	0	56	0.000181763	16505	0.125	FALSE	NA	NA	NA	NA	NA	NA
NC_045512.2	12243	G	T	16640	4629	50	1	0	60	6.00817e-05	16644	0.49997	FALSE	NA	NA	NA	NA	NA	NA
NC_045512.2	12243	G	A	16640	4629	50	3	1	54	0.000180245	16644	0.124989	FALSE	NA	NA	NA	NA	NA	NA
NC_045512.2	12244	T	C	16767	4769	49	3	1	45	0.000178891	16770	0.312511	FALSE	NA	NA	NA	NA	NA	NA
NC_045512.2	12244	T	-G	16767	4769	49	1	0	20	5.96303e-05	16770	1	FALSE	NA	NA	NA	NA	NA	NA
NC_045512.2	12245	G	C	17015	4783	50	2	0	26	0.000117516	17019	1	FALSE	NA	NA	NA	NA	NA	NA
NC_045512.2	12245	G	A	17015	4783	50	2	0	34	0.000117516	17019	0.999962	FALSE	NA	NA	NA	NA	NA	NA
NC_045512.2	12246	A	T	16981	4819	49	1	0	68	5.88755e-05	16985	0.499971	FALSE	NA	NA	NA	NA	NA	NA
NC_045512.2	12246	A	G	16981	4819	49	3	1	30	0.000176626	16985	0.999637	FALSE	NA	NA	NA	NA	NA	NA
NC_045512.2	12247	T	G	17179	4816	50	1	1	24	5.82038e-05	17181	1	FALSE	NA	NA	NA	NA	NA	NA
NC_045512.2	12247	T	C	17179	4816	50	1	0	34	5.82038e-05	17181	0.999996	FALSE	NA	NA	NA	NA	NA	NA
NC_045512.2	12248	G	T	17114	4818	50	1	0	34	5.84215e-05	17117	0.999996	FALSE	NA	NA	NA	NA	NA	NA
NC_045512.2	12248	G	A	17114	4818	50	2	1	51	0.000116843	17117	0.249993	FALSE	NA	NA	NA	NA	NA	NA
NC_045512.2	12249	C	T	17204	4991	50	2	0	34	0.000116232	17207	0.999962	FALSE	NA	NA	NA	NA	NA	NA
NC_045512.2	12249	C	G	17204	4991	50	1	0	34	5.81159e-05	17207	0.999996	FALSE	NA	NA	NA	NA	NA	NA
NC_045512.2	12250	A	G	17365	4984	51	2	2	46	0.000115161	17367	0.500022	FALSE	NA	NA	NA	NA	NA	NA
NC_045512.2	12251	G	C	17886	5019	50	1	1	27	5.59065e-05	17887	1	FALSE	NA	NA	NA	NA	NA	NA
NC_045512.2	12252	C	A	17778	5041	50	3	0	31	0.000168719	17781	0.9998	FALSE	NA	NA	NA	NA	NA	NA
NC_045512.2	12253	C	T	17757	5074	51	2	1	68	0.000112619	17759	0.250007	FALSE	NA	NA	NA	NA	NA	NA
NC_045512.2	12254	A	T	17913	5079	51	1	0	34	5.58005e-05	17921	0.999996	FALSE	NA	NA	NA	NA	NA	NA
NC_045512.2	12254	A	G	17913	5079	51	7	3	53	0.000390603	17921	0.00780792	TRUE	NA	NA	NA	NA	NA	NA
NC_045512.2	12256	G	C	17800	5046	50	2	0	30	0.000112341	17803	0.999962	FALSE	NA	NA	NA	NA	NA	NA
NC_045512.2	12256	G	A	17800	5046	50	1	0	26	5.61703e-05	17803	1	FALSE	NA	NA	NA	NA	NA	NA
NC_045512.2	12258	A	T	17890	5504	53	1	0	34	5.5894e-05	17891	0.999996	FALSE	NA	NA	NA	NA	NA	NA
NC_045512.2	12259	A	G	17799	5513	52	2	0	68	0.000112353	17801	0.250007	FALSE	NA	NA	NA	NA	NA	NA
NC_045512.2	12261	G	T	17689	5369	53	1	0	34	5.65227e-05	17692	0.999996	FALSE	NA	NA	NA	NA	NA	NA
NC_045512.2	12261	G	A	17689	5369	53	2	1	34	0.000113045	17692	0.999962	FALSE	NA	NA	NA	NA	NA	NA
NC_045512.2	12262	T	A	17685	5399	53	1	0	34	5.65419e-05	17686	0.999996	FALSE	NA	NA	NA	NA	NA	NA
NC_045512.2	12263	A	T	17708	5378	53	1	0	27	5.64653e-05	17710	1	FALSE	NA	NA	NA	NA	NA	NA
NC_045512.2	12263	A	G	17708	5378	53	1	1	38	5.64653e-05	17710	0.999996	FALSE	NA	NA	NA	NA	NA	NA
NC_045512.2	12264	A	G	17558	5389	53	1	0	34	5.69509e-05	17559	0.999996	FALSE	NA	NA	NA	NA	NA	NA
NC_045512.2	12266	T	G	17620	5503	51	1	1	27	5.67312e-05	17627	1	FALSE	NA	NA	NA	NA	NA	NA
NC_045512.2	12266	T	C	17620	5503	51	4	2	49	0.000226925	17627	0.187447	FALSE	NA	NA	NA	NA	NA	NA
NC_045512.2	12266	T	A	17620	5503	51	2	0	34	0.000113462	17627	0.999962	FALSE	NA	NA	NA	NA	NA	NA
NC_045512.2	12267	T	A	17659	5611	54	2	0	30	0.000113244	17661	0.999962	FALSE	NA	NA	NA	NA	NA	NA
NC_045512.2	12268	G	T	17625	5558	54	1	0	34	5.67312e-05	17627	0.999996	FALSE	NA	NA	NA	NA	NA	NA
NC_045512.2	12268	G	A	17625	5558	54	1	0	34	5.67312e-05	17627	0.999996	FALSE	NA	NA	NA	NA	NA	NA
NC_045512.2	12269	G	C	17563	5564	54	1	0	68	5.69314e-05	17565	0.5	FALSE	NA	NA	NA	NA	NA	NA
NC_045512.2	12269	G	A	17563	5564	54	1	0	68	5.69314e-05	17565	0.5	FALSE	NA	NA	NA	NA	NA	NA
NC_045512.2	12269	G	-A	17563	5564	54	3	0	20	0.000170794	17565	1	FALSE	NA	NA	NA	NA	NA	NA
NC_045512.2	12270	A	T	17655	5587	53	1	1	27	5.66283e-05	17659	1	FALSE	NA	NA	NA	NA	NA	NA
NC_045512.2	12270	A	G	17655	5587	53	3	1	68	0.000169885	17659	0.124958	FALSE	NA	NA	NA	NA	NA	NA
NC_045512.2	12271	A	G	17444	5681	52	2	0	51	0.000114639	17446	0.250007	FALSE	NA	NA	NA	NA	NA	NA
NC_045512.2	12272	A	G	17441	6075	52	1	1	34	5.73329e-05	17442	0.999996	FALSE	NA	NA	NA	NA	NA	NA
NC_045512.2	12273	A	G	17280	6090	52	2	0	51	0.000115727	17282	0.250007	FALSE	NA	NA	NA	NA	NA	NA
NC_045512.2	12274	G	C	17335	6238	52	1	1	34	5.76834e-05	17336	0.999996	FALSE	NA	NA	NA	NA	NA	NA
NC_045512.2	12275	A	T	16292	6678	49	1	1	24	6.1361e-05	16297	1	FALSE	NA	NA	NA	NA	NA	NA
NC_045512.2	12275	A	G	16292	6678	49	4	2	54	0.000245444	16297	0.0624885	FALSE	NA	NA	NA	NA	NA	NA
NC_045512.2	12276	T	G	17343	6755	52	1	1	34	5.76568e-05	17344	0.999996	FALSE	NA	NA	NA	NA	NA	NA
NC_045512.2	12278	G	C	17205	6810	52	1	1	27	5.81193e-05	17206	1	FALSE	NA	NA	NA	NA	NA	NA
NC_045512.2	12279	C	G	16881	7418	50	1	1	27	5.92277e-05	16884	1	FALSE	NA	NA	NA	NA	NA	NA
NC_045512.2	12279	C	A	16881	7418	50	2	2	34	0.000118455	16884	0.999928	FALSE	NA	NA	NA	NA	NA	NA
NC_045512.2	12280	T	C	16873	7410	50	3	1	46	0.000177746	16878	0.312467	FALSE	NA	NA	NA	NA	NA	NA
NC_045512.2	12280	T	A	16873	7410	50	2	2	26	0.000118497	16878	1	FALSE	NA	NA	NA	NA	NA	NA
NC_045512.2	12281	G	C	17075	7462	50	2	2	27	0.00011711	17078	1	FALSE	NA	NA	NA	NA	NA	NA
NC_045512.2	12281	G	A	17075	7462	50	1	0	68	5.85549e-05	17078	0.499985	FALSE	NA	NA	NA	NA	NA	NA
NC_045512.2	12283	T	C	17216	7752	51	1	1	68	5.80821e-05	17217	0.500015	FALSE	NA	NA	NA	NA	NA	NA
NC_045512.2	12283	T	-C	17216	7752	51	1	0	20	5.80821e-05	17217	1	FALSE	NA	NA	NA	NA	NA	NA
NC_045512.2	12285	A	T	16981	7663	50	3	1	26	0.000176626	16985	1	FALSE	NA	NA	NA	NA	NA	NA
NC_045512.2	12285	A	G	16981	7663	50	1	0	68	5.88755e-05	16985	0.499971	FALSE	NA	NA	NA	NA	NA	NA
NC_045512.2	12286	A	G	17277	7814	50	2	1	43	0.000115741	17280	0.5	FALSE	NA	NA	NA	NA	NA	NA
NC_045512.2	12286	A	C	17277	7814	50	1	0	68	5.78704e-05	17280	0.499986	FALSE	NA	NA	NA	NA	NA	NA
NC_045512.2	12287	G	T	17618	7822	50	1	1	26	5.67537e-05	17620	1	FALSE	NA	NA	NA	NA	NA	NA
NC_045512.2	12287	G	C	17618	7822	50	1	1	27	5.67537e-05	17620	1	FALSE	NA	NA	NA	NA	NA	NA
NC_045512.2	12288	C	A	17685	8167	50	1	0	34	5.65419e-05	17686	0.999996	FALSE	NA	NA	NA	NA	NA	NA
NC_045512.2	12289	T	C	17578	7961	49	1	1	27	5.68764e-05	17582	1	FALSE	NA	NA	NA	NA	NA	NA
NC_045512.2	12289	T	A	17578	7961	49	3	2	28	0.000170629	17582	1	FALSE	NA	NA	NA	NA	NA	NA
NC_045512.2	12289	T	-A	17578	7961	49	1	0	20	5.68764e-05	17582	1	FALSE	NA	NA	NA	NA	NA	NA
NC_045512.2	12290	A	C	17624	8125	51	1	1	34	5.67376e-05	17625	0.999996	FALSE	NA	NA	NA	NA	NA	NA
NC_045512.2	12291	T	C	17657	8090	51	2	2	30	0.00011325	17660	0.999962	FALSE	NA	NA	NA	NA	NA	NA
NC_045512.2	12291	T	A	17657	8090	51	1	1	34	5.66251e-05	17660	0.999996	FALSE	NA	NA	NA	NA	NA	NA
NC_045512.2	12292	G	C	17600	8117	51	1	1	27	5.6815e-05	17601	1	FALSE	NA	NA	NA	NA	NA	NA
NC_045512.2	12293	A	G	17835	8244	50	1	0	34	5.60664e-05	17836	0.999996	FALSE	NA	NA	NA	NA	NA	NA
NC_045512.2	12294	C	T	17847	8499	49	2	1	30	0.000112045	17850	0.999962	FALSE	NA	NA	NA	NA	NA	NA
NC_045512.2	12294	C	G	17847	8499	49	1	0	26	5.60224e-05	17850	1	FALSE	NA	NA	NA	NA	NA	NA
NC_045512.2	12295	C	T	17678	8645	50	1	0	34	5.65643e-05	17679	0.999996	FALSE	NA	NA	NA	NA	NA	NA
NC_045512.2	12296	C	T	17434	8591	50	1	0	34	5.73526e-05	17436	0.999996	FALSE	NA	NA	NA	NA	NA	NA
NC_045512.2	12296	C	G	17434	8591	50	1	0	34	5.73526e-05	17436	0.999996	FALSE	NA	NA	NA	NA	NA	NA
NC_045512.2	12297	A	G	17542	8638	50	1	1	34	5.70028e-05	17543	0.999996	FALSE	NA	NA	NA	NA	NA	NA
NC_045512.2	12298	A	T	17550	8623	50	1	1	27	5.69768e-05	17551	1	FALSE	NA	NA	NA	NA	NA	NA
NC_045512.2	12299	A	G	17364	8597	49	1	1	68	5.75871e-05	17365	0.500014	FALSE	NA	NA	NA	NA	NA	NA
NC_045512.2	12300	T	C	18266	8798	50	1	0	34	5.47405e-05	18268	0.999998	FALSE	NA	NA	NA	NA	NA	NA
NC_045512.2	12300	T	A	18266	8798	50	1	1	34	5.47405e-05	18268	0.999998	FALSE	NA	NA	NA	NA	NA	NA
NC_045512.2	12301	G	C	18317	8883	50	1	0	34	5.45911e-05	18318	0.999998	FALSE	NA	NA	NA	NA	NA	NA
NC_045512.2	12302	T	C	18099	9165	50	2	2	44	0.000110485	18102	0.5	FALSE	NA	NA	NA	NA	NA	NA
NC_045512.2	12302	T	A	18099	9165	50	1	1	26	5.52425e-05	18102	1	FALSE	NA	NA	NA	NA	NA	NA
NC_045512.2	12303	A	G	18098	9920	50	1	0	34	5.52517e-05	18099	0.999998	FALSE	NA	NA	NA	NA	NA	NA
NC_045512.2	12304	T	C	17888	10464	48	1	1	38	5.59003e-05	17889	0.999996	FALSE	NA	NA	NA	NA	NA	NA
NC_045512.2	12304	T	-A	17888	10464	48	1	0	20	5.59003e-05	17889	1	FALSE	NA	NA	NA	NA	NA	NA
NC_045512.2	12305	A	G	17954	10603	48	1	0	68	5.56948e-05	17955	0.5	FALSE	NA	NA	NA	NA	NA	NA
NC_045512.2	12306	A	G	17918	10549	48	1	1	34	5.58067e-05	17919	0.999996	FALSE	NA	NA	NA	NA	NA	NA
NC_045512.2	12307	A	T	16668	10616	44	1	1	34	5.99916e-05	16669	0.999992	FALSE	NA	NA	NA	NA	NA	NA
NC_045512.2	12308	C	T	17854	10695	47	1	0	34	5.60036e-05	17856	0.999996	FALSE	NA	NA	NA	NA	NA	NA
NC_045512.2	12308	C	A	17854	10695	47	1	1	46	5.60036e-05	17856	0.750007	FALSE	NA	NA	NA	NA	NA	NA
NC_045512.2	12309	A	G	17252	10119	48	1	0	68	5.79609e-05	17253	0.500014	FALSE	NA	NA	NA	NA	NA	NA
NC_045512.2	12311	G	C	18249	10352	47	1	1	27	5.47735e-05	18257	1	FALSE	NA	NA	NA	NA	NA	NA
NC_045512.2	12311	G	A	18249	10352	47	7	1	34	0.000383415	18257	0.9927	FALSE	NA	NA	NA	NA	NA	NA
NC_045512.2	12312	C	A	18174	10701	46	2	1	51	0.000110035	18176	0.250007	FALSE	NA	NA	NA	NA	NA	NA
NC_045512.2	12313	T	G	18222	10710	47	1	1	34	5.48637e-05	18227	0.999998	FALSE	NA	NA	NA	NA	NA	NA
NC_045512.2	12313	T	C	18222	10710	47	1	1	34	5.48637e-05	18227	0.999998	FALSE	NA	NA	NA	NA	NA	NA
NC_045512.2	12313	T	A	18222	10710	47	3	2	29	0.000164591	18227	1	FALSE	NA	NA	NA	NA	NA	NA
NC_045512.2	12314	A	T	18159	10678	47	1	1	26	5.50661e-05	18160	1	FALSE	NA	NA	NA	NA	NA	NA
NC_045512.2	12315	G	T	18417	10711	46	1	0	20	5.42918e-05	18419	1	FALSE	NA	NA	NA	NA	NA	NA
NC_045512.2	12315	G	A	18417	10711	46	1	0	68	5.42918e-05	18419	0.5	FALSE	NA	NA	NA	NA	NA	NA
NC_045512.2	12316	A	T	18048	10834	45	1	0	26	5.54047e-05	18049	1	FALSE	NA	NA	NA	NA	NA	NA
NC_045512.2	12317	T	C	18230	10516	46	1	1	34	5.48426e-05	18234	0.999998	FALSE	NA	NA	NA	NA	NA	NA
NC_045512.2	12317	T	A	18230	10516	46	3	3	31	0.000164528	18234	0.99989	FALSE	NA	NA	NA	NA	NA	NA
NC_045512.2	12319	T	C	17168	10164	46	8	5	38	0.000465766	17176	0.978402	FALSE	NA	NA	NA	NA	NA	NA
NC_045512.2	12321	A	G	17337	10220	45	2	2	42	0.000115347	17339	0.500022	FALSE	NA	NA	NA	NA	NA	NA
NC_045512.2	12322	G	T	17367	10097	45	2	2	34	0.000115128	17372	0.999962	FALSE	NA	NA	NA	NA	NA	NA
NC_045512.2	12322	G	C	17367	10097	45	2	2	30	0.000115128	17372	0.999962	FALSE	NA	NA	NA	NA	NA	NA
NC_045512.2	12322	G	A	17367	10097	45	1	0	68	5.75639e-05	17372	0.499957	FALSE	NA	NA	NA	NA	NA	NA
NC_045512.2	12324	A	T	17230	10031	46	1	1	26	5.80349e-05	17231	1	FALSE	NA	NA	NA	NA	NA	NA
NC_045512.2	12326	A	G	17156	10115	45	4	1	42	0.0002331	17160	0.1875	FALSE	NA	NA	NA	NA	NA	NA
NC_045512.2	12327	A	T	17201	10133	46	1	0	34	5.81328e-05	17202	0.999996	FALSE	NA	NA	NA	NA	NA	NA
NC_045512.2	12328	G	T	17236	10166	46	1	1	20	5.80147e-05	17237	1	FALSE	NA	NA	NA	NA	NA	NA
NC_045512.2	12329	A	T	16395	9926	44	4	4	32	0.000243917	16399	0.998716	FALSE	NA	NA	NA	NA	NA	NA
NC_045512.2	12331	G	C	17059	10414	47	1	1	24	5.86166e-05	17060	1	FALSE	NA	NA	NA	NA	NA	NA
NC_045512.2	12332	G	T	17039	10532	46	1	0	68	5.86682e-05	17045	0.499941	FALSE	NA	NA	NA	NA	NA	NA
NC_045512.2	12332	G	A	17039	10532	46	5	2	40	0.000293341	17045	0.109354	FALSE	NA	NA	NA	NA	NA	NA
NC_045512.2	12333	C	T	16981	10550	46	1	0	34	5.88824e-05	16983	0.999992	FALSE	NA	NA	NA	NA	NA	NA
NC_045512.2	12333	C	G	16981	10550	46	1	1	34	5.88824e-05	16983	0.999992	FALSE	NA	NA	NA	NA	NA	NA
NC_045512.2	12333	C	-A	16981	10550	46	1	0	20	5.88824e-05	16983	1	FALSE	NA	NA	NA	NA	NA	NA
NC_045512.2	12334	A	T	16974	10489	46	1	1	34	5.89067e-05	16976	0.999992	FALSE	NA	NA	NA	NA	NA	NA
NC_045512.2	12334	A	G	16974	10489	46	1	0	68	5.89067e-05	16976	0.499985	FALSE	NA	NA	NA	NA	NA	NA
NC_045512.2	12335	A	G	16983	10498	46	3	3	28	0.000176616	16986	1	FALSE	NA	NA	NA	NA	NA	NA
NC_045512.2	12336	A	T	15856	10549	42	1	1	34	6.30597e-05	15858	0.999985	FALSE	NA	NA	NA	NA	NA	NA
NC_045512.2	12336	A	C	15856	10549	42	1	0	20	6.30597e-05	15858	1	FALSE	NA	NA	NA	NA	NA	NA
NC_045512.2	12337	A	T	17201	10622	46	2	1	27	0.000116252	17204	1	FALSE	NA	NA	NA	NA	NA	NA
NC_045512.2	12337	A	G	17201	10622	46	1	1	34	5.8126e-05	17204	0.999996	FALSE	NA	NA	NA	NA	NA	NA
NC_045512.2	12338	G	T	17149	10576	46	2	2	51	0.000116604	17152	0.249993	FALSE	NA	NA	NA	NA	NA	NA
NC_045512.2	12338	G	A	17149	10576	46	1	1	34	5.83022e-05	17152	0.999996	FALSE	NA	NA	NA	NA	NA	NA
NC_045512.2	12341	A	G	17047	10509	47	1	0	27	5.86579e-05	17048	1	FALSE	NA	NA	NA	NA	NA	NA
NC_045512.2	12342	C	G	17112	10596	47	1	1	24	5.84351e-05	17113	1	FALSE	NA	NA	NA	NA	NA	NA
NC_045512.2	12344	A	T	17118	10614	47	1	0	24	5.84146e-05	17119	1	FALSE	NA	NA	NA	NA	NA	NA
NC_045512.2	12345	G	C	17378	10646	46	1	0	26	5.75407e-05	17379	1	FALSE	NA	NA	NA	NA	NA	NA
NC_045512.2	12346	T	A	17064	10432	47	2	1	34	0.000117192	17066	0.999962	FALSE	NA	NA	NA	NA	NA	NA
NC_045512.2	12347	G	T	17109	10394	47	1	1	34	5.84454e-05	17110	0.999996	FALSE	NA	NA	NA	NA	NA	NA
NC_045512.2	12348	C	T	17129	10464	47	1	0	34	5.83737e-05	17131	0.999996	FALSE	NA	NA	NA	NA	NA	NA
NC_045512.2	12348	C	A	17129	10464	47	1	0	34	5.83737e-05	17131	0.999996	FALSE	NA	NA	NA	NA	NA	NA
NC_045512.2	12349	T	C	16732	10417	48	3	0	45	0.000179244	16737	0.312466	FALSE	NA	NA	NA	NA	NA	NA
NC_045512.2	12349	T	A	16732	10417	48	2	2	26	0.000119496	16737	1	FALSE	NA	NA	NA	NA	NA	NA
NC_045512.2	12350	A	T	17265	11045	49	1	1	26	5.79139e-05	17267	1	FALSE	NA	NA	NA	NA	NA	NA
NC_045512.2	12350	A	G	17265	11045	49	1	1	68	5.79139e-05	17267	0.5	FALSE	NA	NA	NA	NA	NA	NA
NC_045512.2	12351	T	G	17527	12244	52	1	0	60	5.70451e-05	17530	0.499986	FALSE	NA	NA	NA	NA	NA	NA
NC_045512.2	12351	T	C	17527	12244	52	1	1	68	5.70451e-05	17530	0.499986	FALSE	NA	NA	NA	NA	NA	NA
NC_045512.2	12351	T	A	17527	12244	52	1	0	27	5.70451e-05	17530	1	FALSE	NA	NA	NA	NA	NA	NA
NC_045512.2	12352	G	T	17552	12401	52	4	4	32	0.000227829	17557	0.999257	FALSE	NA	NA	NA	NA	NA	NA
NC_045512.2	12352	G	A	17552	12401	52	1	1	34	5.69573e-05	17557	0.999996	FALSE	NA	NA	NA	NA	NA	NA
NC_045512.2	12353	C	T	17626	12548	52	2	1	40	0.000113443	17630	0.499979	FALSE	NA	NA	NA	NA	NA	NA
NC_045512.2	12353	C	A	17626	12548	52	2	0	47	0.000113443	17630	0.499979	FALSE	NA	NA	NA	NA	NA	NA
NC_045512.2	12354	A	T	16790	11732	52	1	1	27	5.95451e-05	16794	1	FALSE	NA	NA	NA	NA	NA	NA
NC_045512.2	12354	A	G	16790	11732	52	3	3	34	0.000178635	16794	0.999637	FALSE	NA	NA	NA	NA	NA	NA
NC_045512.2	12355	G	C	16941	11885	53	1	1	27	5.90249e-05	16942	1	FALSE	NA	NA	NA	NA	NA	NA
NC_045512.2	12356	A	T	16697	11708	52	2	1	43	0.000119746	16702	0.499955	FALSE	NA	NA	NA	NA	NA	NA
NC_045512.2	12356	A	G	16697	11708	52	3	1	39	0.000179619	16702	0.999637	FALSE	NA	NA	NA	NA	NA	NA
NC_045512.2	12357	C	T	16816	11855	53	1	1	26	5.94636e-05	16817	1	FALSE	NA	NA	NA	NA	NA	NA
NC_045512.2	12358	A	T	16742	11762	52	2	0	23	0.000119332	16760	1	FALSE	NA	NA	NA	NA	NA	NA
NC_045512.2	12358	A	G	16742	11762	52	16	9	50	0.000954654	16760	1.5197e-05	TRUE	NA	NA	NA	NA	NA	NA
NC_045512.2	12360	T	C	16498	11509	52	2	0	68	0.000121212	16500	0.250008	FALSE	NA	NA	NA	NA	NA	NA
NC_045512.2	12361	G	T	16748	11757	52	2	2	30	0.000119389	16752	0.999928	FALSE	NA	NA	NA	NA	NA	NA
NC_045512.2	12361	G	C	16748	11757	52	2	2	34	0.000119389	16752	0.999928	FALSE	NA	NA	NA	NA	NA	NA
NC_045512.2	12363	T	C	16460	12134	50	2	2	29	0.000121492	16462	1	FALSE	NA	NA	NA	NA	NA	NA
NC_045512.2	12364	T	C	16577	12268	51	2	1	57	0.000120635	16579	0.250008	FALSE	NA	NA	NA	NA	NA	NA
NC_045512.2	12365	T	C	16303	11986	50	2	1	51	0.000122662	16305	0.250008	FALSE	NA	NA	NA	NA	NA	NA
NC_045512.2	12366	T	C	16515	12147	50	2	0	68	0.00012108	16518	0.249992	FALSE	NA	NA	NA	NA	NA	NA
NC_045512.2	12366	T	A	16515	12147	50	1	0	24	6.054e-05	16518	1	FALSE	NA	NA	NA	NA	NA	NA
NC_045512.2	12368	A	T	16402	12057	51	3	3	28	0.000182871	16405	1	FALSE	NA	NA	NA	NA	NA	NA
NC_045512.2	12370	T	C	15691	11420	51	3	3	42	0.000191144	15695	0.312488	FALSE	NA	NA	NA	NA	NA	NA
NC_045512.2	12370	T	A	15691	11420	51	1	1	20	6.37146e-05	15695	1	FALSE	NA	NA	NA	NA	NA	NA
NC_045512.2	12372	T	C	15737	11458	51	1	1	34	6.35364e-05	15739	0.999985	FALSE	NA	NA	NA	NA	NA	NA
NC_045512.2	12372	T	A	15737	11458	51	1	1	26	6.35364e-05	15739	1	FALSE	NA	NA	NA	NA	NA	NA
NC_045512.2	12373	G	C	15672	11393	51	2	1	27	0.0001276	15674	1	FALSE	NA	NA	NA	NA	NA	NA
NC_045512.2	12374	C	G	15712	11591	50	1	1	27	6.36416e-05	15713	1	FALSE	NA	NA	NA	NA	NA	NA
NC_045512.2	12376	T	C	15328	11219	50	1	1	34	6.52358e-05	15329	0.999985	FALSE	NA	NA	NA	NA	NA	NA
NC_045512.2	12377	A	T	15345	11264	50	1	1	26	6.51593e-05	15347	1	FALSE	NA	NA	NA	NA	NA	NA
NC_045512.2	12377	A	G	15345	11264	50	1	1	46	6.51593e-05	15347	0.750008	FALSE	NA	NA	NA	NA	NA	NA
NC_045512.2	12378	G	T	15337	11262	51	1	1	34	6.51933e-05	15339	0.999985	FALSE	NA	NA	NA	NA	NA	NA
NC_045512.2	12378	G	A	15337	11262	51	1	1	68	6.51933e-05	15339	0.5	FALSE	NA	NA	NA	NA	NA	NA
NC_045512.2	12380	A	G	15284	11324	50	2	2	51	0.000130839	15286	0.250008	FALSE	NA	NA	NA	NA	NA	NA
NC_045512.2	12381	A	T	15290	11323	50	1	1	34	6.53894e-05	15293	0.999985	FALSE	NA	NA	NA	NA	NA	NA
NC_045512.2	12381	A	G	15290	11323	50	2	2	51	0.000130779	15293	0.249992	FALSE	NA	NA	NA	NA	NA	NA
NC_045512.2	12383	T	C	14648	10703	49	1	0	46	6.8264e-05	14649	0.750026	FALSE	NA	NA	NA	NA	NA	NA
NC_045512.2	12384	T	G	14906	11146	49	1	1	26	6.70826e-05	14907	1	FALSE	NA	NA	NA	NA	NA	NA
NC_045512.2	12388	T	C	14636	10861	49	1	1	34	6.83153e-05	14638	0.99997	FALSE	NA	NA	NA	NA	NA	NA
NC_045512.2	12388	T	A	14636	10861	49	1	1	26	6.83153e-05	14638	1	FALSE	NA	NA	NA	NA	NA	NA
NC_045512.2	12389	A	T	14905	11153	49	2	2	30	0.000134156	14908	0.999741	FALSE	NA	NA	NA	NA	NA	NA
NC_045512.2	12389	A	G	14905	11153	49	1	1	68	6.70781e-05	14908	0.499983	FALSE	NA	NA	NA	NA	NA	NA
NC_045512.2	12390	A	T	14937	11192	50	1	1	34	6.69389e-05	14939	0.99997	FALSE	NA	NA	NA	NA	NA	NA
NC_045512.2	12390	A	G	14937	11192	50	1	1	24	6.69389e-05	14939	1	FALSE	NA	NA	NA	NA	NA	NA
NC_045512.2	12391	T	A	14561	10837	50	4	4	30	0.000274631	14565	0.996241	FALSE	NA	NA	NA	NA	NA	NA
NC_045512.2	12392	G	C	14708	11015	50	1	1	34	6.79856e-05	14709	0.99997	FALSE	NA	NA	NA	NA	NA	NA
NC_045512.2	12394	T	A	14359	10708	50	1	1	26	6.96379e-05	14360	1	FALSE	NA	NA	NA	NA	NA	NA
NC_045512.2	12395	G	C	13751	10205	48	1	1	34	7.27061e-05	13754	0.999939	FALSE	NA	NA	NA	NA	NA	NA
NC_045512.2	12395	G	A	13751	10205	48	2	1	29	0.000145412	13754	1	FALSE	NA	NA	NA	NA	NA	NA
NC_045512.2	12397	A	T	14457	10991	48	2	2	34	0.000138322	14459	0.999742	FALSE	NA	NA	NA	NA	NA	NA
NC_045512.2	12399	T	C	14047	10719	49	1	1	26	7.11744e-05	14050	1	FALSE	NA	NA	NA	NA	NA	NA
NC_045512.2	12399	T	A	14047	10719	49	2	0	34	0.000142349	14050	0.999741	FALSE	NA	NA	NA	NA	NA	NA
NC_045512.2	12400	C	T	14014	10665	49	1	1	34	7.13521e-05	14015	0.99997	FALSE	NA	NA	NA	NA	NA	NA
NC_045512.2	12401	A	G	13953	10615	49	3	2	68	0.000214961	13956	0.125	FALSE	NA	NA	NA	NA	NA	NA
NC_045512.2	12402	A	C	13918	10821	48	1	1	34	7.18442e-05	13919	0.999939	FALSE	NA	NA	NA	NA	NA	NA
NC_045512.2	12403	C	T	13966	10866	48	1	1	34	7.15922e-05	13968	0.999939	FALSE	NA	NA	NA	NA	NA	NA
NC_045512.2	12403	C	A	13966	10866	48	1	1	26	7.15922e-05	13968	1	FALSE	NA	NA	NA	NA	NA	NA
NC_045512.2	12404	A	G	13815	10748	48	2	1	30	0.000144749	13817	0.999513	FALSE	NA	NA	NA	NA	NA	NA
NC_045512.2	12406	C	G	13766	10746	48	1	1	26	7.26375e-05	13767	1	FALSE	NA	NA	NA	NA	NA	NA
NC_045512.2	12407	A	T	13364	10377	48	6	5	38	0.000448766	13370	0.968274	FALSE	NA	NA	NA	NA	NA	NA
NC_045512.2	12408	T	G	13161	10199	48	1	1	34	7.59705e-05	13163	0.999939	FALSE	NA	NA	NA	NA	NA	NA
NC_045512.2	12408	T	C	13161	10199	48	1	1	68	7.59705e-05	13163	0.5	FALSE	NA	NA	NA	NA	NA	NA
NC_045512.2	12409	T	A	12116	9188	48	2	2	29	0.000165044	12118	1	FALSE	NA	NA	NA	NA	NA	NA
NC_045512.2	12410	A	G	12725	9852	48	1	0	38	7.85793e-05	12726	0.999878	FALSE	NA	NA	NA	NA	NA	NA
NC_045512.2	12411	T	A	12711	9848	48	1	1	24	7.86658e-05	12712	1	FALSE	NA	NA	NA	NA	NA	NA
NC_045512.2	12413	A	G	12632	9764	48	1	0	68	7.91578e-05	12633	0.50002	FALSE	NA	NA	NA	NA	NA	NA
NC_045512.2	12414	A	G	12389	9620	42	3	3	30	0.000242053	12394	0.996314	FALSE	NA	NA	NA	NA	NA	NA
NC_045512.2	12414	A	C	12389	9620	42	2	0	27	0.000161368	12394	1	FALSE	NA	NA	NA	NA	NA	NA
NC_045512.2	12417	A	T	11925	9127	49	1	1	27	8.38364e-05	11928	1	FALSE	NA	NA	NA	NA	NA	NA
NC_045512.2	12417	A	G	11925	9127	49	1	0	68	8.38364e-05	11928	0.499979	FALSE	NA	NA	NA	NA	NA	NA
NC_045512.2	12417	A	C	11925	9127	49	1	1	34	8.38364e-05	11928	0.999756	FALSE	NA	NA	NA	NA	NA	NA
NC_045512.2	12418	T	G	11975	9203	49	1	1	34	8.34934e-05	11977	0.999757	FALSE	NA	NA	NA	NA	NA	NA
NC_045512.2	12418	T	C	11975	9203	49	1	0	68	8.34934e-05	11977	0.5	FALSE	NA	NA	NA	NA	NA	NA
NC_045512.2	12419	G	C	11913	9163	48	1	1	27	8.39208e-05	11916	1	FALSE	NA	NA	NA	NA	NA	NA
NC_045512.2	12419	G	A	11913	9163	48	2	2	64	0.000167842	11916	0.24999	FALSE	NA	NA	NA	NA	NA	NA
NC_045512.2	12420	C	T	11940	9192	49	1	1	34	8.37451e-05	11941	0.999757	FALSE	NA	NA	NA	NA	NA	NA
NC_045512.2	12421	A	G	11873	9122	48	1	1	24	8.42105e-05	11875	1	FALSE	NA	NA	NA	NA	NA	NA
NC_045512.2	12421	A	C	11873	9122	48	1	0	24	8.42105e-05	11875	1	FALSE	NA	NA	NA	NA	NA	NA
NC_045512.2	12422	A	T	11897	9185	49	3	3	34	0.000252101	11900	0.993546	FALSE	NA	NA	NA	NA	NA	NA
NC_045512.2	12423	G	A	11883	9179	48	1	1	68	8.41468e-05	11884	0.500021	FALSE	NA	NA	NA	NA	NA	NA
NC_045512.2	12424	A	T	11730	9065	46	2	2	26	0.000170445	11734	1	FALSE	NA	NA	NA	NA	NA	NA
NC_045512.2	12424	A	G	11730	9065	46	1	0	68	8.52224e-05	11734	0.499957	FALSE	NA	NA	NA	NA	NA	NA
NC_045512.2	12424	A	C	11730	9065	46	1	1	34	8.52224e-05	11734	0.999756	FALSE	NA	NA	NA	NA	NA	NA
NC_045512.2	12426	A	T	11220	8618	46	2	2	25	0.000178221	11222	1	FALSE	NA	NA	NA	NA	NA	NA
NC_045512.2	12428	G	A	11024	8414	49	1	1	68	9.07029e-05	11025	0.500023	FALSE	NA	NA	NA	NA	NA	NA
NC_045512.2	12430	T	C	11106	8477	49	2	0	24	0.000180034	11109	1	FALSE	NA	NA	NA	NA	NA	NA
NC_045512.2	12430	T	A	11106	8477	49	1	1	26	9.00171e-05	11109	1	FALSE	NA	NA	NA	NA	NA	NA
NC_045512.2	12431	T	C	11003	8382	49	1	1	34	9.08678e-05	11005	0.999757	FALSE	NA	NA	NA	NA	NA	NA
NC_045512.2	12431	T	A	11003	8382	49	1	0	68	9.08678e-05	11005	0.5	FALSE	NA	NA	NA	NA	NA	NA
NC_045512.2	12431	T	-G	11003	8382	49	1	0	20	9.08678e-05	11005	1	FALSE	NA	NA	NA	NA	NA	NA
NC_045512.2	12437	C	G	10443	8184	48	1	0	34	9.57488e-05	10444	0.999513	FALSE	NA	NA	NA	NA	NA	NA
NC_045512.2	12438	C	G	9943	7740	48	1	0	26	0.000100563	9944	1	FALSE	NA	NA	NA	NA	NA	NA
NC_045512.2	12439	C	T	9958	7760	48	2	2	30	0.000200763	9962	0.994149	FALSE	NA	NA	NA	NA	NA	NA
NC_045512.2	12439	C	G	9958	7760	48	1	0	34	0.000100381	9962	0.999025	FALSE	NA	NA	NA	NA	NA	NA
NC_045512.2	12439	C	A	9958	7760	48	1	0	68	0.000100381	9962	0.49995	FALSE	NA	NA	NA	NA	NA	NA
NC_045512.2	12440	T	C	9684	7471	47	2	2	68	0.000206484	9686	0.250013	FALSE	NA	NA	NA	NA	NA	NA
NC_045512.2	12443	A	G	9767	7580	48	2	2	51	0.000204729	9769	0.250013	FALSE	NA	NA	NA	NA	NA	NA
NC_045512.2	12444	A	T	9775	7762	46	4	4	32	0.000408998	9780	0.953911	FALSE	NA	NA	NA	NA	NA	NA
NC_045512.2	12444	A	G	9775	7762	46	1	1	34	0.000102249	9780	0.999024	FALSE	NA	NA	NA	NA	NA	NA
NC_045512.2	12445	C	T	9786	7766	47	2	2	34	0.000204332	9788	0.994154	FALSE	NA	NA	NA	NA	NA	NA
NC_045512.2	12446	A	G	9062	7110	47	1	1	34	0.000110339	9063	0.999026	FALSE	NA	NA	NA	NA	NA	NA
NC_045512.2	12447	T	C	8994	7048	47	2	2	34	0.000222296	8997	0.989275	FALSE	NA	NA	NA	NA	NA	NA
NC_045512.2	12447	T	A	8994	7048	47	1	1	26	0.000111148	8997	1	FALSE	NA	NA	NA	NA	NA	NA
NC_045512.2	12450	T	C	8992	7124	47	1	1	38	0.000111198	8993	0.998052	FALSE	NA	NA	NA	NA	NA	NA
NC_045512.2	12451	A	T	8673	7053	45	3	3	34	0.000345662	8679	0.967299	FALSE	NA	NA	NA	NA	NA	NA
NC_045512.2	12451	A	C	8673	7053	45	3	3	31	0.000345662	8679	0.967299	FALSE	NA	NA	NA	NA	NA	NA
NC_045512.2	12452	C	T	8655	7083	45	3	3	34	0.0003465	8658	0.967341	FALSE	NA	NA	NA	NA	NA	NA
NC_045512.2	12454	T	C	5744	4295	43	1	1	34	0.000174064	5745	0.984404	FALSE	NA	NA	NA	NA	NA	NA
NC_045512.2	12455	C	-T	7194	5785	47	1	0	20	0.000139005	7194	1	FALSE	NA	NA	NA	NA	NA	NA
NC_045512.2	12457	T	C	6879	5508	46	1	0	68	0.000145328	6881	0.5	FALSE	NA	NA	NA	NA	NA	NA
NC_045512.2	12457	T	A	6879	5508	46	1	0	27	0.000145328	6881	1	FALSE	NA	NA	NA	NA	NA	NA
NC_045512.2	12458	A	T	6580	5201	45	1	1	34	0.000151953	6581	0.992204	FALSE	NA	NA	NA	NA	NA	NA
NC_045512.2	12459	C	T	6865	5494	47	1	1	68	0.000145645	6866	0.500036	FALSE	NA	NA	NA	NA	NA	NA
NC_045512.2	12460	A	T	6743	5380	47	1	1	34	0.000148258	6745	0.9922	FALSE	NA	NA	NA	NA	NA	NA
NC_045512.2	12460	A	G	6743	5380	47	1	1	34	0.000148258	6745	0.9922	FALSE	NA	NA	NA	NA	NA	NA
NC_045512.2	12461	A	G	6640	5655	43	1	0	60	0.00015058	6641	0.500038	FALSE	NA	NA	NA	NA	NA	NA
NC_045512.2	12464	G	T	0	0	0	6512	5559	43	1	6512	0	TRUE	NA	NA	NA	NA	NA	NA
NC_045512.2	12466	A	T	6426	5563	42	1	1	24	0.000155569	6428	1	FALSE	NA	NA	NA	NA	NA	NA
NC_045512.2	12466	A	G	6426	5563	42	1	1	34	0.000155569	6428	0.9922	FALSE	NA	NA	NA	NA	NA	NA
NC_045512.2	12468	C	T	6372	5532	42	2	2	34	0.000313775	6374	0.964904	FALSE	NA	NA	NA	NA	NA	NA
NC_045512.2	12469	C	T	6399	5558	42	1	1	68	0.00015625	6400	0.500039	FALSE	NA	NA	NA	NA	NA	NA
NC_045512.2	12469	C	-A	6399	5558	42	1	0	20	0.00015625	6400	1	FALSE	NA	NA	NA	NA	NA	NA
NC_045512.2	13772	T	C	3389	340	35	2	1	34	0.000589449	3393	0.8125	FALSE	NA	NA	NA	NA	NA	NA
NC_045512.2	13772	T	A	3389	340	35	2	0	34	0.000589449	3393	0.8125	FALSE	NA	NA	NA	NA	NA	NA
NC_045512.2	13774	C	A	3436	352	35	1	0	26	0.000290951	3437	1	FALSE	NA	NA	NA	NA	NA	NA
NC_045512.2	13777	C	G	4178	380	35	1	0	34	0.000239234	4180	0.968787	FALSE	NA	NA	NA	NA	NA	NA
NC_045512.2	13777	C	A	4178	380	35	1	0	26	0.000239234	4180	1	FALSE	NA	NA	NA	NA	NA	NA
NC_045512.2	13778	A	G	4205	420	36	1	0	34	0.000237756	4206	0.968806	FALSE	NA	NA	NA	NA	NA	NA
NC_045512.2	13781	T	C	4280	390	36	1	0	34	0.00023359	4281	0.968805	FALSE	NA	NA	NA	NA	NA	NA
NC_045512.2	13782	A	G	4364	450	36	1	0	26	0.000229095	4365	1	FALSE	NA	NA	NA	NA	NA	NA
NC_045512.2	13783	T	A	4322	468	36	2	2	26	0.000462535	4324	1	FALSE	NA	NA	NA	NA	NA	NA
NC_045512.2	13786	C	T	4647	542	37	1	0	34	0.000215146	4648	0.9688	FALSE	NA	NA	NA	NA	NA	NA
NC_045512.2	13787	G	A	4696	543	37	2	0	30	0.000425713	4698	0.89075	FALSE	NA	NA	NA	NA	NA	NA
NC_045512.2	13794	T	C	4725	491	37	1	0	34	0.000211595	4726	0.9688	FALSE	NA	NA	NA	NA	NA	NA
NC_045512.2	13800	T	C	5174	622	38	1	0	34	0.000193237	5175	0.984407	FALSE	NA	NA	NA	NA	NA	NA
NC_045512.2	13801	A	G	5200	649	38	1	0	34	0.000192271	5201	0.984407	FALSE	NA	NA	NA	NA	NA	NA
NC_045512.2	13805	A	G	5428	748	39	1	0	34	0.000184196	5429	0.984405	FALSE	NA	NA	NA	NA	NA	NA
NC_045512.2	13806	C	T	5602	875	40	1	0	34	0.000178476	5603	0.984404	FALSE	NA	NA	NA	NA	NA	NA
NC_045512.2	13807	A	G	5638	899	41	1	0	26	0.000177336	5639	1	FALSE	NA	NA	NA	NA	NA	NA
NC_045512.2	13808	C	A	5734	912	41	1	0	26	0.000174368	5735	1	FALSE	NA	NA	NA	NA	NA	NA
NC_045512.2	13809	A	G	5734	937	41	2	1	29	0.000348675	5736	1	FALSE	NA	NA	NA	NA	NA	NA
NC_045512.2	13810	A	G	5944	977	41	1	0	34	0.000168209	5945	0.984403	FALSE	NA	NA	NA	NA	NA	NA
NC_045512.2	13811	T	C	6082	980	41	1	1	68	0.000164393	6083	0.500041	FALSE	NA	NA	NA	NA	NA	NA
NC_045512.2	13812	G	T	6226	1003	41	1	0	34	0.000160565	6228	0.992201	FALSE	NA	NA	NA	NA	NA	NA
NC_045512.2	13812	G	A	6226	1003	41	1	0	34	0.000160565	6228	0.992201	FALSE	NA	NA	NA	NA	NA	NA
NC_045512.2	13816	G	A	6521	1012	41	1	0	34	0.000153327	6522	0.992204	FALSE	NA	NA	NA	NA	NA	NA
NC_045512.2	13817	A	G	6551	1052	41	1	0	34	0.000152625	6552	0.992204	FALSE	NA	NA	NA	NA	NA	NA
NC_045512.2	13820	T	C	6572	1105	42	2	0	34	0.000304229	6574	0.964902	FALSE	NA	NA	NA	NA	NA	NA
NC_045512.2	13825	T	C	7549	1231	41	3	0	31	0.000397246	7552	0.945394	FALSE	NA	NA	NA	NA	NA	NA
NC_045512.2	13826	A	G	7622	1256	42	2	0	34	0.000262329	7624	0.980506	FALSE	NA	NA	NA	NA	NA	NA
NC_045512.2	13828	G	C	7743	1280	42	1	0	26	0.000129132	7744	1	FALSE	NA	NA	NA	NA	NA	NA
NC_045512.2	13829	C	T	7849	1391	42	1	0	68	0.000127389	7850	0.500032	FALSE	NA	NA	NA	NA	NA	NA
NC_045512.2	13834	A	G	7575	1467	42	1	0	68	0.000131996	7576	0.500033	FALSE	NA	NA	NA	NA	NA	NA
NC_045512.2	13837	C	T	7726	1478	42	1	0	34	0.0001294	7728	0.996101	FALSE	NA	NA	NA	NA	NA	NA
NC_045512.2	13837	C	G	7726	1478	42	1	1	27	0.0001294	7728	1	FALSE	NA	NA	NA	NA	NA	NA
NC_045512.2	13839	T	G	8022	1593	44	1	0	24	0.000124642	8023	1	FALSE	NA	NA	NA	NA	NA	NA
NC_045512.2	13841	T	C	8124	1641	43	6	0	34	0.000738007	8130	0.788194	FALSE	NA	NA	NA	NA	NA	NA
NC_045512.2	13843	G	A	8148	1645	44	1	0	34	0.000122714	8149	0.998052	FALSE	NA	NA	NA	NA	NA	NA
NC_045512.2	13844	A	T	8203	1676	44	1	1	34	0.000121892	8204	0.998052	FALSE	NA	NA	NA	NA	NA	NA
NC_045512.2	13845	T	C	8159	1708	45	1	1	68	0.000122549	8160	0.500031	FALSE	NA	NA	NA	NA	NA	NA
NC_045512.2	13846	G	T	8171	1730	45	1	0	34	0.000122369	8172	0.998052	FALSE	NA	NA	NA	NA	NA	NA
NC_045512.2	13848	A	T	8914	1771	45	4	0	42	0.00044843	8920	0.062465	FALSE	NA	NA	NA	NA	NA	NA
NC_045512.2	13848	A	G	8914	1771	45	2	0	34	0.000224215	8920	0.98926	FALSE	NA	NA	NA	NA	NA	NA
NC_045512.2	13852	A	G	8954	1833	44	2	0	51	0.000223314	8956	0.250014	FALSE	NA	NA	NA	NA	NA	NA
NC_045512.2	13853	A	T	8990	1849	45	1	0	26	0.000111198	8993	1	FALSE	NA	NA	NA	NA	NA	NA
NC_045512.2	13853	A	G	8990	1849	45	2	0	51	0.000222395	8993	0.249986	FALSE	NA	NA	NA	NA	NA	NA
NC_045512.2	13854	T	G	9149	1866	45	2	0	34	0.000218531	9152	0.994152	FALSE	NA	NA	NA	NA	NA	NA
NC_045512.2	13854	T	C	9149	1866	45	1	1	38	0.000109266	9152	0.999025	FALSE	NA	NA	NA	NA	NA	NA
NC_045512.2	13855	T	C	9007	1863	44	1	0	34	0.000111	9009	0.999026	FALSE	NA	NA	NA	NA	NA	NA
NC_045512.2	13855	T	A	9007	1863	44	1	0	34	0.000111	9009	0.999026	FALSE	NA	NA	NA	NA	NA	NA
NC_045512.2	13857	T	C	9164	2146	47	2	0	34	0.000218198	9166	0.994155	FALSE	NA	NA	NA	NA	NA	NA
NC_045512.2	13859	A	T	9121	2152	47	1	0	34	0.000109625	9122	0.999026	FALSE	NA	NA	NA	NA	NA	NA
NC_045512.2	13860	C	T	9120	2155	47	1	1	68	0.000109625	9122	0.5	FALSE	NA	NA	NA	NA	NA	NA
NC_045512.2	13860	C	G	9120	2155	47	1	0	26	0.000109625	9122	1	FALSE	NA	NA	NA	NA	NA	NA
NC_045512.2	13861	A	G	8995	2254	47	3	0	34	0.000333407	8998	0.967339	FALSE	NA	NA	NA	NA	NA	NA
NC_045512.2	13863	A	T	9559	2270	47	2	0	29	0.000209161	9562	1	FALSE	NA	NA	NA	NA	NA	NA
NC_045512.2	13863	A	G	9559	2270	47	1	0	34	0.000104581	9562	0.999025	FALSE	NA	NA	NA	NA	NA	NA
NC_045512.2	13866	A	T	9540	2568	49	1	0	26	0.000104811	9541	1	FALSE	NA	NA	NA	NA	NA	NA
NC_045512.2	13868	A	T	9531	2650	48	1	0	26	0.000104888	9534	1	FALSE	NA	NA	NA	NA	NA	NA
NC_045512.2	13868	A	G	9531	2650	48	2	1	68	0.000209776	9534	0.249987	FALSE	NA	NA	NA	NA	NA	NA
NC_045512.2	13869	A	T	9764	2654	49	1	0	26	0.000102396	9766	1	FALSE	NA	NA	NA	NA	NA	NA
NC_045512.2	13869	A	G	9764	2654	49	1	0	34	0.000102396	9766	0.999026	FALSE	NA	NA	NA	NA	NA	NA
NC_045512.2	13871	A	G	9423	2681	48	2	1	51	0.000212202	9425	0.250013	FALSE	NA	NA	NA	NA	NA	NA
NC_045512.2	13872	A	C	9722	2696	50	1	0	26	0.000102849	9723	1	FALSE	NA	NA	NA	NA	NA	NA
NC_045512.2	13873	A	T	9738	2712	50	1	0	27	0.000102669	9740	1	FALSE	NA	NA	NA	NA	NA	NA
NC_045512.2	13873	A	G	9738	2712	50	1	0	26	0.000102669	9740	1	FALSE	NA	NA	NA	NA	NA	NA
NC_045512.2	13874	T	A	9764	2752	49	1	1	26	0.000102407	9765	1	FALSE	NA	NA	NA	NA	NA	NA
NC_045512.2	13875	A	T	9465	2819	49	1	1	34	0.000105641	9466	0.999026	FALSE	NA	NA	NA	NA	NA	NA
NC_045512.2	13877	T	A	9737	2805	50	1	0	68	0.00010269	9738	0.500026	FALSE	NA	NA	NA	NA	NA	NA
NC_045512.2	13878	T	C	9699	2808	51	1	0	34	0.000103082	9701	0.999026	FALSE	NA	NA	NA	NA	NA	NA
NC_045512.2	13878	T	A	9699	2808	51	1	0	34	0.000103082	9701	0.999026	FALSE	NA	NA	NA	NA	NA	NA
NC_045512.2	13879	G	A	9762	2821	51	1	0	34	0.000102428	9763	0.999026	FALSE	NA	NA	NA	NA	NA	NA
NC_045512.2	13880	T	C	9774	2821	51	2	1	64	0.000204583	9776	0.250013	FALSE	NA	NA	NA	NA	NA	NA
NC_045512.2	13881	C	T	9783	2840	51	1	1	68	0.000102208	9784	0.500026	FALSE	NA	NA	NA	NA	NA	NA
NC_045512.2	13884	A	T	9683	2901	49	3	0	31	0.000309693	9687	0.980742	FALSE	NA	NA	NA	NA	NA	NA
NC_045512.2	13884	A	G	9683	2901	49	1	1	46	0.000103231	9687	0.499948	FALSE	NA	NA	NA	NA	NA	NA
NC_045512.2	13885	T	C	10089	2883	51	1	0	52	9.90884e-05	10092	0.499975	FALSE	NA	NA	NA	NA	NA	NA
NC_045512.2	13885	T	A	10089	2883	51	2	0	30	0.000198177	10092	0.996833	FALSE	NA	NA	NA	NA	NA	NA
NC_045512.2	13886	A	T	9893	2901	50	1	0	34	0.000101061	9895	0.999026	FALSE	NA	NA	NA	NA	NA	NA
NC_045512.2	13886	A	C	9893	2901	50	1	1	27	0.000101061	9895	1	FALSE	NA	NA	NA	NA	NA	NA
NC_045512.2	13887	C	T	10582	2998	50	1	0	34	9.44912e-05	10583	0.999513	FALSE	NA	NA	NA	NA	NA	NA
NC_045512.2	13888	A	T	10609	2960	50	1	0	34	9.42507e-05	10610	0.999513	FALSE	NA	NA	NA	NA	NA	NA
NC_045512.2	13889	A	T	10466	2975	50	1	0	26	9.55384e-05	10467	1	FALSE	NA	NA	NA	NA	NA	NA
NC_045512.2	13890	T	G	10527	2996	50	1	0	34	9.49758e-05	10529	0.999513	FALSE	NA	NA	NA	NA	NA	NA
NC_045512.2	13890	T	C	10527	2996	50	1	0	68	9.49758e-05	10529	0.5	FALSE	NA	NA	NA	NA	NA	NA
NC_045512.2	13891	T	G	10579	3037	51	1	0	34	9.4518e-05	10580	0.999513	FALSE	NA	NA	NA	NA	NA	NA
NC_045512.2	13892	G	A	10634	3030	50	1	0	68	9.40291e-05	10635	0.500024	FALSE	NA	NA	NA	NA	NA	NA
NC_045512.2	13893	T	C	10554	3013	51	1	0	26	9.47239e-05	10557	1	FALSE	NA	NA	NA	NA	NA	NA
NC_045512.2	13893	T	A	10554	3013	51	2	0	30	0.000189448	10557	0.996833	FALSE	NA	NA	NA	NA	NA	NA
NC_045512.2	13894	T	A	10539	3079	51	1	0	26	9.48767e-05	10540	1	FALSE	NA	NA	NA	NA	NA	NA
NC_045512.2	13895	G	T	10576	3082	51	1	1	20	9.45269e-05	10579	1	FALSE	NA	NA	NA	NA	NA	NA
NC_045512.2	13895	G	A	10576	3082	51	2	2	57	0.000189054	10579	0.249988	FALSE	NA	NA	NA	NA	NA	NA
NC_045512.2	13895	G	+C	10576	3082	51	1	0	20	9.45269e-05	10579	1	FALSE	NA	NA	NA	NA	NA	NA
NC_045512.2	13897	G	T	10379	3045	52	1	0	68	9.63391e-05	10380	0.500024	FALSE	NA	NA	NA	NA	NA	NA
NC_045512.2	13898	A	T	10323	3087	52	1	1	27	9.68617e-05	10324	1	FALSE	NA	NA	NA	NA	NA	NA
NC_045512.2	13899	T	C	10343	3115	52	2	2	25	0.00019333	10345	1	FALSE	NA	NA	NA	NA	NA	NA
NC_045512.2	13901	A	T	10063	3340	50	2	1	26	0.000198708	10065	1	FALSE	NA	NA	NA	NA	NA	NA
NC_045512.2	13903	G	T	10179	3368	50	1	1	20	9.82222e-05	10181	1	FALSE	NA	NA	NA	NA	NA	NA
NC_045512.2	13903	G	C	10179	3368	50	1	0	26	9.82222e-05	10181	1	FALSE	NA	NA	NA	NA	NA	NA
NC_045512.2	13904	A	G	10038	3494	49	1	0	34	9.96115e-05	10039	0.999513	FALSE	NA	NA	NA	NA	NA	NA
NC_045512.2	13906	T	C	10137	3572	50	4	2	68	0.0003944	10142	0.0624815	FALSE	NA	NA	NA	NA	NA	NA
NC_045512.2	13906	T	A	10137	3572	50	1	1	27	9.85999e-05	10142	1	FALSE	NA	NA	NA	NA	NA	NA
NC_045512.2	13907	A	T	10180	3605	51	2	2	26	0.000196425	10182	1	FALSE	NA	NA	NA	NA	NA	NA
NC_045512.2	13908	T	G	10287	3746	52	1	0	34	9.72006e-05	10288	0.999513	FALSE	NA	NA	NA	NA	NA	NA
NC_045512.2	13909	T	G	10216	3740	51	1	1	24	9.78665e-05	10218	1	FALSE	NA	NA	NA	NA	NA	NA
NC_045512.2	13909	T	A	10216	3740	51	1	0	34	9.78665e-05	10218	0.999513	FALSE	NA	NA	NA	NA	NA	NA
NC_045512.2	13910	T	C	10178	3849	51	1	1	27	9.82318e-05	10180	1	FALSE	NA	NA	NA	NA	NA	NA
NC_045512.2	13910	T	A	10178	3849	51	1	0	26	9.82318e-05	10180	1	FALSE	NA	NA	NA	NA	NA	NA
NC_045512.2	13911	C	G	10084	3864	51	1	1	27	9.91572e-05	10085	1	FALSE	NA	NA	NA	NA	NA	NA
NC_045512.2	13914	T	C	10171	4052	52	2	1	31	0.000196599	10173	0.996835	FALSE	NA	NA	NA	NA	NA	NA
NC_045512.2	13914	T	-A	10171	4052	52	1	0	20	9.82994e-05	10173	1	FALSE	NA	NA	NA	NA	NA	NA
NC_045512.2	13915	A	T	9978	4053	50	2	1	27	0.000200401	9980	1	FALSE	NA	NA	NA	NA	NA	NA
NC_045512.2	13919	A	C	10007	4179	50	1	0	34	9.99201e-05	10008	0.999513	FALSE	NA	NA	NA	NA	NA	NA
NC_045512.2	13921	G	A	10038	4525	49	1	0	34	9.96115e-05	10039	0.999513	FALSE	NA	NA	NA	NA	NA	NA
NC_045512.2	13923	C	T	10020	4704	48	1	0	60	9.97805e-05	10022	0.5	FALSE	NA	NA	NA	NA	NA	NA
NC_045512.2	13923	C	G	10020	4704	48	1	1	26	9.97805e-05	10022	1	FALSE	NA	NA	NA	NA	NA	NA
NC_045512.2	13924	T	G	10019	4754	49	1	0	34	9.97805e-05	10022	0.999513	FALSE	NA	NA	NA	NA	NA	NA
NC_045512.2	13924	T	C	10019	4754	49	1	1	46	9.97805e-05	10022	0.749988	FALSE	NA	NA	NA	NA	NA	NA
NC_045512.2	13924	T	A	10019	4754	49	1	0	26	9.97805e-05	10022	1	FALSE	NA	NA	NA	NA	NA	NA
NC_045512.2	13924	T	+G	10019	4754	49	1	0	20	9.97805e-05	10022	1	FALSE	NA	NA	NA	NA	NA	NA
NC_045512.2	13925	G	C	10102	4698	48	1	1	34	9.89707e-05	10104	0.999513	FALSE	NA	NA	NA	NA	NA	NA
NC_045512.2	13925	G	A	10102	4698	48	1	1	34	9.89707e-05	10104	0.999513	FALSE	NA	NA	NA	NA	NA	NA
NC_045512.2	13927	T	C	10249	4907	48	3	3	30	0.000292626	10252	0.988795	FALSE	NA	NA	NA	NA	NA	NA
NC_045512.2	13928	A	G	10251	5045	47	1	0	34	9.75419e-05	10252	0.999513	FALSE	NA	NA	NA	NA	NA	NA
NC_045512.2	13929	T	G	10157	4983	47	1	0	26	9.84349e-05	10159	1	FALSE	NA	NA	NA	NA	NA	NA
NC_045512.2	13929	T	C	10157	4983	47	1	0	34	9.84349e-05	10159	0.999513	FALSE	NA	NA	NA	NA	NA	NA
NC_045512.2	13931	A	T	9981	5188	46	1	1	27	0.00010017	9983	1	FALSE	NA	NA	NA	NA	NA	NA
NC_045512.2	13931	A	G	9981	5188	46	1	1	26	0.00010017	9983	1	FALSE	NA	NA	NA	NA	NA	NA
NC_045512.2	13931	A	-TTTTGT	9981	5188	46	1	0	20	0.00010017	9983	1	FALSE	NA	NA	NA	NA	NA	NA
NC_045512.2	13932	T	C	10282	5245	48	1	1	34	9.72479e-05	10283	0.999513	FALSE	NA	NA	NA	NA	NA	NA
NC_045512.2	13933	T	G	9151	4134	44	1	1	20	0.000109242	9154	1	FALSE	NA	NA	NA	NA	NA	NA
NC_045512.2	13933	T	C	9151	4134	44	2	1	51	0.000218484	9154	0.249959	FALSE	NA	NA	NA	NA	NA	NA
NC_045512.2	13935	T	C	10007	5027	48	1	0	34	9.99201e-05	10008	0.999513	FALSE	NA	NA	NA	NA	NA	NA
NC_045512.2	13936	G	T	10024	5049	48	1	1	34	9.97506e-05	10025	0.999513	FALSE	NA	NA	NA	NA	NA	NA
NC_045512.2	13937	T	C	10008	5204	48	1	0	24	9.99101e-05	10009	1	FALSE	NA	NA	NA	NA	NA	NA
NC_045512.2	13938	A	G	9983	5192	47	1	0	68	0.00010014	9986	0.499975	FALSE	NA	NA	NA	NA	NA	NA
NC_045512.2	13938	A	C	9983	5192	47	2	2	34	0.00020028	9986	0.994151	FALSE	NA	NA	NA	NA	NA	NA
NC_045512.2	13939	G	C	9984	5198	47	1	1	34	0.00010015	9985	0.999026	FALSE	NA	NA	NA	NA	NA	NA
NC_045512.2	13941	A	G	10009	5228	48	1	1	24	9.99001e-05	10010	1	FALSE	NA	NA	NA	NA	NA	NA
NC_045512.2	13942	A	T	9992	5226	48	1	1	26	0.00010005	9995	1	FALSE	NA	NA	NA	NA	NA	NA
NC_045512.2	13942	A	G	9992	5226	48	2	0	46	0.0002001	9995	0.249987	FALSE	NA	NA	NA	NA	NA	NA
NC_045512.2	13946	C	-A	10194	5492	48	1	0	20	9.80969e-05	10194	1	FALSE	NA	NA	NA	NA	NA	NA
NC_045512.2	13947	A	G	10100	5474	47	1	0	34	9.90001e-05	10101	0.999513	FALSE	NA	NA	NA	NA	NA	NA
NC_045512.2	13951	A	T	10304	5684	46	2	1	30	0.000194062	10306	0.996835	FALSE	NA	NA	NA	NA	NA	NA
NC_045512.2	13952	T	A	9795	4954	45	2	2	23	0.000204144	9797	1	FALSE	NA	NA	NA	NA	NA	NA
NC_045512.2	13954	T	A	10284	5563	47	2	1	30	0.000194439	10286	0.996835	FALSE	NA	NA	NA	NA	NA	NA
NC_045512.2	13956	A	G	10229	5500	47	3	1	45	0.000293198	10232	0.312518	FALSE	NA	NA	NA	NA	NA	NA
NC_045512.2	13957	C	T	9826	5290	47	1	1	34	0.00010174	9829	0.999025	FALSE	NA	NA	NA	NA	NA	NA
NC_045512.2	13957	C	G	9826	5290	47	1	0	34	0.00010174	9829	0.999025	FALSE	NA	NA	NA	NA	NA	NA
NC_045512.2	13957	C	A	9826	5290	47	1	0	27	0.00010174	9829	1	FALSE	NA	NA	NA	NA	NA	NA
NC_045512.2	13958	G	T	9784	5295	47	1	1	34	0.000102197	9785	0.999026	FALSE	NA	NA	NA	NA	NA	NA
NC_045512.2	13959	C	G	9781	5271	46	1	1	27	0.000102229	9782	1	FALSE	NA	NA	NA	NA	NA	NA
NC_045512.2	13960	G	A	9755	5229	46	2	2	51	0.000204981	9757	0.250013	FALSE	NA	NA	NA	NA	NA	NA
NC_045512.2	13961	T	C	8975	4650	44	1	1	34	0.000111346	8981	0.998047	FALSE	NA	NA	NA	NA	NA	NA
NC_045512.2	13961	T	A	8975	4650	44	5	3	27	0.000556731	8981	1	FALSE	NA	NA	NA	NA	NA	NA
NC_045512.2	13962	A	C	9794	5444	46	1	1	26	0.000102093	9795	1	FALSE	NA	NA	NA	NA	NA	NA
NC_045512.2	13963	T	G	8511	4230	42	1	0	34	0.000117371	8520	0.998044	FALSE	NA	NA	NA	NA	NA	NA
NC_045512.2	13963	T	A	8511	4230	42	8	8	24	0.000938967	8520	1	FALSE	NA	NA	NA	NA	NA	NA
NC_045512.2	13964	A	C	9764	5503	46	1	1	27	0.000102407	9765	1	FALSE	NA	NA	NA	NA	NA	NA
NC_045512.2	13966	G	C	9702	5498	46	1	1	27	0.00010304	9705	1	FALSE	NA	NA	NA	NA	NA	NA
NC_045512.2	13966	G	A	9702	5498	46	2	0	34	0.000206079	9705	0.994152	FALSE	NA	NA	NA	NA	NA	NA
NC_045512.2	13967	C	T	9757	5619	45	1	1	34	0.00010248	9758	0.999026	FALSE	NA	NA	NA	NA	NA	NA
NC_045512.2	13970	A	C	8676	5996	41	5	0	29	0.000575971	8681	1	FALSE	NA	NA	NA	NA	NA	NA
NC_045512.2	13971	C	G	9602	6034	44	2	0	30	0.000208247	9604	0.994155	FALSE	NA	NA	NA	NA	NA	NA
NC_045512.2	13972	T	G	9329	5761	44	3	3	26	0.000321474	9332	1	FALSE	NA	NA	NA	NA	NA	NA
NC_045512.2	13973	T	C	9471	5968	44	2	1	36	0.000211126	9473	0.994155	FALSE	NA	NA	NA	NA	NA	NA
NC_045512.2	13975	G	C	9460	5851	44	1	1	20	0.000105675	9463	1	FALSE	NA	NA	NA	NA	NA	NA
NC_045512.2	13975	G	A	9460	5851	44	2	2	34	0.000211349	9463	0.994152	FALSE	NA	NA	NA	NA	NA	NA
NC_045512.2	13977	T	G	8689	5135	43	1	1	26	0.000115048	8692	1	FALSE	NA	NA	NA	NA	NA	NA
NC_045512.2	13977	T	C	8689	5135	43	2	0	34	0.000230097	8692	0.989276	FALSE	NA	NA	NA	NA	NA	NA
NC_045512.2	13978	G	A	9425	5922	45	2	1	34	0.000212157	9427	0.994155	FALSE	NA	NA	NA	NA	NA	NA
NC_045512.2	13979	A	G	9530	6426	47	3	3	34	0.000314696	9533	0.980751	FALSE	NA	NA	NA	NA	NA	NA
NC_045512.2	13980	A	G	9362	6599	45	1	1	34	0.000106803	9363	0.999026	FALSE	NA	NA	NA	NA	NA	NA
NC_045512.2	13981	C	T	9917	7283	48	2	2	36	0.000201633	9919	0.994154	FALSE	NA	NA	NA	NA	NA	NA
NC_045512.2	13983	T	C	9787	7200	48	2	2	30	0.000204311	9789	0.994154	FALSE	NA	NA	NA	NA	NA	NA
NC_045512.2	13984	G	T	9768	7181	48	1	1	34	0.000102354	9770	0.999026	FALSE	NA	NA	NA	NA	NA	NA
NC_045512.2	13984	G	A	9768	7181	48	1	1	34	0.000102354	9770	0.999026	FALSE	NA	NA	NA	NA	NA	NA
NC_045512.2	13985	T	A	9914	7400	49	1	0	26	0.000100857	9915	1	FALSE	NA	NA	NA	NA	NA	NA
NC_045512.2	13987	C	T	10031	7523	49	3	3	45	0.000298983	10034	0.312519	FALSE	NA	NA	NA	NA	NA	NA
NC_045512.2	13988	G	T	9979	7468	49	1	1	34	0.00010019	9981	0.999026	FALSE	NA	NA	NA	NA	NA	NA
NC_045512.2	13988	G	A	9979	7468	49	1	0	24	0.00010019	9981	1	FALSE	NA	NA	NA	NA	NA	NA
NC_045512.2	13990	C	T	9739	7279	49	1	1	68	0.000102659	9741	0.5	FALSE	NA	NA	NA	NA	NA	NA
NC_045512.2	13990	C	A	9739	7279	49	1	1	34	0.000102659	9741	0.999026	FALSE	NA	NA	NA	NA	NA	NA
NC_045512.2	13992	A	C	9650	7229	48	1	0	27	0.000103616	9651	1	FALSE	NA	NA	NA	NA	NA	NA
NC_045512.2	13993	G	A	9540	7068	49	1	1	34	0.000104811	9541	0.999026	FALSE	NA	NA	NA	NA	NA	NA
NC_045512.2	13994	C	T	9625	7182	49	2	2	34	0.000207749	9627	0.994155	FALSE	NA	NA	NA	NA	NA	NA
NC_045512.2	13995	T	G	8596	6136	47	1	1	27	0.00011632	8597	1	FALSE	NA	NA	NA	NA	NA	NA
NC_045512.2	13996	T	A	9518	7091	50	1	1	27	0.000105053	9519	1	FALSE	NA	NA	NA	NA	NA	NA
NC_045512.2	13997	T	A	9263	6819	49	1	0	24	0.000107945	9264	1	FALSE	NA	NA	NA	NA	NA	NA
NC_045512.2	13999	T	G	9104	6882	47	1	1	26	0.000109806	9107	1	FALSE	NA	NA	NA	NA	NA	NA
NC_045512.2	13999	T	C	9104	6882	47	2	2	30	0.000219611	9107	0.994152	FALSE	NA	NA	NA	NA	NA	NA
NC_045512.2	14000	T	C	9603	7423	48	1	1	26	0.000104123	9604	1	FALSE	NA	NA	NA	NA	NA	NA
NC_045512.2	14000	T	-A	9603	7423	48	1	0	20	0.000104123	9604	1	FALSE	NA	NA	NA	NA	NA	NA
NC_045512.2	14001	A	G	9637	7456	48	1	1	68	0.000103756	9638	0.5	FALSE	NA	NA	NA	NA	NA	NA
NC_045512.2	14004	A	T	9597	7431	48	1	1	34	0.000104188	9598	0.999026	FALSE	NA	NA	NA	NA	NA	NA
NC_045512.2	14005	A	T	9570	7474	46	1	1	34	0.000104482	9571	0.999026	FALSE	NA	NA	NA	NA	NA	NA
NC_045512.2	14006	C	T	9620	7489	47	1	1	34	0.000103939	9621	0.999026	FALSE	NA	NA	NA	NA	NA	NA
NC_045512.2	14008	G	C	9090	6951	48	1	1	27	0.000109999	9091	1	FALSE	NA	NA	NA	NA	NA	NA
NC_045512.2	14009	T	A	9154	7030	48	1	1	34	0.00010923	9155	0.999026	FALSE	NA	NA	NA	NA	NA	NA
NC_045512.2	14010	A	G	9111	6980	48	1	1	34	0.000109745	9112	0.999026	FALSE	NA	NA	NA	NA	NA	NA
NC_045512.2	14012	A	G	8880	6757	49	1	0	68	0.0001126	8881	0.500028	FALSE	NA	NA	NA	NA	NA	NA
NC_045512.2	14013	A	G	8931	6932	47	1	1	34	0.000111944	8933	0.998051	FALSE	NA	NA	NA	NA	NA	NA
NC_045512.2	14013	A	C	8931	6932	47	1	1	26	0.000111944	8933	1	FALSE	NA	NA	NA	NA	NA	NA
NC_045512.2	14017	T	C	8024	6140	48	1	0	24	0.000124611	8025	1	FALSE	NA	NA	NA	NA	NA	NA
NC_045512.2	14018	G	A	8181	6294	48	2	2	51	0.000244409	8183	0.250015	FALSE	NA	NA	NA	NA	NA	NA
NC_045512.2	14020	G	T	8161	6285	48	2	2	27	0.000244978	8164	1	FALSE	NA	NA	NA	NA	NA	NA
NC_045512.2	14020	G	A	8161	6285	48	1	1	34	0.000122489	8164	0.99805	FALSE	NA	NA	NA	NA	NA	NA
NC_045512.2	14021	A	T	8154	6297	48	2	2	30	0.000245218	8156	0.989282	FALSE	NA	NA	NA	NA	NA	NA
NC_045512.2	14023	G	T	7918	6080	48	2	2	30	0.000252525	7920	0.980504	FALSE	NA	NA	NA	NA	NA	NA
NC_045512.2	14025	C	T	7707	5899	49	1	1	34	0.000129735	7708	0.996103	FALSE	NA	NA	NA	NA	NA	NA
NC_045512.2	14028	G	T	7636	5838	49	2	2	34	0.000261849	7638	0.980506	FALSE	NA	NA	NA	NA	NA	NA
NC_045512.2	14031	A	G	7493	5725	48	1	0	68	0.00013344	7494	0.500033	FALSE	NA	NA	NA	NA	NA	NA
NC_045512.2	14038	G	A	7333	5959	45	2	2	34	0.000272665	7335	0.980507	FALSE	NA	NA	NA	NA	NA	NA
NC_045512.2	14039	G	C	7428	6055	45	1	1	26	0.000134608	7429	1	FALSE	NA	NA	NA	NA	NA	NA
NC_045512.2	14040	T	A	7278	5904	45	1	1	34	0.000137382	7279	0.996103	FALSE	NA	NA	NA	NA	NA	NA
NC_045512.2	14042	T	A	7345	5982	46	1	1	34	0.000136129	7346	0.996103	FALSE	NA	NA	NA	NA	NA	NA
NC_045512.2	14043	T	A	7214	5892	45	2	1	30	0.000277162	7216	0.980508	FALSE	NA	NA	NA	NA	NA	NA
NC_045512.2	14045	T	G	6168	4839	43	1	1	34	0.000162022	6172	0.992192	FALSE	NA	NA	NA	NA	NA	NA
NC_045512.2	14045	T	C	6168	4839	43	2	2	68	0.000324044	6172	0.249939	FALSE	NA	NA	NA	NA	NA	NA
NC_045512.2	14045	T	A	6168	4839	43	1	1	34	0.000162022	6172	0.992192	FALSE	NA	NA	NA	NA	NA	NA
NC_045512.2	14046	T	C	7149	5834	46	2	2	29	0.000279681	7151	1	FALSE	NA	NA	NA	NA	NA	NA
NC_045512.2	14047	G	T	6877	5561	45	1	1	26	0.000145391	6878	1	FALSE	NA	NA	NA	NA	NA	NA
NC_045512.2	14048	G	T	6905	5612	45	2	2	26	0.000289561	6907	1	FALSE	NA	NA	NA	NA	NA	NA
NC_045512.2	14049	T	C	6905	5612	46	1	1	24	0.000144802	6906	1	FALSE	NA	NA	NA	NA	NA	NA
NC_045512.2	14050	G	T	6813	5524	46	1	1	34	0.000146757	6814	0.992204	FALSE	NA	NA	NA	NA	NA	NA
NC_045512.2	14051	T	C	6836	5553	45	1	0	68	0.000146263	6837	0.500037	FALSE	NA	NA	NA	NA	NA	NA
NC_045512.2	14052	A	G	6827	5550	46	2	0	68	0.000292869	6829	0.250018	FALSE	NA	NA	NA	NA	NA	NA
NC_045512.2	14054	T	C	6747	5519	45	1	1	68	0.000148192	6748	0.500037	FALSE	NA	NA	NA	NA	NA	NA
NC_045512.2	14055	G	T	6684	5453	45	1	1	34	0.000149566	6686	0.9922	FALSE	NA	NA	NA	NA	NA	NA
NC_045512.2	14055	G	A	6684	5453	45	1	1	34	0.000149566	6686	0.9922	FALSE	NA	NA	NA	NA	NA	NA
NC_045512.2	14060	T	C	6244	5047	46	3	1	46	0.000480231	6247	0.125	FALSE	NA	NA	NA	NA	NA	NA
NC_045512.2	14069	A	G	5823	4695	46	1	1	34	0.000171703	5824	0.984403	FALSE	NA	NA	NA	NA	NA	NA
NC_045512.2	14070	A	G	5740	4630	45	1	0	68	0.000174186	5741	0.500044	FALSE	NA	NA	NA	NA	NA	NA
NC_045512.2	14071	G	A	5735	4656	45	1	0	68	0.000174338	5736	0.500044	FALSE	NA	NA	NA	NA	NA	NA
NC_045512.2	14072	A	T	5694	4628	44	1	0	34	0.0001755	5698	0.984379	FALSE	NA	NA	NA	NA	NA	NA
NC_045512.2	14072	A	G	5694	4628	44	3	3	31	0.000526501	5698	0.855555	FALSE	NA	NA	NA	NA	NA	NA
NC_045512.2	14073	T	A	5036	3963	44	1	1	26	0.000198531	5037	1	FALSE	NA	NA	NA	NA	NA	NA
NC_045512.2	14074	C	G	5718	4736	44	1	0	34	0.000174856	5719	0.984404	FALSE	NA	NA	NA	NA	NA	NA
NC_045512.2	14076	C	G	5475	4545	44	1	0	34	0.000182615	5476	0.984405	FALSE	NA	NA	NA	NA	NA	NA
NC_045512.2	14077	A	T	4951	3935	40	1	0	34	0.000201857	4954	0.968766	FALSE	NA	NA	NA	NA	NA	NA
NC_045512.2	14077	A	G	4951	3935	40	1	1	24	0.000201857	4954	1	FALSE	NA	NA	NA	NA	NA	NA
NC_045512.2	14077	A	C	4951	3935	40	1	1	34	0.000201857	4954	0.968766	FALSE	NA	NA	NA	NA	NA	NA
NC_045512.2	14078	A	T	5262	4325	42	2	1	30	0.000379867	5265	0.937562	FALSE	NA	NA	NA	NA	NA	NA
NC_045512.2	14078	A	G	5262	4325	42	1	1	26	0.000189934	5265	1	FALSE	NA	NA	NA	NA	NA	NA
NC_045512.2	14080	G	C	5394	4471	44	1	1	34	0.000185357	5395	0.984405	FALSE	NA	NA	NA	NA	NA	NA
NC_045512.2	14086	T	C	5045	4192	44	2	1	47	0.000396197	5048	0.249975	FALSE	NA	NA	NA	NA	NA	NA
NC_045512.2	14086	T	A	5045	4192	44	1	1	24	0.000198098	5048	1	FALSE	NA	NA	NA	NA	NA	NA
NC_045512.2	14087	G	C	4930	4074	44	2	2	34	0.000405515	4932	0.890744	FALSE	NA	NA	NA	NA	NA	NA
NC_045512.2	14088	G	T	4944	4094	44	1	1	34	0.000202224	4945	0.968797	FALSE	NA	NA	NA	NA	NA	NA
NC_045512.2	14089	T	C	4770	3933	44	1	1	34	0.0002096	4771	0.968799	FALSE	NA	NA	NA	NA	NA	NA
NC_045512.2	14090	A	G	4852	4017	45	1	1	34	0.000206058	4853	0.968798	FALSE	NA	NA	NA	NA	NA	NA
NC_045512.2	14103	T	C	4207	3677	42	1	0	24	0.000237643	4208	1	FALSE	NA	NA	NA	NA	NA	NA
NC_045512.2	14108	T	C	4177	3656	41	2	2	34	0.000478583	4179	0.890765	FALSE	NA	NA	NA	NA	NA	NA
NC_045512.2	14109	A	G	4194	3676	42	1	0	68	0.000238379	4195	0.50006	FALSE	NA	NA	NA	NA	NA	NA
NC_045512.2	14111	A	T	3968	3513	41	1	1	34	0.000251953	3969	0.937579	FALSE	NA	NA	NA	NA	NA	NA
NC_045512.2	14112	A	G	3985	3532	41	2	1	51	0.00050163	3987	0.250031	FALSE	NA	NA	NA	NA	NA	NA
NC_045512.2	14113	A	G	3990	3554	37	1	1	34	0.000250564	3991	0.937578	FALSE	NA	NA	NA	NA	NA	NA
NC_045512.2	14114	C	T	3992	3546	41	2	2	34	0.000500751	3994	0.812657	FALSE	NA	NA	NA	NA	NA	NA
NC_045512.2	14115	C	T	3908	3492	40	1	1	26	0.00025582	3909	1	FALSE	NA	NA	NA	NA	NA	NA
NC_045512.2	14425	C	T	357	71	38	2	1	34	0.00557103	359	0.250349	FALSE	NA	NA	NA	NA	NA	NA
NC_045512.2	14438	T	A	357	72	39	1	0	26	0.0027933	358	0.938372	FALSE	NA	NA	NA	NA	NA	NA
NC_045512.2	14459	T	C	409	94	42	1	0	24	0.00243902	410	0.96932	FALSE	NA	NA	NA	NA	NA	NA
NC_045512.2	14473	G	C	457	98	42	1	0	34	0.00218341	458	0.500546	FALSE	NA	NA	NA	NA	NA	NA
NC_045512.2	14490	G	A	526	118	43	1	1	68	0.00189753	527	0.500475	FALSE	NA	NA	NA	NA	NA	NA
NC_045512.2	14499	T	C	559	139	45	1	0	34	0.00178571	560	0.500447	FALSE	NA	NA	NA	NA	NA	NA
NC_045512.2	14505	T	C	567	139	45	1	1	68	0.00176056	568	0.500441	FALSE	NA	NA	NA	NA	NA	NA
NC_045512.2	14519	A	C	375	156	42	1	0	26	0.00265957	376	0.938331	FALSE	NA	NA	NA	NA	NA	NA
NC_045512.2	14528	G	T	661	173	47	2	1	34	0.00301659	663	0.250189	FALSE	NA	NA	NA	NA	NA	NA
NC_045512.2	14529	C	A	664	176	47	1	0	34	0.00150376	665	0.500376	FALSE	NA	NA	NA	NA	NA	NA
NC_045512.2	14565	T	C	587	257	43	1	0	68	0.00170068	588	0.500426	FALSE	NA	NA	NA	NA	NA	NA
NC_045512.2	14566	G	A	582	256	44	1	0	34	0.00171527	583	0.500429	FALSE	NA	NA	NA	NA	NA	NA
NC_045512.2	14567	C	T	580	259	44	1	0	34	0.00172117	581	0.500431	FALSE	NA	NA	NA	NA	NA	NA
NC_045512.2	14639	C	A	589	425	52	1	1	34	0.00169492	590	0.500424	FALSE	NA	NA	NA	NA	NA	NA
NC_045512.2	14705	T	A	411	348	43	1	1	24	0.00242718	412	0.969317	FALSE	NA	NA	NA	NA	NA	NA
NC_045512.2	14719	G	T	372	325	41	1	1	27	0.00268097	373	0.938337	FALSE	NA	NA	NA	NA	NA	NA
NC_045512.2	15051	T	C	3479	350	34	1	1	68	0.000287356	3480	0.500072	FALSE	NA	NA	NA	NA	NA	NA
NC_045512.2	15053	C	A	4184	436	35	2	0	30	0.000477783	4186	0.890765	FALSE	NA	NA	NA	NA	NA	NA
NC_045512.2	15054	T	C	4163	421	35	1	0	34	0.000240096	4165	0.968788	FALSE	NA	NA	NA	NA	NA	NA
NC_045512.2	15054	T	A	4163	421	35	1	0	34	0.000240096	4165	0.968788	FALSE	NA	NA	NA	NA	NA	NA
NC_045512.2	15055	A	G	4121	470	36	1	0	34	0.000242601	4122	0.968807	FALSE	NA	NA	NA	NA	NA	NA
NC_045512.2	15064	A	C	3939	544	35	1	0	26	0.000253807	3940	1	FALSE	NA	NA	NA	NA	NA	NA
NC_045512.2	15065	T	C	4353	517	37	2	1	34	0.000459242	4355	0.89076	FALSE	NA	NA	NA	NA	NA	NA
NC_045512.2	15081	C	T	5082	815	40	2	0	34	0.000393314	5085	0.937565	FALSE	NA	NA	NA	NA	NA	NA
NC_045512.2	15081	C	G	5082	815	40	1	0	34	0.000196657	5085	0.984389	FALSE	NA	NA	NA	NA	NA	NA
NC_045512.2	15082	A	C	5151	820	40	1	1	34	0.000194099	5152	0.984407	FALSE	NA	NA	NA	NA	NA	NA
NC_045512.2	15083	T	C	5083	795	39	1	1	34	0.000196696	5084	0.984407	FALSE	NA	NA	NA	NA	NA	NA
NC_045512.2	15085	A	G	5039	827	40	1	0	68	0.000198413	5040	0.50005	FALSE	NA	NA	NA	NA	NA	NA
NC_045512.2	15087	T	G	5322	897	40	1	0	26	0.000187864	5323	1	FALSE	NA	NA	NA	NA	NA	NA
NC_045512.2	15088	G	C	5411	927	41	1	1	34	0.000184775	5412	0.984405	FALSE	NA	NA	NA	NA	NA	NA
NC_045512.2	15089	C	A	5408	930	41	1	0	34	0.000184877	5409	0.984405	FALSE	NA	NA	NA	NA	NA	NA
NC_045512.2	15092	A	G	4700	939	39	1	0	68	0.000212675	4702	0.5	FALSE	NA	NA	NA	NA	NA	NA
NC_045512.2	15092	A	C	4700	939	39	1	0	26	0.000212675	4702	1	FALSE	NA	NA	NA	NA	NA	NA
NC_045512.2	15093	G	A	7146	1043	40	2	0	34	0.000279799	7148	0.980508	FALSE	NA	NA	NA	NA	NA	NA
NC_045512.2	15094	A	G	7000	1075	39	2	0	34	0.000285592	7003	0.980499	FALSE	NA	NA	NA	NA	NA	NA
NC_045512.2	15094	A	C	7000	1075	39	1	1	34	0.000142796	7003	0.996099	FALSE	NA	NA	NA	NA	NA	NA
NC_045512.2	15095	A	C	7180	1075	40	1	1	34	0.000139256	7181	0.996104	FALSE	NA	NA	NA	NA	NA	NA
NC_045512.2	15096	T	A	7199	1071	40	1	1	34	0.000138889	7200	0.996104	FALSE	NA	NA	NA	NA	NA	NA
NC_045512.2	15097	A	T	6762	1078	39	1	1	27	0.000147842	6764	1	FALSE	NA	NA	NA	NA	NA	NA
NC_045512.2	15097	A	G	6762	1078	39	1	0	26	0.000147842	6764	1	FALSE	NA	NA	NA	NA	NA	NA
NC_045512.2	15099	A	C	6740	1088	39	2	1	30	0.000296648	6742	0.964901	FALSE	NA	NA	NA	NA	NA	NA
NC_045512.2	15100	G	C	7415	1089	40	2	2	30	0.000269651	7417	0.980507	FALSE	NA	NA	NA	NA	NA	NA
NC_045512.2	15102	T	G	7434	1218	41	1	0	34	0.000134427	7439	0.996095	FALSE	NA	NA	NA	NA	NA	NA
NC_045512.2	15102	T	C	7434	1218	41	4	2	31	0.000537707	7439	0.886805	FALSE	NA	NA	NA	NA	NA	NA
NC_045512.2	15104	G	C	7338	1079	39	1	1	34	0.000136258	7339	0.996103	FALSE	NA	NA	NA	NA	NA	NA
NC_045512.2	15105	C	T	7555	1237	41	1	0	34	0.000132345	7556	0.996103	FALSE	NA	NA	NA	NA	NA	NA
NC_045512.2	15106	A	G	7367	1241	41	1	0	68	0.000135704	7369	0.5	FALSE	NA	NA	NA	NA	NA	NA
NC_045512.2	15106	A	C	7367	1241	41	1	1	34	0.000135704	7369	0.996101	FALSE	NA	NA	NA	NA	NA	NA
NC_045512.2	15108	C	G	7740	1261	41	2	0	26	0.000258264	7744	1	FALSE	NA	NA	NA	NA	NA	NA
NC_045512.2	15108	C	A	7740	1261	41	2	1	51	0.000258264	7744	0.249952	FALSE	NA	NA	NA	NA	NA	NA
NC_045512.2	15109	G	A	7800	1250	41	3	1	56	0.000384468	7803	0.125	FALSE	NA	NA	NA	NA	NA	NA
NC_045512.2	15110	T	G	7927	1344	42	1	0	34	0.000126103	7930	0.996099	FALSE	NA	NA	NA	NA	NA	NA
NC_045512.2	15110	T	C	7927	1344	42	2	1	34	0.000252207	7930	0.980495	FALSE	NA	NA	NA	NA	NA	NA
NC_045512.2	15111	A	T	7893	1361	42	1	1	27	0.000126662	7895	1	FALSE	NA	NA	NA	NA	NA	NA
NC_045512.2	15111	A	G	7893	1361	42	1	0	34	0.000126662	7895	0.996101	FALSE	NA	NA	NA	NA	NA	NA
NC_045512.2	15113	C	T	7956	1533	43	1	0	46	0.000125676	7957	0.500031	FALSE	NA	NA	NA	NA	NA	NA
NC_045512.2	15114	T	C	8017	1544	44	2	0	40	0.000249408	8019	0.250016	FALSE	NA	NA	NA	NA	NA	NA
NC_045512.2	15115	G	A	8036	1546	43	3	1	34	0.000373181	8039	0.967345	FALSE	NA	NA	NA	NA	NA	NA
NC_045512.2	15118	G	T	8353	1568	43	1	1	27	0.000119689	8355	1	FALSE	NA	NA	NA	NA	NA	NA
NC_045512.2	15118	G	C	8353	1568	43	1	0	34	0.000119689	8355	0.998051	FALSE	NA	NA	NA	NA	NA	NA
NC_045512.2	15121	T	A	8426	1578	43	3	1	42	0.000355914	8429	0.125	FALSE	NA	NA	NA	NA	NA	NA
NC_045512.2	15125	T	A	8581	1746	44	1	0	34	0.000116523	8582	0.998052	FALSE	NA	NA	NA	NA	NA	NA
NC_045512.2	15127	T	G	9613	1816	44	1	0	34	0.000103983	9617	0.999025	FALSE	NA	NA	NA	NA	NA	NA
NC_045512.2	15127	T	C	9613	1816	44	1	0	34	0.000103983	9617	0.999025	FALSE	NA	NA	NA	NA	NA	NA
NC_045512.2	15127	T	A	9613	1816	44	2	0	30	0.000207965	9617	0.994149	FALSE	NA	NA	NA	NA	NA	NA
NC_045512.2	15128	G	T	10087	1843	43	1	0	68	9.91179e-05	10089	0.5	FALSE	NA	NA	NA	NA	NA	NA
NC_045512.2	15128	G	C	10087	1843	43	1	0	68	9.91179e-05	10089	0.5	FALSE	NA	NA	NA	NA	NA	NA
NC_045512.2	15129	T	G	10095	1857	43	1	0	27	9.90295e-05	10098	1	FALSE	NA	NA	NA	NA	NA	NA
NC_045512.2	15129	T	C	10095	1857	43	2	1	34	0.000198059	10098	0.996833	FALSE	NA	NA	NA	NA	NA	NA
NC_045512.2	15130	A	G	10180	1852	43	1	0	34	9.82222e-05	10181	0.999513	FALSE	NA	NA	NA	NA	NA	NA
NC_045512.2	15131	G	C	10283	1858	43	2	2	47	0.000194458	10285	0.500036	FALSE	NA	NA	NA	NA	NA	NA
NC_045512.2	15132	T	C	10234	2052	45	3	0	34	0.000293026	10238	0.98879	FALSE	NA	NA	NA	NA	NA	NA
NC_045512.2	15132	T	A	10234	2052	45	1	1	26	9.76753e-05	10238	1	FALSE	NA	NA	NA	NA	NA	NA
NC_045512.2	15133	A	T	10837	2076	44	1	1	26	9.22679e-05	10838	1	FALSE	NA	NA	NA	NA	NA	NA
NC_045512.2	15135	T	G	10791	2092	44	1	0	27	9.26441e-05	10794	1	FALSE	NA	NA	NA	NA	NA	NA
NC_045512.2	15135	T	C	10791	2092	44	2	1	34	0.000185288	10794	0.996833	FALSE	NA	NA	NA	NA	NA	NA
NC_045512.2	15136	A	T	10706	2103	44	1	0	26	9.33707e-05	10710	1	FALSE	NA	NA	NA	NA	NA	NA
NC_045512.2	15136	A	G	10706	2103	44	3	1	56	0.000280112	10710	0.124982	FALSE	NA	NA	NA	NA	NA	NA
NC_045512.2	15137	T	C	10836	2574	47	1	0	68	9.22765e-05	10837	0.500023	FALSE	NA	NA	NA	NA	NA	NA
NC_045512.2	15138	G	+ACCCCACCAC	11001	2731	48	1	0	20	9.09008e-05	11001	1	FALSE	NA	NA	NA	NA	NA	NA
NC_045512.2	15139	A	T	10988	2745	48	1	0	68	9.09918e-05	10990	0.5	FALSE	NA	NA	NA	NA	NA	NA
NC_045512.2	15139	A	G	10988	2745	48	1	0	34	9.09918e-05	10990	0.999513	FALSE	NA	NA	NA	NA	NA	NA
NC_045512.2	15140	C	G	11591	2815	47	1	0	27	8.62589e-05	11593	1	FALSE	NA	NA	NA	NA	NA	NA
NC_045512.2	15140	C	A	11591	2815	47	1	0	26	8.62589e-05	11593	1	FALSE	NA	NA	NA	NA	NA	NA
NC_045512.2	15142	A	C	11660	2820	48	1	0	20	8.57559e-05	11661	1	FALSE	NA	NA	NA	NA	NA	NA
NC_045512.2	15143	A	-TAGACAGTTT	11517	2880	48	1	0	20	8.68282e-05	11517	1	FALSE	NA	NA	NA	NA	NA	NA
NC_045512.2	15145	A	T	11115	3025	48	2	0	26	0.000179905	11117	1	FALSE	NA	NA	NA	NA	NA	NA
NC_045512.2	15146	G	A	11703	3005	48	1	0	27	8.54409e-05	11704	1	FALSE	NA	NA	NA	NA	NA	NA
NC_045512.2	15147	A	T	11557	3012	48	2	1	29	0.00017301	11560	1	FALSE	NA	NA	NA	NA	NA	NA
NC_045512.2	15147	A	G	11557	3012	48	1	0	24	8.65052e-05	11560	1	FALSE	NA	NA	NA	NA	NA	NA
NC_045512.2	15149	A	T	11491	2965	48	1	0	27	8.70095e-05	11493	1	FALSE	NA	NA	NA	NA	NA	NA
NC_045512.2	15149	A	G	11491	2965	48	1	0	24	8.70095e-05	11493	1	FALSE	NA	NA	NA	NA	NA	NA
NC_045512.2	15151	T	C	11552	3185	50	2	1	51	0.000173055	11557	0.249924	FALSE	NA	NA	NA	NA	NA	NA
NC_045512.2	15151	T	A	11552	3185	50	3	1	26	0.000259583	11557	1	FALSE	NA	NA	NA	NA	NA	NA
NC_045512.2	15152	T	G	11569	3184	50	1	0	34	8.64155e-05	11572	0.999756	FALSE	NA	NA	NA	NA	NA	NA
NC_045512.2	15152	T	A	11569	3184	50	2	1	30	0.000172831	11572	0.998294	FALSE	NA	NA	NA	NA	NA	NA
NC_045512.2	15153	T	C	11576	3168	50	1	1	68	8.63782e-05	11577	0.5	FALSE	NA	NA	NA	NA	NA	NA
NC_045512.2	15156	T	A	11632	3488	52	2	0	30	0.00017191	11634	0.998296	FALSE	NA	NA	NA	NA	NA	NA
NC_045512.2	15157	C	A	11603	3494	51	1	0	24	8.61772e-05	11604	1	FALSE	NA	NA	NA	NA	NA	NA
NC_045512.2	15157	C	-A	11603	3494	51	1	0	20	8.61772e-05	11604	1	FALSE	NA	NA	NA	NA	NA	NA
NC_045512.2	15158	A	T	11626	3486	52	1	0	34	8.59845e-05	11630	0.999756	FALSE	NA	NA	NA	NA	NA	NA
NC_045512.2	15158	A	G	11626	3486	52	2	0	51	0.000171969	11630	0.249946	FALSE	NA	NA	NA	NA	NA	NA
NC_045512.2	15158	A	C	11626	3486	52	1	1	27	8.59845e-05	11630	1	FALSE	NA	NA	NA	NA	NA	NA
NC_045512.2	15160	A	G	11559	3519	51	1	0	24	8.64977e-05	11561	1	FALSE	NA	NA	NA	NA	NA	NA
NC_045512.2	15160	A	C	11559	3519	51	1	1	24	8.64977e-05	11561	1	FALSE	NA	NA	NA	NA	NA	NA
NC_045512.2	15163	T	C	11643	3595	52	1	0	60	8.58664e-05	11646	0.499979	FALSE	NA	NA	NA	NA	NA	NA
NC_045512.2	15163	T	A	11643	3595	52	2	1	23	0.000171733	11646	1	FALSE	NA	NA	NA	NA	NA	NA
NC_045512.2	15164	T	A	11478	3627	50	1	0	26	8.71156e-05	11479	1	FALSE	NA	NA	NA	NA	NA	NA
NC_045512.2	15165	A	G	11603	3704	52	1	0	68	8.61772e-05	11604	0.500022	FALSE	NA	NA	NA	NA	NA	NA
NC_045512.2	15169	A	G	11687	3723	53	2	1	38	0.000171101	11689	0.998296	FALSE	NA	NA	NA	NA	NA	NA
NC_045512.2	15170	A	T	11719	3805	53	1	0	34	8.53242e-05	11720	0.999757	FALSE	NA	NA	NA	NA	NA	NA
NC_045512.2	15172	T	G	11713	3874	54	2	0	26	0.000170707	11716	1	FALSE	NA	NA	NA	NA	NA	NA
NC_045512.2	15172	T	A	11713	3874	54	1	1	26	8.53534e-05	11716	1	FALSE	NA	NA	NA	NA	NA	NA
NC_045512.2	15174	A	G	11785	3864	54	4	0	51	0.000339299	11789	0.0624947	FALSE	NA	NA	NA	NA	NA	NA
NC_045512.2	15175	A	G	11766	3958	54	1	0	34	8.49834e-05	11767	0.999757	FALSE	NA	NA	NA	NA	NA	NA
NC_045512.2	15176	T	C	11645	4007	53	1	0	46	8.5859e-05	11647	0.750011	FALSE	NA	NA	NA	NA	NA	NA
NC_045512.2	15176	T	A	11645	4007	53	1	1	26	8.5859e-05	11647	1	FALSE	NA	NA	NA	NA	NA	NA
NC_045512.2	15177	A	T	11172	4064	52	3	0	26	0.000268432	11176	1	FALSE	NA	NA	NA	NA	NA	NA
NC_045512.2	15177	A	G	11172	4064	52	1	0	34	8.94775e-05	11176	0.999756	FALSE	NA	NA	NA	NA	NA	NA
NC_045512.2	15179	C	A	11626	4154	53	1	0	26	8.60067e-05	11627	1	FALSE	NA	NA	NA	NA	NA	NA
NC_045512.2	15180	C	T	11674	4168	54	1	0	34	8.56531e-05	11675	0.999757	FALSE	NA	NA	NA	NA	NA	NA
NC_045512.2	15181	G	C	11604	4098	52	1	1	20	8.61698e-05	11605	1	FALSE	NA	NA	NA	NA	NA	NA
NC_045512.2	15183	C	A	11885	4193	53	1	0	27	8.41326e-05	11886	1	FALSE	NA	NA	NA	NA	NA	NA
NC_045512.2	15184	A	G	11848	4247	53	1	0	34	8.43953e-05	11849	0.999757	FALSE	NA	NA	NA	NA	NA	NA
NC_045512.2	15185	C	T	11774	5128	51	1	0	34	8.49257e-05	11775	0.999757	FALSE	NA	NA	NA	NA	NA	NA
NC_045512.2	15186	T	G	11741	5091	50	2	0	30	0.0001703	11744	0.998295	FALSE	NA	NA	NA	NA	NA	NA
NC_045512.2	15186	T	A	11741	5091	50	1	0	26	8.51499e-05	11744	1	FALSE	NA	NA	NA	NA	NA	NA
NC_045512.2	15187	A	T	11583	5143	50	2	1	33	0.000172637	11585	0.998296	FALSE	NA	NA	NA	NA	NA	NA
NC_045512.2	15189	A	T	11225	5184	48	1	0	26	8.90472e-05	11230	1	FALSE	NA	NA	NA	NA	NA	NA
NC_045512.2	15189	A	G	11225	5184	48	4	2	29	0.000356189	11230	1	FALSE	NA	NA	NA	NA	NA	NA
NC_045512.2	15192	A	T	11817	5338	51	2	2	30	0.00016919	11821	0.998294	FALSE	NA	NA	NA	NA	NA	NA
NC_045512.2	15192	A	G	11817	5338	51	2	0	34	0.00016919	11821	0.998294	FALSE	NA	NA	NA	NA	NA	NA
NC_045512.2	15193	G	C	11799	5320	50	1	0	26	8.47458e-05	11800	1	FALSE	NA	NA	NA	NA	NA	NA
NC_045512.2	15194	C	T	11856	5447	50	3	3	42	0.000252972	11859	0.312516	FALSE	NA	NA	NA	NA	NA	NA
NC_045512.2	15195	T	C	11908	5428	50	1	1	24	8.3949e-05	11912	1	FALSE	NA	NA	NA	NA	NA	NA
NC_045512.2	15195	T	A	11908	5428	50	3	0	34	0.000251847	11912	0.993543	FALSE	NA	NA	NA	NA	NA	NA
NC_045512.2	15197	C	T	11943	5593	50	1	0	34	8.3724e-05	11944	0.999757	FALSE	NA	NA	NA	NA	NA	NA
NC_045512.2	15198	T	C	11973	5579	50	2	1	47	0.000167015	11975	0.500031	FALSE	NA	NA	NA	NA	NA	NA
NC_045512.2	15199	G	T	12100	5598	50	1	1	20	8.26378e-05	12101	1	FALSE	NA	NA	NA	NA	NA	NA
NC_045512.2	15200	T	C	12012	5567	50	1	1	34	8.32432e-05	12013	0.999878	FALSE	NA	NA	NA	NA	NA	NA
NC_045512.2	15201	A	T	11945	5540	50	1	1	26	8.3689e-05	11949	1	FALSE	NA	NA	NA	NA	NA	NA
NC_045512.2	15201	A	G	11945	5540	50	1	0	34	8.3689e-05	11949	0.999756	FALSE	NA	NA	NA	NA	NA	NA
NC_045512.2	15201	A	C	11945	5540	50	2	2	30	0.000167378	11949	0.998294	FALSE	NA	NA	NA	NA	NA	NA
NC_045512.2	15202	G	A	11970	5560	50	2	1	68	0.000167056	11972	0.25001	FALSE	NA	NA	NA	NA	NA	NA
NC_045512.2	15204	A	T	11670	5907	49	1	1	34	8.56678e-05	11673	0.999756	FALSE	NA	NA	NA	NA	NA	NA
NC_045512.2	15204	A	G	11670	5907	49	2	1	34	0.000171336	11673	0.998295	FALSE	NA	NA	NA	NA	NA	NA
NC_045512.2	15205	A	T	11785	5971	50	1	0	26	8.48464e-05	11786	1	FALSE	NA	NA	NA	NA	NA	NA
NC_045512.2	15206	T	G	11561	5694	49	1	1	27	8.64902e-05	11562	1	FALSE	NA	NA	NA	NA	NA	NA
NC_045512.2	15208	G	C	11614	5810	50	1	1	27	8.60956e-05	11615	1	FALSE	NA	NA	NA	NA	NA	NA
NC_045512.2	15209	G	T	11592	5874	50	1	1	20	8.62515e-05	11594	1	FALSE	NA	NA	NA	NA	NA	NA
NC_045512.2	15209	G	C	11592	5874	50	1	1	27	8.62515e-05	11594	1	FALSE	NA	NA	NA	NA	NA	NA
NC_045512.2	15211	A	T	11562	5897	49	2	2	30	0.000172936	11565	0.998295	FALSE	NA	NA	NA	NA	NA	NA
NC_045512.2	15211	A	C	11562	5897	49	1	1	26	8.64678e-05	11565	1	FALSE	NA	NA	NA	NA	NA	NA
NC_045512.2	15214	A	G	11684	5901	50	2	1	51	0.000171145	11686	0.250011	FALSE	NA	NA	NA	NA	NA	NA
NC_045512.2	15215	G	T	11625	5838	50	2	2	30	0.000171984	11629	0.998294	FALSE	NA	NA	NA	NA	NA	NA
NC_045512.2	15215	G	C	11625	5838	50	1	1	27	8.59919e-05	11629	1	FALSE	NA	NA	NA	NA	NA	NA
NC_045512.2	15215	G	A	11625	5838	50	1	0	34	8.59919e-05	11629	0.999756	FALSE	NA	NA	NA	NA	NA	NA
NC_045512.2	15216	C	G	11675	5893	50	1	1	27	8.56458e-05	11676	1	FALSE	NA	NA	NA	NA	NA	NA
NC_045512.2	15217	A	G	11714	5908	50	5	3	47	0.000426658	11719	0.109365	FALSE	NA	NA	NA	NA	NA	NA
NC_045512.2	15218	A	G	11674	6124	50	1	1	24	8.56531e-05	11675	1	FALSE	NA	NA	NA	NA	NA	NA
NC_045512.2	15219	A	G	11555	6263	48	1	0	34	8.65276e-05	11557	0.999757	FALSE	NA	NA	NA	NA	NA	NA
NC_045512.2	15219	A	C	11555	6263	48	1	1	24	8.65276e-05	11557	1	FALSE	NA	NA	NA	NA	NA	NA
NC_045512.2	15220	T	A	11844	6214	49	2	1	25	0.000168833	11846	1	FALSE	NA	NA	NA	NA	NA	NA
NC_045512.2	15222	C	A	12013	6676	51	1	0	26	8.32362e-05	12014	1	FALSE	NA	NA	NA	NA	NA	NA
NC_045512.2	15223	T	C	11764	6442	50	1	1	24	8.49907e-05	11766	1	FALSE	NA	NA	NA	NA	NA	NA
NC_045512.2	15223	T	A	11764	6442	50	1	0	27	8.49907e-05	11766	1	FALSE	NA	NA	NA	NA	NA	NA
NC_045512.2	15224	A	T	11939	6623	51	2	2	27	0.00016749	11941	1	FALSE	NA	NA	NA	NA	NA	NA
NC_045512.2	15225	T	C	11966	6644	51	2	1	38	0.000167112	11968	0.998296	FALSE	NA	NA	NA	NA	NA	NA
NC_045512.2	15226	G	A	11934	6611	51	1	1	46	8.37872e-05	11935	0.750031	FALSE	NA	NA	NA	NA	NA	NA
NC_045512.2	15227	G	T	11988	6702	51	1	1	60	8.34028e-05	11990	0.5	FALSE	NA	NA	NA	NA	NA	NA
NC_045512.2	15227	G	C	11988	6702	51	1	1	27	8.34028e-05	11990	1	FALSE	NA	NA	NA	NA	NA	NA
NC_045512.2	15229	G	T	11716	6463	51	1	1	34	8.53388e-05	11718	0.999757	FALSE	NA	NA	NA	NA	NA	NA
NC_045512.2	15229	G	A	11716	6463	51	1	0	34	8.53388e-05	11718	0.999757	FALSE	NA	NA	NA	NA	NA	NA
NC_045512.2	15230	G	C	11731	6498	51	1	1	27	8.52297e-05	11733	1	FALSE	NA	NA	NA	NA	NA	NA
NC_045512.2	15230	G	A	11731	6498	51	1	0	34	8.52297e-05	11733	0.999757	FALSE	NA	NA	NA	NA	NA	NA
NC_045512.2	15231	T	G	10634	5522	47	2	2	27	0.000188023	10637	1	FALSE	NA	NA	NA	NA	NA	NA
NC_045512.2	15231	T	C	10634	5522	47	1	1	24	9.40115e-05	10637	1	FALSE	NA	NA	NA	NA	NA	NA
NC_045512.2	15232	T	C	11837	7115	54	1	0	68	8.44666e-05	11839	0.5	FALSE	NA	NA	NA	NA	NA	NA
NC_045512.2	15232	T	A	11837	7115	54	1	1	27	8.44666e-05	11839	1	FALSE	NA	NA	NA	NA	NA	NA
NC_045512.2	15234	G	T	11805	7060	53	2	2	26	0.000169348	11810	1	FALSE	NA	NA	NA	NA	NA	NA
NC_045512.2	15234	G	A	11805	7060	53	3	3	45	0.000254022	11810	0.312452	FALSE	NA	NA	NA	NA	NA	NA
NC_045512.2	15235	C	T	11854	7136	54	1	1	68	8.43455e-05	11856	0.5	FALSE	NA	NA	NA	NA	NA	NA
NC_045512.2	15235	C	A	11854	7136	54	1	0	26	8.43455e-05	11856	1	FALSE	NA	NA	NA	NA	NA	NA
NC_045512.2	15236	A	T	11808	7069	53	2	2	30	0.000169348	11810	0.998296	FALSE	NA	NA	NA	NA	NA	NA
NC_045512.2	15237	C	T	11796	7159	53	1	1	26	8.47673e-05	11797	1	FALSE	NA	NA	NA	NA	NA	NA
NC_045512.2	15238	A	G	11630	7064	54	1	1	34	8.59771e-05	11631	0.999757	FALSE	NA	NA	NA	NA	NA	NA
NC_045512.2	15241	A	T	11628	7204	53	1	1	26	8.59697e-05	11632	1	FALSE	NA	NA	NA	NA	NA	NA
NC_045512.2	15241	A	G	11628	7204	53	3	3	53	0.000257909	11632	0.124984	FALSE	NA	NA	NA	NA	NA	NA
NC_045512.2	15242	T	C	11523	7143	53	1	0	68	8.67528e-05	11527	0.499957	FALSE	NA	NA	NA	NA	NA	NA
NC_045512.2	15242	T	A	11523	7143	53	3	3	26	0.000260259	11527	1	FALSE	NA	NA	NA	NA	NA	NA
NC_045512.2	15243	G	T	11624	7276	53	1	0	27	8.60141e-05	11626	1	FALSE	NA	NA	NA	NA	NA	NA
NC_045512.2	15243	G	A	11624	7276	53	1	1	34	8.60141e-05	11626	0.999757	FALSE	NA	NA	NA	NA	NA	NA
NC_045512.2	15245	T	C	11577	7926	50	1	1	34	8.63707e-05	11578	0.999757	FALSE	NA	NA	NA	NA	NA	NA
NC_045512.2	15246	A	G	11570	7925	50	2	2	34	0.000172831	11572	0.998296	FALSE	NA	NA	NA	NA	NA	NA
NC_045512.2	15246	A	+CCCCCCCACCACACTCC	11570	7925	50	1	0	20	8.64155e-05	11572	1	FALSE	NA	NA	NA	NA	NA	NA
NC_045512.2	15248	A	G	11582	7955	50	1	1	34	8.63334e-05	11583	0.999757	FALSE	NA	NA	NA	NA	NA	NA
NC_045512.2	15249	A	T	11627	8093	51	2	2	27	0.000171939	11632	1	FALSE	NA	NA	NA	NA	NA	NA
NC_045512.2	15249	A	G	11627	8093	51	3	1	58	0.000257909	11632	0.124968	FALSE	NA	NA	NA	NA	NA	NA
NC_045512.2	15250	A	G	11483	8136	47	1	1	34	8.70777e-05	11484	0.999757	FALSE	NA	NA	NA	NA	NA	NA
NC_045512.2	15251	C	T	11618	8215	50	2	2	30	0.000172102	11621	0.998295	FALSE	NA	NA	NA	NA	NA	NA
NC_045512.2	15251	C	G	11618	8215	50	1	1	26	8.60511e-05	11621	1	FALSE	NA	NA	NA	NA	NA	NA
NC_045512.2	15253	G	C	11438	8009	50	1	0	20	8.74202e-05	11439	1	FALSE	NA	NA	NA	NA	NA	NA
NC_045512.2	15254	T	G	8939	5463	46	3	3	24	0.000335495	8942	1	FALSE	NA	NA	NA	NA	NA	NA
NC_045512.2	15256	T	C	11431	8191	50	1	0	68	8.74738e-05	11432	0.5	FALSE	NA	NA	NA	NA	NA	NA
NC_045512.2	15258	T	A	11561	8451	51	1	1	27	8.64902e-05	11562	1	FALSE	NA	NA	NA	NA	NA	NA
NC_045512.2	15259	A	T	11536	8441	50	2	2	26	0.00017328	11542	1	FALSE	NA	NA	NA	NA	NA	NA
NC_045512.2	15259	A	G	11536	8441	50	4	4	34	0.00034656	11542	0.982436	FALSE	NA	NA	NA	NA	NA	NA
NC_045512.2	15260	G	T	11547	8474	51	1	1	27	8.65951e-05	11548	1	FALSE	NA	NA	NA	NA	NA	NA
NC_045512.2	15261	T	C	11344	8339	51	2	1	36	0.000176274	11346	0.998295	FALSE	NA	NA	NA	NA	NA	NA
NC_045512.2	15262	G	T	10853	7917	51	1	1	34	9.21319e-05	10854	0.999513	FALSE	NA	NA	NA	NA	NA	NA
NC_045512.2	15263	A	G	10877	7940	51	1	0	68	9.19287e-05	10878	0.5	FALSE	NA	NA	NA	NA	NA	NA
NC_045512.2	15266	T	A	10917	7987	50	1	1	60	9.15919e-05	10918	0.5	FALSE	NA	NA	NA	NA	NA	NA
NC_045512.2	15269	A	G	10786	8002	47	4	3	42	0.000370714	10790	0.187471	FALSE	NA	NA	NA	NA	NA	NA
NC_045512.2	15270	A	T	10817	8010	51	1	1	34	9.24385e-05	10818	0.999513	FALSE	NA	NA	NA	NA	NA	NA
NC_045512.2	15274	C	A	10699	8028	50	2	1	34	0.000186898	10701	0.996834	FALSE	NA	NA	NA	NA	NA	NA
NC_045512.2	15275	C	T	10660	8369	47	1	1	34	9.3791e-05	10662	0.999513	FALSE	NA	NA	NA	NA	NA	NA
NC_045512.2	15275	C	A	10660	8369	47	1	0	24	9.3791e-05	10662	1	FALSE	NA	NA	NA	NA	NA	NA
NC_045512.2	15276	T	C	10476	8183	47	1	1	34	9.54198e-05	10480	0.999512	FALSE	NA	NA	NA	NA	NA	NA
NC_045512.2	15276	T	A	10476	8183	47	3	2	28	0.00028626	10480	1	FALSE	NA	NA	NA	NA	NA	NA
NC_045512.2	15277	C	G	10521	8231	48	1	1	26	9.5039e-05	10522	1	FALSE	NA	NA	NA	NA	NA	NA
NC_045512.2	15278	A	G	10497	8251	47	1	0	68	9.52562e-05	10498	0.500024	FALSE	NA	NA	NA	NA	NA	NA
NC_045512.2	15279	C	T	10639	8501	46	3	3	31	0.000281902	10642	0.988794	FALSE	NA	NA	NA	NA	NA	NA
NC_045512.2	15281	T	C	10426	8377	47	1	1	34	9.59049e-05	10427	0.999513	FALSE	NA	NA	NA	NA	NA	NA
NC_045512.2	15282	T	C	10192	8155	46	1	1	34	9.80969e-05	10194	0.999513	FALSE	NA	NA	NA	NA	NA	NA
NC_045512.2	15282	T	A	10192	8155	46	1	1	34	9.80969e-05	10194	0.999513	FALSE	NA	NA	NA	NA	NA	NA
NC_045512.2	15284	T	C	10144	8300	45	2	2	34	0.000197122	10146	0.996835	FALSE	NA	NA	NA	NA	NA	NA
NC_045512.2	15285	G	C	10208	8368	45	1	1	34	9.79528e-05	10209	0.999513	FALSE	NA	NA	NA	NA	NA	NA
NC_045512.2	15286	G	T	10127	8290	45	5	5	32	0.000493437	10133	0.940833	FALSE	NA	NA	NA	NA	NA	NA
NC_045512.2	15286	G	A	10127	8290	45	1	1	34	9.86875e-05	10133	0.999512	FALSE	NA	NA	NA	NA	NA	NA
NC_045512.2	15290	G	C	8811	7133	46	1	1	34	0.000113482	8812	0.998052	FALSE	NA	NA	NA	NA	NA	NA
NC_045512.2	15291	G	T	8806	7354	44	1	0	68	0.000113546	8807	0.500028	FALSE	NA	NA	NA	NA	NA	NA
NC_045512.2	15292	G	T	8853	7400	44	1	1	68	0.000112943	8854	0.500028	FALSE	NA	NA	NA	NA	NA	NA
NC_045512.2	15293	A	T	8812	7378	44	4	4	30	0.000453721	8816	0.927098	FALSE	NA	NA	NA	NA	NA	NA
NC_045512.2	15294	T	C	8760	7337	44	1	1	34	0.000114129	8762	0.998051	FALSE	NA	NA	NA	NA	NA	NA
NC_045512.2	15294	T	A	8760	7337	44	1	0	24	0.000114129	8762	1	FALSE	NA	NA	NA	NA	NA	NA
NC_045512.2	15295	T	C	8414	7003	44	16	13	43	0.00189776	8431	1.51505e-05	TRUE	NA	NA	NA	NA	NA	NA
NC_045512.2	15295	T	A	8414	7003	44	1	1	34	0.00011861	8431	0.998035	FALSE	NA	NA	NA	NA	NA	NA
NC_045512.2	15297	T	A	8481	7080	44	1	0	26	0.000117897	8482	1	FALSE	NA	NA	NA	NA	NA	NA
NC_045512.2	15298	C	T	8389	6993	44	1	1	34	0.00011919	8390	0.998052	FALSE	NA	NA	NA	NA	NA	NA
NC_045512.2	15300	T	C	7865	6499	44	2	2	34	0.000254227	7867	0.980504	FALSE	NA	NA	NA	NA	NA	NA
NC_045512.2	15301	A	G	7913	6548	45	1	0	68	0.000126358	7914	0.500032	FALSE	NA	NA	NA	NA	NA	NA
NC_045512.2	15302	A	T	7898	6524	44	2	2	30	0.000253165	7900	0.980504	FALSE	NA	NA	NA	NA	NA	NA
NC_045512.2	15303	A	T	7926	6570	44	1	1	34	0.000126135	7928	0.996101	FALSE	NA	NA	NA	NA	NA	NA
NC_045512.2	15303	A	C	7926	6570	44	1	1	34	0.000126135	7928	0.996101	FALSE	NA	NA	NA	NA	NA	NA
NC_045512.2	15304	T	C	7945	6582	45	1	1	68	0.000125849	7946	0.500031	FALSE	NA	NA	NA	NA	NA	NA
NC_045512.2	15305	G	A	7896	6535	45	1	1	34	0.00012663	7897	0.996103	FALSE	NA	NA	NA	NA	NA	NA
NC_045512.2	15308	A	G	7353	6023	45	1	1	24	0.00013598	7354	1	FALSE	NA	NA	NA	NA	NA	NA
NC_045512.2	15309	T	A	7161	5829	45	1	1	26	0.000139626	7162	1	FALSE	NA	NA	NA	NA	NA	NA
NC_045512.2	15310	A	T	7286	5965	45	1	1	34	0.000137231	7287	0.996103	FALSE	NA	NA	NA	NA	NA	NA
NC_045512.2	15311	G	T	7214	5885	45	1	1	34	0.0001386	7215	0.996103	FALSE	NA	NA	NA	NA	NA	NA
NC_045512.2	15312	A	T	7153	5847	43	1	0	26	0.000139782	7154	1	FALSE	NA	NA	NA	NA	NA	NA
NC_045512.2	15313	G	C	7005	5689	45	1	0	20	0.000142735	7006	1	FALSE	NA	NA	NA	NA	NA	NA
NC_045512.2	15316	A	T	6893	5593	46	1	1	24	0.000145033	6895	1	FALSE	NA	NA	NA	NA	NA	NA
NC_045512.2	15316	A	G	6893	5593	46	1	1	34	0.000145033	6895	0.992199	FALSE	NA	NA	NA	NA	NA	NA
NC_045512.2	15318	G	A	6868	5574	46	2	2	34	0.000291121	6870	0.964899	FALSE	NA	NA	NA	NA	NA	NA
NC_045512.2	15319	C	T	6861	5572	46	1	0	46	0.000145709	6863	0.5	FALSE	NA	NA	NA	NA	NA	NA
NC_045512.2	15319	C	G	6861	5572	46	1	1	26	0.000145709	6863	1	FALSE	NA	NA	NA	NA	NA	NA
NC_045512.2	15321	T	C	6695	5440	46	1	1	34	0.000149343	6696	0.992204	FALSE	NA	NA	NA	NA	NA	NA
NC_045512.2	15322	A	G	6502	5252	46	1	1	34	0.000153775	6503	0.992204	FALSE	NA	NA	NA	NA	NA	NA
NC_045512.2	15323	A	G	6543	5319	45	1	1	34	0.000152812	6544	0.992204	FALSE	NA	NA	NA	NA	NA	NA
NC_045512.2	15325	A	T	6501	5289	45	1	1	34	0.000153752	6504	0.992196	FALSE	NA	NA	NA	NA	NA	NA
NC_045512.2	15325	A	C	6501	5289	45	2	1	30	0.000307503	6504	0.964886	FALSE	NA	NA	NA	NA	NA	NA
NC_045512.2	15327	G	A	6201	5010	46	1	1	34	0.000161238	6202	0.992205	FALSE	NA	NA	NA	NA	NA	NA
NC_045512.2	15330	T	A	6161	4988	46	1	0	27	0.000162285	6162	1	FALSE	NA	NA	NA	NA	NA	NA
NC_045512.2	15334	A	T	6132	5075	45	4	4	28	0.000651784	6137	1	FALSE	NA	NA	NA	NA	NA	NA
NC_045512.2	15334	A	G	6132	5075	45	1	1	34	0.000162946	6137	0.992188	FALSE	NA	NA	NA	NA	NA	NA
NC_045512.2	15339	G	C	5715	4771	44	1	1	34	0.000174948	5716	0.984404	FALSE	NA	NA	NA	NA	NA	NA
NC_045512.2	15341	C	T	5396	4529	44	1	1	34	0.000185288	5397	0.984405	FALSE	NA	NA	NA	NA	NA	NA
NC_045512.2	15346	C	T	5199	4472	42	1	1	68	0.000192308	5200	0.500048	FALSE	NA	NA	NA	NA	NA	NA
NC_045512.2	15347	T	C	5226	4495	43	3	3	35	0.000573723	5229	0.855626	FALSE	NA	NA	NA	NA	NA	NA
NC_045512.2	15350	T	C	5044	4384	42	1	1	34	0.000198216	5045	0.984408	FALSE	NA	NA	NA	NA	NA	NA
NC_045512.2	15351	T	C	4647	3987	41	2	2	34	0.0004302	4649	0.890751	FALSE	NA	NA	NA	NA	NA	NA
NC_045512.2	15359	G	A	4353	3755	42	2	2	34	0.000459242	4355	0.89076	FALSE	NA	NA	NA	NA	NA	NA
NC_045512.2	15360	C	A	4368	3778	42	1	1	68	0.000228885	4369	0.500057	FALSE	NA	NA	NA	NA	NA	NA
NC_045512.2	15363	A	G	4348	3792	39	1	1	34	0.000229938	4349	0.968804	FALSE	NA	NA	NA	NA	NA	NA
NC_045512.2	15364	C	T	4344	3800	41	1	1	68	0.00023015	4345	0.500058	FALSE	NA	NA	NA	NA	NA	NA
NC_045512.2	15369	A	G	3916	3408	42	1	1	34	0.000255297	3917	0.93758	FALSE	NA	NA	NA	NA	NA	NA
NC_045512.2	15371	C	T	3830	3430	40	2	2	51	0.000521921	3832	0.250033	FALSE	NA	NA	NA	NA	NA	NA
NC_045512.2	15379	A	T	2915	2613	40	2	2	26	0.000685636	2917	1	FALSE	NA	NA	NA	NA	NA	NA
NC_045512.2	16024	T	C	1188	175	33	1	0	34	0.000841043	1189	0.750316	FALSE	NA	NA	NA	NA	NA	NA
NC_045512.2	16036	G	A	1637	268	37	1	1	68	0.000610501	1638	0.500153	FALSE	NA	NA	NA	NA	NA	NA
NC_045512.2	16038	T	A	1691	274	37	1	0	34	0.000591017	1692	0.750222	FALSE	NA	NA	NA	NA	NA	NA
NC_045512.2	16046	T	C	1802	307	38	2	1	34	0.00110865	1804	0.500208	FALSE	NA	NA	NA	NA	NA	NA
NC_045512.2	16057	C	A	1913	331	38	1	0	34	0.000522466	1914	0.750196	FALSE	NA	NA	NA	NA	NA	NA
NC_045512.2	16058	C	A	1932	336	38	2	0	34	0.00103413	1934	0.500194	FALSE	NA	NA	NA	NA	NA	NA
NC_045512.2	16059	T	G	1942	332	38	2	0	34	0.00102881	1944	0.500193	FALSE	NA	NA	NA	NA	NA	NA
NC_045512.2	16065	G	T	2483	364	38	1	1	34	0.000402576	2484	0.875151	FALSE	NA	NA	NA	NA	NA	NA
NC_045512.2	16071	T	C	2694	548	42	1	0	34	0.00037092	2696	0.87507	FALSE	NA	NA	NA	NA	NA	NA
NC_045512.2	16071	T	A	2694	548	42	1	0	34	0.00037092	2696	0.87507	FALSE	NA	NA	NA	NA	NA	NA
NC_045512.2	16072	G	A	2691	540	42	1	1	68	0.000371471	2692	0.500093	FALSE	NA	NA	NA	NA	NA	NA
NC_045512.2	16075	G	C	2704	549	42	1	1	34	0.000369686	2705	0.875139	FALSE	NA	NA	NA	NA	NA	NA
NC_045512.2	16079	T	G	2627	524	40	1	0	34	0.000380518	2628	0.875143	FALSE	NA	NA	NA	NA	NA	NA
NC_045512.2	16080	C	-T	2732	610	43	1	0	20	0.000366032	2732	1	FALSE	NA	NA	NA	NA	NA	NA
NC_045512.2	16082	T	A	2747	619	44	1	1	34	0.000363901	2748	0.875136	FALSE	NA	NA	NA	NA	NA	NA
NC_045512.2	16085	A	G	2858	665	44	1	0	34	0.000349773	2859	0.875131	FALSE	NA	NA	NA	NA	NA	NA
NC_045512.2	16087	T	A	2872	781	47	1	1	34	0.000348068	2873	0.875131	FALSE	NA	NA	NA	NA	NA	NA
NC_045512.2	16090	T	-ACTTACA	2883	828	48	1	0	20	0.000346861	2883	1	FALSE	NA	NA	NA	NA	NA	NA
NC_045512.2	16092	C	A	2884	829	48	1	1	24	0.00034662	2885	1	FALSE	NA	NA	NA	NA	NA	NA
NC_045512.2	16095	A	G	2885	832	48	1	0	68	0.0003465	2886	0.5	FALSE	NA	NA	NA	NA	NA	NA
NC_045512.2	16098	A	G	3007	930	50	1	0	34	0.000332447	3008	0.937604	FALSE	NA	NA	NA	NA	NA	NA
NC_045512.2	16099	T	G	3013	932	50	1	0	34	0.000331675	3015	0.937562	FALSE	NA	NA	NA	NA	NA	NA
NC_045512.2	16099	T	A	3013	932	50	1	0	34	0.000331675	3015	0.937562	FALSE	NA	NA	NA	NA	NA	NA
NC_045512.2	16100	A	T	3001	941	49	2	0	26	0.000666001	3003	1	FALSE	NA	NA	NA	NA	NA	NA
NC_045512.2	16111	C	G	3173	1000	50	1	0	27	0.00031506	3174	1	FALSE	NA	NA	NA	NA	NA	NA
NC_045512.2	16113	A	G	3181	997	50	1	0	38	0.000314268	3182	0.937598	FALSE	NA	NA	NA	NA	NA	NA
NC_045512.2	16115	A	G	3234	1010	50	1	1	24	0.000309119	3235	1	FALSE	NA	NA	NA	NA	NA	NA
NC_045512.2	16118	A	G	3204	1012	50	2	1	47	0.00062383	3206	0.250039	FALSE	NA	NA	NA	NA	NA	NA
NC_045512.2	16121	A	C	3252	1013	50	1	1	26	0.000307409	3253	1	FALSE	NA	NA	NA	NA	NA	NA
NC_045512.2	16123	T	C	3247	950	46	1	1	24	0.000307882	3248	1	FALSE	NA	NA	NA	NA	NA	NA
NC_045512.2	16125	A	C	3330	1028	50	1	1	34	0.00030021	3331	0.937594	FALSE	NA	NA	NA	NA	NA	NA
NC_045512.2	16130	G	C	3380	1036	50	1	1	34	0.00029577	3381	0.937592	FALSE	NA	NA	NA	NA	NA	NA
NC_045512.2	16131	A	G	3405	1055	51	1	0	24	0.0002936	3406	1	FALSE	NA	NA	NA	NA	NA	NA
NC_045512.2	16135	A	G	3476	1081	51	1	0	27	0.000287522	3478	1	FALSE	NA	NA	NA	NA	NA	NA
NC_045512.2	16135	A	C	3476	1081	51	1	1	26	0.000287522	3478	1	FALSE	NA	NA	NA	NA	NA	NA
NC_045512.2	16137	G	T	3561	1103	51	1	1	68	0.000280741	3562	0.50007	FALSE	NA	NA	NA	NA	NA	NA
NC_045512.2	16138	T	C	3496	1084	49	1	1	60	0.000285959	3497	0.500072	FALSE	NA	NA	NA	NA	NA	NA
NC_045512.2	16140	A	C	3474	1130	51	1	1	26	0.00028777	3475	1	FALSE	NA	NA	NA	NA	NA	NA
NC_045512.2	16142	A	G	3468	1139	51	1	0	34	0.000288268	3469	0.93759	FALSE	NA	NA	NA	NA	NA	NA
NC_045512.2	16143	C	T	3612	1131	51	1	0	68	0.000276778	3613	0.500069	FALSE	NA	NA	NA	NA	NA	NA
NC_045512.2	16144	A	T	3532	1144	51	1	0	20	0.000282965	3534	1	FALSE	NA	NA	NA	NA	NA	NA
NC_045512.2	16144	A	C	3532	1144	51	1	1	26	0.000282965	3534	1	FALSE	NA	NA	NA	NA	NA	NA
NC_045512.2	16147	T	A	3638	1126	51	1	0	26	0.000274801	3639	1	FALSE	NA	NA	NA	NA	NA	NA
NC_045512.2	16149	T	A	3689	1155	52	1	0	26	0.000271003	3690	1	FALSE	NA	NA	NA	NA	NA	NA
NC_045512.2	16150	T	A	3644	1172	52	1	0	26	0.000274348	3645	1	FALSE	NA	NA	NA	NA	NA	NA
NC_045512.2	16152	T	A	3712	1239	49	1	0	26	0.000269324	3713	1	FALSE	NA	NA	NA	NA	NA	NA
NC_045512.2	16155	T	A	3689	1279	50	1	0	26	0.000271003	3690	1	FALSE	NA	NA	NA	NA	NA	NA
NC_045512.2	16159	C	G	3646	1320	50	1	0	26	0.000274198	3647	1	FALSE	NA	NA	NA	NA	NA	NA
NC_045512.2	16161	T	C	3601	1297	51	1	1	38	0.000277624	3602	0.937587	FALSE	NA	NA	NA	NA	NA	NA
NC_045512.2	16169	A	G	3640	1559	49	1	1	24	0.00027465	3641	1	FALSE	NA	NA	NA	NA	NA	NA
NC_045512.2	16170	T	C	3604	1527	48	1	1	34	0.000277393	3605	0.937587	FALSE	NA	NA	NA	NA	NA	NA
NC_045512.2	16171	A	G	3561	1579	48	1	0	34	0.000280741	3562	0.937588	FALSE	NA	NA	NA	NA	NA	NA
NC_045512.2	16176	T	C	3580	1478	46	1	1	34	0.000279252	3581	0.937587	FALSE	NA	NA	NA	NA	NA	NA
NC_045512.2	16177	T	C	3700	1619	48	2	1	51	0.000540103	3703	0.249966	FALSE	NA	NA	NA	NA	NA	NA
NC_045512.2	16177	T	A	3700	1619	48	1	0	34	0.000270051	3703	0.937517	FALSE	NA	NA	NA	NA	NA	NA
NC_045512.2	16180	A	G	3508	1666	46	1	1	34	0.000284981	3509	0.937589	FALSE	NA	NA	NA	NA	NA	NA
NC_045512.2	16181	G	C	3708	1656	48	2	2	34	0.000538938	3711	0.812584	FALSE	NA	NA	NA	NA	NA	NA
NC_045512.2	16181	G	A	3708	1656	48	1	0	34	0.000269469	3711	0.937517	FALSE	NA	NA	NA	NA	NA	NA
NC_045512.2	16183	T	A	3707	1691	47	1	1	26	0.000269687	3708	1	FALSE	NA	NA	NA	NA	NA	NA
NC_045512.2	16186	T	A	3727	1764	48	1	0	26	0.00026824	3728	1	FALSE	NA	NA	NA	NA	NA	NA
NC_045512.2	16207	G	T	3851	1918	47	1	1	34	0.000259471	3854	0.937516	FALSE	NA	NA	NA	NA	NA	NA
NC_045512.2	16207	G	A	3851	1918	47	2	1	34	0.000518941	3854	0.812581	FALSE	NA	NA	NA	NA	NA	NA
NC_045512.2	16209	T	C	3852	1926	47	1	1	27	0.000259538	3853	1	FALSE	NA	NA	NA	NA	NA	NA
NC_045512.2	16210	A	T	3956	2013	47	1	1	68	0.000252653	3958	0.5	FALSE	NA	NA	NA	NA	NA	NA
NC_045512.2	16210	A	G	3956	2013	47	1	1	34	0.000252653	3958	0.937547	FALSE	NA	NA	NA	NA	NA	NA
NC_045512.2	16211	T	C	3923	2070	45	1	1	26	0.000254842	3924	1	FALSE	NA	NA	NA	NA	NA	NA
NC_045512.2	16214	A	C	4021	2213	47	1	1	34	0.000248633	4022	0.968808	FALSE	NA	NA	NA	NA	NA	NA
NC_045512.2	16217	C	T	3765	2130	46	2	0	34	0.000530926	3767	0.812666	FALSE	NA	NA	NA	NA	NA	NA
NC_045512.2	16219	C	T	3742	2096	46	1	0	34	0.000267165	3743	0.937583	FALSE	NA	NA	NA	NA	NA	NA
NC_045512.2	16220	C	G	3632	2068	45	1	0	34	0.000275179	3634	0.937552	FALSE	NA	NA	NA	NA	NA	NA
NC_045512.2	16220	C	A	3632	2068	45	1	1	34	0.000275179	3634	0.937552	FALSE	NA	NA	NA	NA	NA	NA
NC_045512.2	16221	G	T	3660	2030	45	1	1	34	0.000273075	3662	0.937551	FALSE	NA	NA	NA	NA	NA	NA
NC_045512.2	16221	G	A	3660	2030	45	1	1	68	0.000273075	3662	0.5	FALSE	NA	NA	NA	NA	NA	NA
NC_045512.2	16225	A	G	3670	2029	45	1	1	34	0.000272405	3671	0.937585	FALSE	NA	NA	NA	NA	NA	NA
NC_045512.2	16231	T	A	3806	2149	47	1	0	20	0.000262674	3807	1	FALSE	NA	NA	NA	NA	NA	NA
NC_045512.2	16232	T	C	3855	2239	48	1	1	34	0.000259336	3856	0.937581	FALSE	NA	NA	NA	NA	NA	NA
NC_045512.2	16233	A	C	3861	2241	48	1	1	34	0.000258933	3862	0.937581	FALSE	NA	NA	NA	NA	NA	NA
NC_045512.2	16234	C	T	3846	2280	47	1	0	68	0.000259943	3847	0.500065	FALSE	NA	NA	NA	NA	NA	NA
NC_045512.2	16235	A	T	3769	2222	47	2	2	34	0.000530363	3771	0.812666	FALSE	NA	NA	NA	NA	NA	NA
NC_045512.2	16238	C	G	3561	1973	48	1	1	26	0.000280741	3562	1	FALSE	NA	NA	NA	NA	NA	NA
NC_045512.2	16241	T	G	3491	1857	47	1	1	26	0.000286369	3492	1	FALSE	NA	NA	NA	NA	NA	NA
NC_045512.2	16242	T	A	3580	1956	49	1	0	26	0.000279252	3581	1	FALSE	NA	NA	NA	NA	NA	NA
NC_045512.2	16243	G	T	3564	1938	49	1	0	38	0.000280505	3565	0.937588	FALSE	NA	NA	NA	NA	NA	NA
NC_045512.2	16245	G	T	3586	1949	49	1	1	34	0.000278784	3587	0.937587	FALSE	NA	NA	NA	NA	NA	NA
NC_045512.2	16246	G	C	3580	1948	49	1	1	27	0.000279252	3581	1	FALSE	NA	NA	NA	NA	NA	NA
NC_045512.2	16249	T	A	3529	2300	55	1	1	27	0.000283286	3530	1	FALSE	NA	NA	NA	NA	NA	NA
NC_045512.2	16251	T	A	3521	2323	55	1	1	27	0.00028393	3522	1	FALSE	NA	NA	NA	NA	NA	NA
NC_045512.2	16252	G	T	3502	2289	55	1	1	34	0.00028547	3503	0.937589	FALSE	NA	NA	NA	NA	NA	NA
NC_045512.2	16254	T	A	3310	2131	51	1	1	27	0.000302024	3311	1	FALSE	NA	NA	NA	NA	NA	NA
NC_045512.2	16256	T	G	3286	2109	52	2	2	27	0.000608273	3288	1	FALSE	NA	NA	NA	NA	NA	NA
NC_045512.2	16258	T	C	3445	2285	55	1	1	68	0.000290192	3446	0.500073	FALSE	NA	NA	NA	NA	NA	NA
NC_045512.2	16259	G	T	3408	2243	55	1	1	20	0.000293341	3409	1	FALSE	NA	NA	NA	NA	NA	NA
NC_045512.2	16260	C	T	3429	2293	55	2	0	64	0.00058292	3431	0.250036	FALSE	NA	NA	NA	NA	NA	NA
NC_045512.2	16264	T	A	3396	2254	54	1	0	20	0.000294377	3397	1	FALSE	NA	NA	NA	NA	NA	NA
NC_045512.2	16265	C	G	3415	2285	55	1	1	34	0.00029274	3416	0.937591	FALSE	NA	NA	NA	NA	NA	NA
NC_045512.2	16266	A	T	3415	2292	55	1	1	26	0.00029274	3416	1	FALSE	NA	NA	NA	NA	NA	NA
NC_045512.2	16270	A	T	3392	2271	55	2	1	30	0.000589102	3395	0.812592	FALSE	NA	NA	NA	NA	NA	NA
NC_045512.2	16270	A	G	3392	2271	55	1	1	34	0.000294551	3395	0.937518	FALSE	NA	NA	NA	NA	NA	NA
NC_045512.2	16272	T	C	3329	2241	53	1	0	68	0.0003003	3330	0.500075	FALSE	NA	NA	NA	NA	NA	NA
NC_045512.2	16273	T	A	3380	2285	54	2	2	34	0.000591366	3382	0.812685	FALSE	NA	NA	NA	NA	NA	NA
NC_045512.2	16279	A	G	3400	2329	52	1	1	68	0.000294031	3401	0.500074	FALSE	NA	NA	NA	NA	NA	NA
NC_045512.2	16284	T	C	3286	2252	54	1	1	34	0.000304229	3287	0.937595	FALSE	NA	NA	NA	NA	NA	NA
NC_045512.2	16285	G	T	3279	2268	53	1	1	34	0.000304785	3281	0.937557	FALSE	NA	NA	NA	NA	NA	NA
NC_045512.2	16285	G	C	3279	2268	53	1	1	26	0.000304785	3281	1	FALSE	NA	NA	NA	NA	NA	NA
NC_045512.2	16289	C	T	3144	2197	52	1	1	46	0.000317965	3145	0.50008	FALSE	NA	NA	NA	NA	NA	NA
NC_045512.2	16290	T	C	3150	2201	53	1	1	34	0.00031736	3151	0.937599	FALSE	NA	NA	NA	NA	NA	NA
NC_045512.2	16292	G	A	3124	2184	53	1	0	27	0.00032	3125	1	FALSE	NA	NA	NA	NA	NA	NA
NC_045512.2	16293	C	A	3126	2232	52	1	0	27	0.000319795	3127	1	FALSE	NA	NA	NA	NA	NA	NA
NC_045512.2	16294	A	C	3134	2235	52	1	1	34	0.000318979	3135	0.9376	FALSE	NA	NA	NA	NA	NA	NA
NC_045512.2	16301	G	A	3013	2197	51	1	1	34	0.000331785	3014	0.937604	FALSE	NA	NA	NA	NA	NA	NA
NC_045512.2	16302	A	G	3005	2247	49	1	1	34	0.000332668	3006	0.937604	FALSE	NA	NA	NA	NA	NA	NA
NC_045512.2	16304	C	A	2965	2227	49	1	1	26	0.000337154	2966	1	FALSE	NA	NA	NA	NA	NA	NA
NC_045512.2	16305	A	G	2911	2173	50	2	2	34	0.000686577	2913	0.687693	FALSE	NA	NA	NA	NA	NA	NA
NC_045512.2	16308	C	T	2892	2165	50	1	1	34	0.000345543	2894	0.875065	FALSE	NA	NA	NA	NA	NA	NA
NC_045512.2	16308	C	G	2892	2165	50	1	0	46	0.000345543	2894	0.5	FALSE	NA	NA	NA	NA	NA	NA
NC_045512.2	16311	A	T	2849	2127	50	1	1	26	0.000350877	2850	1	FALSE	NA	NA	NA	NA	NA	NA
NC_045512.2	16312	T	C	2797	2078	50	1	1	34	0.000357398	2798	0.875134	FALSE	NA	NA	NA	NA	NA	NA
NC_045512.2	16313	G	T	2782	2062	50	2	2	30	0.000718391	2784	0.687702	FALSE	NA	NA	NA	NA	NA	NA
NC_045512.2	16325	G	A	2519	1940	48	1	0	68	0.000396825	2520	0.500099	FALSE	NA	NA	NA	NA	NA	NA
NC_045512.2	16327	T	C	2525	1947	49	1	1	68	0.000395883	2526	0.500099	FALSE	NA	NA	NA	NA	NA	NA
NC_045512.2	16328	A	T	2519	1943	48	1	1	20	0.000396825	2520	1	FALSE	NA	NA	NA	NA	NA	NA
NC_045512.2	16329	C	T	2506	1931	48	1	1	34	0.000398883	2507	0.87515	FALSE	NA	NA	NA	NA	NA	NA
NC_045512.2	16330	G	A	2498	1927	48	1	1	34	0.00040016	2499	0.87515	FALSE	NA	NA	NA	NA	NA	NA
NC_045512.2	16332	C	T	2475	1946	48	1	1	26	0.000403877	2476	1	FALSE	NA	NA	NA	NA	NA	NA
NC_045512.2	16337	T	C	2280	1774	48	1	1	34	0.000438404	2281	0.875164	FALSE	NA	NA	NA	NA	NA	NA
NC_045512.2	16342	T	C	2234	1745	48	1	1	34	0.000447427	2235	0.875168	FALSE	NA	NA	NA	NA	NA	NA
NC_045512.2	16343	C	T	2216	1736	48	1	1	34	0.00045106	2217	0.875169	FALSE	NA	NA	NA	NA	NA	NA
NC_045512.2	16347	A	T	2058	1612	47	1	0	27	0.000485673	2059	1	FALSE	NA	NA	NA	NA	NA	NA
NC_045512.2	16350	A	G	2011	1567	48	1	1	68	0.000497018	2012	0.500124	FALSE	NA	NA	NA	NA	NA	NA
NC_045512.2	16363	T	C	1890	1611	43	1	1	26	0.000528821	1891	0.999998	FALSE	NA	NA	NA	NA	NA	NA
NC_045512.2	16364	T	G	1683	1422	44	1	1	68	0.000593824	1684	0.500149	FALSE	NA	NA	NA	NA	NA	NA
NC_045512.2	16365	G	T	1680	1419	44	1	1	34	0.000594884	1681	0.750223	FALSE	NA	NA	NA	NA	NA	NA
NC_045512.2	16366	T	C	1683	1421	44	1	1	34	0.000593824	1684	0.750223	FALSE	NA	NA	NA	NA	NA	NA
NC_045512.2	16369	G	T	1608	1381	43	1	1	34	0.000621504	1609	0.750233	FALSE	NA	NA	NA	NA	NA	NA
NC_045512.2	16370	T	C	1543	1315	43	2	2	34	0.0012945	1545	0.500243	FALSE	NA	NA	NA	NA	NA	NA
NC_045512.2	16373	A	C	1603	1403	42	1	0	26	0.000623441	1604	0.999993	FALSE	NA	NA	NA	NA	NA	NA
NC_045512.2	16377	G	A	1312	1153	42	1	1	34	0.000761615	1313	0.750286	FALSE	NA	NA	NA	NA	NA	NA
NC_045512.2	16383	T	C	1071	974	40	1	1	34	0.000932836	1072	0.75035	FALSE	NA	NA	NA	NA	NA	NA
NC_045512.2	16662	G	T	1651	188	36	1	1	27	0.000605327	1652	0.999993	FALSE	NA	NA	NA	NA	NA	NA
NC_045512.2	16666	A	T	1417	220	35	1	0	26	0.000705219	1418	0.999971	FALSE	NA	NA	NA	NA	NA	NA
NC_045512.2	16668	A	G	2754	296	37	1	0	34	0.000362976	2755	0.875136	FALSE	NA	NA	NA	NA	NA	NA
NC_045512.2	16670	T	A	2760	310	37	1	0	34	0.000362188	2761	0.875136	FALSE	NA	NA	NA	NA	NA	NA
NC_045512.2	16674	A	C	1736	340	35	1	0	26	0.000575705	1737	0.999996	FALSE	NA	NA	NA	NA	NA	NA
NC_045512.2	16677	G	A	4250	439	38	1	0	34	0.000235239	4251	0.968805	FALSE	NA	NA	NA	NA	NA	NA
NC_045512.2	16678	T	G	4264	437	38	1	0	26	0.000234082	4272	1	FALSE	NA	NA	NA	NA	NA	NA
NC_045512.2	16678	T	A	4264	437	38	7	0	32	0.00163858	4272	0.274282	FALSE	NA	NA	NA	NA	NA	NA
NC_045512.2	16681	T	C	4308	497	39	1	0	38	0.000232072	4309	0.968804	FALSE	NA	NA	NA	NA	NA	NA
NC_045512.2	16684	G	C	4397	638	41	1	1	68	0.000227376	4398	0.500057	FALSE	NA	NA	NA	NA	NA	NA
NC_045512.2	16686	T	G	4754	704	41	1	0	34	0.000210261	4756	0.968783	FALSE	NA	NA	NA	NA	NA	NA
NC_045512.2	16686	T	A	4754	704	41	1	0	27	0.000210261	4756	1	FALSE	NA	NA	NA	NA	NA	NA
NC_045512.2	16690	G	A	4937	734	41	1	0	26	0.000202511	4938	1	FALSE	NA	NA	NA	NA	NA	NA
NC_045512.2	16692	T	A	4995	778	42	1	0	34	0.00020016	4996	0.968797	FALSE	NA	NA	NA	NA	NA	NA
NC_045512.2	16693	A	T	5056	778	42	1	1	68	0.000197746	5057	0.500049	FALSE	NA	NA	NA	NA	NA	NA
NC_045512.2	16694	C	T	5039	801	42	1	0	34	0.000198413	5040	0.984408	FALSE	NA	NA	NA	NA	NA	NA
NC_045512.2	16695	T	C	5085	796	42	1	0	34	0.000196618	5086	0.984407	FALSE	NA	NA	NA	NA	NA	NA
NC_045512.2	16697	T	A	5170	807	41	1	0	34	0.000193386	5171	0.984407	FALSE	NA	NA	NA	NA	NA	NA
NC_045512.2	16700	G	A	5332	826	42	2	0	34	0.000374953	5334	0.937592	FALSE	NA	NA	NA	NA	NA	NA
NC_045512.2	16701	T	C	5333	834	42	1	0	34	0.000187477	5334	0.984406	FALSE	NA	NA	NA	NA	NA	NA
NC_045512.2	16703	A	G	5428	867	42	1	0	34	0.000184196	5429	0.984405	FALSE	NA	NA	NA	NA	NA	NA
NC_045512.2	16704	A	G	5231	863	41	1	0	24	0.000191131	5232	1	FALSE	NA	NA	NA	NA	NA	NA
NC_045512.2	16707	G	T	5573	947	43	1	1	68	0.000179372	5575	0.5	FALSE	NA	NA	NA	NA	NA	NA
NC_045512.2	16707	G	C	5573	947	43	1	0	34	0.000179372	5575	0.984396	FALSE	NA	NA	NA	NA	NA	NA
NC_045512.2	16708	C	T	5464	972	43	1	0	34	0.000182949	5466	0.984396	FALSE	NA	NA	NA	NA	NA	NA
NC_045512.2	16708	C	G	5464	972	43	1	0	26	0.000182949	5466	1	FALSE	NA	NA	NA	NA	NA	NA
NC_045512.2	16709	T	C	5617	975	42	1	0	34	0.000177999	5618	0.984404	FALSE	NA	NA	NA	NA	NA	NA
NC_045512.2	16711	T	C	5765	1020	42	1	0	34	0.00017343	5766	0.984403	FALSE	NA	NA	NA	NA	NA	NA
NC_045512.2	16714	G	A	5830	1042	43	1	1	34	0.000171497	5831	0.984403	FALSE	NA	NA	NA	NA	NA	NA
NC_045512.2	16715	A	G	5871	1034	43	1	0	26	0.0001703	5872	1	FALSE	NA	NA	NA	NA	NA	NA
NC_045512.2	16716	C	A	5842	1039	44	1	0	34	0.000171145	5843	0.984403	FALSE	NA	NA	NA	NA	NA	NA
NC_045512.2	16718	G	A	5892	1036	43	2	1	68	0.000339328	5894	0.250021	FALSE	NA	NA	NA	NA	NA	NA
NC_045512.2	16719	A	G	5800	1126	44	2	0	30	0.000344709	5802	0.937585	FALSE	NA	NA	NA	NA	NA	NA
NC_045512.2	16721	A	T	5630	1256	42	1	1	24	0.000177557	5632	1	FALSE	NA	NA	NA	NA	NA	NA
NC_045512.2	16721	A	G	5630	1256	42	1	1	46	0.000177557	5632	0.5	FALSE	NA	NA	NA	NA	NA	NA
NC_045512.2	16722	A	T	6451	1263	45	1	0	34	0.000154967	6453	0.9922	FALSE	NA	NA	NA	NA	NA	NA
NC_045512.2	16722	A	G	6451	1263	45	1	0	34	0.000154967	6453	0.9922	FALSE	NA	NA	NA	NA	NA	NA
NC_045512.2	16724	T	G	6405	1278	45	1	0	26	0.000156055	6408	1	FALSE	NA	NA	NA	NA	NA	NA
NC_045512.2	16724	T	C	6405	1278	45	1	0	34	0.000156055	6408	0.992196	FALSE	NA	NA	NA	NA	NA	NA
NC_045512.2	16724	T	A	6405	1278	45	1	0	26	0.000156055	6408	1	FALSE	NA	NA	NA	NA	NA	NA
NC_045512.2	16726	C	G	6309	1274	44	1	0	34	0.000158479	6310	0.992205	FALSE	NA	NA	NA	NA	NA	NA
NC_045512.2	16727	A	T	6321	1294	45	1	0	26	0.000158178	6322	1	FALSE	NA	NA	NA	NA	NA	NA
NC_045512.2	16728	T	A	6435	1275	44	1	1	34	0.000155376	6436	0.992204	FALSE	NA	NA	NA	NA	NA	NA
NC_045512.2	16729	C	G	6440	1283	45	1	0	26	0.000155255	6441	1	FALSE	NA	NA	NA	NA	NA	NA
NC_045512.2	16731	T	G	6473	1408	46	1	0	26	0.000154464	6474	1	FALSE	NA	NA	NA	NA	NA	NA
NC_045512.2	16732	T	G	6475	1480	47	1	0	34	0.000154416	6476	0.992204	FALSE	NA	NA	NA	NA	NA	NA
NC_045512.2	16733	C	G	6531	1501	47	1	0	34	0.000153092	6532	0.992204	FALSE	NA	NA	NA	NA	NA	NA
NC_045512.2	16734	A	G	6262	1514	46	2	0	51	0.000319285	6264	0.25002	FALSE	NA	NA	NA	NA	NA	NA
NC_045512.2	16735	T	G	6536	1517	47	1	0	34	0.000152975	6537	0.992204	FALSE	NA	NA	NA	NA	NA	NA
NC_045512.2	16736	G	A	6539	1523	47	1	0	34	0.000152905	6540	0.992204	FALSE	NA	NA	NA	NA	NA	NA
NC_045512.2	16737	G	C	6552	1511	47	1	1	38	0.000152602	6553	0.992204	FALSE	NA	NA	NA	NA	NA	NA
NC_045512.2	16738	G	A	6543	1522	47	1	0	34	0.000152812	6544	0.992204	FALSE	NA	NA	NA	NA	NA	NA
NC_045512.2	16739	A	G	6597	1513	47	1	1	24	0.000151561	6598	1	FALSE	NA	NA	NA	NA	NA	NA
NC_045512.2	16743	T	C	6590	1525	47	2	0	34	0.000303398	6592	0.964902	FALSE	NA	NA	NA	NA	NA	NA
NC_045512.2	16743	T	-G	6590	1525	47	1	0	20	0.000151699	6592	1	FALSE	NA	NA	NA	NA	NA	NA
NC_045512.2	16744	G	A	6872	1528	46	1	0	34	0.000145497	6873	0.992199	FALSE	NA	NA	NA	NA	NA	NA
NC_045512.2	16745	G	A	6871	1534	47	2	0	30	0.000290994	6873	0.964899	FALSE	NA	NA	NA	NA	NA	NA
NC_045512.2	16746	T	G	6869	1541	47	1	0	34	0.00014556	6870	0.992203	FALSE	NA	NA	NA	NA	NA	NA
NC_045512.2	16749	A	G	6104	1689	44	1	1	68	0.00016372	6108	0.499918	FALSE	NA	NA	NA	NA	NA	NA
NC_045512.2	16749	A	C	6104	1689	44	3	0	31	0.000491159	6108	0.910237	FALSE	NA	NA	NA	NA	NA	NA
NC_045512.2	16750	C	T	7488	1690	47	1	1	68	0.000133494	7491	0.499967	FALSE	NA	NA	NA	NA	NA	NA
NC_045512.2	16750	C	A	7488	1690	47	2	0	34	0.000266987	7491	0.980497	FALSE	NA	NA	NA	NA	NA	NA
NC_045512.2	16754	G	T	7673	1689	46	1	1	27	0.000130293	7675	1	FALSE	NA	NA	NA	NA	NA	NA
NC_045512.2	16754	G	C	7673	1689	46	1	1	27	0.000130293	7675	1	FALSE	NA	NA	NA	NA	NA	NA
NC_045512.2	16757	C	T	7551	1696	47	1	1	68	0.000132415	7552	0.500033	FALSE	NA	NA	NA	NA	NA	NA
NC_045512.2	16758	A	T	7576	1674	47	1	0	34	0.000131978	7577	0.996103	FALSE	NA	NA	NA	NA	NA	NA
NC_045512.2	16759	C	G	7717	1676	47	1	0	26	0.000129567	7718	1	FALSE	NA	NA	NA	NA	NA	NA
NC_045512.2	16761	A	G	7688	1702	47	5	2	43	0.000649857	7694	0.0312297	FALSE	NA	NA	NA	NA	NA	NA
NC_045512.2	16761	A	C	7688	1702	47	1	0	34	0.000129971	7694	0.996093	FALSE	NA	NA	NA	NA	NA	NA
NC_045512.2	16762	C	T	7729	1700	47	1	0	34	0.000129366	7730	0.996103	FALSE	NA	NA	NA	NA	NA	NA
NC_045512.2	16763	T	G	7676	1669	45	1	0	34	0.000130259	7677	0.996103	FALSE	NA	NA	NA	NA	NA	NA
NC_045512.2	16766	A	C	7302	1760	46	1	0	34	0.00013693	7303	0.996103	FALSE	NA	NA	NA	NA	NA	NA
NC_045512.2	16767	C	T	7677	1753	47	3	1	56	0.000390574	7681	0.124976	FALSE	NA	NA	NA	NA	NA	NA
NC_045512.2	16767	C	A	7677	1753	47	1	0	27	0.000130191	7681	1	FALSE	NA	NA	NA	NA	NA	NA
NC_045512.2	16769	G	A	7677	1734	47	2	2	68	0.000260451	7679	0.250016	FALSE	NA	NA	NA	NA	NA	NA
NC_045512.2	16773	T	A	7798	1782	48	1	0	34	0.000128222	7799	0.996103	FALSE	NA	NA	NA	NA	NA	NA
NC_045512.2	16774	T	C	7697	1775	47	3	1	45	0.00038961	7700	0.125	FALSE	NA	NA	NA	NA	NA	NA
NC_045512.2	16778	T	A	7773	1839	47	3	2	28	0.000385802	7776	1	FALSE	NA	NA	NA	NA	NA	NA
NC_045512.2	16779	C	G	7985	1859	48	1	0	34	0.000125219	7986	0.996103	FALSE	NA	NA	NA	NA	NA	NA
NC_045512.2	16780	T	C	7971	1887	47	2	1	34	0.000250847	7973	0.980504	FALSE	NA	NA	NA	NA	NA	NA
NC_045512.2	16782	T	A	7968	2058	49	1	1	24	0.000125486	7969	1	FALSE	NA	NA	NA	NA	NA	NA
NC_045512.2	16783	A	T	8028	2056	49	1	0	26	0.000124549	8029	1	FALSE	NA	NA	NA	NA	NA	NA
NC_045512.2	16784	C	T	7968	2067	49	1	0	34	0.000125486	7969	0.996103	FALSE	NA	NA	NA	NA	NA	NA
NC_045512.2	16785	T	G	8007	2064	50	1	0	34	0.00012486	8009	0.998051	FALSE	NA	NA	NA	NA	NA	NA
NC_045512.2	16785	T	C	8007	2064	50	1	1	68	0.00012486	8009	0.5	FALSE	NA	NA	NA	NA	NA	NA
NC_045512.2	16786	G	T	8137	2055	49	6	5	33	0.000736829	8143	0.788194	FALSE	NA	NA	NA	NA	NA	NA
NC_045512.2	16790	A	T	8054	2432	52	1	0	34	0.000124146	8055	0.998052	FALSE	NA	NA	NA	NA	NA	NA
NC_045512.2	16791	T	C	8110	2433	52	1	0	34	0.000123289	8111	0.998052	FALSE	NA	NA	NA	NA	NA	NA
NC_045512.2	16792	C	T	8076	2453	51	1	0	34	0.000123793	8078	0.998051	FALSE	NA	NA	NA	NA	NA	NA
NC_045512.2	16792	C	G	8076	2453	51	1	0	34	0.000123793	8078	0.998051	FALSE	NA	NA	NA	NA	NA	NA
NC_045512.2	16793	G	C	8114	2438	51	1	0	34	0.000123183	8118	0.998049	FALSE	NA	NA	NA	NA	NA	NA
NC_045512.2	16793	G	A	8114	2438	51	3	0	31	0.000369549	8118	0.96733	FALSE	NA	NA	NA	NA	NA	NA
NC_045512.2	16794	T	C	8106	2503	52	1	0	34	0.00012335	8107	0.998052	FALSE	NA	NA	NA	NA	NA	NA
NC_045512.2	16796	T	C	8041	2492	52	1	0	34	0.000124332	8043	0.998051	FALSE	NA	NA	NA	NA	NA	NA
NC_045512.2	16796	T	A	8041	2492	52	1	1	34	0.000124332	8043	0.998051	FALSE	NA	NA	NA	NA	NA	NA
NC_045512.2	16797	A	T	7988	2538	52	1	0	34	0.000125172	7989	0.996103	FALSE	NA	NA	NA	NA	NA	NA
NC_045512.2	16798	A	T	8161	2640	51	2	1	30	0.000245008	8163	0.989282	FALSE	NA	NA	NA	NA	NA	NA
NC_045512.2	16799	C	T	8168	2670	51	1	1	34	0.000122369	8172	0.998049	FALSE	NA	NA	NA	NA	NA	NA
NC_045512.2	16799	C	G	8168	2670	51	1	0	34	0.000122369	8172	0.998049	FALSE	NA	NA	NA	NA	NA	NA
NC_045512.2	16799	C	A	8168	2670	51	2	0	30	0.000244738	8172	0.989271	FALSE	NA	NA	NA	NA	NA	NA
NC_045512.2	16800	T	C	8191	2681	51	1	0	34	0.00012207	8192	0.998052	FALSE	NA	NA	NA	NA	NA	NA
NC_045512.2	16800	T	-A	8191	2681	51	1	0	20	0.00012207	8192	1	FALSE	NA	NA	NA	NA	NA	NA
NC_045512.2	16801	A	T	8061	2705	51	2	0	30	0.000247954	8066	0.989261	FALSE	NA	NA	NA	NA	NA	NA
NC_045512.2	16801	A	G	8061	2705	51	3	0	34	0.000371932	8066	0.9673	FALSE	NA	NA	NA	NA	NA	NA
NC_045512.2	16803	A	G	8085	2806	50	1	1	68	0.000123671	8086	0.500031	FALSE	NA	NA	NA	NA	NA	NA
NC_045512.2	16804	A	G	8097	2975	51	2	0	34	0.000246914	8100	0.989277	FALSE	NA	NA	NA	NA	NA	NA
NC_045512.2	16804	A	C	8097	2975	51	1	1	24	0.000123457	8100	1	FALSE	NA	NA	NA	NA	NA	NA
NC_045512.2	16805	A	T	7348	3075	48	1	1	20	0.000136073	7349	1	FALSE	NA	NA	NA	NA	NA	NA
NC_045512.2	16806	C	T	8132	3100	51	1	1	27	0.000122941	8134	1	FALSE	NA	NA	NA	NA	NA	NA
NC_045512.2	16806	C	G	8132	3100	51	1	1	20	0.000122941	8134	1	FALSE	NA	NA	NA	NA	NA	NA
NC_045512.2	16808	G	A	8048	3075	50	1	0	34	0.000124239	8049	0.998052	FALSE	NA	NA	NA	NA	NA	NA
NC_045512.2	16809	T	C	8112	3311	51	1	1	68	0.000123259	8113	0.500031	FALSE	NA	NA	NA	NA	NA	NA
NC_045512.2	16810	A	T	8047	3336	51	1	0	27	0.000124254	8048	1	FALSE	NA	NA	NA	NA	NA	NA
NC_045512.2	16811	A	G	8112	3400	52	2	2	51	0.000246488	8114	0.250015	FALSE	NA	NA	NA	NA	NA	NA
NC_045512.2	16812	A	C	7033	3462	46	3	0	22	0.000426379	7036	1	FALSE	NA	NA	NA	NA	NA	NA
NC_045512.2	16813	G	A	8269	3409	51	1	1	68	0.000120919	8270	0.50003	FALSE	NA	NA	NA	NA	NA	NA
NC_045512.2	16814	T	C	8273	3441	52	1	1	68	0.000120831	8276	0.49997	FALSE	NA	NA	NA	NA	NA	NA
NC_045512.2	16814	T	A	8273	3441	52	2	1	34	0.000241663	8276	0.989276	FALSE	NA	NA	NA	NA	NA	NA
NC_045512.2	16816	C	G	8223	3435	52	1	1	38	0.000121595	8224	0.998052	FALSE	NA	NA	NA	NA	NA	NA
NC_045512.2	16817	A	G	8325	3364	51	1	0	34	0.000120106	8326	0.998052	FALSE	NA	NA	NA	NA	NA	NA
NC_045512.2	16819	A	T	7788	3829	46	1	1	34	0.000128386	7789	0.996103	FALSE	NA	NA	NA	NA	NA	NA
NC_045512.2	16820	T	A	8176	3818	49	1	1	24	0.000122294	8177	1	FALSE	NA	NA	NA	NA	NA	NA
NC_045512.2	16821	A	T	8062	3795	48	3	1	29	0.000371978	8065	1	FALSE	NA	NA	NA	NA	NA	NA
NC_045512.2	16822	G	A	8181	3738	49	1	1	60	0.00012222	8182	0.500031	FALSE	NA	NA	NA	NA	NA	NA
NC_045512.2	16826	A	G	8242	3871	48	1	0	34	0.000121315	8243	0.998052	FALSE	NA	NA	NA	NA	NA	NA
NC_045512.2	16827	G	T	8423	3857	48	1	1	26	0.000118708	8424	1	FALSE	NA	NA	NA	NA	NA	NA
NC_045512.2	16829	A	G	8178	4378	46	2	2	51	0.000244499	8180	0.250015	FALSE	NA	NA	NA	NA	NA	NA
NC_045512.2	16832	C	T	8336	4684	47	1	0	26	0.000119933	8338	1	FALSE	NA	NA	NA	NA	NA	NA
NC_045512.2	16832	C	G	8336	4684	47	1	1	34	0.000119933	8338	0.998051	FALSE	NA	NA	NA	NA	NA	NA
NC_045512.2	16833	C	G	8232	4726	47	1	0	27	0.000121462	8233	1	FALSE	NA	NA	NA	NA	NA	NA
NC_045512.2	16834	T	G	7310	3750	45	1	1	26	0.00013678	7311	1	FALSE	NA	NA	NA	NA	NA	NA
NC_045512.2	16835	T	G	7874	4322	47	1	1	20	0.000126968	7876	1	FALSE	NA	NA	NA	NA	NA	NA
NC_045512.2	16835	T	C	7874	4322	47	1	0	34	0.000126968	7876	0.996101	FALSE	NA	NA	NA	NA	NA	NA
NC_045512.2	16836	T	A	7806	4455	47	1	1	34	0.00012809	7807	0.996103	FALSE	NA	NA	NA	NA	NA	NA
NC_045512.2	16837	G	-A	7829	4494	47	4	0	20	0.000510921	7829	1	FALSE	NA	NA	NA	NA	NA	NA
NC_045512.2	16838	A	T	7842	4514	47	2	1	51	0.000254972	7844	0.249888	FALSE	NA	NA	NA	NA	NA	NA
NC_045512.2	16839	A	T	7846	4575	47	1	0	34	0.000127437	7847	0.996103	FALSE	NA	NA	NA	NA	NA	NA
NC_045512.2	16840	A	T	7838	4556	47	1	0	34	0.000127567	7839	0.996103	FALSE	NA	NA	NA	NA	NA	NA
NC_045512.2	16841	A	T	7737	4493	46	2	1	30	0.000258398	7740	0.980496	FALSE	NA	NA	NA	NA	NA	NA
NC_045512.2	16841	A	G	7737	4493	46	1	0	68	0.000129199	7740	0.499968	FALSE	NA	NA	NA	NA	NA	NA
NC_045512.2	16843	G	C	7757	4488	47	1	1	26	0.000128899	7758	1	FALSE	NA	NA	NA	NA	NA	NA
NC_045512.2	16844	G	C	7781	4582	46	1	1	34	0.000128502	7782	0.996103	FALSE	NA	NA	NA	NA	NA	NA
NC_045512.2	16845	T	C	7981	4996	48	1	1	34	0.000125266	7983	0.996101	FALSE	NA	NA	NA	NA	NA	NA
NC_045512.2	16845	T	A	7981	4996	48	1	1	34	0.000125266	7983	0.996101	FALSE	NA	NA	NA	NA	NA	NA
NC_045512.2	16846	G	T	8009	5003	48	1	1	34	0.000124844	8010	0.998052	FALSE	NA	NA	NA	NA	NA	NA
NC_045512.2	16847	A	T	7995	5102	48	3	1	31	0.000375094	7998	0.945389	FALSE	NA	NA	NA	NA	NA	NA
NC_045512.2	16849	T	A	8179	5286	48	1	0	27	0.000122249	8180	1	FALSE	NA	NA	NA	NA	NA	NA
NC_045512.2	16850	A	T	8088	5207	48	1	0	26	0.000123625	8089	1	FALSE	NA	NA	NA	NA	NA	NA
NC_045512.2	16854	T	A	8180	5440	49	2	1	30	0.000244439	8182	0.989282	FALSE	NA	NA	NA	NA	NA	NA
NC_045512.2	16855	G	T	8128	5405	49	2	2	34	0.000245912	8133	0.989266	FALSE	NA	NA	NA	NA	NA	NA
NC_045512.2	16855	G	C	8128	5405	49	2	2	34	0.000245912	8133	0.989266	FALSE	NA	NA	NA	NA	NA	NA
NC_045512.2	16855	G	A	8128	5405	49	1	0	68	0.000122956	8133	0.499908	FALSE	NA	NA	NA	NA	NA	NA
NC_045512.2	16856	A	T	8124	5444	49	3	2	28	0.000369094	8128	1	FALSE	NA	NA	NA	NA	NA	NA
NC_045512.2	16856	A	G	8124	5444	49	1	0	68	0.000123031	8128	0.499938	FALSE	NA	NA	NA	NA	NA	NA
NC_045512.2	16857	T	C	8037	5427	49	2	2	29	0.000248756	8040	1	FALSE	NA	NA	NA	NA	NA	NA
NC_045512.2	16857	T	A	8037	5427	49	1	1	34	0.000124378	8040	0.99805	FALSE	NA	NA	NA	NA	NA	NA
NC_045512.2	16858	G	C	8058	5468	49	1	1	26	0.000124085	8059	1	FALSE	NA	NA	NA	NA	NA	NA
NC_045512.2	16859	C	T	8025	5554	48	1	0	34	0.000124533	8030	0.998048	FALSE	NA	NA	NA	NA	NA	NA
NC_045512.2	16859	C	G	8025	5554	48	3	0	26	0.000373599	8030	1	FALSE	NA	NA	NA	NA	NA	NA
NC_045512.2	16859	C	A	8025	5554	48	1	0	34	0.000124533	8030	0.998048	FALSE	NA	NA	NA	NA	NA	NA
NC_045512.2	16859	C	-TGTTGTTT	8025	5554	48	1	0	20	0.000124533	8030	1	FALSE	NA	NA	NA	NA	NA	NA
NC_045512.2	16860	T	G	7912	5490	49	1	0	34	0.000126342	7915	0.996097	FALSE	NA	NA	NA	NA	NA	NA
NC_045512.2	16860	T	C	7912	5490	49	2	2	51	0.000252685	7915	0.249953	FALSE	NA	NA	NA	NA	NA	NA
NC_045512.2	16861	G	T	8112	5643	49	1	1	34	0.000123244	8114	0.99805	FALSE	NA	NA	NA	NA	NA	NA
NC_045512.2	16861	G	C	8112	5643	49	1	1	34	0.000123244	8114	0.99805	FALSE	NA	NA	NA	NA	NA	NA
NC_045512.2	16862	T	C	8212	5876	50	2	2	57	0.000243487	8214	0.249985	FALSE	NA	NA	NA	NA	NA	NA
NC_045512.2	16863	T	C	8206	5865	50	2	1	47	0.000243665	8208	0.249985	FALSE	NA	NA	NA	NA	NA	NA
NC_045512.2	16864	G	C	8205	5856	50	1	1	34	0.000121862	8206	0.998051	FALSE	NA	NA	NA	NA	NA	NA
NC_045512.2	16865	T	G	6607	4245	47	2	1	26	0.000302618	6609	1	FALSE	NA	NA	NA	NA	NA	NA
NC_045512.2	16868	A	T	8080	5809	50	5	4	27	0.000618353	8086	1	FALSE	NA	NA	NA	NA	NA	NA
NC_045512.2	16868	A	G	8080	5809	50	1	1	34	0.000123671	8086	0.998047	FALSE	NA	NA	NA	NA	NA	NA
NC_045512.2	16868	A	+CAACAAAC	8080	5809	50	1	0	20	0.000123671	8086	1	FALSE	NA	NA	NA	NA	NA	NA
NC_045512.2	16869	C	G	8081	5815	51	1	0	34	0.000123732	8082	0.998052	FALSE	NA	NA	NA	NA	NA	NA
NC_045512.2	16870	C	G	7891	5879	49	1	0	34	0.000126711	7892	0.996103	FALSE	NA	NA	NA	NA	NA	NA
NC_045512.2	16871	G	C	7881	5874	49	1	1	34	0.000126871	7882	0.996103	FALSE	NA	NA	NA	NA	NA	NA
NC_045512.2	16873	G	T	7775	5734	49	2	2	51	0.000257102	7779	0.249952	FALSE	NA	NA	NA	NA	NA	NA
NC_045512.2	16873	G	C	7775	5734	49	2	2	30	0.000257102	7779	0.980487	FALSE	NA	NA	NA	NA	NA	NA
NC_045512.2	16874	G	T	7964	5902	50	1	0	24	0.000125534	7966	1	FALSE	NA	NA	NA	NA	NA	NA
NC_045512.2	16874	G	C	7964	5902	50	1	1	34	0.000125534	7966	0.996101	FALSE	NA	NA	NA	NA	NA	NA
NC_045512.2	16875	T	G	7970	5916	49	1	0	26	0.000125455	7971	1	FALSE	NA	NA	NA	NA	NA	NA
NC_045512.2	16876	A	T	8006	5942	49	2	0	30	0.00024975	8008	0.989282	FALSE	NA	NA	NA	NA	NA	NA
NC_045512.2	16878	A	G	8016	5973	50	3	2	53	0.000374065	8020	0.124977	FALSE	NA	NA	NA	NA	NA	NA
NC_045512.2	16878	A	C	8016	5973	50	1	1	24	0.000124688	8020	1	FALSE	NA	NA	NA	NA	NA	NA
NC_045512.2	16881	A	T	7681	5668	49	1	1	34	0.000130174	7682	0.996103	FALSE	NA	NA	NA	NA	NA	NA
NC_045512.2	16882	A	G	7716	5701	50	1	1	34	0.000129584	7717	0.996103	FALSE	NA	NA	NA	NA	NA	NA
NC_045512.2	16883	C	G	7513	5540	50	1	0	34	0.000133085	7514	0.996103	FALSE	NA	NA	NA	NA	NA	NA
NC_045512.2	16884	T	C	7499	5521	50	1	1	68	0.000133333	7500	0.500033	FALSE	NA	NA	NA	NA	NA	NA
NC_045512.2	16887	C	T	7473	5503	50	1	1	68	0.000133797	7474	0.500033	FALSE	NA	NA	NA	NA	NA	NA
NC_045512.2	16888	A	G	7475	5512	50	2	0	68	0.000267487	7477	0.250017	FALSE	NA	NA	NA	NA	NA	NA
NC_045512.2	16889	A	G	7500	5517	50	1	1	68	0.000133316	7501	0.500033	FALSE	NA	NA	NA	NA	NA	NA
NC_045512.2	16890	A	G	7508	5558	46	1	1	26	0.000133174	7509	1	FALSE	NA	NA	NA	NA	NA	NA
NC_045512.2	16893	A	T	7500	5541	50	1	1	34	0.00013328	7503	0.996099	FALSE	NA	NA	NA	NA	NA	NA
NC_045512.2	16893	A	G	7500	5541	50	2	2	25	0.00026656	7503	1	FALSE	NA	NA	NA	NA	NA	NA
NC_045512.2	16898	T	G	6170	4351	47	1	1	34	0.000162048	6171	0.992205	FALSE	NA	NA	NA	NA	NA	NA
NC_045512.2	16901	G	C	7228	5701	47	1	1	34	0.000138332	7229	0.996103	FALSE	NA	NA	NA	NA	NA	NA
NC_045512.2	16902	T	C	7199	5672	47	4	4	30	0.000555324	7203	0.886853	FALSE	NA	NA	NA	NA	NA	NA
NC_045512.2	16903	G	C	7212	5681	47	1	1	26	0.000138639	7213	1	FALSE	NA	NA	NA	NA	NA	NA
NC_045512.2	16904	A	T	7171	5703	46	1	0	34	0.000139431	7172	0.996104	FALSE	NA	NA	NA	NA	NA	NA
NC_045512.2	16905	T	C	7154	5706	46	1	0	24	0.000139743	7156	1	FALSE	NA	NA	NA	NA	NA	NA
NC_045512.2	16905	T	A	7154	5706	46	1	1	34	0.000139743	7156	0.996101	FALSE	NA	NA	NA	NA	NA	NA
NC_045512.2	16906	T	A	7186	5732	46	1	1	34	0.00013914	7187	0.996104	FALSE	NA	NA	NA	NA	NA	NA
NC_045512.2	16907	A	T	7177	5752	46	1	0	24	0.000139315	7178	1	FALSE	NA	NA	NA	NA	NA	NA
NC_045512.2	16908	T	G	7192	5751	47	1	1	34	0.000138985	7195	0.996099	FALSE	NA	NA	NA	NA	NA	NA
NC_045512.2	16908	T	C	7192	5751	47	1	1	26	0.000138985	7195	1	FALSE	NA	NA	NA	NA	NA	NA
NC_045512.2	16908	T	A	7192	5751	47	1	1	27	0.000138985	7195	1	FALSE	NA	NA	NA	NA	NA	NA
NC_045512.2	16909	T	G	4835	3388	43	3	3	26	0.000619963	4839	1	FALSE	NA	NA	NA	NA	NA	NA
NC_045512.2	16909	T	A	4835	3388	43	1	1	34	0.000206654	4839	0.96875	FALSE	NA	NA	NA	NA	NA	NA
NC_045512.2	16911	T	C	7116	5754	45	3	1	56	0.000421348	7120	0.124974	FALSE	NA	NA	NA	NA	NA	NA
NC_045512.2	16911	T	A	7116	5754	45	1	1	34	0.000140449	7120	0.996097	FALSE	NA	NA	NA	NA	NA	NA
NC_045512.2	16911	T	-G	7116	5754	45	1	0	20	0.000140449	7120	1	FALSE	NA	NA	NA	NA	NA	NA
NC_045512.2	16913	T	A	7084	5721	46	1	1	34	0.000141143	7085	0.996104	FALSE	NA	NA	NA	NA	NA	NA
NC_045512.2	16914	G	T	7077	5715	46	1	1	27	0.000141263	7079	1	FALSE	NA	NA	NA	NA	NA	NA
NC_045512.2	16914	G	C	7077	5715	46	1	1	27	0.000141263	7079	1	FALSE	NA	NA	NA	NA	NA	NA
NC_045512.2	16915	C	G	7095	5746	45	1	1	68	0.000140905	7097	0.5	FALSE	NA	NA	NA	NA	NA	NA
NC_045512.2	16915	C	A	7095	5746	45	1	1	34	0.000140905	7097	0.996101	FALSE	NA	NA	NA	NA	NA	NA
NC_045512.2	16916	T	C	6918	5574	46	1	1	34	0.000144509	6920	0.992199	FALSE	NA	NA	NA	NA	NA	NA
NC_045512.2	16916	T	A	6918	5574	46	1	1	34	0.000144509	6920	0.992199	FALSE	NA	NA	NA	NA	NA	NA
NC_045512.2	16917	G	C	6964	5622	46	1	1	27	0.000143575	6965	1	FALSE	NA	NA	NA	NA	NA	NA
NC_045512.2	16918	A	T	6968	5625	46	1	0	34	0.000143493	6969	0.992203	FALSE	NA	NA	NA	NA	NA	NA
NC_045512.2	16919	C	G	6962	5623	46	1	0	34	0.000143616	6963	0.992203	FALSE	NA	NA	NA	NA	NA	NA
NC_045512.2	16920	A	T	6966	5645	45	1	0	34	0.000143513	6968	0.992199	FALSE	NA	NA	NA	NA	NA	NA
NC_045512.2	16920	A	G	6966	5645	45	1	1	34	0.000143513	6968	0.992199	FALSE	NA	NA	NA	NA	NA	NA
NC_045512.2	16923	A	T	6896	5608	46	1	1	24	0.000144991	6897	1	FALSE	NA	NA	NA	NA	NA	NA
NC_045512.2	16924	C	T	6894	5607	46	1	0	68	0.000145033	6895	0.500036	FALSE	NA	NA	NA	NA	NA	NA
NC_045512.2	16927	A	G	6797	5530	45	3	2	54	0.000441176	6800	0.125	FALSE	NA	NA	NA	NA	NA	NA
NC_045512.2	16930	G	T	6701	5523	45	2	2	51	0.000298329	6704	0.249981	FALSE	NA	NA	NA	NA	NA	NA
NC_045512.2	16930	G	C	6701	5523	45	1	1	34	0.000149165	6704	0.992196	FALSE	NA	NA	NA	NA	NA	NA
NC_045512.2	16931	T	A	6400	5243	44	1	1	24	0.000156226	6401	1	FALSE	NA	NA	NA	NA	NA	NA
NC_045512.2	16934	T	C	6194	5070	45	2	2	40	0.000322789	6196	0.25002	FALSE	NA	NA	NA	NA	NA	NA
NC_045512.2	16935	G	T	6140	5025	45	2	2	34	0.000325521	6144	0.96487	FALSE	NA	NA	NA	NA	NA	NA
NC_045512.2	16935	G	C	6140	5025	45	1	1	34	0.00016276	6144	0.992192	FALSE	NA	NA	NA	NA	NA	NA
NC_045512.2	16935	G	A	6140	5025	45	1	0	46	0.00016276	6144	0.499919	FALSE	NA	NA	NA	NA	NA	NA
NC_045512.2	16936	C	T	6196	5133	44	1	1	34	0.000161368	6197	0.992205	FALSE	NA	NA	NA	NA	NA	NA
NC_045512.2	16937	C	G	5466	4481	45	2	1	40	0.000365764	5468	0.250023	FALSE	NA	NA	NA	NA	NA	NA
NC_045512.2	16939	T	C	5400	4412	45	1	1	34	0.000185151	5401	0.984405	FALSE	NA	NA	NA	NA	NA	NA
NC_045512.2	16943	G	A	5414	4437	45	2	2	29	0.000369276	5416	1	FALSE	NA	NA	NA	NA	NA	NA
NC_045512.2	16945	G	C	5154	4190	45	1	1	27	0.000193986	5155	1	FALSE	NA	NA	NA	NA	NA	NA
NC_045512.2	16949	C	A	5203	4333	44	3	3	34	0.000576258	5206	0.855626	FALSE	NA	NA	NA	NA	NA	NA
NC_045512.2	16950	T	C	5100	4238	44	2	1	44	0.000391926	5103	0.249975	FALSE	NA	NA	NA	NA	NA	NA
NC_045512.2	16950	T	A	5100	4238	44	1	1	26	0.000195963	5103	1	FALSE	NA	NA	NA	NA	NA	NA
NC_045512.2	16953	A	C	5071	4211	44	1	1	34	0.000197161	5072	0.984407	FALSE	NA	NA	NA	NA	NA	NA
NC_045512.2	16955	T	A	4565	3757	44	1	1	34	0.00021901	4566	0.968801	FALSE	NA	NA	NA	NA	NA	NA
NC_045512.2	16960	C	T	4228	3519	44	1	1	34	0.000236463	4229	0.968805	FALSE	NA	NA	NA	NA	NA	NA
NC_045512.2	16962	A	G	4063	3369	44	1	1	34	0.000246063	4064	0.968808	FALSE	NA	NA	NA	NA	NA	NA
NC_045512.2	16964	A	G	4046	3417	43	1	1	34	0.000247097	4047	0.968808	FALSE	NA	NA	NA	NA	NA	NA
NC_045512.2	16965	A	T	4016	3394	43	1	0	34	0.000248942	4017	0.968808	FALSE	NA	NA	NA	NA	NA	NA
NC_045512.2	16967	A	-GCACT	3939	3357	41	1	0	20	0.000253872	3939	1	FALSE	NA	NA	NA	NA	NA	NA
NC_045512.2	16976	T	C	3397	3051	39	1	1	34	0.000294291	3398	0.937592	FALSE	NA	NA	NA	NA	NA	NA
NC_045512.2	16979	G	T	3485	3177	39	1	1	26	0.000286862	3486	1	FALSE	NA	NA	NA	NA	NA	NA
NC_045512.2	16980	A	T	3433	3124	39	5	5	26	0.00145391	3439	1	FALSE	NA	NA	NA	NA	NA	NA
NC_045512.2	16980	A	G	3433	3124	39	1	1	34	0.000290782	3439	0.937409	FALSE	NA	NA	NA	NA	NA	NA
NC_045512.2	16983	T	C	2758	2516	39	1	1	34	0.00036245	2759	0.875136	FALSE	NA	NA	NA	NA	NA	NA
NC_045512.2	16994	A	T	2665	2449	38	3	3	34	0.00112402	2669	0.5	FALSE	NA	NA	NA	NA	NA	NA
NC_045512.2	16994	A	C	2665	2449	38	1	1	34	0.000374672	2669	0.87493	FALSE	NA	NA	NA	NA	NA	NA
NC_045512.2	16995	C	T	2635	2422	39	1	1	34	0.000379363	2636	0.875142	FALSE	NA	NA	NA	NA	NA	NA
NC_045512.2	16996	C	T	1838	1692	39	2	2	30	0.00108696	1840	0.500204	FALSE	NA	NA	NA	NA	NA	NA
NC_045512.2	16998	A	C	1520	1406	39	1	1	34	0.000657462	1521	0.750247	FALSE	NA	NA	NA	NA	NA	NA
NC_045512.2	18163	A	G	0	0	0	114	16	33	1	114	8.78404e-68	TRUE	NA	NA	NA	NA	NA	NA
NC_045512.2	18195	A	T	321	42	37	1	1	26	0.00310559	322	0.93847	FALSE	NA	NA	NA	NA	NA	NA
NC_045512.2	18230	A	T	370	68	41	1	0	27	0.00269542	371	0.938342	FALSE	NA	NA	NA	NA	NA	NA
NC_045512.2	18232	C	G	368	68	41	1	0	27	0.00271003	369	0.938346	FALSE	NA	NA	NA	NA	NA	NA
NC_045512.2	18236	T	G	395	61	38	1	1	27	0.00252525	396	0.938289	FALSE	NA	NA	NA	NA	NA	NA
NC_045512.2	18238	A	T	404	96	44	1	0	27	0.00246914	405	0.969327	FALSE	NA	NA	NA	NA	NA	NA
NC_045512.2	18247	C	G	439	105	45	1	0	27	0.00227273	440	0.969281	FALSE	NA	NA	NA	NA	NA	NA
NC_045512.2	18262	A	G	447	133	49	1	0	46	0.00223214	448	0.500559	FALSE	NA	NA	NA	NA	NA	NA
NC_045512.2	18275	C	G	489	160	51	1	0	27	0.00204082	490	0.969227	FALSE	NA	NA	NA	NA	NA	NA
NC_045512.2	18276	T	A	489	157	51	1	0	26	0.00204082	490	0.969227	FALSE	NA	NA	NA	NA	NA	NA
NC_045512.2	18277	A	T	486	161	52	1	0	27	0.00205339	487	0.96923	FALSE	NA	NA	NA	NA	NA	NA
NC_045512.2	18278	T	C	489	160	52	1	0	34	0.00204082	490	0.500511	FALSE	NA	NA	NA	NA	NA	NA
NC_045512.2	18281	G	C	502	170	52	1	0	26	0.00198807	503	0.9847	FALSE	NA	NA	NA	NA	NA	NA
NC_045512.2	18282	A	T	495	177	51	1	1	24	0.00201613	496	0.969222	FALSE	NA	NA	NA	NA	NA	NA
NC_045512.2	18309	T	G	493	225	52	1	1	34	0.00202429	494	0.500507	FALSE	NA	NA	NA	NA	NA	NA
NC_045512.2	18312	C	G	512	229	52	1	0	27	0.00194932	513	0.984694	FALSE	NA	NA	NA	NA	NA	NA
NC_045512.2	18318	G	+C	530	234	52	1	0	20	0.00188679	530	0.98477	FALSE	NA	NA	NA	NA	NA	NA
NC_045512.2	18366	A	G	495	358	48	1	1	68	0.00201613	496	0.500505	FALSE	NA	NA	NA	NA	NA	NA
NC_045512.2	18391	G	C	447	334	49	1	1	34	0.00223214	448	0.500559	FALSE	NA	NA	NA	NA	NA	NA
NC_045512.2	18439	T	C	290	236	46	1	0	68	0.00343643	291	0.500861	FALSE	NA	NA	NA	NA	NA	NA
NC_045512.2	18492	A	G	0	0	0	134	116	42	1	134	8.66011e-80	TRUE	NA	NA	NA	NA	NA	NA
NC_045512.2	19458	T	A	1348	225	36	1	0	34	0.00074129	1349	0.750278	FALSE	NA	NA	NA	NA	NA	NA
NC_045512.2	19471	A	G	1383	268	37	2	0	34	0.00144404	1385	0.500271	FALSE	NA	NA	NA	NA	NA	NA
NC_045512.2	19475	T	C	1423	301	38	1	0	34	0.000702247	1424	0.750263	FALSE	NA	NA	NA	NA	NA	NA
NC_045512.2	19489	T	C	1675	337	39	2	1	34	0.00119261	1677	0.500224	FALSE	NA	NA	NA	NA	NA	NA
NC_045512.2	19510	T	G	2117	430	41	1	0	34	0.000472144	2118	0.875177	FALSE	NA	NA	NA	NA	NA	NA
NC_045512.2	19522	C	A	2224	494	42	1	0	26	0.000449438	2225	1	FALSE	NA	NA	NA	NA	NA	NA
NC_045512.2	19533	T	C	2355	587	44	1	0	26	0.000424448	2356	1	FALSE	NA	NA	NA	NA	NA	NA
NC_045512.2	19536	C	T	2351	632	45	1	1	46	0.000424989	2353	0.5	FALSE	NA	NA	NA	NA	NA	NA
NC_045512.2	19536	C	G	2351	632	45	1	0	34	0.000424989	2353	0.87508	FALSE	NA	NA	NA	NA	NA	NA
NC_045512.2	19540	A	G	2347	666	46	1	1	68	0.000425894	2348	0.500106	FALSE	NA	NA	NA	NA	NA	NA
NC_045512.2	19543	A	C	2409	698	47	1	1	27	0.000414938	2410	1	FALSE	NA	NA	NA	NA	NA	NA
NC_045512.2	19546	T	A	2426	701	47	1	0	26	0.000412031	2427	1	FALSE	NA	NA	NA	NA	NA	NA
NC_045512.2	19564	T	A	2571	788	50	1	0	26	0.000388802	2572	1	FALSE	NA	NA	NA	NA	NA	NA
NC_045512.2	19566	G	A	2580	790	49	1	0	68	0.000387447	2581	0.500097	FALSE	NA	NA	NA	NA	NA	NA
NC_045512.2	19569	T	C	2543	800	51	1	0	68	0.000393082	2544	0.500098	FALSE	NA	NA	NA	NA	NA	NA
NC_045512.2	19575	A	G	2008	871	45	1	0	34	0.000497512	2010	0.875093	FALSE	NA	NA	NA	NA	NA	NA
NC_045512.2	19575	A	C	2008	871	45	1	0	34	0.000497512	2010	0.875093	FALSE	NA	NA	NA	NA	NA	NA
NC_045512.2	19588	T	A	2613	999	50	1	1	20	0.000382555	2614	1	FALSE	NA	NA	NA	NA	NA	NA
NC_045512.2	19593	C	T	2589	1085	50	4	2	34	0.00154261	2593	0.34384	FALSE	NA	NA	NA	NA	NA	NA
NC_045512.2	19596	C	G	2471	1130	52	1	1	27	0.000404531	2472	1	FALSE	NA	NA	NA	NA	NA	NA
NC_045512.2	19600	A	T	2479	1147	53	1	1	26	0.000403063	2481	1	FALSE	NA	NA	NA	NA	NA	NA
NC_045512.2	19600	A	G	2479	1147	53	1	1	68	0.000403063	2481	0.5	FALSE	NA	NA	NA	NA	NA	NA
NC_045512.2	19601	A	T	2471	1145	53	1	1	27	0.000404531	2472	1	FALSE	NA	NA	NA	NA	NA	NA
NC_045512.2	19616	T	G	2341	1206	48	1	1	34	0.000426621	2344	0.875	FALSE	NA	NA	NA	NA	NA	NA
NC_045512.2	19616	T	C	2341	1206	48	1	0	24	0.000426621	2344	1	FALSE	NA	NA	NA	NA	NA	NA
NC_045512.2	19616	T	A	2341	1206	48	1	0	34	0.000426621	2344	0.875	FALSE	NA	NA	NA	NA	NA	NA
NC_045512.2	19618	C	T	2395	1268	49	1	0	60	0.000417362	2396	0.500104	FALSE	NA	NA	NA	NA	NA	NA
NC_045512.2	19628	A	G	2389	1435	51	1	1	68	0.00041841	2390	0.500105	FALSE	NA	NA	NA	NA	NA	NA
NC_045512.2	19631	A	G	2381	1444	52	1	1	34	0.000419815	2382	0.875157	FALSE	NA	NA	NA	NA	NA	NA
NC_045512.2	19633	G	A	2385	1468	52	3	1	68	0.00125628	2388	0.125	FALSE	NA	NA	NA	NA	NA	NA
NC_045512.2	19636	G	A	2390	1503	52	1	0	26	0.000418235	2391	1	FALSE	NA	NA	NA	NA	NA	NA
NC_045512.2	19640	T	C	2370	1623	52	1	1	38	0.000421763	2371	0.875158	FALSE	NA	NA	NA	NA	NA	NA
NC_045512.2	19643	A	G	2432	1702	52	1	0	46	0.000411015	2433	0.500103	FALSE	NA	NA	NA	NA	NA	NA
NC_045512.2	19646	T	C	2365	1653	51	1	1	34	0.000422654	2366	0.875159	FALSE	NA	NA	NA	NA	NA	NA
NC_045512.2	19656	G	A	2327	1704	50	1	1	34	0.000429553	2328	0.875161	FALSE	NA	NA	NA	NA	NA	NA
NC_045512.2	19664	T	G	2203	1650	47	1	1	20	0.000453309	2206	1	FALSE	NA	NA	NA	NA	NA	NA
NC_045512.2	19664	T	C	2203	1650	47	2	2	34	0.000906618	2206	0.687585	FALSE	NA	NA	NA	NA	NA	NA
NC_045512.2	19667	A	G	2260	1750	48	1	0	68	0.000442282	2261	0.500111	FALSE	NA	NA	NA	NA	NA	NA
NC_045512.2	19671	A	T	2174	1674	48	1	1	26	0.00045977	2175	1	FALSE	NA	NA	NA	NA	NA	NA
NC_045512.2	19672	C	T	2181	1692	48	2	1	57	0.00091617	2183	0.250057	FALSE	NA	NA	NA	NA	NA	NA
NC_045512.2	19674	A	G	2145	1652	47	1	1	34	0.000465983	2146	0.875175	FALSE	NA	NA	NA	NA	NA	NA
NC_045512.2	19682	A	G	1980	1550	47	1	1	34	0.000504796	1981	0.750189	FALSE	NA	NA	NA	NA	NA	NA
NC_045512.2	19686	A	T	1882	1464	47	1	1	26	0.000531067	1883	0.999998	FALSE	NA	NA	NA	NA	NA	NA
NC_045512.2	19691	T	C	1780	1376	46	1	0	24	0.000561482	1781	0.999996	FALSE	NA	NA	NA	NA	NA	NA
NC_045512.2	19695	T	A	1693	1314	46	1	1	34	0.000590319	1694	0.750221	FALSE	NA	NA	NA	NA	NA	NA
NC_045512.2	19700	T	C	1663	1302	46	1	0	68	0.000600962	1664	0.50015	FALSE	NA	NA	NA	NA	NA	NA
NC_045512.2	19702	A	G	1699	1334	46	1	0	38	0.000588235	1700	0.750221	FALSE	NA	NA	NA	NA	NA	NA
NC_045512.2	19708	A	T	1655	1381	44	1	1	34	0.0006035	1657	0.750076	FALSE	NA	NA	NA	NA	NA	NA
NC_045512.2	19708	A	G	1655	1381	44	1	1	34	0.0006035	1657	0.750076	FALSE	NA	NA	NA	NA	NA	NA
NC_045512.2	19718	C	T	1461	1219	44	2	2	34	0.00136705	1463	0.500256	FALSE	NA	NA	NA	NA	NA	NA
NC_045512.2	19723	G	T	1368	1133	44	1	1	34	0.00073046	1369	0.750274	FALSE	NA	NA	NA	NA	NA	NA
NC_045512.2	19738	G	C	1191	1084	39	1	1	34	0.000838926	1192	0.750315	FALSE	NA	NA	NA	NA	NA	NA
NC_045512.2	19742	A	G	1066	965	39	1	1	34	0.000937207	1067	0.750352	FALSE	NA	NA	NA	NA	NA	NA
NC_045512.2	19755	T	C	753	688	38	1	1	26	0.00132626	754	0.996186	FALSE	NA	NA	NA	NA	NA	NA
NC_045512.2	19758	A	T	754	695	38	1	1	34	0.0013245	755	0.500331	FALSE	NA	NA	NA	NA	NA	NA
NC_045512.2	20082	T	C	1147	153	37	2	2	30	0.00174064	1149	0.500327	FALSE	NA	NA	NA	NA	NA	NA
NC_045512.2	20092	A	C	1219	197	39	7	1	48	0.00570962	1226	0.00776788	TRUE	NA	NA	NA	NA	NA	NA
NC_045512.2	20094	A	G	1162	200	38	2	1	34	0.00171821	1164	0.500322	FALSE	NA	NA	NA	NA	NA	NA
NC_045512.2	20104	C	-T	1540	222	39	1	0	20	0.000649351	1540	0.999985	FALSE	NA	NA	NA	NA	NA	NA
NC_045512.2	20106	T	A	1539	224	39	1	0	34	0.000649351	1540	0.750244	FALSE	NA	NA	NA	NA	NA	NA
NC_045512.2	20109	T	-G	1557	227	39	3	0	20	0.00192678	1557	0.999375	FALSE	NA	NA	NA	NA	NA	NA
NC_045512.2	20115	C	A	1629	227	39	1	0	34	0.000613497	1630	0.75023	FALSE	NA	NA	NA	NA	NA	NA
NC_045512.2	20116	A	G	1604	229	39	1	0	34	0.000623053	1605	0.750234	FALSE	NA	NA	NA	NA	NA	NA
NC_045512.2	20124	T	A	1697	253	40	1	0	34	0.000588928	1698	0.750221	FALSE	NA	NA	NA	NA	NA	NA
NC_045512.2	20139	A	T	1839	279	40	1	1	34	0.000543478	1840	0.750204	FALSE	NA	NA	NA	NA	NA	NA
NC_045512.2	20147	T	C	1959	292	40	1	0	34	0.000510204	1960	0.750191	FALSE	NA	NA	NA	NA	NA	NA
NC_045512.2	20153	A	T	1955	439	45	1	0	26	0.000511247	1956	0.999999	FALSE	NA	NA	NA	NA	NA	NA
NC_045512.2	20154	T	C	1983	438	45	2	1	68	0.00100756	1985	0.250063	FALSE	NA	NA	NA	NA	NA	NA
NC_045512.2	20159	A	G	1996	458	46	1	0	34	0.000500751	1997	0.750188	FALSE	NA	NA	NA	NA	NA	NA
NC_045512.2	20168	A	T	2051	562	49	1	1	20	0.000487329	2052	1	FALSE	NA	NA	NA	NA	NA	NA
NC_045512.2	20170	G	C	2057	562	48	1	0	27	0.000485909	2058	1	FALSE	NA	NA	NA	NA	NA	NA
NC_045512.2	20174	T	C	2130	575	49	2	2	68	0.000938086	2132	0.250059	FALSE	NA	NA	NA	NA	NA	NA
NC_045512.2	20177	T	G	2202	609	49	1	0	34	0.000453926	2203	0.87517	FALSE	NA	NA	NA	NA	NA	NA
NC_045512.2	20183	A	T	2182	613	49	1	0	26	0.000458085	2183	1	FALSE	NA	NA	NA	NA	NA	NA
NC_045512.2	20193	A	G	2151	604	49	1	0	68	0.000464684	2152	0.500116	FALSE	NA	NA	NA	NA	NA	NA
NC_045512.2	20194	A	C	2105	617	49	1	1	34	0.000474834	2106	0.875178	FALSE	NA	NA	NA	NA	NA	NA
NC_045512.2	20196	T	A	2045	578	50	1	1	34	0.000488759	2046	0.875183	FALSE	NA	NA	NA	NA	NA	NA
NC_045512.2	20208	G	A	2072	696	47	1	1	34	0.000482393	2073	0.875181	FALSE	NA	NA	NA	NA	NA	NA
NC_045512.2	20216	A	T	2076	963	49	1	0	68	0.000481464	2077	0.50012	FALSE	NA	NA	NA	NA	NA	NA
NC_045512.2	20222	A	G	2024	1057	50	1	1	68	0.000493827	2025	0.500123	FALSE	NA	NA	NA	NA	NA	NA
NC_045512.2	20223	A	G	2025	1062	50	1	1	60	0.000493583	2026	0.500123	FALSE	NA	NA	NA	NA	NA	NA
NC_045512.2	20228	T	C	2113	1132	51	4	2	48	0.00188947	2117	0.0624704	FALSE	NA	NA	NA	NA	NA	NA
NC_045512.2	20231	A	G	2127	1230	50	1	0	68	0.000469925	2128	0.500118	FALSE	NA	NA	NA	NA	NA	NA
NC_045512.2	20234	C	T	2073	1189	49	2	2	34	0.000963855	2075	0.687771	FALSE	NA	NA	NA	NA	NA	NA
NC_045512.2	20240	G	T	2048	1181	49	1	1	27	0.000487567	2051	1	FALSE	NA	NA	NA	NA	NA	NA
NC_045512.2	20240	G	C	2048	1181	49	1	1	34	0.000487567	2051	0.875	FALSE	NA	NA	NA	NA	NA	NA
NC_045512.2	20240	G	A	2048	1181	49	1	0	27	0.000487567	2051	1	FALSE	NA	NA	NA	NA	NA	NA
NC_045512.2	20246	T	C	2061	1270	51	1	1	68	0.000484966	2062	0.500121	FALSE	NA	NA	NA	NA	NA	NA
NC_045512.2	20248	G	-A	2066	1299	50	1	0	20	0.000484027	2066	1	FALSE	NA	NA	NA	NA	NA	NA
NC_045512.2	20259	C	G	2038	1434	47	1	1	20	0.000490436	2039	1	FALSE	NA	NA	NA	NA	NA	NA
NC_045512.2	20266	T	C	1828	1258	45	1	1	68	0.000546747	1829	0.500137	FALSE	NA	NA	NA	NA	NA	NA
NC_045512.2	20270	C	A	2054	1522	46	1	0	26	0.000486618	2055	1	FALSE	NA	NA	NA	NA	NA	NA
NC_045512.2	20280	A	T	2057	1574	47	1	0	27	0.000485909	2058	1	FALSE	NA	NA	NA	NA	NA	NA
NC_045512.2	20290	C	G	2028	1615	46	1	0	27	0.000492854	2029	1	FALSE	NA	NA	NA	NA	NA	NA
NC_045512.2	20312	C	T	1661	1322	46	1	1	34	0.000601685	1662	0.750226	FALSE	NA	NA	NA	NA	NA	NA
NC_045512.2	20320	C	T	1473	1177	46	1	1	26	0.000678426	1474	0.999971	FALSE	NA	NA	NA	NA	NA	NA
NC_045512.2	20331	T	C	1377	1154	44	1	1	24	0.000725689	1378	0.999941	FALSE	NA	NA	NA	NA	NA	NA
NC_045512.2	20339	T	C	1331	1137	42	1	1	46	0.000750751	1332	0.500188	FALSE	NA	NA	NA	NA	NA	NA
NC_045512.2	20359	G	C	1198	1099	38	1	1	34	0.000834028	1199	0.750313	FALSE	NA	NA	NA	NA	NA	NA
NC_045512.2	20361	T	G	440	351	38	1	1	26	0.00226757	441	0.96928	FALSE	NA	NA	NA	NA	NA	NA
NC_045512.2	20366	A	T	905	820	39	2	2	30	0.00220507	907	0.250138	FALSE	NA	NA	NA	NA	NA	NA
NC_045512.2	20377	G	C	635	578	39	1	0	26	0.00157233	636	0.992359	FALSE	NA	NA	NA	NA	NA	NA
NC_045512.2	26366	C	G	2975	322	33	1	0	34	0.000335909	2977	0.875063	FALSE	NA	NA	NA	NA	NA	NA
NC_045512.2	26366	C	A	2975	322	33	1	0	26	0.000335909	2977	1	FALSE	NA	NA	NA	NA	NA	NA
NC_045512.2	26367	G	A	3100	320	33	1	0	34	0.000322477	3101	0.937601	FALSE	NA	NA	NA	NA	NA	NA
NC_045512.2	26370	C	T	3421	355	34	1	0	34	0.000292227	3422	0.937591	FALSE	NA	NA	NA	NA	NA	NA
NC_045512.2	26371	T	A	3453	354	34	1	0	34	0.000289519	3454	0.93759	FALSE	NA	NA	NA	NA	NA	NA
NC_045512.2	26373	C	A	3979	418	35	1	0	34	0.000251256	3980	0.937579	FALSE	NA	NA	NA	NA	NA	NA
NC_045512.2	26375	G	A	4577	434	35	2	1	30	0.000436777	4579	0.890753	FALSE	NA	NA	NA	NA	NA	NA
NC_045512.2	26376	C	A	4552	442	35	2	0	30	0.000439174	4554	0.890754	FALSE	NA	NA	NA	NA	NA	NA
NC_045512.2	26379	T	C	4669	466	35	1	0	34	0.000214041	4672	0.968767	FALSE	NA	NA	NA	NA	NA	NA
NC_045512.2	26379	T	A	4669	466	35	2	0	34	0.000428082	4672	0.8907	FALSE	NA	NA	NA	NA	NA	NA
NC_045512.2	26380	A	T	4246	490	34	1	0	26	0.00023546	4247	1	FALSE	NA	NA	NA	NA	NA	NA
NC_045512.2	26380	A	-T	4246	490	34	1	0	20	0.00023546	4247	1	FALSE	NA	NA	NA	NA	NA	NA
NC_045512.2	26382	T	C	5062	498	35	1	0	34	0.000197472	5064	0.984398	FALSE	NA	NA	NA	NA	NA	NA
NC_045512.2	26382	T	A	5062	498	35	1	0	34	0.000197472	5064	0.984398	FALSE	NA	NA	NA	NA	NA	NA
NC_045512.2	26389	G	A	5921	644	37	2	0	34	0.000337667	5923	0.937583	FALSE	NA	NA	NA	NA	NA	NA
NC_045512.2	26391	G	A	5933	754	38	1	0	34	0.00016852	5934	0.984403	FALSE	NA	NA	NA	NA	NA	NA
NC_045512.2	26392	A	G	5916	763	38	1	1	68	0.000169005	5917	0.500042	FALSE	NA	NA	NA	NA	NA	NA
NC_045512.2	26397	T	C	6424	894	39	2	0	34	0.000311187	6427	0.964886	FALSE	NA	NA	NA	NA	NA	NA
NC_045512.2	26397	T	A	6424	894	39	1	1	27	0.000155594	6427	1	FALSE	NA	NA	NA	NA	NA	NA
NC_045512.2	26398	G	T	6542	904	39	1	1	27	0.000152835	6543	1	FALSE	NA	NA	NA	NA	NA	NA
NC_045512.2	26399	T	A	6564	1123	41	1	0	26	0.000152323	6565	1	FALSE	NA	NA	NA	NA	NA	NA
NC_045512.2	26399	T	-A	6564	1123	41	1	0	20	0.000152323	6565	1	FALSE	NA	NA	NA	NA	NA	NA
NC_045512.2	26400	A	G	6561	1210	42	1	0	34	0.000152393	6562	0.9922	FALSE	NA	NA	NA	NA	NA	NA
NC_045512.2	26401	A	G	6548	1242	42	1	0	34	0.000152695	6549	0.992204	FALSE	NA	NA	NA	NA	NA	NA
NC_045512.2	26403	A	G	6632	1248	42	1	0	26	0.000150761	6633	1	FALSE	NA	NA	NA	NA	NA	NA
NC_045512.2	26409	T	C	6915	1470	44	1	0	34	0.000144592	6916	0.992203	FALSE	NA	NA	NA	NA	NA	NA
NC_045512.2	26411	T	C	6805	1359	41	1	0	34	0.000146929	6806	0.992204	FALSE	NA	NA	NA	NA	NA	NA
NC_045512.2	26412	T	A	6936	1484	44	1	0	34	0.000144155	6937	0.992203	FALSE	NA	NA	NA	NA	NA	NA
NC_045512.2	26413	T	C	6932	1483	44	1	0	24	0.000144238	6933	1	FALSE	NA	NA	NA	NA	NA	NA
NC_045512.2	26416	G	A	7403	1557	44	1	0	34	0.000135062	7404	0.996103	FALSE	NA	NA	NA	NA	NA	NA
NC_045512.2	26418	T	A	7458	1627	45	1	0	20	0.000134066	7459	1	FALSE	NA	NA	NA	NA	NA	NA
NC_045512.2	26420	A	T	7346	1651	44	1	0	34	0.00013611	7347	0.996103	FALSE	NA	NA	NA	NA	NA	NA
NC_045512.2	26421	C	T	7454	1655	44	1	1	68	0.000134138	7455	0.500034	FALSE	NA	NA	NA	NA	NA	NA
NC_045512.2	26422	T	C	7543	1642	44	2	0	34	0.000265076	7545	0.980506	FALSE	NA	NA	NA	NA	NA	NA
NC_045512.2	26428	G	A	7639	1682	44	1	0	34	0.00013089	7640	0.996103	FALSE	NA	NA	NA	NA	NA	NA
NC_045512.2	26429	T	C	7609	1669	43	1	0	34	0.000131406	7610	0.996103	FALSE	NA	NA	NA	NA	NA	NA
NC_045512.2	26430	T	C	7645	1731	45	1	0	34	0.000130787	7646	0.996103	FALSE	NA	NA	NA	NA	NA	NA
NC_045512.2	26432	A	G	7534	1751	45	1	0	34	0.000132714	7535	0.996103	FALSE	NA	NA	NA	NA	NA	NA
NC_045512.2	26436	T	C	7769	1894	46	1	0	34	0.0001287	7770	0.996103	FALSE	NA	NA	NA	NA	NA	NA
NC_045512.2	26440	A	T	7844	1927	47	1	1	27	0.00012747	7845	1	FALSE	NA	NA	NA	NA	NA	NA
NC_045512.2	26445	T	C	8958	2185	47	3	2	27	0.000334635	8965	1	FALSE	NA	NA	NA	NA	NA	NA
NC_045512.2	26445	T	A	8958	2185	47	4	0	30	0.00044618	8965	0.927015	FALSE	NA	NA	NA	NA	NA	NA
NC_045512.2	26446	T	A	8885	2197	46	1	0	26	0.000112537	8886	1	FALSE	NA	NA	NA	NA	NA	NA
NC_045512.2	26447	C	G	8877	2249	47	1	0	34	0.000112638	8878	0.998052	FALSE	NA	NA	NA	NA	NA	NA
NC_045512.2	26448	T	A	8971	2252	48	2	0	26	0.000222891	8973	1	FALSE	NA	NA	NA	NA	NA	NA
NC_045512.2	26452	G	T	9260	2267	47	1	1	26	0.00010798	9261	1	FALSE	NA	NA	NA	NA	NA	NA
NC_045512.2	26453	T	G	9266	2296	46	1	0	34	0.000107898	9268	0.999026	FALSE	NA	NA	NA	NA	NA	NA
NC_045512.2	26453	T	C	9266	2296	46	1	0	38	0.000107898	9268	0.999026	FALSE	NA	NA	NA	NA	NA	NA
NC_045512.2	26454	T	G	9300	2351	47	1	0	34	0.000107515	9301	0.999026	FALSE	NA	NA	NA	NA	NA	NA
NC_045512.2	26455	C	A	9164	2350	47	1	0	26	0.000109111	9165	1	FALSE	NA	NA	NA	NA	NA	NA
NC_045512.2	26456	C	A	9157	2532	48	2	1	34	0.000218364	9159	0.994155	FALSE	NA	NA	NA	NA	NA	NA
NC_045512.2	26457	T	C	9343	2550	49	2	0	51	0.000213995	9346	0.249987	FALSE	NA	NA	NA	NA	NA	NA
NC_045512.2	26457	T	A	9343	2550	49	1	0	26	0.000106998	9346	1	FALSE	NA	NA	NA	NA	NA	NA
NC_045512.2	26458	G	A	9342	2553	49	1	0	68	0.000107032	9343	0.500027	FALSE	NA	NA	NA	NA	NA	NA
NC_045512.2	26459	A	T	9251	2553	49	1	1	38	0.000108085	9252	0.999026	FALSE	NA	NA	NA	NA	NA	NA
NC_045512.2	26460	T	C	9365	2507	47	3	1	38	0.000320205	9369	0.980743	FALSE	NA	NA	NA	NA	NA	NA
NC_045512.2	26460	T	A	9365	2507	47	1	1	20	0.000106735	9369	1	FALSE	NA	NA	NA	NA	NA	NA
NC_045512.2	26461	C	T	9685	2572	48	2	2	68	0.000206441	9688	0.249987	FALSE	NA	NA	NA	NA	NA	NA
NC_045512.2	26461	C	G	9685	2572	48	1	0	26	0.00010322	9688	1	FALSE	NA	NA	NA	NA	NA	NA
NC_045512.2	26462	T	C	9749	2581	49	2	1	35	0.000205086	9752	0.994152	FALSE	NA	NA	NA	NA	NA	NA
NC_045512.2	26462	T	A	9749	2581	49	1	0	26	0.000102543	9752	1	FALSE	NA	NA	NA	NA	NA	NA
NC_045512.2	26465	T	C	9736	2645	49	1	0	34	0.000102701	9737	0.999026	FALSE	NA	NA	NA	NA	NA	NA
NC_045512.2	26466	G	A	10306	2655	47	1	0	68	9.70214e-05	10307	0.500024	FALSE	NA	NA	NA	NA	NA	NA
NC_045512.2	26467	G	A	10337	2666	48	4	0	34	0.00038681	10341	0.971367	FALSE	NA	NA	NA	NA	NA	NA
NC_045512.2	26468	T	C	10351	2687	48	2	1	36	0.000193181	10353	0.996835	FALSE	NA	NA	NA	NA	NA	NA
NC_045512.2	26470	T	-A	10203	2660	48	1	0	20	9.80104e-05	10203	1	FALSE	NA	NA	NA	NA	NA	NA
NC_045512.2	26473	A	T	9874	3018	49	1	1	34	0.000101266	9875	0.999026	FALSE	NA	NA	NA	NA	NA	NA
NC_045512.2	26477	A	T	9941	2937	49	1	1	27	0.000100573	9943	1	FALSE	NA	NA	NA	NA	NA	NA
NC_045512.2	26477	A	G	9941	2937	49	1	0	34	0.000100573	9943	0.999026	FALSE	NA	NA	NA	NA	NA	NA
NC_045512.2	26480	A	G	10299	3130	51	2	0	51	0.000194156	10301	0.250012	FALSE	NA	NA	NA	NA	NA	NA
NC_045512.2	26481	A	C	10083	3132	51	1	0	24	9.9167e-05	10084	1	FALSE	NA	NA	NA	NA	NA	NA
NC_045512.2	26483	T	A	10562	3124	50	4	2	24	0.000378573	10566	1	FALSE	NA	NA	NA	NA	NA	NA
NC_045512.2	26484	A	-T	10247	3161	51	2	0	20	0.000195179	10247	1	FALSE	NA	NA	NA	NA	NA	NA
NC_045512.2	26485	T	C	10571	3133	51	1	0	34	9.45895e-05	10572	0.999513	FALSE	NA	NA	NA	NA	NA	NA
NC_045512.2	26487	A	T	10434	3294	51	1	0	26	9.58313e-05	10435	1	FALSE	NA	NA	NA	NA	NA	NA
NC_045512.2	26488	T	C	10675	3205	49	1	1	68	9.36417e-05	10679	0.499953	FALSE	NA	NA	NA	NA	NA	NA
NC_045512.2	26488	T	A	10675	3205	49	3	2	26	0.000280925	10679	1	FALSE	NA	NA	NA	NA	NA	NA
NC_045512.2	26489	A	T	10419	3277	51	2	0	30	0.00019192	10421	0.996835	FALSE	NA	NA	NA	NA	NA	NA
NC_045512.2	26490	T	C	10682	3266	52	1	0	24	9.36067e-05	10683	1	FALSE	NA	NA	NA	NA	NA	NA
NC_045512.2	26491	T	A	10599	3246	52	3	1	54	0.000282965	10602	0.125	FALSE	NA	NA	NA	NA	NA	NA
NC_045512.2	26492	A	T	10267	3260	51	1	0	26	9.73805e-05	10269	1	FALSE	NA	NA	NA	NA	NA	NA
NC_045512.2	26492	A	G	10267	3260	51	1	1	24	9.73805e-05	10269	1	FALSE	NA	NA	NA	NA	NA	NA
NC_045512.2	26493	G	T	10700	3265	52	3	2	24	0.000280295	10703	1	FALSE	NA	NA	NA	NA	NA	NA
NC_045512.2	26494	T	A	10661	3320	51	2	0	30	0.000187564	10663	0.996834	FALSE	NA	NA	NA	NA	NA	NA
NC_045512.2	26495	T	C	10722	3363	53	1	1	68	9.32488e-05	10724	0.5	FALSE	NA	NA	NA	NA	NA	NA
NC_045512.2	26495	T	A	10722	3363	53	1	0	34	9.32488e-05	10724	0.999513	FALSE	NA	NA	NA	NA	NA	NA
NC_045512.2	26496	T	C	10659	3331	53	1	1	27	9.38086e-05	10660	1	FALSE	NA	NA	NA	NA	NA	NA
NC_045512.2	26498	T	A	10661	3353	52	2	0	26	0.000187564	10663	1	FALSE	NA	NA	NA	NA	NA	NA
NC_045512.2	26499	C	T	10516	3423	52	2	0	68	0.000190114	10520	0.249964	FALSE	NA	NA	NA	NA	NA	NA
NC_045512.2	26499	C	A	10516	3423	52	2	0	26	0.000190114	10520	1	FALSE	NA	NA	NA	NA	NA	NA
NC_045512.2	26501	G	C	10802	3412	52	2	0	30	0.000185117	10804	0.996834	FALSE	NA	NA	NA	NA	NA	NA
NC_045512.2	26503	T	C	10714	3354	50	1	1	68	9.33271e-05	10715	0.500023	FALSE	NA	NA	NA	NA	NA	NA
NC_045512.2	26505	G	T	10518	3748	51	1	0	34	9.5057e-05	10520	0.999513	FALSE	NA	NA	NA	NA	NA	NA
NC_045512.2	26505	G	C	10518	3748	51	1	0	34	9.5057e-05	10520	0.999513	FALSE	NA	NA	NA	NA	NA	NA
NC_045512.2	26506	G	T	10451	4082	51	1	1	38	9.56755e-05	10452	0.999513	FALSE	NA	NA	NA	NA	NA	NA
NC_045512.2	26507	A	T	10531	4225	52	2	2	25	0.000189843	10535	1	FALSE	NA	NA	NA	NA	NA	NA
NC_045512.2	26507	A	G	10531	4225	52	2	1	51	0.000189843	10535	0.249964	FALSE	NA	NA	NA	NA	NA	NA
NC_045512.2	26508	A	T	10497	4283	51	1	1	34	9.52381e-05	10500	0.999513	FALSE	NA	NA	NA	NA	NA	NA
NC_045512.2	26508	A	G	10497	4283	51	2	1	46	0.000190476	10500	0.5	FALSE	NA	NA	NA	NA	NA	NA
NC_045512.2	26509	C	T	10551	4349	51	1	0	68	9.47598e-05	10553	0.5	FALSE	NA	NA	NA	NA	NA	NA
NC_045512.2	26509	C	G	10551	4349	51	1	0	34	9.47598e-05	10553	0.999513	FALSE	NA	NA	NA	NA	NA	NA
NC_045512.2	26510	T	C	10517	4292	51	2	1	68	0.000190132	10519	0.250012	FALSE	NA	NA	NA	NA	NA	NA
NC_045512.2	26511	T	G	10432	4282	50	1	0	24	9.58497e-05	10433	1	FALSE	NA	NA	NA	NA	NA	NA
NC_045512.2	26513	A	G	10408	4644	50	1	1	68	9.60707e-05	10409	0.500024	FALSE	NA	NA	NA	NA	NA	NA
NC_045512.2	26514	A	G	10423	4720	50	4	1	41	0.000383619	10427	0.1875	FALSE	NA	NA	NA	NA	NA	NA
NC_045512.2	26516	T	G	10412	4764	49	2	1	26	0.000192049	10414	1	FALSE	NA	NA	NA	NA	NA	NA
NC_045512.2	26517	T	C	10339	4668	48	1	1	60	9.67024e-05	10341	0.5	FALSE	NA	NA	NA	NA	NA	NA
NC_045512.2	26517	T	A	10339	4668	48	1	0	26	9.67024e-05	10341	1	FALSE	NA	NA	NA	NA	NA	NA
NC_045512.2	26518	T	C	10329	4898	49	1	0	24	9.67961e-05	10331	1	FALSE	NA	NA	NA	NA	NA	NA
NC_045512.2	26518	T	A	10329	4898	49	1	0	26	9.67961e-05	10331	1	FALSE	NA	NA	NA	NA	NA	NA
NC_045512.2	26520	G	T	10463	4889	50	1	1	27	9.55657e-05	10464	1	FALSE	NA	NA	NA	NA	NA	NA
NC_045512.2	26521	C	G	10288	5022	49	3	2	31	0.000291489	10292	0.98879	FALSE	NA	NA	NA	NA	NA	NA
NC_045512.2	26521	C	A	10288	5022	49	1	0	20	9.71628e-05	10292	1	FALSE	NA	NA	NA	NA	NA	NA
NC_045512.2	26522	C	T	10330	5140	49	1	0	34	9.67867e-05	10332	0.999513	FALSE	NA	NA	NA	NA	NA	NA
NC_045512.2	26522	C	A	10330	5140	49	1	0	34	9.67867e-05	10332	0.999513	FALSE	NA	NA	NA	NA	NA	NA
NC_045512.2	26523	A	G	10401	5106	49	1	0	68	9.61354e-05	10402	0.500024	FALSE	NA	NA	NA	NA	NA	NA
NC_045512.2	26524	T	A	10341	5193	48	1	0	34	9.66931e-05	10342	0.999513	FALSE	NA	NA	NA	NA	NA	NA
NC_045512.2	26525	G	A	10427	5173	48	2	0	51	0.000191773	10429	0.250012	FALSE	NA	NA	NA	NA	NA	NA
NC_045512.2	26526	G	A	10407	5377	47	2	0	51	0.000192141	10409	0.250012	FALSE	NA	NA	NA	NA	NA	NA
NC_045512.2	26527	C	T	10412	5393	47	3	1	56	0.000288018	10416	0.124982	FALSE	NA	NA	NA	NA	NA	NA
NC_045512.2	26527	C	A	10412	5393	47	1	1	68	9.60061e-05	10416	0.499952	FALSE	NA	NA	NA	NA	NA	NA
NC_045512.2	26529	G	C	0	0	0	10526	5423	47	0.999905	10527	0	TRUE	NA	NA	NA	NA	NA	NA
NC_045512.2	26529	G	A	0	0	0	1	1	20	9.49938e-05	10527	0.0100693	FALSE	NA	NA	NA	NA	NA	NA
NC_045512.2	26530	A	G	10527	5389	47	1	1	34	9.49848e-05	10528	0.999513	FALSE	NA	NA	NA	NA	NA	NA
NC_045512.2	26530	A	+T	10527	5389	47	1	0	20	9.49848e-05	10528	1	FALSE	NA	NA	NA	NA	NA	NA
NC_045512.2	26532	T	C	10590	5440	45	1	1	34	9.44198e-05	10591	0.999513	FALSE	NA	NA	NA	NA	NA	NA
NC_045512.2	26533	C	G	10583	5653	45	1	0	34	9.44822e-05	10584	0.999513	FALSE	NA	NA	NA	NA	NA	NA
NC_045512.2	26534	C	T	10611	5683	45	1	0	34	9.42329e-05	10612	0.999513	FALSE	NA	NA	NA	NA	NA	NA
NC_045512.2	26538	G	C	10377	5433	45	1	1	68	9.63577e-05	10378	0.500024	FALSE	NA	NA	NA	NA	NA	NA
NC_045512.2	26540	T	A	10592	5464	44	1	0	34	9.4402e-05	10593	0.999513	FALSE	NA	NA	NA	NA	NA	NA
NC_045512.2	26541	A	G	10719	5501	44	2	0	34	0.00018655	10721	0.996834	FALSE	NA	NA	NA	NA	NA	NA
NC_045512.2	26542	C	A	10915	5561	43	1	1	68	9.16086e-05	10916	0.500023	FALSE	NA	NA	NA	NA	NA	NA
NC_045512.2	26543	T	C	10031	4624	42	1	0	34	9.96413e-05	10036	0.999512	FALSE	NA	NA	NA	NA	NA	NA
NC_045512.2	26543	T	A	10031	4624	42	4	4	28	0.000398565	10036	1	FALSE	NA	NA	NA	NA	NA	NA
NC_045512.2	26545	T	G	10712	5359	44	1	1	68	9.33184e-05	10716	0.499953	FALSE	NA	NA	NA	NA	NA	NA
NC_045512.2	26545	T	C	10712	5359	44	1	1	34	9.33184e-05	10716	0.999512	FALSE	NA	NA	NA	NA	NA	NA
NC_045512.2	26545	T	A	10712	5359	44	2	2	30	0.000186637	10716	0.996831	FALSE	NA	NA	NA	NA	NA	NA
NC_045512.2	26546	T	C	10839	5631	44	1	0	34	9.22509e-05	10840	0.999513	FALSE	NA	NA	NA	NA	NA	NA
NC_045512.2	26547	A	C	10664	5693	44	1	1	34	9.37647e-05	10665	0.999513	FALSE	NA	NA	NA	NA	NA	NA
NC_045512.2	26548	C	T	11214	6413	46	1	1	68	8.91424e-05	11218	0.499955	FALSE	NA	NA	NA	NA	NA	NA
NC_045512.2	26548	C	G	11214	6413	46	2	1	47	0.000178285	11218	0.499967	FALSE	NA	NA	NA	NA	NA	NA
NC_045512.2	26548	C	A	11214	6413	46	1	0	34	8.91424e-05	11218	0.999756	FALSE	NA	NA	NA	NA	NA	NA
NC_045512.2	26549	C	T	10827	6118	46	1	0	34	9.23446e-05	10829	0.999513	FALSE	NA	NA	NA	NA	NA	NA
NC_045512.2	26549	C	G	10827	6118	46	1	0	27	9.23446e-05	10829	1	FALSE	NA	NA	NA	NA	NA	NA
NC_045512.2	26550	G	A	10770	6017	46	3	1	45	0.000278474	10773	0.312517	FALSE	NA	NA	NA	NA	NA	NA
NC_045512.2	26551	T	G	10147	5352	45	3	3	31	0.000295537	10151	0.98879	FALSE	NA	NA	NA	NA	NA	NA
NC_045512.2	26551	T	C	10147	5352	45	1	1	68	9.85125e-05	10151	0.499951	FALSE	NA	NA	NA	NA	NA	NA
NC_045512.2	26552	T	G	10600	5838	47	1	1	34	9.43307e-05	10601	0.999513	FALSE	NA	NA	NA	NA	NA	NA
NC_045512.2	26553	G	T	10533	5791	47	1	0	24	9.49307e-05	10534	1	FALSE	NA	NA	NA	NA	NA	NA
NC_045512.2	26554	A	T	10492	5888	46	2	1	30	0.000190549	10496	0.996832	FALSE	NA	NA	NA	NA	NA	NA
NC_045512.2	26554	A	C	10492	5888	46	2	1	29	0.000190549	10496	1	FALSE	NA	NA	NA	NA	NA	NA
NC_045512.2	26557	A	T	8538	5618	41	1	1	27	0.000117082	8541	1	FALSE	NA	NA	NA	NA	NA	NA
NC_045512.2	26557	A	G	8538	5618	41	2	1	29	0.000234165	8541	1	FALSE	NA	NA	NA	NA	NA	NA
NC_045512.2	26558	G	T	10261	5565	47	1	1	38	9.74469e-05	10262	0.999513	FALSE	NA	NA	NA	NA	NA	NA
NC_045512.2	26560	T	G	10109	5491	47	1	1	26	9.88728e-05	10114	1	FALSE	NA	NA	NA	NA	NA	NA
NC_045512.2	26560	T	C	10109	5491	47	4	3	47	0.000395491	10114	0.187469	FALSE	NA	NA	NA	NA	NA	NA
NC_045512.2	26561	T	A	10316	5834	48	1	0	34	9.69274e-05	10317	0.999513	FALSE	NA	NA	NA	NA	NA	NA
NC_045512.2	26561	T	-A	10316	5834	48	1	0	20	9.69274e-05	10317	1	FALSE	NA	NA	NA	NA	NA	NA
NC_045512.2	26562	A	T	10286	5860	47	1	0	68	9.72006e-05	10288	0.499976	FALSE	NA	NA	NA	NA	NA	NA
NC_045512.2	26562	A	G	10286	5860	47	1	1	46	9.72006e-05	10288	0.749988	FALSE	NA	NA	NA	NA	NA	NA
NC_045512.2	26564	A	G	9954	5870	45	1	1	68	0.000100452	9955	0.500025	FALSE	NA	NA	NA	NA	NA	NA
NC_045512.2	26565	A	G	10348	5886	48	1	1	26	9.66277e-05	10349	1	FALSE	NA	NA	NA	NA	NA	NA
NC_045512.2	26566	A	T	10268	5988	47	1	1	34	9.7371e-05	10270	0.999513	FALSE	NA	NA	NA	NA	NA	NA
NC_045512.2	26566	A	G	10268	5988	47	1	1	38	9.7371e-05	10270	0.999513	FALSE	NA	NA	NA	NA	NA	NA
NC_045512.2	26567	G	A	10095	5841	46	2	2	68	0.000198079	10097	0.250012	FALSE	NA	NA	NA	NA	NA	NA
NC_045512.2	26568	C	T	10148	5969	47	1	1	68	9.85222e-05	10150	0.5	FALSE	NA	NA	NA	NA	NA	NA
NC_045512.2	26568	C	A	10148	5969	47	1	0	20	9.85222e-05	10150	1	FALSE	NA	NA	NA	NA	NA	NA
NC_045512.2	26569	T	A	10033	5824	47	1	1	24	9.96612e-05	10034	1	FALSE	NA	NA	NA	NA	NA	NA
NC_045512.2	26573	T	C	10255	6282	48	3	2	45	0.000292455	10258	0.312518	FALSE	NA	NA	NA	NA	NA	NA
NC_045512.2	26574	G	T	10306	6294	48	1	1	27	9.70214e-05	10307	1	FALSE	NA	NA	NA	NA	NA	NA
NC_045512.2	26576	A	T	10258	6301	48	2	2	22	0.000194894	10262	1	FALSE	NA	NA	NA	NA	NA	NA
NC_045512.2	26576	A	G	10258	6301	48	2	2	30	0.000194894	10262	0.996832	FALSE	NA	NA	NA	NA	NA	NA
NC_045512.2	26577	C	T	1	1	27	2	2	34	0.000191351	10452	3.62155e-06	TRUE	NA	NA	NA	NA	NA	NA
NC_045512.2	26577	C	G	1	1	27	10449	6292	48	0.999713	10452	0	TRUE	NA	NA	NA	NA	NA	NA
NC_045512.2	26578	A	G	10382	6395	47	1	1	24	9.63113e-05	10383	1	FALSE	NA	NA	NA	NA	NA	NA
NC_045512.2	26579	A	G	10414	6375	48	1	1	68	9.60154e-05	10415	0.500024	FALSE	NA	NA	NA	NA	NA	NA
NC_045512.2	26580	T	G	10395	6309	48	1	0	27	9.61908e-05	10396	1	FALSE	NA	NA	NA	NA	NA	NA
NC_045512.2	26581	G	C	10398	6336	48	1	0	27	9.61538e-05	10400	1	FALSE	NA	NA	NA	NA	NA	NA
NC_045512.2	26581	G	A	10398	6336	48	1	1	68	9.61538e-05	10400	0.5	FALSE	NA	NA	NA	NA	NA	NA
NC_045512.2	26584	A	G	10380	6355	49	1	0	34	9.63298e-05	10381	0.999513	FALSE	NA	NA	NA	NA	NA	NA
NC_045512.2	26585	C	A	10452	6562	49	2	1	30	0.000191314	10454	0.996835	FALSE	NA	NA	NA	NA	NA	NA
NC_045512.2	26587	T	C	10286	6518	50	1	0	68	9.72101e-05	10287	0.500024	FALSE	NA	NA	NA	NA	NA	NA
NC_045512.2	26591	A	T	10275	6582	51	1	1	34	9.73047e-05	10277	0.999513	FALSE	NA	NA	NA	NA	NA	NA
NC_045512.2	26591	A	G	10275	6582	51	1	0	24	9.73047e-05	10277	1	FALSE	NA	NA	NA	NA	NA	NA
NC_045512.2	26592	A	T	10283	6635	51	1	0	24	9.72384e-05	10284	1	FALSE	NA	NA	NA	NA	NA	NA
NC_045512.2	26594	A	T	10020	6759	48	4	2	26	0.000399042	10024	1	FALSE	NA	NA	NA	NA	NA	NA
NC_045512.2	26596	G	T	1	1	34	9134	6201	47	0.999672	9137	0	TRUE	NA	NA	NA	NA	NA	NA
NC_045512.2	26596	G	C	1	1	34	1	0	60	0.000109445	9137	0.000218866	TRUE	NA	NA	NA	NA	NA	NA
NC_045512.2	26596	G	A	1	1	34	1	0	20	0.000109445	9137	0.0200354	FALSE	NA	NA	NA	NA	NA	NA
NC_045512.2	26598	T	C	9835	7030	50	1	1	34	0.000101667	9836	0.999026	FALSE	NA	NA	NA	NA	NA	NA
NC_045512.2	26599	T	A	9801	7003	50	1	0	27	0.00010202	9802	1	FALSE	NA	NA	NA	NA	NA	NA
NC_045512.2	26599	T	+A	9801	7003	50	3	0	20	0.00030606	9802	1	FALSE	NA	NA	NA	NA	NA	NA
NC_045512.2	26600	C	A	9776	7006	50	1	1	34	0.000102281	9777	0.999026	FALSE	NA	NA	NA	NA	NA	NA
NC_045512.2	26602	T	A	9377	6718	47	1	1	34	0.000106633	9378	0.999026	FALSE	NA	NA	NA	NA	NA	NA
NC_045512.2	26604	T	C	9614	6970	50	1	0	68	0.000104004	9615	0.500026	FALSE	NA	NA	NA	NA	NA	NA
NC_045512.2	26605	T	C	9685	7059	50	1	1	34	0.000103231	9687	0.999026	FALSE	NA	NA	NA	NA	NA	NA
NC_045512.2	26605	T	A	9685	7059	50	1	0	68	0.000103231	9687	0.5	FALSE	NA	NA	NA	NA	NA	NA
NC_045512.2	26607	C	T	9291	6707	50	1	0	68	0.000107619	9292	0.500027	FALSE	NA	NA	NA	NA	NA	NA
NC_045512.2	26609	T	G	9249	6666	50	1	1	20	0.000108096	9251	1	FALSE	NA	NA	NA	NA	NA	NA
NC_045512.2	26609	T	C	9249	6666	50	1	1	68	0.000108096	9251	0.5	FALSE	NA	NA	NA	NA	NA	NA
NC_045512.2	26610	A	G	2	2	34	9183	6624	50	0.999782	9185	0	TRUE	NA	NA	NA	NA	NA	NA
NC_045512.2	26611	C	T	9196	6776	49	2	2	68	0.000217439	9198	0.250014	FALSE	NA	NA	NA	NA	NA	NA
NC_045512.2	26612	A	G	9223	6819	48	1	1	68	0.000108401	9225	0.5	FALSE	NA	NA	NA	NA	NA	NA
NC_045512.2	26612	A	C	9223	6819	48	1	0	34	0.000108401	9225	0.999026	FALSE	NA	NA	NA	NA	NA	NA
NC_045512.2	26617	T	G	8636	6468	46	1	1	26	0.000115768	8638	1	FALSE	NA	NA	NA	NA	NA	NA
NC_045512.2	26617	T	A	8636	6468	46	1	1	46	0.000115768	8638	0.5	FALSE	NA	NA	NA	NA	NA	NA
NC_045512.2	26618	T	C	9147	7011	47	1	0	68	0.000109314	9148	0.500027	FALSE	NA	NA	NA	NA	NA	NA
NC_045512.2	26619	T	A	8959	6821	47	2	2	29	0.000223189	8961	1	FALSE	NA	NA	NA	NA	NA	NA
NC_045512.2	26620	G	T	9004	6865	47	1	1	34	0.000111049	9005	0.999026	FALSE	NA	NA	NA	NA	NA	NA
NC_045512.2	26621	T	A	8705	6567	47	3	2	29	0.000344511	8708	1	FALSE	NA	NA	NA	NA	NA	NA
NC_045512.2	26622	C	T	8997	6862	47	4	4	34	0.000444395	9001	0.953935	FALSE	NA	NA	NA	NA	NA	NA
NC_045512.2	26625	C	A	15741	7335	42	1	0	26	6.35243e-05	15742	1	FALSE	NA	NA	NA	NA	NA	NA
NC_045512.2	26626	T	A	15659	7294	42	1	0	26	6.3857e-05	15660	1	FALSE	NA	NA	NA	NA	NA	NA
NC_045512.2	26627	A	T	15631	7345	42	1	1	27	6.39591e-05	15635	1	FALSE	NA	NA	NA	NA	NA	NA
NC_045512.2	26627	A	G	15631	7345	42	3	2	42	0.000191877	15635	0.312488	FALSE	NA	NA	NA	NA	NA	NA
NC_045512.2	26628	C	T	16451	7439	41	1	0	34	6.07755e-05	16454	0.999992	FALSE	NA	NA	NA	NA	NA	NA
NC_045512.2	26628	C	G	16451	7439	41	2	0	34	0.000121551	16454	0.999928	FALSE	NA	NA	NA	NA	NA	NA
NC_045512.2	26628	C	+T	16451	7439	41	1	0	20	6.07755e-05	16454	1	FALSE	NA	NA	NA	NA	NA	NA
NC_045512.2	26629	A	G	15910	7122	41	2	1	34	0.000125683	15913	0.999863	FALSE	NA	NA	NA	NA	NA	NA
NC_045512.2	26629	A	C	15910	7122	41	1	1	34	6.28417e-05	15913	0.999985	FALSE	NA	NA	NA	NA	NA	NA
NC_045512.2	26630	A	T	16141	7161	41	2	0	47	0.000123885	16144	0.5	FALSE	NA	NA	NA	NA	NA	NA
NC_045512.2	26630	A	G	16141	7161	41	1	1	34	6.19425e-05	16144	0.999992	FALSE	NA	NA	NA	NA	NA	NA
NC_045512.2	26631	T	G	15352	6331	40	1	1	24	6.51254e-05	15355	1	FALSE	NA	NA	NA	NA	NA	NA
NC_045512.2	26631	T	C	15352	6331	40	1	0	34	6.51254e-05	15355	0.999985	FALSE	NA	NA	NA	NA	NA	NA
NC_045512.2	26631	T	A	15352	6331	40	1	0	26	6.51254e-05	15355	1	FALSE	NA	NA	NA	NA	NA	NA
NC_045512.2	26632	T	C	16017	7213	42	2	2	51	0.000124852	16019	0.250008	FALSE	NA	NA	NA	NA	NA	NA
NC_045512.2	26633	T	G	16169	7464	42	1	1	34	6.18391e-05	16171	0.999992	FALSE	NA	NA	NA	NA	NA	NA
NC_045512.2	26633	T	A	16169	7464	42	1	1	27	6.18391e-05	16171	1	FALSE	NA	NA	NA	NA	NA	NA
NC_045512.2	26634	G	T	16745	7492	42	1	1	34	5.97122e-05	16747	0.999992	FALSE	NA	NA	NA	NA	NA	NA
NC_045512.2	26634	G	A	16745	7492	42	1	1	68	5.97122e-05	16747	0.5	FALSE	NA	NA	NA	NA	NA	NA
NC_045512.2	26635	C	T	16704	7522	42	7	4	42	0.000418836	16713	0.0351333	FALSE	NA	NA	NA	NA	NA	NA
NC_045512.2	26635	C	G	16704	7522	42	1	0	26	5.98337e-05	16713	1	FALSE	NA	NA	NA	NA	NA	NA
NC_045512.2	26635	C	A	16704	7522	42	1	0	34	5.98337e-05	16713	0.999992	FALSE	NA	NA	NA	NA	NA	NA
NC_045512.2	26636	C	T	16776	7607	42	2	2	26	0.000119182	16781	1	FALSE	NA	NA	NA	NA	NA	NA
NC_045512.2	26636	C	A	16776	7607	42	3	2	34	0.000178774	16781	0.999637	FALSE	NA	NA	NA	NA	NA	NA
NC_045512.2	26636	C	-T	16776	7607	42	1	0	20	5.95912e-05	16781	1	FALSE	NA	NA	NA	NA	NA	NA
NC_045512.2	26637	T	C	16262	7167	42	4	1	32	0.000245897	16267	0.998715	FALSE	NA	NA	NA	NA	NA	NA
NC_045512.2	26637	T	A	16262	7167	42	1	1	27	6.14742e-05	16267	1	FALSE	NA	NA	NA	NA	NA	NA
NC_045512.2	26638	A	T	16495	7555	42	1	1	34	6.06171e-05	16497	0.999992	FALSE	NA	NA	NA	NA	NA	NA
NC_045512.2	26638	A	G	16495	7555	42	1	0	68	6.06171e-05	16497	0.5	FALSE	NA	NA	NA	NA	NA	NA
NC_045512.2	26639	T	C	16551	7440	42	4	1	31	0.000241619	16555	0.998716	FALSE	NA	NA	NA	NA	NA	NA
NC_045512.2	26640	G	T	16806	7598	42	6	3	31	0.000356867	16813	0.991567	FALSE	NA	NA	NA	NA	NA	NA
NC_045512.2	26640	G	A	16806	7598	42	1	1	34	5.94778e-05	16813	0.999992	FALSE	NA	NA	NA	NA	NA	NA
NC_045512.2	26641	C	T	16698	7626	42	1	0	27	5.98767e-05	16701	1	FALSE	NA	NA	NA	NA	NA	NA
NC_045512.2	26641	C	G	16698	7626	42	1	0	34	5.98767e-05	16701	0.999992	FALSE	NA	NA	NA	NA	NA	NA
NC_045512.2	26641	C	A	16698	7626	42	1	0	34	5.98767e-05	16701	0.999992	FALSE	NA	NA	NA	NA	NA	NA
NC_045512.2	26642	C	T	16805	7667	43	2	1	34	0.000118998	16807	0.999928	FALSE	NA	NA	NA	NA	NA	NA
NC_045512.2	26643	A	G	16657	7470	43	1	0	26	6.00312e-05	16658	1	FALSE	NA	NA	NA	NA	NA	NA
NC_045512.2	26644	A	T	13655	7564	39	2	2	27	0.00014637	13664	1	FALSE	NA	NA	NA	NA	NA	NA
NC_045512.2	26644	A	C	13655	7564	39	7	0	29	0.000512295	13664	1	FALSE	NA	NA	NA	NA	NA	NA
NC_045512.2	26646	A	G	16725	7519	42	5	2	40	0.000298864	16730	0.109368	FALSE	NA	NA	NA	NA	NA	NA
NC_045512.2	26647	G	T	18116	7486	42	1	1	34	5.51937e-05	18118	0.999998	FALSE	NA	NA	NA	NA	NA	NA
NC_045512.2	26647	G	C	18116	7486	42	1	1	26	5.51937e-05	18118	1	FALSE	NA	NA	NA	NA	NA	NA
NC_045512.2	26648	G	T	19100	7745	42	1	0	26	5.23396e-05	19106	1	FALSE	NA	NA	NA	NA	NA	NA
NC_045512.2	26648	G	A	19100	7745	42	5	0	34	0.000261698	19106	0.999231	FALSE	NA	NA	NA	NA	NA	NA
NC_045512.2	26649	A	T	18922	7788	42	1	1	26	5.28346e-05	18927	1	FALSE	NA	NA	NA	NA	NA	NA
NC_045512.2	26649	A	G	18922	7788	42	4	2	40	0.000211338	18927	0.187483	FALSE	NA	NA	NA	NA	NA	NA
NC_045512.2	26650	A	G	19051	7884	43	1	0	26	5.24879e-05	19052	1	FALSE	NA	NA	NA	NA	NA	NA
NC_045512.2	26652	A	T	18406	7883	41	3	1	26	0.000162964	18409	1	FALSE	NA	NA	NA	NA	NA	NA
NC_045512.2	26653	G	T	19426	7898	42	2	2	26	0.000102939	19429	1	FALSE	NA	NA	NA	NA	NA	NA
NC_045512.2	26653	G	A	19426	7898	42	1	0	34	5.14695e-05	19429	0.999999	FALSE	NA	NA	NA	NA	NA	NA
NC_045512.2	26658	T	C	18848	7378	43	3	2	34	0.000159143	18851	0.99989	FALSE	NA	NA	NA	NA	NA	NA
NC_045512.2	26659	T	G	18817	7432	44	1	1	68	5.31293e-05	18822	0.49996	FALSE	NA	NA	NA	NA	NA	NA
NC_045512.2	26659	T	C	18817	7432	44	4	2	34	0.000212517	18822	0.999574	FALSE	NA	NA	NA	NA	NA	NA
NC_045512.2	26660	G	C	19298	7401	43	2	2	34	0.000103627	19300	0.99999	FALSE	NA	NA	NA	NA	NA	NA
NC_045512.2	26661	T	C	19288	7408	43	2	1	47	0.000103665	19293	0.499961	FALSE	NA	NA	NA	NA	NA	NA
NC_045512.2	26661	T	A	19288	7408	43	3	0	31	0.000155497	19293	0.99994	FALSE	NA	NA	NA	NA	NA	NA
NC_045512.2	26662	A	G	19219	7303	43	1	1	46	5.20291e-05	19220	0.75002	FALSE	NA	NA	NA	NA	NA	NA
NC_045512.2	26663	T	A	19062	7109	43	2	1	22	0.00010491	19064	1	FALSE	NA	NA	NA	NA	NA	NA
NC_045512.2	26665	T	C	19333	7376	43	1	1	24	5.17197e-05	19335	1	FALSE	NA	NA	NA	NA	NA	NA
NC_045512.2	26665	T	A	19333	7376	43	1	1	26	5.17197e-05	19335	1	FALSE	NA	NA	NA	NA	NA	NA
NC_045512.2	26665	T	-A	19333	7376	43	1	0	20	5.17197e-05	19335	1	FALSE	NA	NA	NA	NA	NA	NA
NC_045512.2	26666	A	T	19365	7424	43	1	0	34	5.16342e-05	19367	0.999999	FALSE	NA	NA	NA	NA	NA	NA
NC_045512.2	26666	A	G	19365	7424	43	1	1	34	5.16342e-05	19367	0.999999	FALSE	NA	NA	NA	NA	NA	NA
NC_045512.2	26667	A	T	19472	7464	44	1	1	34	5.13479e-05	19475	0.999999	FALSE	NA	NA	NA	NA	NA	NA
NC_045512.2	26667	A	G	19472	7464	44	2	1	34	0.000102696	19475	0.99999	FALSE	NA	NA	NA	NA	NA	NA
NC_045512.2	26668	T	C	19056	7299	43	1	0	68	5.24742e-05	19057	0.500013	FALSE	NA	NA	NA	NA	NA	NA
NC_045512.2	26669	T	C	17268	7082	41	2	1	29	0.000115808	17270	1	FALSE	NA	NA	NA	NA	NA	NA
NC_045512.2	26670	A	G	19233	7275	43	4	2	42	0.000207933	19237	0.1875	FALSE	NA	NA	NA	NA	NA	NA
NC_045512.2	26671	A	G	17639	7272	41	1	1	34	5.66893e-05	17640	0.999996	FALSE	NA	NA	NA	NA	NA	NA
NC_045512.2	26672	G	C	19257	7292	43	1	1	34	5.19265e-05	19258	0.999999	FALSE	NA	NA	NA	NA	NA	NA
NC_045512.2	26673	T	G	17807	5815	41	1	1	26	5.61482e-05	17810	1	FALSE	NA	NA	NA	NA	NA	NA
NC_045512.2	26673	T	A	17807	5815	41	2	0	30	0.000112296	17810	0.999962	FALSE	NA	NA	NA	NA	NA	NA
NC_045512.2	26674	T	C	19154	7219	43	2	2	29	0.000104406	19156	1	FALSE	NA	NA	NA	NA	NA	NA
NC_045512.2	26675	A	G	19034	7234	43	1	1	34	5.25348e-05	19035	0.999999	FALSE	NA	NA	NA	NA	NA	NA
NC_045512.2	26676	A	T	18986	7560	44	1	1	68	5.26676e-05	18987	0.500013	FALSE	NA	NA	NA	NA	NA	NA
NC_045512.2	26678	T	C	19383	7603	44	1	0	34	5.15889e-05	19384	0.999999	FALSE	NA	NA	NA	NA	NA	NA
NC_045512.2	26679	T	A	19451	7682	44	1	0	34	5.14086e-05	19452	0.999999	FALSE	NA	NA	NA	NA	NA	NA
NC_045512.2	26680	T	C	19472	7710	44	1	1	68	5.13532e-05	19473	0.500013	FALSE	NA	NA	NA	NA	NA	NA
NC_045512.2	26681	C	T	2	2	29	18127	6515	41	0.99989	18129	0	TRUE	NA	NA	NA	NA	NA	NA
NC_045512.2	26682	C	T	19368	7882	43	3	1	31	0.000154855	19373	0.99994	FALSE	NA	NA	NA	NA	NA	NA
NC_045512.2	26682	C	G	19368	7882	43	2	1	34	0.000103236	19373	0.99999	FALSE	NA	NA	NA	NA	NA	NA
NC_045512.2	26683	T	C	19244	7723	43	2	1	34	0.000103912	19247	0.99999	FALSE	NA	NA	NA	NA	NA	NA
NC_045512.2	26683	T	A	19244	7723	43	1	1	26	5.19561e-05	19247	1	FALSE	NA	NA	NA	NA	NA	NA
NC_045512.2	26684	C	G	19392	8228	43	2	1	30	0.000103125	19394	0.99999	FALSE	NA	NA	NA	NA	NA	NA
NC_045512.2	26685	T	A	19052	7848	43	1	1	68	5.24852e-05	19053	0.500013	FALSE	NA	NA	NA	NA	NA	NA
NC_045512.2	26687	G	T	13133	3342	47	6326	5243	41	0.325094	19459	0	TRUE	NA	NA	NA	NA	NA	NA
NC_045512.2	26688	C	T	19420	8606	44	4	1	34	0.000205931	19424	0.999757	FALSE	NA	NA	NA	NA	NA	NA
NC_045512.2	26689	T	C	19514	8425	44	1	0	34	5.12374e-05	19517	0.999999	FALSE	NA	NA	NA	NA	NA	NA
NC_045512.2	26689	T	A	19514	8425	44	2	2	23	0.000102475	19517	1	FALSE	NA	NA	NA	NA	NA	NA
NC_045512.2	26690	G	A	21888	8803	44	3	1	45	0.000137043	21891	0.500021	FALSE	NA	NA	NA	NA	NA	NA
NC_045512.2	26691	T	C	21836	8850	44	5	4	41	0.000228885	21845	0.226487	FALSE	NA	NA	NA	NA	NA	NA
NC_045512.2	26691	T	A	21836	8850	44	4	0	34	0.000183108	21845	0.999922	FALSE	NA	NA	NA	NA	NA	NA
NC_045512.2	26692	T	C	21533	8568	44	1	1	68	4.64382e-05	21534	0.500012	FALSE	NA	NA	NA	NA	NA	NA
NC_045512.2	26693	A	T	17534	9173	41	24	0	27	0.00136674	17560	1	FALSE	NA	NA	NA	NA	NA	NA
NC_045512.2	26693	A	G	17534	9173	41	2	1	68	0.000113895	17560	0.249665	FALSE	NA	NA	NA	NA	NA	NA
NC_045512.2	26694	T	G	21888	8978	44	1	0	34	4.5683e-05	21890	1	FALSE	NA	NA	NA	NA	NA	NA
NC_045512.2	26694	T	C	21888	8978	44	1	0	60	4.5683e-05	21890	0.5	FALSE	NA	NA	NA	NA	NA	NA
NC_045512.2	26695	G	T	21812	8784	44	2	2	30	9.16758e-05	21816	0.999997	FALSE	NA	NA	NA	NA	NA	NA
NC_045512.2	26695	G	C	21812	8784	44	1	1	34	4.58379e-05	21816	1	FALSE	NA	NA	NA	NA	NA	NA
NC_045512.2	26695	G	A	21812	8784	44	1	1	34	4.58379e-05	21816	1	FALSE	NA	NA	NA	NA	NA	NA
NC_045512.2	26696	G	T	22015	8862	44	2	1	25	9.08348e-05	22018	1	FALSE	NA	NA	NA	NA	NA	NA
NC_045512.2	26696	G	A	22015	8862	44	1	0	34	4.54174e-05	22018	1	FALSE	NA	NA	NA	NA	NA	NA
NC_045512.2	26697	C	T	21727	8623	44	2	2	34	9.20387e-05	21730	0.999997	FALSE	NA	NA	NA	NA	NA	NA
NC_045512.2	26697	C	G	21727	8623	44	1	0	26	4.60193e-05	21730	1	FALSE	NA	NA	NA	NA	NA	NA
NC_045512.2	26698	C	T	21782	8687	44	1	1	34	4.59074e-05	21783	1	FALSE	NA	NA	NA	NA	NA	NA
NC_045512.2	26699	A	T	20551	7592	44	2	1	26	9.72999e-05	20555	1	FALSE	NA	NA	NA	NA	NA	NA
NC_045512.2	26699	A	G	20551	7592	44	2	1	30	9.72999e-05	20555	0.999995	FALSE	NA	NA	NA	NA	NA	NA
NC_045512.2	26700	G	A	20428	7306	44	1	0	68	4.895e-05	20429	0.500012	FALSE	NA	NA	NA	NA	NA	NA
NC_045512.2	26701	T	A	20601	7862	45	1	0	34	4.8539e-05	20602	1	FALSE	NA	NA	NA	NA	NA	NA
NC_045512.2	26701	T	-AACTTTAGC	20601	7862	45	1	0	20	4.8539e-05	20602	1	FALSE	NA	NA	NA	NA	NA	NA
NC_045512.2	26702	A	T	20374	7943	45	1	0	27	4.90798e-05	20375	1	FALSE	NA	NA	NA	NA	NA	NA
NC_045512.2	26703	A	T	21085	8027	45	2	1	25	9.48362e-05	21089	1	FALSE	NA	NA	NA	NA	NA	NA
NC_045512.2	26703	A	G	21085	8027	45	2	1	29	9.48362e-05	21089	1	FALSE	NA	NA	NA	NA	NA	NA
NC_045512.2	26704	C	G	21228	7975	45	1	0	34	4.71009e-05	21231	1	FALSE	NA	NA	NA	NA	NA	NA
NC_045512.2	26704	C	A	21228	7975	45	2	0	30	9.42019e-05	21231	0.999997	FALSE	NA	NA	NA	NA	NA	NA
NC_045512.2	26705	T	G	21131	7874	45	1	1	34	4.73149e-05	21135	1	FALSE	NA	NA	NA	NA	NA	NA
NC_045512.2	26705	T	A	21131	7874	45	3	0	31	0.000141945	21135	0.999982	FALSE	NA	NA	NA	NA	NA	NA
NC_045512.2	26706	T	G	21014	7735	45	1	0	68	4.75805e-05	21017	0.499976	FALSE	NA	NA	NA	NA	NA	NA
NC_045512.2	26706	T	C	21014	7735	45	2	1	34	9.51611e-05	21017	0.999997	FALSE	NA	NA	NA	NA	NA	NA
NC_045512.2	26707	T	A	21098	7832	45	2	1	30	9.47867e-05	21100	0.999997	FALSE	NA	NA	NA	NA	NA	NA
NC_045512.2	26708	A	G	21297	7838	45	1	1	26	4.69528e-05	21298	1	FALSE	NA	NA	NA	NA	NA	NA
NC_045512.2	26709	G	C	0	0	0	2	0	30	0.000102171	19575	1.09592e-06	TRUE	NA	NA	NA	NA	NA	NA
NC_045512.2	26709	G	A	0	0	0	19573	7879	43	0.999898	19575	0	TRUE	NA	NA	NA	NA	NA	NA
NC_045512.2	26711	T	A	21175	7829	45	2	0	26	9.44421e-05	21177	1	FALSE	NA	NA	NA	NA	NA	NA
NC_045512.2	26712	T	G	20885	7595	45	1	0	34	4.78721e-05	20889	1	FALSE	NA	NA	NA	NA	NA	NA
NC_045512.2	26712	T	C	20885	7595	45	2	1	30	9.57442e-05	20889	0.999995	FALSE	NA	NA	NA	NA	NA	NA
NC_045512.2	26712	T	A	20885	7595	45	1	0	26	4.78721e-05	20889	1	FALSE	NA	NA	NA	NA	NA	NA
NC_045512.2	26714	T	G	21803	7669	45	5	0	34	0.000229253	21810	0.999734	FALSE	NA	NA	NA	NA	NA	NA
NC_045512.2	26714	T	C	21803	7669	45	1	0	46	4.58505e-05	21810	0.874966	FALSE	NA	NA	NA	NA	NA	NA
NC_045512.2	26714	T	A	21803	7669	45	1	0	34	4.58505e-05	21810	1	FALSE	NA	NA	NA	NA	NA	NA
NC_045512.2	26715	T	G	20784	6605	43	1	1	24	4.81116e-05	20785	1	FALSE	NA	NA	NA	NA	NA	NA
NC_045512.2	26716	T	C	21890	7690	45	1	0	34	4.56809e-05	21891	1	FALSE	NA	NA	NA	NA	NA	NA
NC_045512.2	26717	T	C	21784	7591	45	3	1	56	0.000137697	21787	0.125	FALSE	NA	NA	NA	NA	NA	NA
NC_045512.2	26719	T	C	21613	7614	45	1	1	60	4.6262e-05	21616	0.499988	FALSE	NA	NA	NA	NA	NA	NA
NC_045512.2	26719	T	A	21613	7614	45	2	0	30	9.25241e-05	21616	0.999997	FALSE	NA	NA	NA	NA	NA	NA
NC_045512.2	26720	G	T	21876	7565	45	2	2	34	9.1416e-05	21878	0.999997	FALSE	NA	NA	NA	NA	NA	NA
NC_045512.2	26721	C	T	21584	7585	45	4	1	37	0.000185271	21590	0.999922	FALSE	NA	NA	NA	NA	NA	NA
NC_045512.2	26721	C	G	21584	7585	45	2	1	30	9.26355e-05	21590	0.999997	FALSE	NA	NA	NA	NA	NA	NA
NC_045512.2	26722	T	G	21474	7045	46	2	0	30	9.31229e-05	21477	0.999997	FALSE	NA	NA	NA	NA	NA	NA
NC_045512.2	26722	T	C	21474	7045	46	1	1	34	4.65614e-05	21477	1	FALSE	NA	NA	NA	NA	NA	NA
NC_045512.2	26723	T	C	21467	7080	46	4	1	42	0.000186289	21472	0.343739	FALSE	NA	NA	NA	NA	NA	NA
NC_045512.2	26723	T	A	21467	7080	46	1	0	34	4.65723e-05	21472	1	FALSE	NA	NA	NA	NA	NA	NA
NC_045512.2	26724	G	C	21391	7077	45	1	0	68	4.67464e-05	21392	0.500012	FALSE	NA	NA	NA	NA	NA	NA
NC_045512.2	26725	C	T	21441	7250	45	3	1	45	0.000139886	21446	0.499978	FALSE	NA	NA	NA	NA	NA	NA
NC_045512.2	26725	C	G	21441	7250	45	2	0	30	9.32575e-05	21446	0.999997	FALSE	NA	NA	NA	NA	NA	NA
NC_045512.2	26726	T	A	21643	7292	46	1	0	34	4.62022e-05	21644	1	FALSE	NA	NA	NA	NA	NA	NA
NC_045512.2	26727	G	T	22044	7212	45	1	1	26	4.53597e-05	22046	1	FALSE	NA	NA	NA	NA	NA	NA
NC_045512.2	26727	G	C	22044	7212	45	1	0	27	4.53597e-05	22046	1	FALSE	NA	NA	NA	NA	NA	NA
NC_045512.2	26728	C	T	17852	4515	48	1	0	34	5.59879e-05	17861	0.999996	FALSE	NA	NA	NA	NA	NA	NA
NC_045512.2	26728	C	G	17852	4515	48	1	0	34	5.59879e-05	17861	0.999996	FALSE	NA	NA	NA	NA	NA	NA
NC_045512.2	26728	C	A	17852	4515	48	7	0	31	0.000391915	17861	0.98869	FALSE	NA	NA	NA	NA	NA	NA
NC_045512.2	26729	T	G	18222	4516	48	1	0	34	5.48727e-05	18224	0.999998	FALSE	NA	NA	NA	NA	NA	NA
NC_045512.2	26729	T	C	18222	4516	48	1	0	24	5.48727e-05	18224	1	FALSE	NA	NA	NA	NA	NA	NA
NC_045512.2	26731	T	G	17999	4212	42	1	1	34	5.55525e-05	18001	0.999998	FALSE	NA	NA	NA	NA	NA	NA
NC_045512.2	26731	T	C	17999	4212	42	1	1	34	5.55525e-05	18001	0.999998	FALSE	NA	NA	NA	NA	NA	NA
NC_045512.2	26732	T	C	18451	4598	48	2	1	46	0.000108383	18453	0.50002	FALSE	NA	NA	NA	NA	NA	NA
NC_045512.2	26733	T	C	18462	4624	48	1	1	68	5.41565e-05	18465	0.499986	FALSE	NA	NA	NA	NA	NA	NA
NC_045512.2	26733	T	A	18462	4624	48	2	0	26	0.000108313	18465	1	FALSE	NA	NA	NA	NA	NA	NA
NC_045512.2	26734	A	T	18480	4590	48	1	1	26	5.41038e-05	18483	1	FALSE	NA	NA	NA	NA	NA	NA
NC_045512.2	26734	A	G	18480	4590	48	2	0	68	0.000108208	18483	0.249993	FALSE	NA	NA	NA	NA	NA	NA
NC_045512.2	26736	A	T	18365	4595	48	3	1	33	0.000163319	18369	0.99989	FALSE	NA	NA	NA	NA	NA	NA
NC_045512.2	26736	A	C	18365	4595	48	1	0	26	5.44395e-05	18369	1	FALSE	NA	NA	NA	NA	NA	NA
NC_045512.2	26737	G	T	19184	4635	47	1	0	34	5.21213e-05	19186	0.999999	FALSE	NA	NA	NA	NA	NA	NA
NC_045512.2	26737	G	A	19184	4635	47	1	1	68	5.21213e-05	19186	0.5	FALSE	NA	NA	NA	NA	NA	NA
NC_045512.2	26738	A	T	19318	4792	47	1	1	27	5.17598e-05	19320	1	FALSE	NA	NA	NA	NA	NA	NA
NC_045512.2	26738	A	G	19318	4792	47	1	0	68	5.17598e-05	19320	0.5	FALSE	NA	NA	NA	NA	NA	NA
NC_045512.2	26739	A	G	19346	4799	48	3	1	42	0.000155047	19349	0.31251	FALSE	NA	NA	NA	NA	NA	NA
NC_045512.2	26740	T	A	19246	4836	48	3	0	31	0.000155852	19249	0.99994	FALSE	NA	NA	NA	NA	NA	NA
NC_045512.2	26741	A	T	19008	4826	48	1	0	34	5.26067e-05	19009	0.999999	FALSE	NA	NA	NA	NA	NA	NA
NC_045512.2	26742	A	G	19303	4879	48	1	0	26	5.18027e-05	19304	1	FALSE	NA	NA	NA	NA	NA	NA
NC_045512.2	26743	A	C	18262	4905	47	1	0	26	5.47555e-05	18263	1	FALSE	NA	NA	NA	NA	NA	NA
NC_045512.2	26744	T	G	19437	5114	49	1	0	34	5.14456e-05	19438	0.999999	FALSE	NA	NA	NA	NA	NA	NA
NC_045512.2	26745	T	C	19347	5167	49	4	1	51	0.000206708	19351	0.0624968	FALSE	NA	NA	NA	NA	NA	NA
NC_045512.2	26746	G	A	19378	5170	49	1	0	68	5.16022e-05	19379	0.500013	FALSE	NA	NA	NA	NA	NA	NA
NC_045512.2	26747	G	T	19295	5183	49	1	1	26	5.18242e-05	19296	1	FALSE	NA	NA	NA	NA	NA	NA
NC_045512.2	26748	A	G	19570	5180	49	1	1	34	5.1096e-05	19571	0.999999	FALSE	NA	NA	NA	NA	NA	NA
NC_045512.2	26749	T	C	19529	5204	49	1	1	68	5.11954e-05	19533	0.499974	FALSE	NA	NA	NA	NA	NA	NA
NC_045512.2	26749	T	A	19529	5204	49	3	0	45	0.000153586	19533	0.31249	FALSE	NA	NA	NA	NA	NA	NA
NC_045512.2	26751	A	T	19545	5392	49	1	0	26	5.11587e-05	19547	1	FALSE	NA	NA	NA	NA	NA	NA
NC_045512.2	26751	A	G	19545	5392	49	1	0	24	5.11587e-05	19547	1	FALSE	NA	NA	NA	NA	NA	NA
NC_045512.2	26751	A	-C	19545	5392	49	1	0	20	5.11587e-05	19547	1	FALSE	NA	NA	NA	NA	NA	NA
NC_045512.2	26752	C	T	19605	5639	50	1	0	34	5.10022e-05	19607	0.999999	FALSE	NA	NA	NA	NA	NA	NA
NC_045512.2	26752	C	G	19605	5639	50	1	1	20	5.10022e-05	19607	1	FALSE	NA	NA	NA	NA	NA	NA
NC_045512.2	26753	C	G	19481	5704	50	1	1	27	5.13294e-05	19482	1	FALSE	NA	NA	NA	NA	NA	NA
NC_045512.2	26754	G	A	19579	5711	50	3	1	56	0.000153202	19582	0.125	FALSE	NA	NA	NA	NA	NA	NA
NC_045512.2	26756	T	C	19797	5783	50	2	1	46	0.000101015	19799	0.500019	FALSE	NA	NA	NA	NA	NA	NA
NC_045512.2	26757	G	C	19775	5841	50	1	0	38	5.05663e-05	19776	0.999999	FALSE	NA	NA	NA	NA	NA	NA
NC_045512.2	26759	A	T	19062	6855	49	1	1	27	5.24439e-05	19068	1	FALSE	NA	NA	NA	NA	NA	NA
NC_045512.2	26759	A	G	19062	6855	49	5	0	47	0.000262219	19068	0.109357	FALSE	NA	NA	NA	NA	NA	NA
NC_045512.2	26760	A	G	19894	6891	52	1	1	60	5.02639e-05	19895	0.500013	FALSE	NA	NA	NA	NA	NA	NA
NC_045512.2	26762	T	C	19583	8089	54	3	1	54	0.000153171	19586	0.125	FALSE	NA	NA	NA	NA	NA	NA
NC_045512.2	26763	G	T	19873	8124	56	2	0	34	0.000100624	19876	0.99999	FALSE	NA	NA	NA	NA	NA	NA
NC_045512.2	26763	G	A	19873	8124	56	1	1	46	5.03119e-05	19876	0.749994	FALSE	NA	NA	NA	NA	NA	NA
NC_045512.2	26765	T	C	18674	8440	50	5	0	54	0.000267609	18684	0.0312249	FALSE	NA	NA	NA	NA	NA	NA
NC_045512.2	26765	T	A	18674	8440	50	5	4	27	0.000267609	18684	1	FALSE	NA	NA	NA	NA	NA	NA
NC_045512.2	26766	A	G	19384	9218	52	2	1	44	0.000103167	19386	0.500019	FALSE	NA	NA	NA	NA	NA	NA
NC_045512.2	26767	T	C	19285	9404	52	2	1	40	0.000103697	19287	0.500019	FALSE	NA	NA	NA	NA	NA	NA
NC_045512.2	26768	C	T	19550	9442	53	4	2	59	0.000204562	19554	0.0624968	FALSE	NA	NA	NA	NA	NA	NA
NC_045512.2	26769	G	T	19543	9448	53	1	1	68	5.11535e-05	19549	0.499949	FALSE	NA	NA	NA	NA	NA	NA
NC_045512.2	26769	G	A	19543	9448	53	5	1	47	0.000255768	19549	0.109357	FALSE	NA	NA	NA	NA	NA	NA
NC_045512.2	26770	C	T	19353	10072	51	1	1	34	5.16662e-05	19355	0.999999	FALSE	NA	NA	NA	NA	NA	NA
NC_045512.2	26770	C	A	19353	10072	51	1	0	26	5.16662e-05	19355	1	FALSE	NA	NA	NA	NA	NA	NA
NC_045512.2	26771	A	T	19349	10000	51	2	0	26	0.000103343	19353	1	FALSE	NA	NA	NA	NA	NA	NA
NC_045512.2	26771	A	G	19349	10000	51	2	0	51	0.000103343	19353	0.249981	FALSE	NA	NA	NA	NA	NA	NA
NC_045512.2	26773	T	A	19388	10174	51	1	0	26	5.15756e-05	19389	1	FALSE	NA	NA	NA	NA	NA	NA
NC_045512.2	26774	G	T	20570	10374	50	1	0	68	4.86098e-05	20572	0.5	FALSE	NA	NA	NA	NA	NA	NA
NC_045512.2	26774	G	A	20570	10374	50	1	0	26	4.86098e-05	20572	1	FALSE	NA	NA	NA	NA	NA	NA
NC_045512.2	26775	G	A	20591	10348	50	3	1	45	0.000145673	20594	0.500023	FALSE	NA	NA	NA	NA	NA	NA
NC_045512.2	26776	C	T	20449	10313	50	3	1	46	0.000146663	20455	0.499954	FALSE	NA	NA	NA	NA	NA	NA
NC_045512.2	26776	C	G	20449	10313	50	1	1	24	4.88878e-05	20455	1	FALSE	NA	NA	NA	NA	NA	NA
NC_045512.2	26776	C	A	20449	10313	50	2	0	30	9.77756e-05	20455	0.999995	FALSE	NA	NA	NA	NA	NA	NA
NC_045512.2	26777	T	C	20553	10485	51	3	3	54	0.000145943	20556	0.125	FALSE	NA	NA	NA	NA	NA	NA
NC_045512.2	26778	T	C	20478	10435	50	1	1	34	4.88305e-05	20479	1	FALSE	NA	NA	NA	NA	NA	NA
NC_045512.2	26779	G	A	21224	10842	50	1	0	34	4.71143e-05	21225	1	FALSE	NA	NA	NA	NA	NA	NA
NC_045512.2	26780	T	C	21089	10729	49	1	1	34	4.74068e-05	21094	1	FALSE	NA	NA	NA	NA	NA	NA
NC_045512.2	26780	T	A	21089	10729	49	4	0	30	0.000189627	21094	0.999922	FALSE	NA	NA	NA	NA	NA	NA
NC_045512.2	26781	C	T	21451	10895	49	3	3	34	0.000139834	21454	0.999982	FALSE	NA	NA	NA	NA	NA	NA
NC_045512.2	26782	T	C	21593	10964	50	2	2	34	9.26055e-05	21597	0.999997	FALSE	NA	NA	NA	NA	NA	NA
NC_045512.2	26782	T	A	21593	10964	50	2	0	26	9.26055e-05	21597	1	FALSE	NA	NA	NA	NA	NA	NA
NC_045512.2	26783	T	C	20718	10331	50	2	0	36	9.65158e-05	20722	0.999995	FALSE	NA	NA	NA	NA	NA	NA
NC_045512.2	26783	T	A	20718	10331	50	2	1	30	9.65158e-05	20722	0.999995	FALSE	NA	NA	NA	NA	NA	NA
NC_045512.2	26784	G	A	20732	10320	50	3	3	56	0.000144683	20735	0.125	FALSE	NA	NA	NA	NA	NA	NA
NC_045512.2	26785	T	A	20630	10515	49	2	1	47	9.69368e-05	20632	0.687527	FALSE	NA	NA	NA	NA	NA	NA
NC_045512.2	26786	A	T	20682	10545	49	1	1	34	4.83442e-05	20685	1	FALSE	NA	NA	NA	NA	NA	NA
NC_045512.2	26786	A	G	20682	10545	49	1	0	34	4.83442e-05	20685	1	FALSE	NA	NA	NA	NA	NA	NA
NC_045512.2	26786	A	C	20682	10545	49	1	1	27	4.83442e-05	20685	1	FALSE	NA	NA	NA	NA	NA	NA
NC_045512.2	26787	G	A	21371	10627	49	2	2	34	9.3576e-05	21373	0.999997	FALSE	NA	NA	NA	NA	NA	NA
NC_045512.2	26788	G	T	20849	10256	49	2	0	51	9.59003e-05	20855	0.249958	FALSE	NA	NA	NA	NA	NA	NA
NC_045512.2	26788	G	A	20849	10256	49	4	2	42	0.000191801	20855	0.343716	FALSE	NA	NA	NA	NA	NA	NA
NC_045512.2	26789	C	T	20739	10258	49	1	0	34	4.8209e-05	20743	1	FALSE	NA	NA	NA	NA	NA	NA
NC_045512.2	26789	C	G	20739	10258	49	1	0	27	4.8209e-05	20743	1	FALSE	NA	NA	NA	NA	NA	NA
NC_045512.2	26789	C	A	20739	10258	49	2	0	30	9.64181e-05	20743	0.999995	FALSE	NA	NA	NA	NA	NA	NA
NC_045512.2	26790	T	G	19884	9347	46	1	1	26	5.02866e-05	19886	1	FALSE	NA	NA	NA	NA	NA	NA
NC_045512.2	26790	T	A	19884	9347	46	1	0	26	5.02866e-05	19886	1	FALSE	NA	NA	NA	NA	NA	NA
NC_045512.2	26791	T	C	20663	10154	49	2	2	29	9.6782e-05	20665	1	FALSE	NA	NA	NA	NA	NA	NA
NC_045512.2	26792	G	C	20700	10162	49	2	0	57	9.6609e-05	20702	0.250006	FALSE	NA	NA	NA	NA	NA	NA
NC_045512.2	26793	A	G	20991	10278	49	1	1	34	4.76372e-05	20992	1	FALSE	NA	NA	NA	NA	NA	NA
NC_045512.2	26793	A	-TGTG	20991	10278	49	1	0	20	4.76372e-05	20992	1	FALSE	NA	NA	NA	NA	NA	NA
NC_045512.2	26794	T	C	20956	10336	49	7	4	57	0.000333922	20963	0.00780859	TRUE	NA	NA	NA	NA	NA	NA
NC_045512.2	26795	G	T	20948	10364	49	1	1	34	4.77281e-05	20952	1	FALSE	NA	NA	NA	NA	NA	NA
NC_045512.2	26795	G	A	20948	10364	49	3	2	49	0.000143184	20952	0.499978	FALSE	NA	NA	NA	NA	NA	NA
NC_045512.2	26797	G	T	20497	10020	49	2	2	34	9.7561e-05	20500	0.999995	FALSE	NA	NA	NA	NA	NA	NA
NC_045512.2	26797	G	A	20497	10020	49	1	1	26	4.87805e-05	20500	1	FALSE	NA	NA	NA	NA	NA	NA
NC_045512.2	26798	G	C	20250	10424	47	1	1	34	4.93705e-05	20255	1	FALSE	NA	NA	NA	NA	NA	NA
NC_045512.2	26798	G	A	20250	10424	47	4	1	59	0.000197482	20255	0.0624907	FALSE	NA	NA	NA	NA	NA	NA
NC_045512.2	26798	G	+CCCC	20250	10424	47	1	0	20	4.93705e-05	20255	1	FALSE	NA	NA	NA	NA	NA	NA
NC_045512.2	26800	T	C	20207	10824	47	2	0	51	9.89511e-05	20212	0.249969	FALSE	NA	NA	NA	NA	NA	NA
NC_045512.2	26800	T	A	20207	10824	47	3	0	26	0.000148427	20212	1	FALSE	NA	NA	NA	NA	NA	NA
NC_045512.2	26801	C	T	20286	10801	46	1	0	34	4.92927e-05	20287	1	FALSE	NA	NA	NA	NA	NA	NA
NC_045512.2	26802	A	G	20151	10657	47	2	1	29	9.92359e-05	20154	1	FALSE	NA	NA	NA	NA	NA	NA
NC_045512.2	26802	A	C	20151	10657	47	1	1	34	4.96179e-05	20154	1	FALSE	NA	NA	NA	NA	NA	NA
NC_045512.2	26803	G	T	20083	10627	46	1	1	68	4.97834e-05	20087	0.499975	FALSE	NA	NA	NA	NA	NA	NA
NC_045512.2	26803	G	A	20083	10627	46	3	1	34	0.00014935	20087	0.999967	FALSE	NA	NA	NA	NA	NA	NA
NC_045512.2	26804	C	T	20199	11096	46	2	1	34	9.90001e-05	20202	0.999995	FALSE	NA	NA	NA	NA	NA	NA
NC_045512.2	26804	C	A	20199	11096	46	1	0	26	4.95e-05	20202	1	FALSE	NA	NA	NA	NA	NA	NA
NC_045512.2	26805	T	C	20249	11256	47	1	0	68	4.93827e-05	20250	0.500012	FALSE	NA	NA	NA	NA	NA	NA
NC_045512.2	26806	A	T	20038	11071	47	3	1	40	0.000149671	20044	0.499953	FALSE	NA	NA	NA	NA	NA	NA
NC_045512.2	26806	A	G	20038	11071	47	2	2	51	9.97805e-05	20044	0.249956	FALSE	NA	NA	NA	NA	NA	NA
NC_045512.2	26806	A	C	20038	11071	47	1	1	34	4.98902e-05	20044	1	FALSE	NA	NA	NA	NA	NA	NA
NC_045512.2	26807	C	T	20254	11303	47	2	1	51	9.87264e-05	20258	0.249981	FALSE	NA	NA	NA	NA	NA	NA
NC_045512.2	26807	C	G	20254	11303	47	2	1	23	9.87264e-05	20258	1	FALSE	NA	NA	NA	NA	NA	NA
NC_045512.2	26807	C	-T	20254	11303	47	1	0	20	4.93632e-05	20258	1	FALSE	NA	NA	NA	NA	NA	NA
NC_045512.2	26808	T	C	20358	11353	47	2	2	29	9.82318e-05	20360	1	FALSE	NA	NA	NA	NA	NA	NA
NC_045512.2	26809	T	C	20304	11312	47	1	1	34	4.92465e-05	20306	1	FALSE	NA	NA	NA	NA	NA	NA
NC_045512.2	26809	T	A	20304	11312	47	1	1	26	4.92465e-05	20306	1	FALSE	NA	NA	NA	NA	NA	NA
NC_045512.2	26810	C	T	20134	11420	47	1	1	68	4.96598e-05	20137	0.499988	FALSE	NA	NA	NA	NA	NA	NA
NC_045512.2	26810	C	G	20134	11420	47	2	1	26	9.93197e-05	20137	1	FALSE	NA	NA	NA	NA	NA	NA
NC_045512.2	26811	A	T	20113	11353	47	1	1	26	4.97092e-05	20117	1	FALSE	NA	NA	NA	NA	NA	NA
NC_045512.2	26811	A	G	20113	11353	47	1	1	60	4.97092e-05	20117	0.499975	FALSE	NA	NA	NA	NA	NA	NA
NC_045512.2	26811	A	C	20113	11353	47	2	2	34	9.94184e-05	20117	0.999995	FALSE	NA	NA	NA	NA	NA	NA
NC_045512.2	26811	A	-TTGC	20113	11353	47	1	0	20	4.97092e-05	20117	1	FALSE	NA	NA	NA	NA	NA	NA
NC_045512.2	26812	T	G	20211	11493	47	1	1	46	4.94756e-05	20212	0.875009	FALSE	NA	NA	NA	NA	NA	NA
NC_045512.2	26813	T	C	20107	11466	47	3	2	34	0.000149142	20115	0.999967	FALSE	NA	NA	NA	NA	NA	NA
NC_045512.2	26813	T	A	20107	11466	47	5	1	27	0.000248571	20115	1	FALSE	NA	NA	NA	NA	NA	NA
NC_045512.2	26814	G	A	20172	11400	47	2	1	34	9.91375e-05	20174	0.999995	FALSE	NA	NA	NA	NA	NA	NA
NC_045512.2	26815	C	G	20095	11596	47	3	0	31	0.000149269	20098	0.999967	FALSE	NA	NA	NA	NA	NA	NA
NC_045512.2	26816	T	C	19989	11404	47	1	1	34	5.0025e-05	19990	0.999999	FALSE	NA	NA	NA	NA	NA	NA
NC_045512.2	26817	T	C	19320	10870	45	2	2	30	0.000103504	19323	0.99999	FALSE	NA	NA	NA	NA	NA	NA
NC_045512.2	26817	T	A	19320	10870	45	1	0	26	5.17518e-05	19323	1	FALSE	NA	NA	NA	NA	NA	NA
NC_045512.2	26819	T	C	20396	11636	47	2	2	40	9.8044e-05	20399	0.687509	FALSE	NA	NA	NA	NA	NA	NA
NC_045512.2	26819	T	A	20396	11636	47	1	1	46	4.9022e-05	20399	0.875	FALSE	NA	NA	NA	NA	NA	NA
NC_045512.2	26820	T	G	20216	11600	46	1	1	34	4.94535e-05	20221	1	FALSE	NA	NA	NA	NA	NA	NA
NC_045512.2	26820	T	C	20216	11600	46	4	4	43	0.000197814	20221	0.343738	FALSE	NA	NA	NA	NA	NA	NA
NC_045512.2	26821	T	C	20362	11666	47	1	1	27	4.91063e-05	20364	1	FALSE	NA	NA	NA	NA	NA	NA
NC_045512.2	26821	T	A	20362	11666	47	1	0	24	4.91063e-05	20364	1	FALSE	NA	NA	NA	NA	NA	NA
NC_045512.2	26822	C	T	20374	11607	47	3	2	30	0.000147218	20378	0.999967	FALSE	NA	NA	NA	NA	NA	NA
NC_045512.2	26822	C	A	20374	11607	47	1	0	20	4.90725e-05	20378	1	FALSE	NA	NA	NA	NA	NA	NA
NC_045512.2	26823	A	G	20169	11461	47	1	0	34	4.95786e-05	20170	1	FALSE	NA	NA	NA	NA	NA	NA
NC_045512.2	26824	G	T	20228	11387	47	1	1	34	4.94315e-05	20230	1	FALSE	NA	NA	NA	NA	NA	NA
NC_045512.2	26824	G	C	20228	11387	47	1	1	34	4.94315e-05	20230	1	FALSE	NA	NA	NA	NA	NA	NA
NC_045512.2	26825	A	G	20257	11654	47	1	1	34	4.93632e-05	20258	1	FALSE	NA	NA	NA	NA	NA	NA
NC_045512.2	26827	T	A	20135	11473	47	1	1	26	4.96623e-05	20136	1	FALSE	NA	NA	NA	NA	NA	NA
NC_045512.2	26828	G	C	20731	11581	47	1	1	34	4.82323e-05	20733	1	FALSE	NA	NA	NA	NA	NA	NA
NC_045512.2	26828	G	A	20731	11581	47	1	0	34	4.82323e-05	20733	1	FALSE	NA	NA	NA	NA	NA	NA
NC_045512.2	26829	T	G	16982	7782	43	2	1	26	0.000117737	16987	1	FALSE	NA	NA	NA	NA	NA	NA
NC_045512.2	26829	T	C	16982	7782	43	2	2	30	0.000117737	16987	0.999928	FALSE	NA	NA	NA	NA	NA	NA
NC_045512.2	26829	T	A	16982	7782	43	1	0	34	5.88685e-05	16987	0.999992	FALSE	NA	NA	NA	NA	NA	NA
NC_045512.2	26830	T	C	20777	11630	48	4	2	31	0.000192484	20781	0.999862	FALSE	NA	NA	NA	NA	NA	NA
NC_045512.2	26831	T	C	20786	11644	47	7	3	37	0.000336636	20794	0.997045	FALSE	NA	NA	NA	NA	NA	NA
NC_045512.2	26831	T	A	20786	11644	47	1	0	26	4.80908e-05	20794	1	FALSE	NA	NA	NA	NA	NA	NA
NC_045512.2	26832	G	A	20861	11628	48	1	0	26	4.7934e-05	20862	1	FALSE	NA	NA	NA	NA	NA	NA
NC_045512.2	26833	C	T	4	1	34	20556	11444	47	0.999757	20561	0	TRUE	NA	NA	NA	NA	NA	NA
NC_045512.2	26833	C	A	4	1	34	1	0	34	4.86358e-05	20561	0.00509584	TRUE	NA	NA	NA	NA	NA	NA
NC_045512.2	26835	C	T	20323	11613	49	4	4	45	0.000196773	20328	0.343738	FALSE	NA	NA	NA	NA	NA	NA
NC_045512.2	26835	C	A	20323	11613	49	1	1	68	4.91932e-05	20328	0.499963	FALSE	NA	NA	NA	NA	NA	NA
NC_045512.2	26836	G	T	20374	11636	49	1	1	27	4.90701e-05	20379	1	FALSE	NA	NA	NA	NA	NA	NA
NC_045512.2	26836	G	C	20374	11636	49	1	1	34	4.90701e-05	20379	1	FALSE	NA	NA	NA	NA	NA	NA
NC_045512.2	26836	G	A	20374	11636	49	3	3	34	0.00014721	20379	0.999967	FALSE	NA	NA	NA	NA	NA	NA
NC_045512.2	26837	T	C	19154	10629	49	2	2	29	0.000104406	19156	1	FALSE	NA	NA	NA	NA	NA	NA
NC_045512.2	26838	A	T	18857	10643	47	1	1	26	5.30223e-05	18860	1	FALSE	NA	NA	NA	NA	NA	NA
NC_045512.2	26838	A	G	18857	10643	47	1	1	34	5.30223e-05	18860	0.999998	FALSE	NA	NA	NA	NA	NA	NA
NC_045512.2	26838	A	C	18857	10643	47	1	1	34	5.30223e-05	18860	0.999998	FALSE	NA	NA	NA	NA	NA	NA
NC_045512.2	26839	C	T	19194	10808	49	5	1	40	0.000260417	19200	0.109357	FALSE	NA	NA	NA	NA	NA	NA
NC_045512.2	26839	C	G	19194	10808	49	1	1	26	5.20833e-05	19200	1	FALSE	NA	NA	NA	NA	NA	NA
NC_045512.2	26840	G	A	19175	10841	49	1	1	34	5.21485e-05	19176	0.999999	FALSE	NA	NA	NA	NA	NA	NA
NC_045512.2	26841	C	G	19062	11515	47	2	1	26	0.00010491	19064	1	FALSE	NA	NA	NA	NA	NA	NA
NC_045512.2	26842	G	A	19117	11552	47	1	0	34	5.23067e-05	19118	0.999999	FALSE	NA	NA	NA	NA	NA	NA
NC_045512.2	26843	T	C	19109	11884	47	1	1	38	5.23286e-05	19110	0.999999	FALSE	NA	NA	NA	NA	NA	NA
NC_045512.2	26844	T	C	19997	14099	52	3	2	45	0.00015	20000	0.5	FALSE	NA	NA	NA	NA	NA	NA
NC_045512.2	26845	C	A	19975	14127	51	1	1	34	5.00601e-05	19976	0.999999	FALSE	NA	NA	NA	NA	NA	NA
NC_045512.2	26846	C	G	19898	14217	51	1	1	34	5.02513e-05	19900	0.999999	FALSE	NA	NA	NA	NA	NA	NA
NC_045512.2	26846	C	A	19898	14217	51	1	0	20	5.02513e-05	19900	1	FALSE	NA	NA	NA	NA	NA	NA
NC_045512.2	26847	A	G	19964	14289	52	1	0	60	5.00877e-05	19965	0.500013	FALSE	NA	NA	NA	NA	NA	NA
NC_045512.2	26848	T	C	19988	14331	52	3	3	31	0.000150068	19991	0.99994	FALSE	NA	NA	NA	NA	NA	NA
NC_045512.2	26849	G	A	20011	14378	51	1	1	68	4.997e-05	20012	0.500012	FALSE	NA	NA	NA	NA	NA	NA
NC_045512.2	26850	T	C	19257	13684	52	1	1	34	5.19265e-05	19258	0.999999	FALSE	NA	NA	NA	NA	NA	NA
NC_045512.2	26853	T	G	19160	13665	52	2	0	25	0.000104373	19162	1	FALSE	NA	NA	NA	NA	NA	NA
NC_045512.2	26854	C	T	19040	13795	51	1	0	68	5.25183e-05	19041	0.500013	FALSE	NA	NA	NA	NA	NA	NA
NC_045512.2	26855	A	T	19080	13831	51	1	1	34	5.23999e-05	19084	0.999999	FALSE	NA	NA	NA	NA	NA	NA
NC_045512.2	26855	A	G	19080	13831	51	3	2	45	0.0001572	19084	0.31249	FALSE	NA	NA	NA	NA	NA	NA
NC_045512.2	26857	T	C	18766	13507	51	1	1	68	5.3285e-05	18767	0.500013	FALSE	NA	NA	NA	NA	NA	NA
NC_045512.2	26858	C	T	1	1	24	18998	13759	51	0.999947	18999	0	TRUE	NA	NA	NA	NA	NA	NA
NC_045512.2	26859	A	G	18954	13751	51	2	2	40	0.000105507	18956	0.50002	FALSE	NA	NA	NA	NA	NA	NA
NC_045512.2	26860	A	T	19059	13837	51	1	1	26	5.24631e-05	19061	1	FALSE	NA	NA	NA	NA	NA	NA
NC_045512.2	26860	A	G	19059	13837	51	1	0	68	5.24631e-05	19061	0.5	FALSE	NA	NA	NA	NA	NA	NA
NC_045512.2	26861	T	C	19131	13960	51	2	1	57	0.000104531	19133	0.250007	FALSE	NA	NA	NA	NA	NA	NA
NC_045512.2	26862	C	T	19007	13853	51	1	1	34	5.26067e-05	19009	0.999999	FALSE	NA	NA	NA	NA	NA	NA
NC_045512.2	26862	C	G	19007	13853	51	1	1	34	5.26067e-05	19009	0.999999	FALSE	NA	NA	NA	NA	NA	NA
NC_045512.2	26863	C	T	18928	14221	49	3	2	42	0.000158462	18932	0.31249	FALSE	NA	NA	NA	NA	NA	NA
NC_045512.2	26863	C	A	18928	14221	49	1	0	20	5.28206e-05	18932	1	FALSE	NA	NA	NA	NA	NA	NA
NC_045512.2	26864	A	G	18784	14072	50	1	1	34	5.3234e-05	18785	0.999998	FALSE	NA	NA	NA	NA	NA	NA
NC_045512.2	26866	A	G	18795	14063	49	2	1	51	0.0001064	18797	0.250007	FALSE	NA	NA	NA	NA	NA	NA
NC_045512.2	26867	A	G	18819	14052	50	2	1	36	0.000106264	18821	0.99998	FALSE	NA	NA	NA	NA	NA	NA
NC_045512.2	26868	A	T	18804	14096	48	1	1	27	5.31717e-05	18807	1	FALSE	NA	NA	NA	NA	NA	NA
NC_045512.2	26868	A	G	18804	14096	48	2	1	53	0.000106343	18807	0.249993	FALSE	NA	NA	NA	NA	NA	NA
NC_045512.2	26869	C	T	18953	14180	50	2	1	43	0.000105513	18955	0.50002	FALSE	NA	NA	NA	NA	NA	NA
NC_045512.2	26870	T	C	18865	14120	49	1	0	52	5.30026e-05	18867	0.5	FALSE	NA	NA	NA	NA	NA	NA
NC_045512.2	26870	T	A	18865	14120	49	1	0	34	5.30026e-05	18867	0.999998	FALSE	NA	NA	NA	NA	NA	NA
NC_045512.2	26871	A	T	18724	13972	50	1	0	68	5.34045e-05	18725	0.500013	FALSE	NA	NA	NA	NA	NA	NA
NC_045512.2	26872	A	T	18871	14165	48	1	1	26	5.29886e-05	18872	1	FALSE	NA	NA	NA	NA	NA	NA
NC_045512.2	26873	C	A	18887	14202	49	1	1	34	5.29437e-05	18888	0.999998	FALSE	NA	NA	NA	NA	NA	NA
NC_045512.2	26874	A	T	18919	14245	48	1	1	26	5.28541e-05	18920	1	FALSE	NA	NA	NA	NA	NA	NA
NC_045512.2	26875	T	C	18928	14245	49	2	1	68	0.000105652	18930	0.250007	FALSE	NA	NA	NA	NA	NA	NA
NC_045512.2	26876	T	C	18087	13450	48	1	1	34	5.52822e-05	18089	0.999998	FALSE	NA	NA	NA	NA	NA	NA
NC_045512.2	26876	T	A	18087	13450	48	1	0	60	5.52822e-05	18089	0.5	FALSE	NA	NA	NA	NA	NA	NA
NC_045512.2	26877	C	A	18737	14369	49	1	1	34	5.33675e-05	18738	0.999998	FALSE	NA	NA	NA	NA	NA	NA
NC_045512.2	26877	C	-T	18737	14369	49	1	0	20	5.33675e-05	18738	1	FALSE	NA	NA	NA	NA	NA	NA
NC_045512.2	26878	T	C	18298	13973	49	2	1	47	0.00010929	18300	0.5	FALSE	NA	NA	NA	NA	NA	NA
NC_045512.2	26879	T	C	17061	12713	45	3	1	56	0.000175778	17067	0.124967	FALSE	NA	NA	NA	NA	NA	NA
NC_045512.2	26879	T	A	17061	12713	45	3	2	22	0.000175778	17067	1	FALSE	NA	NA	NA	NA	NA	NA
NC_045512.2	26880	C	T	18283	14002	49	1	1	26	5.46926e-05	18284	1	FALSE	NA	NA	NA	NA	NA	NA
NC_045512.2	26881	T	C	18176	13871	49	2	2	34	0.000110023	18178	0.99998	FALSE	NA	NA	NA	NA	NA	NA
NC_045512.2	26881	T	-C	18176	13871	49	1	0	20	5.50116e-05	18178	1	FALSE	NA	NA	NA	NA	NA	NA
NC_045512.2	26882	C	T	18167	13949	48	1	1	34	5.50418e-05	18168	0.999998	FALSE	NA	NA	NA	NA	NA	NA
NC_045512.2	26883	A	T	18111	13918	49	2	2	30	0.000110418	18113	0.99998	FALSE	NA	NA	NA	NA	NA	NA
NC_045512.2	26884	A	T	17993	13781	47	2	2	51	0.000111136	17996	0.249993	FALSE	NA	NA	NA	NA	NA	NA
NC_045512.2	26884	A	G	17993	13781	47	1	1	34	5.55679e-05	17996	0.999996	FALSE	NA	NA	NA	NA	NA	NA
NC_045512.2	26885	C	T	18150	13949	49	1	1	26	5.50934e-05	18151	1	FALSE	NA	NA	NA	NA	NA	NA
NC_045512.2	26887	T	C	17966	13771	48	1	0	68	5.56576e-05	17967	0.500014	FALSE	NA	NA	NA	NA	NA	NA
NC_045512.2	26888	G	A	17344	13472	47	3	3	45	0.000172941	17347	0.312511	FALSE	NA	NA	NA	NA	NA	NA
NC_045512.2	26889	C	T	17912	14066	47	3	3	49	0.000167439	17917	0.312469	FALSE	NA	NA	NA	NA	NA	NA
NC_045512.2	26889	C	G	17912	14066	47	2	1	25	0.000111626	17917	1	FALSE	NA	NA	NA	NA	NA	NA
NC_045512.2	26890	C	T	17897	14034	47	2	2	30	0.000111738	17899	0.999962	FALSE	NA	NA	NA	NA	NA	NA
NC_045512.2	26893	T	C	17743	13965	48	3	2	56	0.000169052	17746	0.125	FALSE	NA	NA	NA	NA	NA	NA
NC_045512.2	26894	C	G	17643	13875	47	1	1	26	5.66765e-05	17644	1	FALSE	NA	NA	NA	NA	NA	NA
NC_045512.2	26895	C	T	17129	13382	48	2	2	30	0.000116747	17131	0.999962	FALSE	NA	NA	NA	NA	NA	NA
NC_045512.2	26896	A	G	17000	13260	48	1	1	24	5.88201e-05	17001	1	FALSE	NA	NA	NA	NA	NA	NA
NC_045512.2	26897	T	G	16952	13233	48	1	0	27	5.89692e-05	16958	1	FALSE	NA	NA	NA	NA	NA	NA
NC_045512.2	26897	T	C	16952	13233	48	3	1	68	0.000176908	16958	0.124967	FALSE	NA	NA	NA	NA	NA	NA
NC_045512.2	26897	T	A	16952	13233	48	2	1	51	0.000117938	16958	0.249948	FALSE	NA	NA	NA	NA	NA	NA
NC_045512.2	26901	A	T	16525	12863	47	1	1	34	6.04961e-05	16530	0.999992	FALSE	NA	NA	NA	NA	NA	NA
NC_045512.2	26901	A	G	16525	12863	47	4	3	38	0.000241984	16530	0.998715	FALSE	NA	NA	NA	NA	NA	NA
NC_045512.2	26903	T	A	15512	11961	47	1	1	26	6.44621e-05	15513	1	FALSE	NA	NA	NA	NA	NA	NA
NC_045512.2	26904	A	-T	15962	12415	47	1	0	20	6.26488e-05	15962	1	FALSE	NA	NA	NA	NA	NA	NA
NC_045512.2	26905	T	C	16035	12473	48	3	3	56	0.000187044	16039	0.124977	FALSE	NA	NA	NA	NA	NA	NA
NC_045512.2	26905	T	A	16035	12473	48	1	1	34	6.2348e-05	16039	0.999992	FALSE	NA	NA	NA	NA	NA	NA
NC_045512.2	26906	T	C	15819	12399	47	6	6	38	0.000379147	15825	0.986728	FALSE	NA	NA	NA	NA	NA	NA
NC_045512.2	26907	C	T	15977	12592	47	1	1	34	6.25821e-05	15979	0.999985	FALSE	NA	NA	NA	NA	NA	NA
NC_045512.2	26907	C	A	15977	12592	47	1	0	34	6.25821e-05	15979	0.999985	FALSE	NA	NA	NA	NA	NA	NA
NC_045512.2	26909	G	A	13807	10587	49	1	1	68	7.24218e-05	13808	0.500018	FALSE	NA	NA	NA	NA	NA	NA
NC_045512.2	26910	A	T	13797	10548	49	1	1	34	7.24638e-05	13800	0.999939	FALSE	NA	NA	NA	NA	NA	NA
NC_045512.2	26910	A	G	13797	10548	49	2	1	51	0.000144928	13800	0.249991	FALSE	NA	NA	NA	NA	NA	NA
NC_045512.2	26911	C	T	13798	10564	49	4	4	32	0.000289813	13802	0.993653	FALSE	NA	NA	NA	NA	NA	NA
NC_045512.2	26912	C	T	13704	10512	48	1	1	34	7.29607e-05	13706	0.999939	FALSE	NA	NA	NA	NA	NA	NA
NC_045512.2	26912	C	A	13704	10512	48	1	0	27	7.29607e-05	13706	1	FALSE	NA	NA	NA	NA	NA	NA
NC_045512.2	26913	A	T	11082	8094	51	1	0	26	9.02283e-05	11083	1	FALSE	NA	NA	NA	NA	NA	NA
NC_045512.2	26914	G	T	11081	8098	51	1	1	34	9.02364e-05	11082	0.999757	FALSE	NA	NA	NA	NA	NA	NA
NC_045512.2	26915	A	T	11051	8072	50	1	1	27	9.04814e-05	11052	1	FALSE	NA	NA	NA	NA	NA	NA
NC_045512.2	26916	C	G	11037	8051	51	1	0	24	9.05961e-05	11038	1	FALSE	NA	NA	NA	NA	NA	NA
NC_045512.2	26918	G	A	10603	7675	51	2	0	68	0.00018859	10605	0.250012	FALSE	NA	NA	NA	NA	NA	NA
NC_045512.2	26921	T	C	10307	7436	49	1	1	24	9.7012e-05	10308	1	FALSE	NA	NA	NA	NA	NA	NA
NC_045512.2	26923	T	C	10569	7696	51	2	1	51	0.000189197	10571	0.250012	FALSE	NA	NA	NA	NA	NA	NA
NC_045512.2	26927	A	T	10529	8101	49	1	1	24	9.49487e-05	10532	1	FALSE	NA	NA	NA	NA	NA	NA
NC_045512.2	26927	A	G	10529	8101	49	2	2	30	0.000189897	10532	0.996833	FALSE	NA	NA	NA	NA	NA	NA
NC_045512.2	26930	T	A	10033	7974	46	1	0	24	9.96612e-05	10034	1	FALSE	NA	NA	NA	NA	NA	NA
NC_045512.2	26931	G	T	10021	7983	47	1	1	26	9.97805e-05	10022	1	FALSE	NA	NA	NA	NA	NA	NA
NC_045512.2	26932	A	G	10003	8025	46	1	1	26	9.996e-05	10004	1	FALSE	NA	NA	NA	NA	NA	NA
NC_045512.2	26933	A	T	9986	7991	45	1	1	34	0.00010011	9989	0.999025	FALSE	NA	NA	NA	NA	NA	NA
NC_045512.2	26933	A	G	9986	7991	45	1	0	46	0.00010011	9989	0.499975	FALSE	NA	NA	NA	NA	NA	NA
NC_045512.2	26933	A	C	9986	7991	45	1	0	27	0.00010011	9989	1	FALSE	NA	NA	NA	NA	NA	NA
NC_045512.2	26935	T	C	9891	7914	46	2	2	34	0.000202163	9893	0.994154	FALSE	NA	NA	NA	NA	NA	NA
NC_045512.2	26936	C	T	10011	8041	46	1	1	34	9.98801e-05	10012	0.999513	FALSE	NA	NA	NA	NA	NA	NA
NC_045512.2	26940	A	G	9911	8200	45	2	1	51	0.000201755	9913	0.250013	FALSE	NA	NA	NA	NA	NA	NA
NC_045512.2	26941	T	A	9900	8196	44	1	0	20	0.000101	9901	1	FALSE	NA	NA	NA	NA	NA	NA
NC_045512.2	26945	A	G	9596	8019	44	1	1	34	0.000104199	9597	0.999026	FALSE	NA	NA	NA	NA	NA	NA
NC_045512.2	26946	G	T	9561	7988	44	1	1	34	0.000104559	9564	0.999025	FALSE	NA	NA	NA	NA	NA	NA
NC_045512.2	26946	G	A	9561	7988	44	2	2	34	0.000209118	9564	0.994152	FALSE	NA	NA	NA	NA	NA	NA
NC_045512.2	26948	T	C	9470	8015	43	2	1	51	0.000211149	9472	0.250013	FALSE	NA	NA	NA	NA	NA	NA
NC_045512.2	26949	G	A	9517	8060	43	1	1	34	0.000105064	9518	0.999026	FALSE	NA	NA	NA	NA	NA	NA
NC_045512.2	26951	G	T	9445	8008	43	1	1	34	0.000105831	9449	0.999025	FALSE	NA	NA	NA	NA	NA	NA
NC_045512.2	26951	G	C	9445	8008	43	3	3	31	0.000317494	9449	0.980743	FALSE	NA	NA	NA	NA	NA	NA
NC_045512.2	26954	C	T	9049	7714	43	1	1	34	0.000110497	9050	0.999026	FALSE	NA	NA	NA	NA	NA	NA
NC_045512.2	26955	C	T	8805	7518	43	1	1	60	0.000113559	8806	0.500028	FALSE	NA	NA	NA	NA	NA	NA
NC_045512.2	26957	T	C	8324	7084	43	3	1	56	0.000360274	8327	0.125	FALSE	NA	NA	NA	NA	NA	NA
NC_045512.2	26958	C	G	7914	6711	43	1	1	34	0.000126342	7915	0.996103	FALSE	NA	NA	NA	NA	NA	NA
NC_045512.2	26963	A	T	7795	6635	43	1	1	34	0.000128238	7798	0.996099	FALSE	NA	NA	NA	NA	NA	NA
NC_045512.2	26963	A	G	7795	6635	43	2	2	34	0.000256476	7798	0.980496	FALSE	NA	NA	NA	NA	NA	NA
NC_045512.2	26965	A	T	7583	6517	42	2	0	23	0.000263678	7585	1	FALSE	NA	NA	NA	NA	NA	NA
NC_045512.2	26969	T	C	7382	6467	42	1	1	34	0.000135446	7383	0.996103	FALSE	NA	NA	NA	NA	NA	NA
NC_045512.2	26970	C	T	7323	6410	42	1	1	34	0.000136537	7324	0.996103	FALSE	NA	NA	NA	NA	NA	NA
NC_045512.2	26971	G	T	7257	6347	41	2	2	34	0.000275406	7262	0.980478	FALSE	NA	NA	NA	NA	NA	NA
NC_045512.2	26971	G	C	7257	6347	41	1	1	26	0.000137703	7262	1	FALSE	NA	NA	NA	NA	NA	NA
NC_045512.2	26971	G	A	7257	6347	41	2	1	68	0.000275406	7262	0.249914	FALSE	NA	NA	NA	NA	NA	NA
NC_045512.2	26974	T	C	7230	6331	42	1	1	68	0.000138274	7232	0.5	FALSE	NA	NA	NA	NA	NA	NA
NC_045512.2	26974	T	A	7230	6331	42	1	1	34	0.000138274	7232	0.996101	FALSE	NA	NA	NA	NA	NA	NA
NC_045512.2	26976	G	C	6735	5937	41	1	0	24	0.000148434	6737	1	FALSE	NA	NA	NA	NA	NA	NA
NC_045512.2	26976	G	A	6735	5937	41	1	1	34	0.000148434	6737	0.9922	FALSE	NA	NA	NA	NA	NA	NA
NC_045512.2	26978	T	C	6498	6010	38	1	1	34	0.00015387	6499	0.992204	FALSE	NA	NA	NA	NA	NA	NA
NC_045512.2	26982	C	T	6506	6054	38	1	1	34	0.000153681	6507	0.992204	FALSE	NA	NA	NA	NA	NA	NA
NC_045512.2	26983	A	T	6293	5849	38	3	3	34	0.000476417	6297	0.910234	FALSE	NA	NA	NA	NA	NA	NA
NC_045512.2	26983	A	G	6293	5849	38	1	1	34	0.000158806	6297	0.992192	FALSE	NA	NA	NA	NA	NA	NA
NC_045512.2	26985	C	G	8438	5517	36	1	0	34	0.000118455	8442	0.998049	FALSE	NA	NA	NA	NA	NA	NA
NC_045512.2	26985	C	A	8438	5517	36	3	0	34	0.000355366	8442	0.967328	FALSE	NA	NA	NA	NA	NA	NA
NC_045512.2	26986	A	G	10739	5728	37	3	1	45	0.000279278	10742	0.312517	FALSE	NA	NA	NA	NA	NA	NA
NC_045512.2	26987	T	G	5195	586	35	1	0	34	0.000192308	5200	0.98437	FALSE	NA	NA	NA	NA	NA	NA
NC_045512.2	26987	T	A	5195	586	35	4	0	32	0.000769231	5200	0.746188	FALSE	NA	NA	NA	NA	NA	NA
NC_045512.2	26989	T	A	5401	709	36	1	0	26	0.000185117	5402	1	FALSE	NA	NA	NA	NA	NA	NA
NC_045512.2	26993	A	T	5480	714	36	1	1	27	0.000182382	5483	1	FALSE	NA	NA	NA	NA	NA	NA
NC_045512.2	26993	A	G	5480	714	36	2	0	34	0.000364764	5483	0.93756	FALSE	NA	NA	NA	NA	NA	NA
NC_045512.2	26994	C	T	5485	727	36	2	0	34	0.000364498	5487	0.93759	FALSE	NA	NA	NA	NA	NA	NA
NC_045512.2	26995	G	A	5461	730	36	1	0	34	0.000183083	5462	0.984405	FALSE	NA	NA	NA	NA	NA	NA
NC_045512.2	26998	G	A	5802	845	37	2	0	34	0.00034459	5804	0.937585	FALSE	NA	NA	NA	NA	NA	NA
NC_045512.2	26999	T	C	5738	842	37	1	0	34	0.000174246	5739	0.984404	FALSE	NA	NA	NA	NA	NA	NA
NC_045512.2	27000	G	A	5818	846	37	1	0	34	0.000171851	5819	0.984403	FALSE	NA	NA	NA	NA	NA	NA
NC_045512.2	27003	A	G	6175	951	38	1	0	34	0.000161917	6176	0.992205	FALSE	NA	NA	NA	NA	NA	NA
NC_045512.2	27006	A	G	6487	1065	39	2	1	34	0.000308214	6489	0.964903	FALSE	NA	NA	NA	NA	NA	NA
NC_045512.2	27007	A	T	6027	1072	37	2	0	51	0.00033151	6033	0.249855	FALSE	NA	NA	NA	NA	NA	NA
NC_045512.2	27007	A	G	6027	1072	37	4	1	34	0.00066302	6033	0.828159	FALSE	NA	NA	NA	NA	NA	NA
NC_045512.2	27007	A	-G	6027	1072	37	1	0	20	0.000165755	6033	1	FALSE	NA	NA	NA	NA	NA	NA
NC_045512.2	27008	G	T	6649	1072	39	1	0	34	0.000150376	6650	0.992196	FALSE	NA	NA	NA	NA	NA	NA
NC_045512.2	27009	G	A	6741	1144	39	1	0	26	0.000148324	6742	1	FALSE	NA	NA	NA	NA	NA	NA
NC_045512.2	27010	A	G	6819	1184	40	2	0	51	0.000293212	6821	0.250018	FALSE	NA	NA	NA	NA	NA	NA
NC_045512.2	27012	C	T	6783	1193	40	1	0	34	0.000147406	6784	0.992204	FALSE	NA	NA	NA	NA	NA	NA
NC_045512.2	27013	T	C	6812	1228	40	2	1	68	0.000293513	6814	0.250018	FALSE	NA	NA	NA	NA	NA	NA
NC_045512.2	27015	C	T	7099	1251	40	1	0	34	0.000140825	7101	0.996101	FALSE	NA	NA	NA	NA	NA	NA
NC_045512.2	27015	C	A	7099	1251	40	1	0	34	0.000140825	7101	0.996101	FALSE	NA	NA	NA	NA	NA	NA
NC_045512.2	27023	A	G	7423	1324	40	1	0	24	0.000134698	7424	1	FALSE	NA	NA	NA	NA	NA	NA
NC_045512.2	27025	T	C	7405	1407	41	2	1	34	0.000270015	7407	0.980507	FALSE	NA	NA	NA	NA	NA	NA
NC_045512.2	27029	T	G	7623	1617	42	1	1	24	0.000131096	7628	1	FALSE	NA	NA	NA	NA	NA	NA
NC_045512.2	27029	T	C	7623	1617	42	3	2	54	0.000393288	7628	0.124951	FALSE	NA	NA	NA	NA	NA	NA
NC_045512.2	27029	T	A	7623	1617	42	1	1	20	0.000131096	7628	1	FALSE	NA	NA	NA	NA	NA	NA
NC_045512.2	27030	G	A	7697	1648	43	3	2	56	0.00038961	7700	0.125	FALSE	NA	NA	NA	NA	NA	NA
NC_045512.2	27033	G	T	7749	1678	43	1	0	34	0.000129032	7750	0.996103	FALSE	NA	NA	NA	NA	NA	NA
NC_045512.2	27034	C	T	7772	1672	43	3	1	35	0.000385802	7776	0.945369	FALSE	NA	NA	NA	NA	NA	NA
NC_045512.2	27034	C	A	7772	1672	43	1	0	27	0.000128601	7776	1	FALSE	NA	NA	NA	NA	NA	NA
NC_045512.2	27036	A	G	7803	1725	43	1	0	68	0.000128139	7804	0.500032	FALSE	NA	NA	NA	NA	NA	NA
NC_045512.2	27039	T	C	7983	1798	43	3	1	38	0.00037561	7987	0.945368	FALSE	NA	NA	NA	NA	NA	NA
NC_045512.2	27039	T	A	7983	1798	43	1	0	34	0.000125203	7987	0.996097	FALSE	NA	NA	NA	NA	NA	NA
NC_045512.2	27040	C	A	8064	1802	44	2	0	34	0.000247954	8066	0.989282	FALSE	NA	NA	NA	NA	NA	NA
NC_045512.2	27041	A	G	8107	1798	44	1	0	34	0.000123335	8108	0.998052	FALSE	NA	NA	NA	NA	NA	NA
NC_045512.2	27044	A	G	8106	1879	44	2	0	34	0.00024667	8108	0.989282	FALSE	NA	NA	NA	NA	NA	NA
NC_045512.2	27045	A	T	6420	1882	41	1	1	20	0.00015569	6423	1	FALSE	NA	NA	NA	NA	NA	NA
NC_045512.2	27045	A	G	6420	1882	41	1	1	68	0.00015569	6423	0.499961	FALSE	NA	NA	NA	NA	NA	NA
NC_045512.2	27045	A	C	6420	1882	41	1	0	26	0.00015569	6423	1	FALSE	NA	NA	NA	NA	NA	NA
NC_045512.2	27047	G	T	8176	2028	45	1	0	68	0.000122294	8177	0.500031	FALSE	NA	NA	NA	NA	NA	NA
NC_045512.2	27050	T	C	8133	2062	45	1	1	60	0.000122941	8134	0.500031	FALSE	NA	NA	NA	NA	NA	NA
NC_045512.2	27052	C	T	8229	2071	45	1	0	34	0.000121507	8230	0.998052	FALSE	NA	NA	NA	NA	NA	NA
NC_045512.2	27054	T	A	8192	2105	45	1	1	20	0.000122055	8193	1	FALSE	NA	NA	NA	NA	NA	NA
NC_045512.2	27058	A	G	8116	2281	47	1	0	34	0.000123198	8117	0.998052	FALSE	NA	NA	NA	NA	NA	NA
NC_045512.2	27062	A	C	6971	2365	44	1	0	26	0.000143431	6972	1	FALSE	NA	NA	NA	NA	NA	NA
NC_045512.2	27063	T	G	8447	2352	47	1	0	34	0.000118329	8451	0.998049	FALSE	NA	NA	NA	NA	NA	NA
NC_045512.2	27063	T	C	8447	2352	47	3	1	45	0.000354988	8451	0.124978	FALSE	NA	NA	NA	NA	NA	NA
NC_045512.2	27064	T	C	8454	2365	47	1	1	46	0.000118273	8455	0.50003	FALSE	NA	NA	NA	NA	NA	NA
NC_045512.2	27064	T	-G	8454	2365	47	1	0	20	0.000118273	8455	1	FALSE	NA	NA	NA	NA	NA	NA
NC_045512.2	27068	A	G	8554	2380	47	1	0	24	0.000116891	8555	1	FALSE	NA	NA	NA	NA	NA	NA
NC_045512.2	27069	G	A	8795	2386	46	1	0	34	0.000113688	8796	0.998052	FALSE	NA	NA	NA	NA	NA	NA
NC_045512.2	27070	C	T	8733	2418	47	2	2	68	0.000228938	8736	0.249986	FALSE	NA	NA	NA	NA	NA	NA
NC_045512.2	27070	C	A	8733	2418	47	1	0	34	0.000114469	8736	0.99805	FALSE	NA	NA	NA	NA	NA	NA
NC_045512.2	27074	G	A	8866	2417	47	1	0	34	0.000112778	8867	0.998052	FALSE	NA	NA	NA	NA	NA	NA
NC_045512.2	27075	C	G	8798	2427	47	1	0	26	0.000113649	8799	1	FALSE	NA	NA	NA	NA	NA	NA
NC_045512.2	27077	G	A	9368	2447	46	1	0	34	0.000106735	9369	0.999026	FALSE	NA	NA	NA	NA	NA	NA
NC_045512.2	27078	C	T	9346	2596	47	1	0	34	0.000106963	9349	0.999025	FALSE	NA	NA	NA	NA	NA	NA
NC_045512.2	27078	C	A	9346	2596	47	2	0	30	0.000213927	9349	0.994152	FALSE	NA	NA	NA	NA	NA	NA
NC_045512.2	27079	G	A	9644	2584	47	1	0	34	0.000103681	9645	0.999026	FALSE	NA	NA	NA	NA	NA	NA
NC_045512.2	27080	T	C	9671	2620	47	1	0	34	0.000103391	9672	0.999026	FALSE	NA	NA	NA	NA	NA	NA
NC_045512.2	27081	G	C	9748	2603	47	3	3	27	0.000307661	9751	1	FALSE	NA	NA	NA	NA	NA	NA
NC_045512.2	27082	T	C	9703	2626	47	1	1	68	0.00010305	9704	0.500026	FALSE	NA	NA	NA	NA	NA	NA
NC_045512.2	27085	C	T	9789	2781	48	1	1	60	0.000102145	9790	0.500026	FALSE	NA	NA	NA	NA	NA	NA
NC_045512.2	27086	A	G	9680	2705	48	2	1	47	0.000206569	9682	0.250013	FALSE	NA	NA	NA	NA	NA	NA
NC_045512.2	27088	G	A	9606	2720	49	1	0	34	0.000104091	9607	0.999026	FALSE	NA	NA	NA	NA	NA	NA
NC_045512.2	27089	T	C	9630	3131	52	4	1	40	0.000415196	9634	0.0624935	FALSE	NA	NA	NA	NA	NA	NA
NC_045512.2	27091	A	G	9685	3149	51	1	0	24	0.000103242	9686	1	FALSE	NA	NA	NA	NA	NA	NA
NC_045512.2	27093	T	G	9727	3182	52	1	0	26	0.000102775	9730	1	FALSE	NA	NA	NA	NA	NA	NA
NC_045512.2	27093	T	C	9727	3182	52	1	0	68	0.000102775	9730	0.499974	FALSE	NA	NA	NA	NA	NA	NA
NC_045512.2	27093	T	A	9727	3182	52	1	0	34	0.000102775	9730	0.999025	FALSE	NA	NA	NA	NA	NA	NA
NC_045512.2	27094	C	G	9669	3169	51	2	1	26	0.000206782	9672	1	FALSE	NA	NA	NA	NA	NA	NA
NC_045512.2	27094	C	A	9669	3169	51	1	0	34	0.000103391	9672	0.999025	FALSE	NA	NA	NA	NA	NA	NA
NC_045512.2	27095	A	G	9500	3170	51	3	1	34	0.00031569	9503	0.980751	FALSE	NA	NA	NA	NA	NA	NA
NC_045512.2	27096	G	T	9895	3189	51	2	1	34	0.000202061	9898	0.994151	FALSE	NA	NA	NA	NA	NA	NA
NC_045512.2	27096	G	C	9895	3189	51	1	1	34	0.000101031	9898	0.999025	FALSE	NA	NA	NA	NA	NA	NA
NC_045512.2	27097	G	T	9891	3187	51	1	1	27	0.000101071	9894	1	FALSE	NA	NA	NA	NA	NA	NA
NC_045512.2	27097	G	C	9891	3187	51	1	1	34	0.000101071	9894	0.999025	FALSE	NA	NA	NA	NA	NA	NA
NC_045512.2	27097	G	A	9891	3187	51	1	0	34	0.000101071	9894	0.999025	FALSE	NA	NA	NA	NA	NA	NA
NC_045512.2	27098	T	G	9858	3309	52	1	0	26	0.00010143	9859	1	FALSE	NA	NA	NA	NA	NA	NA
NC_045512.2	27101	T	G	9855	3311	52	1	0	26	0.00010143	9859	1	FALSE	NA	NA	NA	NA	NA	NA
NC_045512.2	27101	T	C	9855	3311	52	2	0	34	0.00020286	9859	0.994149	FALSE	NA	NA	NA	NA	NA	NA
NC_045512.2	27101	T	A	9855	3311	52	1	0	34	0.00010143	9859	0.999025	FALSE	NA	NA	NA	NA	NA	NA
NC_045512.2	27102	G	C	10109	3316	52	1	1	34	9.89022e-05	10111	0.999513	FALSE	NA	NA	NA	NA	NA	NA
NC_045512.2	27102	G	A	10109	3316	52	1	0	34	9.89022e-05	10111	0.999513	FALSE	NA	NA	NA	NA	NA	NA
NC_045512.2	27103	C	T	10011	3319	52	2	0	30	0.0001997	10015	0.996832	FALSE	NA	NA	NA	NA	NA	NA
NC_045512.2	27103	C	G	10011	3319	52	1	0	34	9.98502e-05	10015	0.999513	FALSE	NA	NA	NA	NA	NA	NA
NC_045512.2	27103	C	A	10011	3319	52	1	0	26	9.98502e-05	10015	1	FALSE	NA	NA	NA	NA	NA	NA
NC_045512.2	27104	T	C	10092	3320	52	3	0	34	0.000297147	10096	0.98879	FALSE	NA	NA	NA	NA	NA	NA
NC_045512.2	27104	T	A	10092	3320	52	1	1	26	9.90491e-05	10096	1	FALSE	NA	NA	NA	NA	NA	NA
NC_045512.2	27105	G	T	10373	3334	52	1	1	27	9.63948e-05	10374	1	FALSE	NA	NA	NA	NA	NA	NA
NC_045512.2	27106	C	A	10283	3318	52	1	0	34	9.72384e-05	10284	0.999513	FALSE	NA	NA	NA	NA	NA	NA
NC_045512.2	27108	T	A	10375	3315	52	1	1	20	9.63763e-05	10376	1	FALSE	NA	NA	NA	NA	NA	NA
NC_045512.2	27113	T	A	10136	3295	52	4	2	29	0.000394477	10140	1	FALSE	NA	NA	NA	NA	NA	NA
NC_045512.2	27114	C	T	10184	3205	52	2	0	30	0.000196348	10186	0.996835	FALSE	NA	NA	NA	NA	NA	NA
NC_045512.2	27115	G	T	10170	3207	52	1	1	26	9.82898e-05	10174	1	FALSE	NA	NA	NA	NA	NA	NA
NC_045512.2	27115	G	A	10170	3207	52	3	1	45	0.000294869	10174	0.312482	FALSE	NA	NA	NA	NA	NA	NA
NC_045512.2	27116	C	+G	10460	3299	51	3	0	20	0.000286807	10460	1	FALSE	NA	NA	NA	NA	NA	NA
NC_045512.2	27117	T	C	10430	3295	52	3	2	28	0.000287549	10433	1	FALSE	NA	NA	NA	NA	NA	NA
NC_045512.2	27118	A	G	10402	3266	51	1	0	34	9.61261e-05	10403	0.999513	FALSE	NA	NA	NA	NA	NA	NA
NC_045512.2	27121	G	T	10568	3323	51	1	0	34	9.46163e-05	10569	0.999513	FALSE	NA	NA	NA	NA	NA	NA
NC_045512.2	27122	G	T	10585	3865	53	1	0	34	9.44465e-05	10588	0.999513	FALSE	NA	NA	NA	NA	NA	NA
NC_045512.2	27122	G	A	10585	3865	53	2	1	34	0.000188893	10588	0.996833	FALSE	NA	NA	NA	NA	NA	NA
NC_045512.2	27123	A	G	10465	3849	53	1	0	34	9.55475e-05	10466	0.999513	FALSE	NA	NA	NA	NA	NA	NA
NC_045512.2	27123	A	+T	10465	3849	53	1	0	20	9.55475e-05	10466	1	FALSE	NA	NA	NA	NA	NA	NA
NC_045512.2	27124	T	C	10569	3845	53	1	0	34	9.46074e-05	10570	0.999513	FALSE	NA	NA	NA	NA	NA	NA
NC_045512.2	27125	T	C	10314	3801	53	3	1	45	0.000290782	10317	0.312518	FALSE	NA	NA	NA	NA	NA	NA
NC_045512.2	27126	G	C	10329	3779	53	1	0	34	9.68054e-05	10330	0.999513	FALSE	NA	NA	NA	NA	NA	NA
NC_045512.2	27128	C	T	10173	4058	52	1	0	34	9.82898e-05	10174	0.999513	FALSE	NA	NA	NA	NA	NA	NA
NC_045512.2	27130	A	T	9721	4029	49	1	0	34	0.000102828	9725	0.999025	FALSE	NA	NA	NA	NA	NA	NA
NC_045512.2	27130	A	G	9721	4029	49	1	0	24	0.000102828	9725	1	FALSE	NA	NA	NA	NA	NA	NA
NC_045512.2	27130	A	C	9721	4029	49	2	1	32	0.000205656	9725	0.994149	FALSE	NA	NA	NA	NA	NA	NA
NC_045512.2	27132	T	A	10118	4036	50	3	2	26	0.000296413	10121	1	FALSE	NA	NA	NA	NA	NA	NA
NC_045512.2	27135	A	G	9917	4270	49	2	1	34	0.000201633	9919	0.994154	FALSE	NA	NA	NA	NA	NA	NA
NC_045512.2	27136	A	G	10079	4301	50	1	1	68	9.92063e-05	10080	0.500025	FALSE	NA	NA	NA	NA	NA	NA
NC_045512.2	27137	A	T	8652	5108	41	1	1	26	0.000115567	8653	1	FALSE	NA	NA	NA	NA	NA	NA
NC_045512.2	27140	A	G	9928	5083	45	1	0	24	0.000100715	9929	1	FALSE	NA	NA	NA	NA	NA	NA
NC_045512.2	27141	A	T	9564	5042	44	1	0	20	0.000104548	9565	1	FALSE	NA	NA	NA	NA	NA	NA
NC_045512.2	27143	C	G	10047	5133	44	2	0	34	0.000199025	10049	0.996835	FALSE	NA	NA	NA	NA	NA	NA
NC_045512.2	27145	C	T	10022	5114	45	1	1	34	9.97705e-05	10023	0.999513	FALSE	NA	NA	NA	NA	NA	NA
NC_045512.2	27146	A	G	9817	4931	45	1	1	68	0.000101854	9818	0.500025	FALSE	NA	NA	NA	NA	NA	NA
NC_045512.2	27148	A	T	10048	5089	44	1	0	27	9.94926e-05	10051	1	FALSE	NA	NA	NA	NA	NA	NA
NC_045512.2	27148	A	G	10048	5089	44	2	1	51	0.000198985	10051	0.249988	FALSE	NA	NA	NA	NA	NA	NA
NC_045512.2	27149	C	T	10139	5111	44	1	1	60	9.86193e-05	10140	0.500025	FALSE	NA	NA	NA	NA	NA	NA
NC_045512.2	27150	C	T	10061	5150	44	1	0	52	9.93641e-05	10064	0.499975	FALSE	NA	NA	NA	NA	NA	NA
NC_045512.2	27150	C	A	10061	5150	44	2	1	34	0.000198728	10064	0.996833	FALSE	NA	NA	NA	NA	NA	NA
NC_045512.2	27151	A	T	9986	4967	44	1	1	34	0.00010013	9987	0.999026	FALSE	NA	NA	NA	NA	NA	NA
NC_045512.2	27152	T	C	10003	4934	44	1	0	68	9.995e-05	10005	0.5	FALSE	NA	NA	NA	NA	NA	NA
NC_045512.2	27152	T	A	10003	4934	44	1	0	24	9.995e-05	10005	1	FALSE	NA	NA	NA	NA	NA	NA
NC_045512.2	27153	T	A	10088	5227	44	1	1	34	9.91179e-05	10089	0.999513	FALSE	NA	NA	NA	NA	NA	NA
NC_045512.2	27155	C	G	10284	5835	45	1	0	26	9.7229e-05	10285	1	FALSE	NA	NA	NA	NA	NA	NA
NC_045512.2	27157	G	A	10009	5588	45	3	2	45	0.00029964	10012	0.312519	FALSE	NA	NA	NA	NA	NA	NA
NC_045512.2	27158	T	C	9880	5530	45	1	0	34	0.000101204	9881	0.999026	FALSE	NA	NA	NA	NA	NA	NA
NC_045512.2	27160	G	T	9825	5550	45	2	0	34	0.0002035	9828	0.994152	FALSE	NA	NA	NA	NA	NA	NA
NC_045512.2	27160	G	C	9825	5550	45	1	1	34	0.00010175	9828	0.999025	FALSE	NA	NA	NA	NA	NA	NA
NC_045512.2	27161	C	T	9787	5551	45	2	1	34	0.000204269	9791	0.994149	FALSE	NA	NA	NA	NA	NA	NA
NC_045512.2	27161	C	A	9787	5551	45	2	0	26	0.000204269	9791	1	FALSE	NA	NA	NA	NA	NA	NA
NC_045512.2	27162	A	G	9752	5506	45	3	0	45	0.000307535	9755	0.125	FALSE	NA	NA	NA	NA	NA	NA
NC_045512.2	27164	T	C	9867	5621	45	1	1	34	0.000101338	9868	0.999026	FALSE	NA	NA	NA	NA	NA	NA
NC_045512.2	27165	G	C	9788	5681	44	1	1	34	0.000102155	9789	0.999026	FALSE	NA	NA	NA	NA	NA	NA
NC_045512.2	27167	C	T	10198	5742	44	2	2	25	0.000196059	10201	1	FALSE	NA	NA	NA	NA	NA	NA
NC_045512.2	27167	C	A	10198	5742	44	1	0	34	9.80296e-05	10201	0.999513	FALSE	NA	NA	NA	NA	NA	NA
NC_045512.2	27168	A	G	10089	5741	44	3	1	45	0.000297265	10092	0.312519	FALSE	NA	NA	NA	NA	NA	NA
NC_045512.2	27170	T	A	9791	5206	43	3	3	26	0.00030631	9794	1	FALSE	NA	NA	NA	NA	NA	NA
NC_045512.2	27171	A	T	10088	5837	43	2	0	34	0.000198216	10090	0.996835	FALSE	NA	NA	NA	NA	NA	NA
NC_045512.2	27173	T	C	10226	5791	44	2	1	30	0.000195542	10228	0.996835	FALSE	NA	NA	NA	NA	NA	NA
NC_045512.2	27174	G	T	10229	5739	44	3	3	31	0.000293169	10233	0.98879	FALSE	NA	NA	NA	NA	NA	NA
NC_045512.2	27174	G	C	10229	5739	44	1	1	34	9.77231e-05	10233	0.999513	FALSE	NA	NA	NA	NA	NA	NA
NC_045512.2	27177	T	C	9865	5422	44	2	2	34	0.000202696	9867	0.994154	FALSE	NA	NA	NA	NA	NA	NA
NC_045512.2	27178	T	C	9739	5274	44	1	0	24	0.000102648	9742	1	FALSE	NA	NA	NA	NA	NA	NA
NC_045512.2	27178	T	A	9739	5274	44	2	2	29	0.000205297	9742	1	FALSE	NA	NA	NA	NA	NA	NA
NC_045512.2	27179	G	A	9721	5294	44	2	1	51	0.000205698	9723	0.250013	FALSE	NA	NA	NA	NA	NA	NA
NC_045512.2	27180	C	T	9776	5358	44	2	2	34	0.00020452	9779	0.994152	FALSE	NA	NA	NA	NA	NA	NA
NC_045512.2	27180	C	A	9776	5358	44	1	0	34	0.00010226	9779	0.999025	FALSE	NA	NA	NA	NA	NA	NA
NC_045512.2	27181	T	C	9840	5410	44	1	1	34	0.000101616	9841	0.999026	FALSE	NA	NA	NA	NA	NA	NA
NC_045512.2	27182	T	A	9838	5401	44	1	1	24	0.000101636	9839	1	FALSE	NA	NA	NA	NA	NA	NA
NC_045512.2	27183	G	T	9824	5340	44	1	1	34	0.000101781	9825	0.999026	FALSE	NA	NA	NA	NA	NA	NA
NC_045512.2	27185	A	T	9874	5383	44	2	2	34	0.000202491	9877	0.994151	FALSE	NA	NA	NA	NA	NA	NA
NC_045512.2	27185	A	G	9874	5383	44	1	0	34	0.000101245	9877	0.999025	FALSE	NA	NA	NA	NA	NA	NA
NC_045512.2	27186	C	G	9894	5404	44	1	0	34	0.000101051	9896	0.999026	FALSE	NA	NA	NA	NA	NA	NA
NC_045512.2	27186	C	A	9894	5404	44	1	0	34	0.000101051	9896	0.999026	FALSE	NA	NA	NA	NA	NA	NA
NC_045512.2	27190	A	G	10068	5936	46	1	1	68	9.93147e-05	10069	0.500025	FALSE	NA	NA	NA	NA	NA	NA
NC_045512.2	27191	A	T	10113	5971	46	1	0	34	9.88728e-05	10114	0.999513	FALSE	NA	NA	NA	NA	NA	NA
NC_045512.2	27193	T	A	9941	5825	46	2	1	25	0.000201147	9943	1	FALSE	NA	NA	NA	NA	NA	NA
NC_045512.2	27195	A	G	9968	5859	46	2	0	30	0.000200582	9971	0.994151	FALSE	NA	NA	NA	NA	NA	NA
NC_045512.2	27195	A	C	9968	5859	46	1	1	27	0.000100291	9971	1	FALSE	NA	NA	NA	NA	NA	NA
NC_045512.2	27197	A	G	9957	6222	48	1	0	34	0.000100422	9958	0.999026	FALSE	NA	NA	NA	NA	NA	NA
NC_045512.2	27198	A	G	9956	6233	48	2	2	51	0.000200844	9958	0.250013	FALSE	NA	NA	NA	NA	NA	NA
NC_045512.2	27200	A	T	9860	6177	48	2	2	27	0.000202778	9863	1	FALSE	NA	NA	NA	NA	NA	NA
NC_045512.2	27200	A	G	9860	6177	48	1	1	34	0.000101389	9863	0.999025	FALSE	NA	NA	NA	NA	NA	NA
NC_045512.2	27201	G	T	9846	6136	48	1	1	20	0.000101554	9847	1	FALSE	NA	NA	NA	NA	NA	NA
NC_045512.2	27203	T	A	9830	6180	48	1	1	27	0.000101719	9831	1	FALSE	NA	NA	NA	NA	NA	NA
NC_045512.2	27205	T	G	9533	5909	49	1	0	27	0.000104877	9535	1	FALSE	NA	NA	NA	NA	NA	NA
NC_045512.2	27205	T	C	9533	5909	49	1	1	27	0.000104877	9535	1	FALSE	NA	NA	NA	NA	NA	NA
NC_045512.2	27206	T	C	9617	6002	49	1	1	60	0.000103972	9618	0.500026	FALSE	NA	NA	NA	NA	NA	NA
NC_045512.2	27207	T	G	9481	5871	49	1	1	34	0.000105452	9483	0.999026	FALSE	NA	NA	NA	NA	NA	NA
NC_045512.2	27207	T	A	9481	5871	49	1	1	34	0.000105452	9483	0.999026	FALSE	NA	NA	NA	NA	NA	NA
NC_045512.2	27212	T	C	9429	6068	49	1	1	34	0.000106022	9432	0.999025	FALSE	NA	NA	NA	NA	NA	NA
NC_045512.2	27212	T	A	9429	6068	49	2	2	26	0.000212044	9432	1	FALSE	NA	NA	NA	NA	NA	NA
NC_045512.2	27213	C	G	9339	6006	49	1	1	34	0.000107066	9340	0.999026	FALSE	NA	NA	NA	NA	NA	NA
NC_045512.2	27214	G	A	9402	6067	50	5	2	52	0.000531519	9407	0.0312417	FALSE	NA	NA	NA	NA	NA	NA
NC_045512.2	27215	T	A	8186	4828	46	1	0	26	0.000122145	8187	1	FALSE	NA	NA	NA	NA	NA	NA
NC_045512.2	27216	T	G	9541	6488	52	1	0	68	0.000104767	9545	0.499948	FALSE	NA	NA	NA	NA	NA	NA
NC_045512.2	27216	T	C	9541	6488	52	3	2	45	0.000314301	9545	0.12498	FALSE	NA	NA	NA	NA	NA	NA
NC_045512.2	27217	G	T	9530	6476	51	1	1	26	0.000104921	9531	1	FALSE	NA	NA	NA	NA	NA	NA
NC_045512.2	27218	A	T	9467	6438	51	1	1	27	0.000105619	9468	1	FALSE	NA	NA	NA	NA	NA	NA
NC_045512.2	27221	T	C	9528	6626	51	2	2	51	0.000209864	9530	0.250013	FALSE	NA	NA	NA	NA	NA	NA
NC_045512.2	27223	C	G	9456	6568	50	1	1	26	0.000105742	9457	1	FALSE	NA	NA	NA	NA	NA	NA
NC_045512.2	27224	A	T	9444	6600	50	1	1	26	0.000105854	9447	1	FALSE	NA	NA	NA	NA	NA	NA
NC_045512.2	27224	A	G	9444	6600	50	1	0	68	0.000105854	9447	0.499974	FALSE	NA	NA	NA	NA	NA	NA
NC_045512.2	27224	A	C	9444	6600	50	1	1	26	0.000105854	9447	1	FALSE	NA	NA	NA	NA	NA	NA
NC_045512.2	27228	T	C	9161	6545	49	1	1	34	0.000109135	9163	0.999026	FALSE	NA	NA	NA	NA	NA	NA
NC_045512.2	27228	T	A	9161	6545	49	1	1	24	0.000109135	9163	1	FALSE	NA	NA	NA	NA	NA	NA
NC_045512.2	27229	A	G	9120	6515	49	1	0	24	0.000109637	9121	1	FALSE	NA	NA	NA	NA	NA	NA
NC_045512.2	27231	T	C	13073	7379	45	1	0	68	7.64643e-05	13078	0.499943	FALSE	NA	NA	NA	NA	NA	NA
NC_045512.2	27231	T	A	13073	7379	45	4	3	32	0.000305857	13078	0.993651	FALSE	NA	NA	NA	NA	NA	NA
NC_045512.2	27232	A	T	13402	7690	45	1	1	34	7.46102e-05	13403	0.999939	FALSE	NA	NA	NA	NA	NA	NA
NC_045512.2	27233	T	-AGCA	13425	7701	45	1	0	20	7.44879e-05	13425	1	FALSE	NA	NA	NA	NA	NA	NA
NC_045512.2	27235	G	C	13147	7352	45	1	0	20	7.60572e-05	13148	1	FALSE	NA	NA	NA	NA	NA	NA
NC_045512.2	27236	C	G	13196	7440	45	1	1	68	7.57748e-05	13197	0.5	FALSE	NA	NA	NA	NA	NA	NA
NC_045512.2	27237	A	T	13189	7387	46	6	5	31	0.000454649	13197	0.968239	FALSE	NA	NA	NA	NA	NA	NA
NC_045512.2	27237	A	C	13189	7387	46	2	2	34	0.00015155	13197	0.999512	FALSE	NA	NA	NA	NA	NA	NA
NC_045512.2	27238	G	T	13180	7382	45	2	1	30	0.000151722	13182	0.999513	FALSE	NA	NA	NA	NA	NA	NA
NC_045512.2	27239	A	T	12240	6481	46	1	1	34	8.16793e-05	12243	0.999878	FALSE	NA	NA	NA	NA	NA	NA
NC_045512.2	27239	A	G	12240	6481	46	2	0	51	0.000163359	12243	0.24999	FALSE	NA	NA	NA	NA	NA	NA
NC_045512.2	27241	A	T	11895	6570	44	1	0	27	8.40619e-05	11896	1	FALSE	NA	NA	NA	NA	NA	NA
NC_045512.2	27242	T	A	12059	6136	44	3	2	30	0.000248715	12062	0.996318	FALSE	NA	NA	NA	NA	NA	NA
NC_045512.2	27243	A	T	12197	6567	45	4	2	34	0.000327842	12201	0.98939	FALSE	NA	NA	NA	NA	NA	NA
NC_045512.2	27243	A	-T	12197	6567	45	1	0	20	8.19605e-05	12201	1	FALSE	NA	NA	NA	NA	NA	NA
NC_045512.2	27244	T	A	12384	6498	46	1	1	27	8.07428e-05	12385	1	FALSE	NA	NA	NA	NA	NA	NA
NC_045512.2	27245	T	G	12437	6557	46	1	1	27	8.03923e-05	12439	1	FALSE	NA	NA	NA	NA	NA	NA
NC_045512.2	27245	T	A	12437	6557	46	1	1	27	8.03923e-05	12439	1	FALSE	NA	NA	NA	NA	NA	NA
NC_045512.2	27245	T	-AC	12437	6557	46	1	0	20	8.03923e-05	12439	1	FALSE	NA	NA	NA	NA	NA	NA
NC_045512.2	27246	A	T	12379	6425	46	2	2	26	0.000161538	12381	1	FALSE	NA	NA	NA	NA	NA	NA
NC_045512.2	27247	C	G	12433	6587	45	2	1	26	0.000160823	12436	1	FALSE	NA	NA	NA	NA	NA	NA
NC_045512.2	27247	C	A	12433	6587	45	1	0	26	8.04117e-05	12436	1	FALSE	NA	NA	NA	NA	NA	NA
NC_045512.2	27248	T	C	12250	6393	45	1	1	26	8.1626e-05	12251	1	FALSE	NA	NA	NA	NA	NA	NA
NC_045512.2	27249	A	G	12224	6344	46	2	1	25	0.000163586	12226	1	FALSE	NA	NA	NA	NA	NA	NA
NC_045512.2	27251	T	C	12170	6215	45	1	1	34	8.21355e-05	12175	0.999878	FALSE	NA	NA	NA	NA	NA	NA
NC_045512.2	27251	T	A	12170	6215	45	4	4	29	0.000328542	12175	1	FALSE	NA	NA	NA	NA	NA	NA
NC_045512.2	27252	T	A	11677	5845	43	5	4	27	0.000428009	11682	1	FALSE	NA	NA	NA	NA	NA	NA
NC_045512.2	27252	T	+GG	11677	5845	43	1	0	20	8.56018e-05	11682	1	FALSE	NA	NA	NA	NA	NA	NA
NC_045512.2	27253	A	T	12303	6434	45	1	0	27	8.12612e-05	12306	1	FALSE	NA	NA	NA	NA	NA	NA
NC_045512.2	27253	A	G	12303	6434	45	2	1	51	0.000162522	12306	0.24999	FALSE	NA	NA	NA	NA	NA	NA
NC_045512.2	27254	T	A	12015	6131	44	2	2	26	0.000166431	12017	1	FALSE	NA	NA	NA	NA	NA	NA
NC_045512.2	27255	T	A	12089	6295	44	1	1	34	8.2713e-05	12090	0.999878	FALSE	NA	NA	NA	NA	NA	NA
NC_045512.2	27256	A	G	12303	6558	44	1	0	34	8.12744e-05	12304	0.999878	FALSE	NA	NA	NA	NA	NA	NA
NC_045512.2	27257	T	A	12186	6448	44	1	1	60	8.20546e-05	12187	0.500021	FALSE	NA	NA	NA	NA	NA	NA
NC_045512.2	27259	A	T	0	0	0	4	1	68	0.000326344	12257	1.06283e-15	TRUE	NA	NA	NA	NA	NA	NA
NC_045512.2	27259	A	C	0	0	0	12253	6582	44	0.999674	12257	0	TRUE	NA	NA	NA	NA	NA	NA
NC_045512.2	27260	G	C	12036	6329	44	1	1	34	8.30772e-05	12037	0.999878	FALSE	NA	NA	NA	NA	NA	NA
NC_045512.2	27261	G	C	12135	6456	44	1	1	34	8.23927e-05	12137	0.999878	FALSE	NA	NA	NA	NA	NA	NA
NC_045512.2	27261	G	A	12135	6456	44	1	0	34	8.23927e-05	12137	0.999878	FALSE	NA	NA	NA	NA	NA	NA
NC_045512.2	27262	A	G	12083	6475	44	2	1	30	0.000165494	12085	0.999087	FALSE	NA	NA	NA	NA	NA	NA
NC_045512.2	27263	C	T	13149	6553	43	1	1	34	7.60398e-05	13151	0.999939	FALSE	NA	NA	NA	NA	NA	NA
NC_045512.2	27263	C	A	13149	6553	43	1	0	26	7.60398e-05	13151	1	FALSE	NA	NA	NA	NA	NA	NA
NC_045512.2	27263	C	-T	13149	6553	43	1	0	20	7.60398e-05	13151	1	FALSE	NA	NA	NA	NA	NA	NA
NC_045512.2	27264	T	G	13145	6548	43	2	0	34	0.00015208	13151	0.999512	FALSE	NA	NA	NA	NA	NA	NA
NC_045512.2	27264	T	C	13145	6548	43	1	0	34	7.60398e-05	13151	0.999939	FALSE	NA	NA	NA	NA	NA	NA
NC_045512.2	27264	T	A	13145	6548	43	3	0	31	0.00022812	13151	0.997912	FALSE	NA	NA	NA	NA	NA	NA
NC_045512.2	27266	T	A	13111	6552	43	1	0	34	7.6266e-05	13112	0.999939	FALSE	NA	NA	NA	NA	NA	NA
NC_045512.2	27267	T	C	13143	6762	43	2	1	34	0.000152138	13146	0.999513	FALSE	NA	NA	NA	NA	NA	NA
NC_045512.2	27267	T	A	13143	6762	43	1	0	34	7.60688e-05	13146	0.999939	FALSE	NA	NA	NA	NA	NA	NA
NC_045512.2	27269	A	G	13012	6755	42	1	0	34	7.68462e-05	13013	0.999939	FALSE	NA	NA	NA	NA	NA	NA
NC_045512.2	27270	A	T	12975	6770	42	3	2	40	0.000231125	12980	0.312457	FALSE	NA	NA	NA	NA	NA	NA
NC_045512.2	27270	A	G	12975	6770	42	1	0	46	7.70416e-05	12980	0.749952	FALSE	NA	NA	NA	NA	NA	NA
NC_045512.2	27270	A	C	12975	6770	42	1	1	34	7.70416e-05	12980	0.999878	FALSE	NA	NA	NA	NA	NA	NA
NC_045512.2	27271	G	T	13137	6770	43	1	1	34	7.61093e-05	13139	0.999939	FALSE	NA	NA	NA	NA	NA	NA
NC_045512.2	27271	G	C	13137	6770	43	1	1	34	7.61093e-05	13139	0.999939	FALSE	NA	NA	NA	NA	NA	NA
NC_045512.2	27272	T	C	11737	5554	42	3	1	31	0.000255537	11740	0.993546	FALSE	NA	NA	NA	NA	NA	NA
NC_045512.2	27273	T	C	12105	5916	43	1	0	34	8.26037e-05	12106	0.999878	FALSE	NA	NA	NA	NA	NA	NA
NC_045512.2	27274	T	C	12123	5950	43	1	0	68	8.2481e-05	12124	0.500021	FALSE	NA	NA	NA	NA	NA	NA
NC_045512.2	27275	C	T	12049	5890	43	1	0	34	8.29807e-05	12051	0.999878	FALSE	NA	NA	NA	NA	NA	NA
NC_045512.2	27275	C	G	12049	5890	43	1	0	34	8.29807e-05	12051	0.999878	FALSE	NA	NA	NA	NA	NA	NA
NC_045512.2	27278	T	C	11979	5970	43	1	1	68	8.34725e-05	11980	0.500021	FALSE	NA	NA	NA	NA	NA	NA
NC_045512.2	27280	T	G	12132	6156	44	1	1	24	8.24198e-05	12133	1	FALSE	NA	NA	NA	NA	NA	NA
NC_045512.2	27281	G	T	12085	6085	44	1	0	34	8.27267e-05	12088	0.999878	FALSE	NA	NA	NA	NA	NA	NA
NC_045512.2	27281	G	C	12085	6085	44	2	2	51	0.000165453	12088	0.24999	FALSE	NA	NA	NA	NA	NA	NA
NC_045512.2	27282	G	C	12091	6137	43	1	0	24	8.26993e-05	12092	1	FALSE	NA	NA	NA	NA	NA	NA
NC_045512.2	27283	A	G	12119	6174	44	1	0	34	8.25083e-05	12120	0.999878	FALSE	NA	NA	NA	NA	NA	NA
NC_045512.2	27285	T	A	11417	5415	41	2	1	47	0.000175147	11419	0.500033	FALSE	NA	NA	NA	NA	NA	NA
NC_045512.2	27286	C	T	12222	6320	43	2	1	34	0.000163586	12226	0.999087	FALSE	NA	NA	NA	NA	NA	NA
NC_045512.2	27286	C	A	12222	6320	43	2	1	68	0.000163586	12226	0.249969	FALSE	NA	NA	NA	NA	NA	NA
NC_045512.2	27286	C	-TTGATTACAT	12222	6320	43	1	0	20	8.17929e-05	12226	1	FALSE	NA	NA	NA	NA	NA	NA
NC_045512.2	27287	T	C	12285	6445	43	1	0	68	8.13868e-05	12287	0.49998	FALSE	NA	NA	NA	NA	NA	NA
NC_045512.2	27287	T	A	12285	6445	43	1	1	27	8.13868e-05	12287	1	FALSE	NA	NA	NA	NA	NA	NA
NC_045512.2	27288	T	C	12320	6430	43	3	2	56	0.000243447	12323	0.124985	FALSE	NA	NA	NA	NA	NA	NA
NC_045512.2	27292	T	A	12343	6573	44	1	0	27	8.1011e-05	12344	1	FALSE	NA	NA	NA	NA	NA	NA
NC_045512.2	27293	A	T	12053	6597	43	4	2	30	0.000331702	12059	0.989376	FALSE	NA	NA	NA	NA	NA	NA
NC_045512.2	27293	A	G	12053	6597	43	2	2	51	0.000165851	12059	0.249907	FALSE	NA	NA	NA	NA	NA	NA
NC_045512.2	27295	A	G	12139	6493	43	1	1	26	8.23723e-05	12140	1	FALSE	NA	NA	NA	NA	NA	NA
NC_045512.2	27297	C	T	12734	6570	43	2	2	57	0.000156998	12739	0.249951	FALSE	NA	NA	NA	NA	NA	NA
NC_045512.2	27297	C	A	12734	6570	43	3	0	34	0.000235497	12739	0.996314	FALSE	NA	NA	NA	NA	NA	NA
NC_045512.2	27298	A	T	12782	6603	43	1	0	34	7.82289e-05	12783	0.999878	FALSE	NA	NA	NA	NA	NA	NA
NC_045512.2	27299	T	C	12760	6636	43	1	1	34	7.83638e-05	12761	0.999878	FALSE	NA	NA	NA	NA	NA	NA
NC_045512.2	27300	A	T	12718	6701	43	1	0	34	7.86225e-05	12719	0.999878	FALSE	NA	NA	NA	NA	NA	NA
NC_045512.2	27301	A	T	12701	6715	43	1	0	34	7.87278e-05	12702	0.999878	FALSE	NA	NA	NA	NA	NA	NA
NC_045512.2	27301	A	+ACCCACCAAN	12701	6715	43	1	0	20	7.87278e-05	12702	1	FALSE	NA	NA	NA	NA	NA	NA
NC_045512.2	27302	A	T	10407	6818	39	2	1	26	0.000192086	10412	1	FALSE	NA	NA	NA	NA	NA	NA
NC_045512.2	27302	A	G	10407	6818	39	1	0	34	9.6043e-05	10412	0.999512	FALSE	NA	NA	NA	NA	NA	NA
NC_045512.2	27302	A	C	10407	6818	39	2	0	27	0.000192086	10412	1	FALSE	NA	NA	NA	NA	NA	NA
NC_045512.2	27303	C	T	12781	6733	43	6	6	32	0.00046919	12788	0.951932	FALSE	NA	NA	NA	NA	NA	NA
NC_045512.2	27303	C	G	12781	6733	43	1	0	34	7.81983e-05	12788	0.999878	FALSE	NA	NA	NA	NA	NA	NA
NC_045512.2	27304	C	G	12541	6575	43	3	1	34	0.000239158	12544	0.996317	FALSE	NA	NA	NA	NA	NA	NA
NC_045512.2	27305	T	C	11565	5611	43	1	1	34	8.64379e-05	11569	0.999756	FALSE	NA	NA	NA	NA	NA	NA
NC_045512.2	27305	T	A	11565	5611	43	3	2	28	0.000259314	11569	1	FALSE	NA	NA	NA	NA	NA	NA
NC_045512.2	27306	C	G	11622	5658	43	1	0	34	8.60363e-05	11623	0.999757	FALSE	NA	NA	NA	NA	NA	NA
NC_045512.2	27307	A	G	11673	5670	44	1	1	68	8.56604e-05	11674	0.500021	FALSE	NA	NA	NA	NA	NA	NA
NC_045512.2	27308	T	C	11535	5597	43	1	1	34	8.66776e-05	11537	0.999757	FALSE	NA	NA	NA	NA	NA	NA
NC_045512.2	27308	T	A	11535	5597	43	1	1	34	8.66776e-05	11537	0.999757	FALSE	NA	NA	NA	NA	NA	NA
NC_045512.2	27310	A	T	11711	5886	45	3	2	28	0.000256104	11714	1	FALSE	NA	NA	NA	NA	NA	NA
NC_045512.2	27312	T	A	11485	5773	44	1	1	34	8.70625e-05	11486	0.999757	FALSE	NA	NA	NA	NA	NA	NA
NC_045512.2	27313	A	T	11425	5693	44	1	0	34	8.75197e-05	11426	0.999757	FALSE	NA	NA	NA	NA	NA	NA
NC_045512.2	27318	T	C	11420	5941	44	1	1	26	8.75503e-05	11422	1	FALSE	NA	NA	NA	NA	NA	NA
NC_045512.2	27318	T	A	11420	5941	44	1	0	34	8.75503e-05	11422	0.999757	FALSE	NA	NA	NA	NA	NA	NA
NC_045512.2	27319	T	A	11465	6116	45	3	1	28	0.000261597	11468	1	FALSE	NA	NA	NA	NA	NA	NA
NC_045512.2	27320	T	C	11206	6000	44	2	1	34	0.000178428	11209	0.998295	FALSE	NA	NA	NA	NA	NA	NA
NC_045512.2	27320	T	A	11206	6000	44	1	0	26	8.9214e-05	11209	1	FALSE	NA	NA	NA	NA	NA	NA
NC_045512.2	27322	T	A	11402	6153	44	1	1	26	8.76962e-05	11403	1	FALSE	NA	NA	NA	NA	NA	NA
NC_045512.2	27323	C	T	11383	6308	45	1	1	24	8.78194e-05	11387	1	FALSE	NA	NA	NA	NA	NA	NA
NC_045512.2	27323	C	G	11383	6308	45	1	0	34	8.78194e-05	11387	0.999756	FALSE	NA	NA	NA	NA	NA	NA
NC_045512.2	27323	C	A	11383	6308	45	2	0	30	0.000175639	11387	0.998294	FALSE	NA	NA	NA	NA	NA	NA
NC_045512.2	27324	T	-A	11444	6234	45	2	0	20	0.000174764	11444	1	FALSE	NA	NA	NA	NA	NA	NA
NC_045512.2	27325	A	T	11514	6254	45	1	0	34	8.68357e-05	11516	0.999756	FALSE	NA	NA	NA	NA	NA	NA
NC_045512.2	27325	A	G	11514	6254	45	1	0	24	8.68357e-05	11516	1	FALSE	NA	NA	NA	NA	NA	NA
NC_045512.2	27326	A	T	11339	6241	44	1	0	26	8.81834e-05	11340	1	FALSE	NA	NA	NA	NA	NA	NA
NC_045512.2	27328	T	G	11634	6403	46	1	0	34	8.59476e-05	11635	0.999757	FALSE	NA	NA	NA	NA	NA	NA
NC_045512.2	27330	A	G	11920	6543	46	1	1	26	8.38856e-05	11921	1	FALSE	NA	NA	NA	NA	NA	NA
NC_045512.2	27331	C	G	11901	6718	46	1	0	34	8.40195e-05	11902	0.999757	FALSE	NA	NA	NA	NA	NA	NA
NC_045512.2	27332	T	C	11681	6578	45	2	0	40	0.000171189	11683	0.500032	FALSE	NA	NA	NA	NA	NA	NA
NC_045512.2	27332	T	-A	11681	6578	45	1	0	20	8.55945e-05	11683	1	FALSE	NA	NA	NA	NA	NA	NA
NC_045512.2	27333	A	T	11914	6717	46	1	0	34	8.39278e-05	11915	0.999757	FALSE	NA	NA	NA	NA	NA	NA
NC_045512.2	27334	A	G	11576	6717	45	2	0	53	0.000172726	11579	0.249989	FALSE	NA	NA	NA	NA	NA	NA
NC_045512.2	27334	A	C	11576	6717	45	1	1	26	8.63632e-05	11579	1	FALSE	NA	NA	NA	NA	NA	NA
NC_045512.2	27335	C	T	11641	6583	46	140	132	34	0.0118815	11783	4.25907e-30	TRUE	NA	NA	NA	NA	NA	NA
NC_045512.2	27335	C	G	11641	6583	46	1	0	34	8.4868e-05	11783	0.999738	FALSE	NA	NA	NA	NA	NA	NA
NC_045512.2	27335	C	A	11641	6583	46	1	0	34	8.4868e-05	11783	0.999738	FALSE	NA	NA	NA	NA	NA	NA
NC_045512.2	27336	T	C	10670	5679	46	1	1	68	9.37031e-05	10672	0.5	FALSE	NA	NA	NA	NA	NA	NA
NC_045512.2	27336	T	A	10670	5679	46	1	0	26	9.37031e-05	10672	1	FALSE	NA	NA	NA	NA	NA	NA
NC_045512.2	27337	G	C	10910	5949	47	1	0	26	9.16254e-05	10914	1	FALSE	NA	NA	NA	NA	NA	NA
NC_045512.2	27337	G	A	10910	5949	47	3	3	34	0.000274876	10914	0.988789	FALSE	NA	NA	NA	NA	NA	NA
NC_045512.2	27338	A	T	10444	5463	48	1	1	26	9.57396e-05	10445	1	FALSE	NA	NA	NA	NA	NA	NA
NC_045512.2	27339	G	A	10716	5543	47	2	2	34	0.000186602	10718	0.996834	FALSE	NA	NA	NA	NA	NA	NA
NC_045512.2	27340	A	T	10448	5509	46	4	1	32	0.000382702	10452	0.971366	FALSE	NA	NA	NA	NA	NA	NA
NC_045512.2	27341	A	T	10675	5516	47	1	0	34	9.36505e-05	10678	0.999513	FALSE	NA	NA	NA	NA	NA	NA
NC_045512.2	27341	A	G	10675	5516	47	2	2	30	0.000187301	10678	0.996833	FALSE	NA	NA	NA	NA	NA	NA
NC_045512.2	27342	T	G	10718	5510	47	1	0	34	9.32923e-05	10719	0.999513	FALSE	NA	NA	NA	NA	NA	NA
NC_045512.2	27343	A	T	10301	5513	46	1	0	34	9.70591e-05	10303	0.999513	FALSE	NA	NA	NA	NA	NA	NA
NC_045512.2	27343	A	G	10301	5513	46	1	1	60	9.70591e-05	10303	0.5	FALSE	NA	NA	NA	NA	NA	NA
NC_045512.2	27344	A	T	10628	5480	47	11	11	32	0.00103364	10642	0.499826	FALSE	NA	NA	NA	NA	NA	NA
NC_045512.2	27344	A	G	10628	5480	47	2	0	51	0.000187935	10642	0.24973	FALSE	NA	NA	NA	NA	NA	NA
NC_045512.2	27344	A	C	10628	5480	47	1	0	68	9.39673e-05	10642	0.499718	FALSE	NA	NA	NA	NA	NA	NA
NC_045512.2	27345	A	T	10431	5491	46	9	9	34	0.000862069	10440	0.676349	FALSE	NA	NA	NA	NA	NA	NA
NC_045512.2	27346	T	C	10494	5300	46	6	4	45	0.000571429	10500	0.0624844	FALSE	NA	NA	NA	NA	NA	NA
NC_045512.2	27347	A	T	6231	2162	51	1	0	27	0.000160462	6232	1	FALSE	NA	NA	NA	NA	NA	NA
NC_045512.2	27349	T	C	6463	2126	50	9	4	58	0.00139039	6473	0.0019477	TRUE	NA	NA	NA	NA	NA	NA
NC_045512.2	27349	T	A	6463	2126	50	1	0	34	0.000154488	6473	0.992166	FALSE	NA	NA	NA	NA	NA	NA
NC_045512.2	27350	C	T	6429	2209	53	1	1	20	0.000155497	6431	1	FALSE	NA	NA	NA	NA	NA	NA
NC_045512.2	27350	C	A	6429	2209	53	1	0	34	0.000155497	6431	0.9922	FALSE	NA	NA	NA	NA	NA	NA
NC_045512.2	27352	C	G	6629	2238	53	1	0	26	0.00015083	6630	1	FALSE	NA	NA	NA	NA	NA	NA
NC_045512.2	27353	A	G	6487	2225	52	1	0	34	0.000154131	6488	0.992204	FALSE	NA	NA	NA	NA	NA	NA
NC_045512.2	27355	T	C	6656	2241	53	1	1	68	0.000150195	6658	0.5	FALSE	NA	NA	NA	NA	NA	NA
NC_045512.2	27355	T	A	6656	2241	53	1	0	34	0.000150195	6658	0.9922	FALSE	NA	NA	NA	NA	NA	NA
NC_045512.2	27358	G	T	6820	2281	53	1	1	26	0.000146606	6821	1	FALSE	NA	NA	NA	NA	NA	NA
NC_045512.2	27360	T	A	6889	2406	54	1	0	34	0.000145138	6890	0.992203	FALSE	NA	NA	NA	NA	NA	NA
NC_045512.2	27363	A	C	6838	2412	53	1	0	20	0.00014622	6839	1	FALSE	NA	NA	NA	NA	NA	NA
NC_045512.2	27365	A	T	6766	2585	53	1	0	26	0.000147776	6767	1	FALSE	NA	NA	NA	NA	NA	NA
NC_045512.2	27366	G	T	6943	2559	54	1	0	34	0.000144009	6944	0.992203	FALSE	NA	NA	NA	NA	NA	NA
NC_045512.2	27367	C	T	6887	2644	54	1	0	68	0.000145159	6889	0.5	FALSE	NA	NA	NA	NA	NA	NA
NC_045512.2	27367	C	A	6887	2644	54	1	0	26	0.000145159	6889	1	FALSE	NA	NA	NA	NA	NA	NA
NC_045512.2	27368	A	G	6995	2648	55	1	0	34	0.000142939	6996	0.992203	FALSE	NA	NA	NA	NA	NA	NA
NC_045512.2	27372	A	G	7060	2890	53	1	1	68	0.000141623	7061	0.500035	FALSE	NA	NA	NA	NA	NA	NA
NC_045512.2	27373	A	T	7041	2890	53	1	1	20	0.000142005	7042	1	FALSE	NA	NA	NA	NA	NA	NA
NC_045512.2	27374	T	C	7050	2945	53	1	0	34	0.000141824	7051	0.996104	FALSE	NA	NA	NA	NA	NA	NA
NC_045512.2	27377	A	T	7008	3164	52	1	0	26	0.000142653	7010	1	FALSE	NA	NA	NA	NA	NA	NA
NC_045512.2	27377	A	G	7008	3164	52	1	0	34	0.000142653	7010	0.996102	FALSE	NA	NA	NA	NA	NA	NA
NC_045512.2	27378	G	T	7009	3165	52	1	1	26	0.000142653	7010	1	FALSE	NA	NA	NA	NA	NA	NA
NC_045512.2	27379	A	T	6809	3210	50	1	0	26	0.000146843	6810	1	FALSE	NA	NA	NA	NA	NA	NA
NC_045512.2	27382	G	T	0	0	0	1	1	34	0.000151837	6586	0.00106286	TRUE	NA	NA	NA	NA	NA	NA
NC_045512.2	27382	G	C	0	0	0	6585	3725	46	0.999848	6586	0	TRUE	NA	NA	NA	NA	NA	NA
NC_045512.2	27383	A	T	0	0	0	6268	3394	44	1	6268	0	TRUE	NA	NA	NA	NA	NA	NA
NC_045512.2	27384	T	C	0	0	0	6592	3724	46	1	6592	0	TRUE	NA	NA	NA	NA	NA	NA
NC_045512.2	27387	A	T	6841	3996	47	1	1	26	0.000146156	6842	1	FALSE	NA	NA	NA	NA	NA	NA
NC_045512.2	27389	C	T	6852	3997	47	3	0	34	0.000437637	6855	0.910264	FALSE	NA	NA	NA	NA	NA	NA
NC_045512.2	27390	G	C	6811	3986	47	1	1	27	0.0001468	6812	1	FALSE	NA	NA	NA	NA	NA	NA
NC_045512.2	27391	A	G	6873	4003	47	1	0	34	0.000145476	6874	0.992203	FALSE	NA	NA	NA	NA	NA	NA
NC_045512.2	27392	A	G	6792	4031	47	1	0	34	0.00014721	6793	0.992204	FALSE	NA	NA	NA	NA	NA	NA
NC_045512.2	27393	C	A	6903	4068	47	2	1	47	0.000289645	6905	0.250018	FALSE	NA	NA	NA	NA	NA	NA
NC_045512.2	27395	T	C	6885	4064	47	1	1	68	0.000145222	6886	0.500036	FALSE	NA	NA	NA	NA	NA	NA
NC_045512.2	27397	A	T	6820	4050	47	1	0	34	0.000146585	6822	0.9922	FALSE	NA	NA	NA	NA	NA	NA
NC_045512.2	27397	A	G	6820	4050	47	1	0	34	0.000146585	6822	0.9922	FALSE	NA	NA	NA	NA	NA	NA
NC_045512.2	27398	A	G	6935	4144	47	1	1	24	0.000144175	6936	1	FALSE	NA	NA	NA	NA	NA	NA
NC_045512.2	27400	A	G	6894	4170	46	1	0	34	0.000145033	6895	0.992203	FALSE	NA	NA	NA	NA	NA	NA
NC_045512.2	27401	T	C	6972	4151	47	2	1	27	0.000286779	6974	1	FALSE	NA	NA	NA	NA	NA	NA
NC_045512.2	27402	T	C	6737	4022	46	2	1	40	0.00029678	6739	0.250019	FALSE	NA	NA	NA	NA	NA	NA
NC_045512.2	27403	A	T	6875	4203	46	2	0	27	0.000290782	6878	1	FALSE	NA	NA	NA	NA	NA	NA
NC_045512.2	27403	A	G	6875	4203	46	1	1	24	0.000145391	6878	1	FALSE	NA	NA	NA	NA	NA	NA
NC_045512.2	27405	T	C	6870	4146	47	3	1	42	0.000436427	6874	0.124973	FALSE	NA	NA	NA	NA	NA	NA
NC_045512.2	27405	T	A	6870	4146	47	1	0	26	0.000145476	6874	1	FALSE	NA	NA	NA	NA	NA	NA
NC_045512.2	27406	C	A	6905	4214	47	1	0	34	0.000144802	6906	0.992203	FALSE	NA	NA	NA	NA	NA	NA
NC_045512.2	27408	T	C	6911	4200	47	1	1	46	0.000144676	6912	0.500036	FALSE	NA	NA	NA	NA	NA	NA
NC_045512.2	27411	C	A	6944	4279	47	1	0	26	0.000143988	6945	1	FALSE	NA	NA	NA	NA	NA	NA
NC_045512.2	27412	T	G	6759	4073	46	2	1	26	0.000295727	6763	1	FALSE	NA	NA	NA	NA	NA	NA
NC_045512.2	27412	T	C	6759	4073	46	2	2	34	0.000295727	6763	0.964868	FALSE	NA	NA	NA	NA	NA	NA
NC_045512.2	27413	T	G	6955	4273	48	1	0	27	0.00014374	6957	1	FALSE	NA	NA	NA	NA	NA	NA
NC_045512.2	27413	T	C	6955	4273	48	1	1	34	0.00014374	6957	0.992199	FALSE	NA	NA	NA	NA	NA	NA
NC_045512.2	27415	G	A	6781	4626	44	2	2	51	0.000294855	6783	0.250018	FALSE	NA	NA	NA	NA	NA	NA
NC_045512.2	27416	C	T	6815	4669	44	1	0	34	0.000146714	6816	0.992204	FALSE	NA	NA	NA	NA	NA	NA
NC_045512.2	27417	A	C	6811	4655	44	1	0	27	0.0001468	6812	1	FALSE	NA	NA	NA	NA	NA	NA
NC_045512.2	27418	C	G	6850	4673	44	1	0	34	0.000145964	6851	0.992203	FALSE	NA	NA	NA	NA	NA	NA
NC_045512.2	27420	G	A	7033	4885	45	1	1	34	0.000142167	7034	0.996104	FALSE	NA	NA	NA	NA	NA	NA
NC_045512.2	27421	A	T	7099	4952	46	1	1	27	0.000140845	7100	1	FALSE	NA	NA	NA	NA	NA	NA
NC_045512.2	27423	A	T	6976	4964	44	1	1	27	0.000143308	6978	1	FALSE	NA	NA	NA	NA	NA	NA
NC_045512.2	27423	A	G	6976	4964	44	1	1	34	0.000143308	6978	0.992199	FALSE	NA	NA	NA	NA	NA	NA
NC_045512.2	27424	A	C	7033	4918	46	1	0	24	0.000142167	7034	1	FALSE	NA	NA	NA	NA	NA	NA
NC_045512.2	27426	A	G	7100	5073	46	1	0	38	0.000140825	7101	0.996104	FALSE	NA	NA	NA	NA	NA	NA
NC_045512.2	27434	C	T	6808	4719	47	1	1	38	0.000146864	6809	0.992204	FALSE	NA	NA	NA	NA	NA	NA
NC_045512.2	27435	T	C	6870	4867	48	1	0	34	0.000145518	6872	0.992199	FALSE	NA	NA	NA	NA	NA	NA
NC_045512.2	27435	T	A	6870	4867	48	1	1	34	0.000145518	6872	0.992199	FALSE	NA	NA	NA	NA	NA	NA
NC_045512.2	27436	T	C	6826	4857	48	2	2	30	0.000292912	6828	0.9649	FALSE	NA	NA	NA	NA	NA	NA
NC_045512.2	27438	T	C	6564	4662	48	1	1	26	0.000152323	6565	1	FALSE	NA	NA	NA	NA	NA	NA
NC_045512.2	27441	G	T	6498	4619	48	2	2	64	0.000307645	6501	0.249981	FALSE	NA	NA	NA	NA	NA	NA
NC_045512.2	27441	G	C	6498	4619	48	1	1	34	0.000153822	6501	0.992196	FALSE	NA	NA	NA	NA	NA	NA
NC_045512.2	27442	C	-T	6570	4786	48	1	0	20	0.000152207	6570	1	FALSE	NA	NA	NA	NA	NA	NA
NC_045512.2	27443	T	C	6204	4451	48	1	0	68	0.00016116	6205	0.5	FALSE	NA	NA	NA	NA	NA	NA
NC_045512.2	27446	A	G	6408	4845	49	1	1	34	0.000156031	6409	0.992205	FALSE	NA	NA	NA	NA	NA	NA
NC_045512.2	27448	C	A	6372	5058	47	1	0	24	0.000156912	6373	1	FALSE	NA	NA	NA	NA	NA	NA
NC_045512.2	27449	A	T	6346	5025	47	2	1	46	0.00031506	6348	0.25002	FALSE	NA	NA	NA	NA	NA	NA
NC_045512.2	27452	A	G	6286	4907	48	1	0	27	0.000159058	6287	1	FALSE	NA	NA	NA	NA	NA	NA
NC_045512.2	27453	C	A	6285	4949	47	1	0	27	0.000159084	6286	1	FALSE	NA	NA	NA	NA	NA	NA
NC_045512.2	27455	A	G	6255	4912	47	2	1	51	0.000319642	6257	0.25002	FALSE	NA	NA	NA	NA	NA	NA
NC_045512.2	27456	A	G	6272	4947	46	3	3	56	0.000478088	6275	0.125	FALSE	NA	NA	NA	NA	NA	NA
NC_045512.2	27460	T	A	5923	4595	48	1	1	34	0.000168805	5924	0.984403	FALSE	NA	NA	NA	NA	NA	NA
NC_045512.2	27461	G	A	5926	4570	48	1	1	34	0.000168719	5927	0.984403	FALSE	NA	NA	NA	NA	NA	NA
NC_045512.2	27462	T	A	5802	4441	48	1	1	34	0.000172325	5803	0.984403	FALSE	NA	NA	NA	NA	NA	NA
NC_045512.2	27463	G	T	5894	4529	48	1	1	34	0.000169635	5895	0.984403	FALSE	NA	NA	NA	NA	NA	NA
NC_045512.2	27466	A	G	5797	4453	48	1	0	68	0.000172473	5798	0.500043	FALSE	NA	NA	NA	NA	NA	NA
NC_045512.2	27467	G	T	5768	4421	48	2	1	68	0.00034662	5770	0.250022	FALSE	NA	NA	NA	NA	NA	NA
NC_045512.2	27468	A	T	5753	4378	47	1	1	34	0.000173762	5755	0.984395	FALSE	NA	NA	NA	NA	NA	NA
NC_045512.2	27468	A	G	5753	4378	47	1	0	68	0.000173762	5755	0.5	FALSE	NA	NA	NA	NA	NA	NA
NC_045512.2	27469	G	T	5656	4259	49	1	1	26	0.000176772	5657	1	FALSE	NA	NA	NA	NA	NA	NA
NC_045512.2	27471	T	C	5392	4017	50	1	1	68	0.000185426	5393	0.500046	FALSE	NA	NA	NA	NA	NA	NA
NC_045512.2	27472	A	G	5280	3917	49	4	1	59	0.000757002	5284	0.0624882	FALSE	NA	NA	NA	NA	NA	NA
NC_045512.2	27474	A	G	5360	3978	50	1	0	24	0.000186532	5361	1	FALSE	NA	NA	NA	NA	NA	NA
NC_045512.2	27475	A	T	5374	3989	50	2	2	34	0.000371955	5377	0.937561	FALSE	NA	NA	NA	NA	NA	NA
NC_045512.2	27475	A	G	5374	3989	50	1	1	26	0.000185977	5377	1	FALSE	NA	NA	NA	NA	NA	NA
NC_045512.2	27477	A	T	5014	3700	50	1	1	34	0.000199362	5016	0.984398	FALSE	NA	NA	NA	NA	NA	NA
NC_045512.2	27477	A	G	5014	3700	50	1	1	46	0.000199362	5016	0.5	FALSE	NA	NA	NA	NA	NA	NA
NC_045512.2	27478	G	T	4969	3737	49	1	1	68	0.000201207	4970	0.50005	FALSE	NA	NA	NA	NA	NA	NA
NC_045512.2	27479	T	A	4726	3516	50	1	0	34	0.000211551	4727	0.9688	FALSE	NA	NA	NA	NA	NA	NA
NC_045512.2	27481	C	-T	4717	3562	49	1	0	20	0.000211999	4717	1	FALSE	NA	NA	NA	NA	NA	NA
NC_045512.2	27482	T	A	4509	3368	50	1	1	26	0.000221729	4510	1	FALSE	NA	NA	NA	NA	NA	NA
NC_045512.2	27483	T	A	4296	3148	48	1	0	27	0.000232721	4297	1	FALSE	NA	NA	NA	NA	NA	NA
NC_045512.2	27492	A	G	4435	3457	48	1	1	24	0.000225428	4436	1	FALSE	NA	NA	NA	NA	NA	NA
NC_045512.2	27493	C	A	4412	3451	47	1	1	26	0.000226603	4413	1	FALSE	NA	NA	NA	NA	NA	NA
NC_045512.2	27495	T	C	4427	3473	47	2	1	25	0.000451467	4430	1	FALSE	NA	NA	NA	NA	NA	NA
NC_045512.2	27495	T	A	4427	3473	47	1	1	26	0.000225734	4430	1	FALSE	NA	NA	NA	NA	NA	NA
NC_045512.2	27496	T	C	4384	3427	47	1	1	27	0.000227998	4386	1	FALSE	NA	NA	NA	NA	NA	NA
NC_045512.2	27496	T	A	4384	3427	47	1	1	34	0.000227998	4386	0.968786	FALSE	NA	NA	NA	NA	NA	NA
NC_045512.2	27497	G	C	4392	3434	47	1	1	34	0.000227635	4393	0.968803	FALSE	NA	NA	NA	NA	NA	NA
NC_045512.2	27499	T	C	4238	3296	47	2	2	30	0.000471587	4241	0.890708	FALSE	NA	NA	NA	NA	NA	NA
NC_045512.2	27499	T	A	4238	3296	47	1	1	26	0.000235793	4241	1	FALSE	NA	NA	NA	NA	NA	NA
NC_045512.2	27501	T	C	4249	3303	48	1	1	27	0.000235239	4251	1	FALSE	NA	NA	NA	NA	NA	NA
NC_045512.2	27501	T	A	4249	3303	48	1	1	34	0.000235239	4251	0.968787	FALSE	NA	NA	NA	NA	NA	NA
NC_045512.2	27502	T	A	3309	2373	48	1	0	27	0.000302115	3310	1	FALSE	NA	NA	NA	NA	NA	NA
NC_045512.2	27504	T	C	4252	3363	47	1	1	27	0.000235128	4253	1	FALSE	NA	NA	NA	NA	NA	NA
NC_045512.2	27505	G	C	4208	3314	47	1	0	27	0.000237586	4209	1	FALSE	NA	NA	NA	NA	NA	NA
NC_045512.2	27506	G	-AACAT	4213	3316	47	1	0	20	0.000237361	4213	1	FALSE	NA	NA	NA	NA	NA	NA
NC_045512.2	27507	A	G	4215	3324	47	1	0	68	0.000237135	4217	0.499941	FALSE	NA	NA	NA	NA	NA	NA
NC_045512.2	27507	A	C	4215	3324	47	1	1	27	0.000237135	4217	1	FALSE	NA	NA	NA	NA	NA	NA
NC_045512.2	27509	C	T	3979	3180	46	1	1	68	0.000251256	3980	0.5	FALSE	NA	NA	NA	NA	NA	NA
NC_045512.2	27511	T	C	3978	3183	46	1	1	27	0.000251319	3979	1	FALSE	NA	NA	NA	NA	NA	NA
NC_045512.2	27512	A	T	3974	3169	46	1	0	27	0.000251509	3976	1	FALSE	NA	NA	NA	NA	NA	NA
NC_045512.2	27512	A	C	3974	3169	46	1	1	27	0.000251509	3976	1	FALSE	NA	NA	NA	NA	NA	NA
NC_045512.2	27517	G	A	3691	2932	46	1	0	38	0.000270856	3692	0.937585	FALSE	NA	NA	NA	NA	NA	NA
NC_045512.2	27518	G	A	3673	2920	46	3	3	45	0.000816104	3676	0.125	FALSE	NA	NA	NA	NA	NA	NA
NC_045512.2	27521	A	C	3485	2800	44	1	1	34	0.000286862	3486	0.93759	FALSE	NA	NA	NA	NA	NA	NA
NC_045512.2	27522	T	C	3437	2753	45	1	1	34	0.000290867	3438	0.937591	FALSE	NA	NA	NA	NA	NA	NA
NC_045512.2	27523	T	C	3475	2801	45	3	3	45	0.000862565	3478	0.125	FALSE	NA	NA	NA	NA	NA	NA
NC_045512.2	27525	A	T	3352	2688	45	2	2	30	0.000596125	3355	0.812593	FALSE	NA	NA	NA	NA	NA	NA
NC_045512.2	27525	A	C	3352	2688	45	1	1	34	0.000298063	3355	0.937519	FALSE	NA	NA	NA	NA	NA	NA
NC_045512.2	27531	T	A	3214	2574	45	1	0	68	0.000311042	3215	0.500078	FALSE	NA	NA	NA	NA	NA	NA
NC_045512.2	27532	C	A	3203	2606	45	3	3	34	0.000935745	3206	0.656469	FALSE	NA	NA	NA	NA	NA	NA
NC_045512.2	27533	A	T	3185	2587	45	1	1	34	0.000313873	3186	0.937598	FALSE	NA	NA	NA	NA	NA	NA
NC_045512.2	27536	C	A	3129	2539	45	1	0	34	0.000319489	3130	0.9376	FALSE	NA	NA	NA	NA	NA	NA
NC_045512.2	27549	C	A	2708	2196	45	1	0	68	0.00036914	2709	0.500092	FALSE	NA	NA	NA	NA	NA	NA
NC_045512.2	27551	A	T	2698	2191	45	2	2	34	0.000740741	2700	0.687708	FALSE	NA	NA	NA	NA	NA	NA
NC_045512.2	27552	A	G	2684	2184	43	2	2	27	0.000744602	2686	1	FALSE	NA	NA	NA	NA	NA	NA
NC_045512.2	27558	A	T	2603	2112	45	1	1	26	0.000384025	2604	1	FALSE	NA	NA	NA	NA	NA	NA
NC_045512.2	27562	A	G	13178	2881	36	4	1	34	0.000303444	13182	0.993654	FALSE	NA	NA	NA	NA	NA	NA
NC_045512.2	27564	T	C	13195	2894	36	1	0	34	7.57748e-05	13197	0.999939	FALSE	NA	NA	NA	NA	NA	NA
NC_045512.2	27564	T	A	13195	2894	36	1	0	26	7.57748e-05	13197	1	FALSE	NA	NA	NA	NA	NA	NA
NC_045512.2	27565	T	C	13174	2934	36	1	0	34	7.58898e-05	13177	0.999939	FALSE	NA	NA	NA	NA	NA	NA
NC_045512.2	27565	T	A	13174	2934	36	2	0	51	0.00015178	13177	0.249991	FALSE	NA	NA	NA	NA	NA	NA
NC_045512.2	27566	G	A	14455	2966	36	2	0	30	0.000138341	14457	0.999742	FALSE	NA	NA	NA	NA	NA	NA
NC_045512.2	27567	C	T	15668	3203	37	1	0	34	6.38162e-05	15670	0.999985	FALSE	NA	NA	NA	NA	NA	NA
NC_045512.2	27567	C	A	15668	3203	37	1	0	34	6.38162e-05	15670	0.999985	FALSE	NA	NA	NA	NA	NA	NA
NC_045512.2	27567	C	+T	15668	3203	37	1	0	20	6.38162e-05	15670	1	FALSE	NA	NA	NA	NA	NA	NA
NC_045512.2	27568	T	G	15732	3229	37	1	0	34	6.35526e-05	15735	0.999985	FALSE	NA	NA	NA	NA	NA	NA
NC_045512.2	27568	T	A	15732	3229	37	2	0	34	0.000127105	15735	0.999863	FALSE	NA	NA	NA	NA	NA	NA
NC_045512.2	27569	T	C	15675	3176	37	1	1	34	6.37918e-05	15676	0.999985	FALSE	NA	NA	NA	NA	NA	NA
NC_045512.2	27570	T	C	14983	2737	37	3	0	31	0.000200187	14986	0.998829	FALSE	NA	NA	NA	NA	NA	NA
NC_045512.2	27571	A	G	15199	2771	37	1	0	34	6.57851e-05	15201	0.999985	FALSE	NA	NA	NA	NA	NA	NA
NC_045512.2	27571	A	C	15199	2771	37	1	0	26	6.57851e-05	15201	1	FALSE	NA	NA	NA	NA	NA	NA
NC_045512.2	27573	C	T	15087	2801	36	1	0	26	6.62734e-05	15089	1	FALSE	NA	NA	NA	NA	NA	NA
NC_045512.2	27573	C	A	15087	2801	36	1	0	26	6.62734e-05	15089	1	FALSE	NA	NA	NA	NA	NA	NA
NC_045512.2	27574	A	T	15205	2741	37	5	5	32	0.000328688	15212	0.994102	FALSE	NA	NA	NA	NA	NA	NA
NC_045512.2	27574	A	G	15205	2741	37	2	0	34	0.000131475	15212	0.999863	FALSE	NA	NA	NA	NA	NA	NA
NC_045512.2	27576	T	A	15166	3009	39	1	0	34	6.59326e-05	15167	0.999985	FALSE	NA	NA	NA	NA	NA	NA
NC_045512.2	27578	A	T	16074	3801	40	1	1	26	6.21968e-05	16078	1	FALSE	NA	NA	NA	NA	NA	NA
NC_045512.2	27578	A	G	16074	3801	40	3	0	31	0.00018659	16078	0.999637	FALSE	NA	NA	NA	NA	NA	NA
NC_045512.2	27579	A	T	16984	3829	41	1	0	46	5.88755e-05	16985	0.750022	FALSE	NA	NA	NA	NA	NA	NA
NC_045512.2	27581	T	C	15761	2786	41	3	1	42	0.000190307	15764	0.312512	FALSE	NA	NA	NA	NA	NA	NA
NC_045512.2	27582	T	C	15684	2899	41	7	2	35	0.000446087	15692	0.973801	FALSE	NA	NA	NA	NA	NA	NA
NC_045512.2	27582	T	A	15684	2899	41	1	0	34	6.37267e-05	15692	0.999985	FALSE	NA	NA	NA	NA	NA	NA
NC_045512.2	27583	G	T	16734	2976	41	3	1	45	0.000179211	16740	0.312444	FALSE	NA	NA	NA	NA	NA	NA
NC_045512.2	27583	G	C	16734	2976	41	1	0	34	5.97372e-05	16740	0.999992	FALSE	NA	NA	NA	NA	NA	NA
NC_045512.2	27583	G	A	16734	2976	41	2	0	34	0.000119474	16740	0.999928	FALSE	NA	NA	NA	NA	NA	NA
NC_045512.2	27584	C	T	16725	3068	41	1	0	34	5.978e-05	16728	0.999992	FALSE	NA	NA	NA	NA	NA	NA
NC_045512.2	27584	C	G	16725	3068	41	1	0	34	5.978e-05	16728	0.999992	FALSE	NA	NA	NA	NA	NA	NA
NC_045512.2	27584	C	A	16725	3068	41	1	0	34	5.978e-05	16728	0.999992	FALSE	NA	NA	NA	NA	NA	NA
NC_045512.2	27585	T	A	16794	3113	42	1	0	26	5.95415e-05	16795	1	FALSE	NA	NA	NA	NA	NA	NA
NC_045512.2	27589	G	A	18498	3312	42	10	1	33	0.000540307	18508	0.956493	FALSE	NA	NA	NA	NA	NA	NA
NC_045512.2	27590	C	T	18512	3604	43	2	2	36	0.000108026	18514	0.99998	FALSE	NA	NA	NA	NA	NA	NA
NC_045512.2	27591	T	C	18621	3625	43	3	0	31	0.000161082	18624	0.99989	FALSE	NA	NA	NA	NA	NA	NA
NC_045512.2	27592	T	C	19060	3688	42	1	0	34	5.24604e-05	19062	0.999999	FALSE	NA	NA	NA	NA	NA	NA
NC_045512.2	27592	T	A	19060	3688	42	1	1	27	5.24604e-05	19062	1	FALSE	NA	NA	NA	NA	NA	NA
NC_045512.2	27593	G	A	19700	3727	43	1	0	34	5.07588e-05	19701	0.999999	FALSE	NA	NA	NA	NA	NA	NA
NC_045512.2	27595	C	T	20045	3781	42	1	0	34	4.98853e-05	20046	1	FALSE	NA	NA	NA	NA	NA	NA
NC_045512.2	27597	T	C	19946	3905	43	3	0	34	0.000150383	19949	0.99994	FALSE	NA	NA	NA	NA	NA	NA
NC_045512.2	27600	C	T	20275	3933	43	3	0	34	0.000147944	20278	0.999967	FALSE	NA	NA	NA	NA	NA	NA
NC_045512.2	27601	G	A	20262	3942	43	1	0	34	4.9351e-05	20263	1	FALSE	NA	NA	NA	NA	NA	NA
NC_045512.2	27602	G	T	24736	4299	42	1	0	34	4.04253e-05	24737	1	FALSE	NA	NA	NA	NA	NA	NA
NC_045512.2	27603	C	T	24745	4578	43	6	1	49	0.000242268	24766	0.144326	FALSE	NA	NA	NA	NA	NA	NA
NC_045512.2	27603	C	G	24745	4578	43	7	0	30	0.000282646	24766	0.99956	FALSE	NA	NA	NA	NA	NA	NA
NC_045512.2	27603	C	A	24745	4578	43	8	0	32	0.000323023	24766	0.998947	FALSE	NA	NA	NA	NA	NA	NA
NC_045512.2	27604	G	A	25015	4579	43	8	2	37	0.000319706	25023	0.999343	FALSE	NA	NA	NA	NA	NA	NA
NC_045512.2	27605	T	A	24977	4626	43	1	0	26	4.00352e-05	24978	1	FALSE	NA	NA	NA	NA	NA	NA
NC_045512.2	27605	T	-A	24977	4626	43	2	0	20	8.00705e-05	24978	1	FALSE	NA	NA	NA	NA	NA	NA
NC_045512.2	27606	A	T	25100	4641	43	1	0	34	3.98359e-05	25103	1	FALSE	NA	NA	NA	NA	NA	NA
NC_045512.2	27606	A	G	25100	4641	43	2	1	68	7.96718e-05	25103	0.249975	FALSE	NA	NA	NA	NA	NA	NA
NC_045512.2	27608	A	T	18784	4836	41	1	1	20	5.32255e-05	18788	1	FALSE	NA	NA	NA	NA	NA	NA
NC_045512.2	27608	A	G	18784	4836	41	1	0	34	5.32255e-05	18788	0.999998	FALSE	NA	NA	NA	NA	NA	NA
NC_045512.2	27608	A	C	18784	4836	41	2	0	26	0.000106451	18788	1	FALSE	NA	NA	NA	NA	NA	NA
NC_045512.2	27609	A	T	25653	4813	43	1	0	27	3.89788e-05	25655	1	FALSE	NA	NA	NA	NA	NA	NA
NC_045512.2	27609	A	C	25653	4813	43	1	0	34	3.89788e-05	25655	1	FALSE	NA	NA	NA	NA	NA	NA
NC_045512.2	27611	A	T	25635	4901	43	1	1	34	3.90076e-05	25636	1	FALSE	NA	NA	NA	NA	NA	NA
NC_045512.2	27612	C	T	26391	5071	44	6	0	34	0.000227299	26397	0.999944	FALSE	NA	NA	NA	NA	NA	NA
NC_045512.2	27613	G	C	26770	5136	44	1	0	26	3.73539e-05	26771	1	FALSE	NA	NA	NA	NA	NA	NA
NC_045512.2	27614	T	C	27115	5105	43	2	1	51	7.37545e-05	27117	0.250005	FALSE	NA	NA	NA	NA	NA	NA
NC_045512.2	27615	C	A	27223	5267	44	1	0	34	3.67323e-05	27224	1	FALSE	NA	NA	NA	NA	NA	NA
NC_045512.2	27616	T	A	27441	5339	43	1	0	26	3.64405e-05	27442	1	FALSE	NA	NA	NA	NA	NA	NA
NC_045512.2	27617	A	G	27336	5480	44	2	1	46	7.31582e-05	27338	0.687521	FALSE	NA	NA	NA	NA	NA	NA
NC_045512.2	27618	T	C	27716	5488	44	1	0	34	3.60763e-05	27719	1	FALSE	NA	NA	NA	NA	NA	NA
NC_045512.2	27618	T	A	27716	5488	44	2	0	34	7.21527e-05	27719	1	FALSE	NA	NA	NA	NA	NA	NA
NC_045512.2	27619	C	T	27445	5466	44	1	0	34	3.64312e-05	27449	1	FALSE	NA	NA	NA	NA	NA	NA
NC_045512.2	27619	C	G	27445	5466	44	1	0	34	3.64312e-05	27449	1	FALSE	NA	NA	NA	NA	NA	NA
NC_045512.2	27619	C	A	27445	5466	44	2	0	29	7.28624e-05	27449	1	FALSE	NA	NA	NA	NA	NA	NA
NC_045512.2	27619	C	+A	27445	5466	44	2	0	20	7.28624e-05	27449	1	FALSE	NA	NA	NA	NA	NA	NA
NC_045512.2	27620	A	T	27160	5493	44	1	0	26	3.68121e-05	27165	1	FALSE	NA	NA	NA	NA	NA	NA
NC_045512.2	27620	A	G	27160	5493	44	4	0	37	0.000147248	27165	0.999998	FALSE	NA	NA	NA	NA	NA	NA
NC_045512.2	27621	G	T	28272	5515	44	1	1	20	3.53669e-05	28275	1	FALSE	NA	NA	NA	NA	NA	NA
NC_045512.2	27621	G	C	28272	5515	44	1	0	34	3.53669e-05	28275	1	FALSE	NA	NA	NA	NA	NA	NA
NC_045512.2	27621	G	A	28272	5515	44	1	0	34	3.53669e-05	28275	1	FALSE	NA	NA	NA	NA	NA	NA
NC_045512.2	27621	G	-T	28272	5515	44	1	0	20	3.53669e-05	28275	1	FALSE	NA	NA	NA	NA	NA	NA
NC_045512.2	27622	T	G	28253	5607	44	3	2	30	0.00010615	28262	1	FALSE	NA	NA	NA	NA	NA	NA
NC_045512.2	27622	T	C	28253	5607	44	4	0	34	0.000141533	28262	0.999999	FALSE	NA	NA	NA	NA	NA	NA
NC_045512.2	27622	T	A	28253	5607	44	2	0	30	7.07664e-05	28262	1	FALSE	NA	NA	NA	NA	NA	NA
NC_045512.2	27623	T	G	28346	5587	44	1	0	34	3.52734e-05	28350	1	FALSE	NA	NA	NA	NA	NA	NA
NC_045512.2	27623	T	C	28346	5587	44	3	0	34	0.00010582	28350	1	FALSE	NA	NA	NA	NA	NA	NA
NC_045512.2	27624	A	G	28423	5602	44	2	1	51	7.03606e-05	28425	0.250004	FALSE	NA	NA	NA	NA	NA	NA
NC_045512.2	27625	C	T	28285	5671	44	4	1	37	0.000141393	28290	0.999999	FALSE	NA	NA	NA	NA	NA	NA
NC_045512.2	27625	C	G	28285	5671	44	1	0	34	3.53482e-05	28290	1	FALSE	NA	NA	NA	NA	NA	NA
NC_045512.2	27626	G	A	28402	5662	44	2	0	34	7.04126e-05	28404	1	FALSE	NA	NA	NA	NA	NA	NA
NC_045512.2	27627	T	C	30022	5887	44	1	0	34	3.33078e-05	30023	1	FALSE	NA	NA	NA	NA	NA	NA
NC_045512.2	27628	G	T	30047	5901	44	1	0	26	3.32723e-05	30055	1	FALSE	NA	NA	NA	NA	NA	NA
NC_045512.2	27628	G	A	30047	5901	44	7	0	38	0.000232906	30055	0.999979	FALSE	NA	NA	NA	NA	NA	NA
NC_045512.2	27629	C	T	30018	5913	44	1	0	34	3.33111e-05	30020	1	FALSE	NA	NA	NA	NA	NA	NA
NC_045512.2	27629	C	A	30018	5913	44	1	0	68	3.33111e-05	30020	0.5	FALSE	NA	NA	NA	NA	NA	NA
NC_045512.2	27630	C	T	29895	5939	44	3	1	54	0.000100328	29902	0.124975	FALSE	NA	NA	NA	NA	NA	NA
NC_045512.2	27630	C	G	29895	5939	44	4	0	28	0.00013377	29902	1	FALSE	NA	NA	NA	NA	NA	NA
NC_045512.2	27631	A	T	30232	5900	44	1	0	68	3.30732e-05	30236	0.499983	FALSE	NA	NA	NA	NA	NA	NA
NC_045512.2	27631	A	G	30232	5900	44	3	1	56	9.92195e-05	30236	0.124994	FALSE	NA	NA	NA	NA	NA	NA
NC_045512.2	27632	G	A	30922	5930	44	2	1	34	6.46747e-05	30924	1	FALSE	NA	NA	NA	NA	NA	NA
NC_045512.2	27633	A	G	28244	6040	42	3	0	56	0.000106206	28247	0.125	FALSE	NA	NA	NA	NA	NA	NA
NC_045512.2	27634	T	A	30929	6012	44	2	0	34	6.466e-05	30931	1	FALSE	NA	NA	NA	NA	NA	NA
NC_045512.2	27635	C	T	30984	6025	44	1	0	34	3.22695e-05	30989	1	FALSE	NA	NA	NA	NA	NA	NA
NC_045512.2	27635	C	G	30984	6025	44	2	1	30	6.4539e-05	30989	1	FALSE	NA	NA	NA	NA	NA	NA
NC_045512.2	27635	C	A	30984	6025	44	2	1	34	6.4539e-05	30989	1	FALSE	NA	NA	NA	NA	NA	NA
NC_045512.2	27636	A	T	31482	6024	44	1	0	34	3.17612e-05	31485	1	FALSE	NA	NA	NA	NA	NA	NA
NC_045512.2	27636	A	G	31482	6024	44	2	0	34	6.35223e-05	31485	1	FALSE	NA	NA	NA	NA	NA	NA
NC_045512.2	27637	G	T	32495	6065	44	1	0	34	3.07673e-05	32502	1	FALSE	NA	NA	NA	NA	NA	NA
NC_045512.2	27637	G	A	32495	6065	44	6	0	34	0.000184604	32502	0.999998	FALSE	NA	NA	NA	NA	NA	NA
NC_045512.2	27638	T	C	32367	6308	44	2	0	29	6.17875e-05	32369	1	FALSE	NA	NA	NA	NA	NA	NA
NC_045512.2	27639	T	G	32445	6329	44	1	0	24	3.08195e-05	32447	1	FALSE	NA	NA	NA	NA	NA	NA
NC_045512.2	27639	T	A	32445	6329	44	1	0	26	3.08195e-05	32447	1	FALSE	NA	NA	NA	NA	NA	NA
NC_045512.2	27640	T	C	32542	6380	44	5	2	47	0.000153624	32547	0.36329	FALSE	NA	NA	NA	NA	NA	NA
NC_045512.2	27640	T	-CACCTAAA	32542	6380	44	1	0	20	3.07248e-05	32547	1	FALSE	NA	NA	NA	NA	NA	NA
NC_045512.2	27641	C	G	37059	6801	44	1	0	34	2.69825e-05	37061	1	FALSE	NA	NA	NA	NA	NA	NA
NC_045512.2	27641	C	A	37059	6801	44	1	0	26	2.69825e-05	37061	1	FALSE	NA	NA	NA	NA	NA	NA
NC_045512.2	27642	A	G	36193	6876	43	7	2	37	0.000193359	36202	0.999999	FALSE	NA	NA	NA	NA	NA	NA
NC_045512.2	27642	A	C	36193	6876	43	2	1	51	5.52456e-05	36202	0.249948	FALSE	NA	NA	NA	NA	NA	NA
NC_045512.2	27643	C	T	37730	6866	44	3	0	34	7.95018e-05	37735	1	FALSE	NA	NA	NA	NA	NA	NA
NC_045512.2	27643	C	G	37730	6866	44	1	0	34	2.65006e-05	37735	1	FALSE	NA	NA	NA	NA	NA	NA
NC_045512.2	27643	C	A	37730	6866	44	1	0	20	2.65006e-05	37735	1	FALSE	NA	NA	NA	NA	NA	NA
NC_045512.2	27644	C	G	37530	6908	44	1	0	26	2.66425e-05	37534	1	FALSE	NA	NA	NA	NA	NA	NA
NC_045512.2	27644	C	A	37530	6908	44	3	0	31	7.99275e-05	37534	1	FALSE	NA	NA	NA	NA	NA	NA
NC_045512.2	27645	T	C	37761	6819	43	1	1	26	2.64816e-05	37762	1	FALSE	NA	NA	NA	NA	NA	NA
NC_045512.2	27646	A	T	38472	6950	44	1	0	26	2.59902e-05	38476	1	FALSE	NA	NA	NA	NA	NA	NA
NC_045512.2	27646	A	G	38472	6950	44	3	0	35	7.79707e-05	38476	1	FALSE	NA	NA	NA	NA	NA	NA
NC_045512.2	27647	A	T	38312	6956	43	1	1	26	2.60981e-05	38317	1	FALSE	NA	NA	NA	NA	NA	NA
NC_045512.2	27647	A	G	38312	6956	43	4	2	38	0.000104392	38317	1	FALSE	NA	NA	NA	NA	NA	NA
NC_045512.2	27648	A	T	31756	6940	41	2	1	23	6.29644e-05	31764	1	FALSE	NA	NA	NA	NA	NA	NA
NC_045512.2	27648	A	G	31756	6940	41	3	2	54	9.44465e-05	31764	0.124965	FALSE	NA	NA	NA	NA	NA	NA
NC_045512.2	27648	A	C	31756	6940	41	3	2	24	9.44465e-05	31764	1	FALSE	NA	NA	NA	NA	NA	NA
NC_045512.2	27649	C	T	39140	7156	44	3	1	45	7.66381e-05	39145	0.656244	FALSE	NA	NA	NA	NA	NA	NA
NC_045512.2	27649	C	G	39140	7156	44	2	0	34	5.10921e-05	39145	1	FALSE	NA	NA	NA	NA	NA	NA
NC_045512.2	27650	T	G	38909	7520	44	1	0	34	2.56706e-05	38955	1	FALSE	NA	NA	NA	NA	NA	NA
NC_045512.2	27650	T	C	38909	7520	44	44	12	48	0.00112951	38955	1.21877e-10	TRUE	NA	NA	NA	NA	NA	NA
NC_045512.2	27650	T	A	38909	7520	44	1	0	34	2.56706e-05	38955	1	FALSE	NA	NA	NA	NA	NA	NA
NC_045512.2	27651	G	A	40099	7665	44	1	0	34	2.49377e-05	40100	1	FALSE	NA	NA	NA	NA	NA	NA
NC_045512.2	27652	T	G	40158	7729	45	2	0	30	4.97971e-05	40163	1	FALSE	NA	NA	NA	NA	NA	NA
NC_045512.2	27652	T	A	40158	7729	45	3	0	34	7.46956e-05	40163	1	FALSE	NA	NA	NA	NA	NA	NA
NC_045512.2	27653	T	C	40246	7707	44	4	0	34	9.93764e-05	40251	1	FALSE	NA	NA	NA	NA	NA	NA
NC_045512.2	27653	T	A	40246	7707	44	1	0	26	2.48441e-05	40251	1	FALSE	NA	NA	NA	NA	NA	NA
NC_045512.2	27654	C	T	40273	7726	44	3	2	52	7.44823e-05	40278	0.124991	FALSE	NA	NA	NA	NA	NA	NA
NC_045512.2	27654	C	G	40273	7726	44	2	1	30	4.96549e-05	40278	1	FALSE	NA	NA	NA	NA	NA	NA
NC_045512.2	27655	A	G	38058	7764	43	3	1	45	7.88167e-05	38063	0.656244	FALSE	NA	NA	NA	NA	NA	NA
NC_045512.2	27655	A	C	38058	7764	43	2	0	36	5.25445e-05	38063	1	FALSE	NA	NA	NA	NA	NA	NA
NC_045512.2	27656	T	C	40783	8086	45	5	1	40	0.000122585	40788	0.500015	FALSE	NA	NA	NA	NA	NA	NA
NC_045512.2	27657	C	T	40450	8105	45	2	1	29	4.94389e-05	40454	1	FALSE	NA	NA	NA	NA	NA	NA
NC_045512.2	27657	C	G	40450	8105	45	1	0	34	2.47194e-05	40454	1	FALSE	NA	NA	NA	NA	NA	NA
NC_045512.2	27657	C	A	40450	8105	45	1	0	34	2.47194e-05	40454	1	FALSE	NA	NA	NA	NA	NA	NA
NC_045512.2	27658	A	T	40378	8104	45	2	0	30	4.95221e-05	40386	1	FALSE	NA	NA	NA	NA	NA	NA
NC_045512.2	27658	A	G	40378	8104	45	4	0	51	9.90442e-05	40386	0.0624861	FALSE	NA	NA	NA	NA	NA	NA
NC_045512.2	27658	A	C	40378	8104	45	2	0	34	4.95221e-05	40386	1	FALSE	NA	NA	NA	NA	NA	NA
NC_045512.2	27659	G	T	41815	8160	45	2	0	30	4.78252e-05	41819	1	FALSE	NA	NA	NA	NA	NA	NA
NC_045512.2	27659	G	C	41815	8160	45	1	0	24	2.39126e-05	41819	1	FALSE	NA	NA	NA	NA	NA	NA
NC_045512.2	27659	G	A	41815	8160	45	1	0	34	2.39126e-05	41819	1	FALSE	NA	NA	NA	NA	NA	NA
NC_045512.2	27660	A	T	41886	8436	45	2	1	43	4.77395e-05	41894	0.890605	FALSE	NA	NA	NA	NA	NA	NA
NC_045512.2	27660	A	G	41886	8436	45	6	0	38	0.000143219	41894	1	FALSE	NA	NA	NA	NA	NA	NA
NC_045512.2	27661	C	T	41935	8468	45	1	0	34	2.38442e-05	41939	1	FALSE	NA	NA	NA	NA	NA	NA
NC_045512.2	27661	C	G	41935	8468	45	2	0	34	4.76883e-05	41939	1	FALSE	NA	NA	NA	NA	NA	NA
NC_045512.2	27661	C	A	41935	8468	45	1	0	26	2.38442e-05	41939	1	FALSE	NA	NA	NA	NA	NA	NA
NC_045512.2	27662	A	T	42161	10590	49	2	0	30	4.74305e-05	42167	1	FALSE	NA	NA	NA	NA	NA	NA
NC_045512.2	27662	A	G	42161	10590	49	4	2	36	9.48609e-05	42167	1	FALSE	NA	NA	NA	NA	NA	NA
NC_045512.2	27663	A	T	42166	10630	49	1	1	26	2.37135e-05	42170	1	FALSE	NA	NA	NA	NA	NA	NA
NC_045512.2	27663	A	G	42166	10630	49	3	1	53	7.11406e-05	42170	0.124996	FALSE	NA	NA	NA	NA	NA	NA
NC_045512.2	27664	G	T	42362	10645	48	1	1	26	2.36044e-05	42365	1	FALSE	NA	NA	NA	NA	NA	NA
NC_045512.2	27664	G	A	42362	10645	48	2	1	51	4.72088e-05	42365	0.249997	FALSE	NA	NA	NA	NA	NA	NA
NC_045512.2	27665	A	T	40390	10764	47	5	3	30	0.000123775	40396	1	FALSE	NA	NA	NA	NA	NA	NA
NC_045512.2	27665	A	G	40390	10764	47	1	0	34	2.47549e-05	40396	1	FALSE	NA	NA	NA	NA	NA	NA
NC_045512.2	27665	A	-G	40390	10764	47	1	0	20	2.47549e-05	40396	1	FALSE	NA	NA	NA	NA	NA	NA
NC_045512.2	27666	G	T	42580	10724	48	1	1	20	2.34835e-05	42583	1	FALSE	NA	NA	NA	NA	NA	NA
NC_045512.2	27666	G	A	42580	10724	48	2	0	51	4.69671e-05	42583	0.249991	FALSE	NA	NA	NA	NA	NA	NA
NC_045512.2	27667	G	T	42385	10762	49	1	1	20	2.35921e-05	42387	1	FALSE	NA	NA	NA	NA	NA	NA
NC_045512.2	27667	G	A	42385	10762	49	1	1	46	2.35921e-05	42387	0.968754	FALSE	NA	NA	NA	NA	NA	NA
NC_045512.2	27667	G	-A	42385	10762	49	1	0	20	2.35921e-05	42387	1	FALSE	NA	NA	NA	NA	NA	NA
NC_045512.2	27668	A	T	42290	10692	49	2	1	68	4.72891e-05	42293	0.249991	FALSE	NA	NA	NA	NA	NA	NA
NC_045512.2	27668	A	G	42290	10692	49	1	0	68	2.36446e-05	42293	0.499988	FALSE	NA	NA	NA	NA	NA	NA
NC_045512.2	27669	A	T	42474	10715	49	1	1	27	2.35405e-05	42480	1	FALSE	NA	NA	NA	NA	NA	NA
NC_045512.2	27669	A	G	42474	10715	49	5	2	36	0.000117702	42480	1	FALSE	NA	NA	NA	NA	NA	NA
NC_045512.2	27670	G	T	43055	10765	49	2	1	30	4.6449e-05	43058	1	FALSE	NA	NA	NA	NA	NA	NA
NC_045512.2	27670	G	A	43055	10765	49	1	0	68	2.32245e-05	43058	0.499994	FALSE	NA	NA	NA	NA	NA	NA
NC_045512.2	27671	T	G	43201	10733	48	2	1	27	4.62867e-05	43209	1	FALSE	NA	NA	NA	NA	NA	NA
NC_045512.2	27671	T	C	43201	10733	48	4	1	38	9.25733e-05	43209	1	FALSE	NA	NA	NA	NA	NA	NA
NC_045512.2	27671	T	A	43201	10733	48	2	0	26	4.62867e-05	43209	1	FALSE	NA	NA	NA	NA	NA	NA
NC_045512.2	27672	T	G	43191	10887	49	1	0	34	2.31498e-05	43197	1	FALSE	NA	NA	NA	NA	NA	NA
NC_045512.2	27672	T	C	43191	10887	49	4	2	59	9.2599e-05	43197	0.0624928	FALSE	NA	NA	NA	NA	NA	NA
NC_045512.2	27672	T	A	43191	10887	49	1	0	34	2.31498e-05	43197	1	FALSE	NA	NA	NA	NA	NA	NA
NC_045512.2	27673	C	G	43067	10832	49	1	0	26	2.32191e-05	43068	1	FALSE	NA	NA	NA	NA	NA	NA
NC_045512.2	27674	A	G	42698	11027	49	2	0	34	4.68384e-05	42700	1	FALSE	NA	NA	NA	NA	NA	NA
NC_045512.2	27675	A	T	42721	11011	49	1	0	68	2.3406e-05	42724	0.499994	FALSE	NA	NA	NA	NA	NA	NA
NC_045512.2	27675	A	G	42721	11011	49	1	0	34	2.3406e-05	42724	1	FALSE	NA	NA	NA	NA	NA	NA
NC_045512.2	27675	A	C	42721	11011	49	1	0	34	2.3406e-05	42724	1	FALSE	NA	NA	NA	NA	NA	NA
NC_045512.2	27676	G	T	44648	11121	49	2	1	34	4.47888e-05	44654	1	FALSE	NA	NA	NA	NA	NA	NA
NC_045512.2	27676	G	C	44648	11121	49	1	0	34	2.23944e-05	44654	1	FALSE	NA	NA	NA	NA	NA	NA
NC_045512.2	27676	G	A	44648	11121	49	3	0	56	6.71832e-05	44654	0.124987	FALSE	NA	NA	NA	NA	NA	NA
NC_045512.2	27677	A	T	38834	11326	46	19	2	27	0.000488998	38855	1	FALSE	NA	NA	NA	NA	NA	NA
NC_045512.2	27677	A	G	38834	11326	46	2	0	51	5.14734e-05	38855	0.249881	FALSE	NA	NA	NA	NA	NA	NA
NC_045512.2	27678	A	T	45317	11500	49	2	1	32	4.41287e-05	45322	1	FALSE	NA	NA	NA	NA	NA	NA
NC_045512.2	27678	A	G	45317	11500	49	2	1	46	4.41287e-05	45322	0.890622	FALSE	NA	NA	NA	NA	NA	NA
NC_045512.2	27678	A	C	45317	11500	49	1	1	34	2.20643e-05	45322	1	FALSE	NA	NA	NA	NA	NA	NA
NC_045512.2	27679	C	G	45384	11572	49	2	1	30	4.40626e-05	45390	1	FALSE	NA	NA	NA	NA	NA	NA
NC_045512.2	27679	C	A	45384	11572	49	4	0	28	8.81251e-05	45390	1	FALSE	NA	NA	NA	NA	NA	NA
NC_045512.2	27680	T	G	45095	11198	45	2	2	23	4.43479e-05	45098	1	FALSE	NA	NA	NA	NA	NA	NA
NC_045512.2	27680	T	C	45095	11198	45	1	1	38	2.21739e-05	45098	1	FALSE	NA	NA	NA	NA	NA	NA
NC_045512.2	27681	T	G	45255	11458	49	1	0	24	2.20907e-05	45268	1	FALSE	NA	NA	NA	NA	NA	NA
NC_045512.2	27681	T	C	45255	11458	49	5	3	50	0.000110453	45268	0.0312345	FALSE	NA	NA	NA	NA	NA	NA
NC_045512.2	27681	T	A	45255	11458	49	7	1	32	0.000154635	45268	1	FALSE	NA	NA	NA	NA	NA	NA
NC_045512.2	27682	T	C	45274	11467	48	2	0	34	4.41725e-05	45277	1	FALSE	NA	NA	NA	NA	NA	NA
NC_045512.2	27682	T	A	45274	11467	48	1	0	24	2.20863e-05	45277	1	FALSE	NA	NA	NA	NA	NA	NA
NC_045512.2	27683	A	G	45597	11490	49	1	1	24	2.19303e-05	45599	1	FALSE	NA	NA	NA	NA	NA	NA
NC_045512.2	27683	A	C	45597	11490	49	1	1	34	2.19303e-05	45599	1	FALSE	NA	NA	NA	NA	NA	NA
NC_045512.2	27684	C	T	45155	11554	49	4	0	34	8.85759e-05	45159	1	FALSE	NA	NA	NA	NA	NA	NA
NC_045512.2	27685	T	C	44917	11376	48	2	0	30	4.45216e-05	44922	1	FALSE	NA	NA	NA	NA	NA	NA
NC_045512.2	27685	T	A	44917	11376	48	3	0	28	6.67824e-05	44922	1	FALSE	NA	NA	NA	NA	NA	NA
NC_045512.2	27686	C	T	45197	11866	50	1	0	34	2.21234e-05	45201	1	FALSE	NA	NA	NA	NA	NA	NA
NC_045512.2	27686	C	G	45197	11866	50	2	0	30	4.42468e-05	45201	1	FALSE	NA	NA	NA	NA	NA	NA
NC_045512.2	27686	C	A	45197	11866	50	1	0	34	2.21234e-05	45201	1	FALSE	NA	NA	NA	NA	NA	NA
NC_045512.2	27687	T	C	45119	11720	50	7	3	58	0.000155118	45127	0.00781068	TRUE	NA	NA	NA	NA	NA	NA
NC_045512.2	27687	T	A	45119	11720	50	1	0	34	2.21597e-05	45127	1	FALSE	NA	NA	NA	NA	NA	NA
NC_045512.2	27687	T	-C	45119	11720	50	1	0	20	2.21597e-05	45127	1	FALSE	NA	NA	NA	NA	NA	NA
NC_045512.2	27688	C	A	44954	11749	50	3	1	42	6.67304e-05	44957	0.773447	FALSE	NA	NA	NA	NA	NA	NA
NC_045512.2	27689	C	T	44892	11778	50	2	0	68	4.45474e-05	44896	0.249992	FALSE	NA	NA	NA	NA	NA	NA
NC_045512.2	27689	C	G	44892	11778	50	1	0	34	2.22737e-05	44896	1	FALSE	NA	NA	NA	NA	NA	NA
NC_045512.2	27689	C	A	44892	11778	50	1	0	34	2.22737e-05	44896	1	FALSE	NA	NA	NA	NA	NA	NA
NC_045512.2	27690	A	T	45120	11789	50	1	0	34	2.21587e-05	45129	1	FALSE	NA	NA	NA	NA	NA	NA
NC_045512.2	27690	A	G	45120	11789	50	7	2	65	0.000155111	45129	0.00781008	TRUE	NA	NA	NA	NA	NA	NA
NC_045512.2	27690	A	C	45120	11789	50	1	1	34	2.21587e-05	45129	1	FALSE	NA	NA	NA	NA	NA	NA
NC_045512.2	27691	A	T	45124	11833	50	2	0	34	4.43203e-05	45126	1	FALSE	NA	NA	NA	NA	NA	NA
NC_045512.2	27692	T	C	44994	12171	49	1	1	60	2.22232e-05	44998	0.499989	FALSE	NA	NA	NA	NA	NA	NA
NC_045512.2	27692	T	A	44994	12171	49	3	1	40	6.66696e-05	44998	0.773447	FALSE	NA	NA	NA	NA	NA	NA
NC_045512.2	27693	T	C	44421	12245	50	2	0	34	4.50197e-05	44425	1	FALSE	NA	NA	NA	NA	NA	NA
NC_045512.2	27693	T	A	44421	12245	50	2	0	30	4.50197e-05	44425	1	FALSE	NA	NA	NA	NA	NA	NA
NC_045512.2	27694	T	C	43945	12292	49	2	1	68	4.55083e-05	43948	0.249997	FALSE	NA	NA	NA	NA	NA	NA
NC_045512.2	27694	T	A	43945	12292	49	1	0	34	2.27542e-05	43948	1	FALSE	NA	NA	NA	NA	NA	NA
NC_045512.2	27695	T	G	44788	12550	50	4	0	34	8.92877e-05	44799	1	FALSE	NA	NA	NA	NA	NA	NA
NC_045512.2	27695	T	C	44788	12550	50	6	3	48	0.000133932	44799	0.376891	FALSE	NA	NA	NA	NA	NA	NA
NC_045512.2	27695	T	A	44788	12550	50	1	0	26	2.23219e-05	44799	1	FALSE	NA	NA	NA	NA	NA	NA
NC_045512.2	27696	T	C	44716	12444	49	3	0	54	6.70811e-05	44722	0.124987	FALSE	NA	NA	NA	NA	NA	NA
NC_045512.2	27696	T	A	44716	12444	49	3	0	29	6.70811e-05	44722	1	FALSE	NA	NA	NA	NA	NA	NA
NC_045512.2	27697	C	G	44756	12634	50	2	0	30	4.46828e-05	44760	1	FALSE	NA	NA	NA	NA	NA	NA
NC_045512.2	27697	C	A	44756	12634	50	2	2	36	4.46828e-05	44760	1	FALSE	NA	NA	NA	NA	NA	NA
NC_045512.2	27698	T	G	44879	12620	50	1	1	68	2.22792e-05	44885	0.499978	FALSE	NA	NA	NA	NA	NA	NA
NC_045512.2	27698	T	C	44879	12620	50	4	2	44	8.91166e-05	44885	0.636713	FALSE	NA	NA	NA	NA	NA	NA
NC_045512.2	27698	T	A	44879	12620	50	1	0	26	2.22792e-05	44885	1	FALSE	NA	NA	NA	NA	NA	NA
NC_045512.2	27699	T	C	44655	12542	49	5	2	51	0.000111947	44664	0.0312413	FALSE	NA	NA	NA	NA	NA	NA
NC_045512.2	27699	T	A	44655	12542	49	4	1	29	8.95576e-05	44664	1	FALSE	NA	NA	NA	NA	NA	NA
NC_045512.2	27700	A	T	44879	13111	51	5	2	40	0.000111386	44889	0.499945	FALSE	NA	NA	NA	NA	NA	NA
NC_045512.2	27700	A	G	44879	13111	51	5	2	39	0.000111386	44889	1	FALSE	NA	NA	NA	NA	NA	NA
NC_045512.2	27701	T	A	44869	13158	51	1	0	68	2.22866e-05	44870	0.500006	FALSE	NA	NA	NA	NA	NA	NA
NC_045512.2	27702	T	C	43845	13891	49	5	3	38	0.000114015	43854	1	FALSE	NA	NA	NA	NA	NA	NA
NC_045512.2	27702	T	A	43845	13891	49	4	1	39	9.12117e-05	43854	1	FALSE	NA	NA	NA	NA	NA	NA
NC_045512.2	27704	T	C	44420	13939	50	2	0	34	4.50227e-05	44422	1	FALSE	NA	NA	NA	NA	NA	NA
NC_045512.2	27705	T	C	44748	16102	53	2	1	47	4.46917e-05	44751	0.890633	FALSE	NA	NA	NA	NA	NA	NA
NC_045512.2	27705	T	A	44748	16102	53	1	0	34	2.23459e-05	44751	1	FALSE	NA	NA	NA	NA	NA	NA
NC_045512.2	27706	G	C	44657	16164	53	2	0	30	4.47828e-05	44660	1	FALSE	NA	NA	NA	NA	NA	NA
NC_045512.2	27706	G	A	44657	16164	53	1	0	34	2.23914e-05	44660	1	FALSE	NA	NA	NA	NA	NA	NA
NC_045512.2	27706	G	-C	44657	16164	53	1	0	20	2.23914e-05	44660	1	FALSE	NA	NA	NA	NA	NA	NA
NC_045512.2	27707	C	T	45236	16700	52	17	7	47	0.000375641	45256	0.00359387	TRUE	NA	NA	NA	NA	NA	NA
NC_045512.2	27707	C	G	45236	16700	52	2	1	25	4.4193e-05	45256	1	FALSE	NA	NA	NA	NA	NA	NA
NC_045512.2	27707	C	A	45236	16700	52	1	1	34	2.20965e-05	45256	1	FALSE	NA	NA	NA	NA	NA	NA
NC_045512.2	27708	G	T	45577	16610	52	1	1	34	2.1939e-05	45581	1	FALSE	NA	NA	NA	NA	NA	NA
NC_045512.2	27708	G	A	45577	16610	52	3	1	45	6.58169e-05	45581	0.773446	FALSE	NA	NA	NA	NA	NA	NA
NC_045512.2	27709	G	T	46733	16761	52	2	1	26	4.27862e-05	46744	1	FALSE	NA	NA	NA	NA	NA	NA
NC_045512.2	27709	G	C	46733	16761	52	2	0	26	4.27862e-05	46744	1	FALSE	NA	NA	NA	NA	NA	NA
NC_045512.2	27709	G	A	46733	16761	52	7	3	63	0.000149752	46744	0.00780899	TRUE	NA	NA	NA	NA	NA	NA
NC_045512.2	27710	C	T	46725	16846	52	2	0	34	4.27972e-05	46732	1	FALSE	NA	NA	NA	NA	NA	NA
NC_045512.2	27710	C	G	46725	16846	52	1	0	34	2.13986e-05	46732	1	FALSE	NA	NA	NA	NA	NA	NA
NC_045512.2	27710	C	A	46725	16846	52	4	0	32	8.55945e-05	46732	1	FALSE	NA	NA	NA	NA	NA	NA
NC_045512.2	27711	A	T	46869	16991	52	1	0	27	2.13324e-05	46877	1	FALSE	NA	NA	NA	NA	NA	NA
NC_045512.2	27711	A	G	46869	16991	52	7	4	52	0.000149327	46877	0.00781075	TRUE	NA	NA	NA	NA	NA	NA
NC_045512.2	27712	A	T	46267	18746	50	2	0	36	4.32208e-05	46274	1	FALSE	NA	NA	NA	NA	NA	NA
NC_045512.2	27712	A	G	46267	18746	50	5	2	50	0.000108052	46274	0.0312449	FALSE	NA	NA	NA	NA	NA	NA
NC_045512.2	27713	T	C	45779	18816	49	2	2	34	4.36834e-05	45784	1	FALSE	NA	NA	NA	NA	NA	NA
NC_045512.2	27713	T	A	45779	18816	49	3	1	25	6.55251e-05	45784	1	FALSE	NA	NA	NA	NA	NA	NA
NC_045512.2	27714	A	T	43253	19130	46	10	4	27	0.000231107	43270	1	FALSE	NA	NA	NA	NA	NA	NA
NC_045512.2	27714	A	G	43253	19130	46	7	2	52	0.000161775	43270	0.00780492	TRUE	NA	NA	NA	NA	NA	NA
NC_045512.2	27715	G	A	46545	19366	50	2	0	34	4.29673e-05	46547	1	FALSE	NA	NA	NA	NA	NA	NA
NC_045512.2	27716	T	G	46140	19154	50	1	0	34	2.16704e-05	46146	1	FALSE	NA	NA	NA	NA	NA	NA
NC_045512.2	27716	T	C	46140	19154	50	2	1	51	4.33407e-05	46146	0.249981	FALSE	NA	NA	NA	NA	NA	NA
NC_045512.2	27716	T	A	46140	19154	50	3	0	29	6.50111e-05	46146	1	FALSE	NA	NA	NA	NA	NA	NA
NC_045512.2	27717	G	T	48601	19771	48	2	2	26	4.11472e-05	48606	1	FALSE	NA	NA	NA	NA	NA	NA
NC_045512.2	27717	G	C	48601	19771	48	1	0	34	2.05736e-05	48606	1	FALSE	NA	NA	NA	NA	NA	NA
NC_045512.2	27717	G	A	48601	19771	48	2	0	34	4.11472e-05	48606	1	FALSE	NA	NA	NA	NA	NA	NA
NC_045512.2	27718	T	G	44239	16074	44	6	2	29	0.000135578	44255	1	FALSE	NA	NA	NA	NA	NA	NA
NC_045512.2	27718	T	C	44239	16074	44	2	1	47	4.51926e-05	44255	0.890564	FALSE	NA	NA	NA	NA	NA	NA
NC_045512.2	27718	T	A	44239	16074	44	8	0	31	0.000180771	44255	1	FALSE	NA	NA	NA	NA	NA	NA
NC_045512.2	27719	T	G	51071	20299	48	2	2	34	3.91566e-05	51077	1	FALSE	NA	NA	NA	NA	NA	NA
NC_045512.2	27719	T	C	51071	20299	48	2	2	31	3.91566e-05	51077	1	FALSE	NA	NA	NA	NA	NA	NA
NC_045512.2	27719	T	A	51071	20299	48	2	0	26	3.91566e-05	51077	1	FALSE	NA	NA	NA	NA	NA	NA
NC_045512.2	27720	T	G	50256	19794	47	3	0	34	5.96801e-05	50268	1	FALSE	NA	NA	NA	NA	NA	NA
NC_045512.2	27720	T	A	50256	19794	47	9	2	31	0.00017904	50268	1	FALSE	NA	NA	NA	NA	NA	NA
NC_045512.2	27721	A	G	51100	20718	48	1	0	34	1.95691e-05	51101	1	FALSE	NA	NA	NA	NA	NA	NA
NC_045512.2	27721	A	-T	51100	20718	48	1	0	20	1.95691e-05	51101	1	FALSE	NA	NA	NA	NA	NA	NA
NC_045512.2	27722	T	G	50993	20491	48	1	1	34	1.96071e-05	51002	1	FALSE	NA	NA	NA	NA	NA	NA
NC_045512.2	27722	T	C	50993	20491	48	6	3	51	0.000117642	51002	0.0156199	FALSE	NA	NA	NA	NA	NA	NA
NC_045512.2	27722	T	A	50993	20491	48	2	2	27	3.92141e-05	51002	1	FALSE	NA	NA	NA	NA	NA	NA
NC_045512.2	27722	T	-A	50993	20491	48	1	0	20	1.96067e-05	51003	1	FALSE	NA	NA	NA	NA	NA	NA
NC_045512.2	27723	A	T	50351	20736	48	3	1	26	5.95758e-05	50356	1	FALSE	NA	NA	NA	NA	NA	NA
NC_045512.2	27723	A	G	50351	20736	48	2	0	34	3.97172e-05	50356	1	FALSE	NA	NA	NA	NA	NA	NA
NC_045512.2	27724	A	T	51676	21545	49	5	5	30	9.6738e-05	51686	1	FALSE	NA	NA	NA	NA	NA	NA
NC_045512.2	27724	A	G	51676	21545	49	5	1	36	9.6738e-05	51686	1	FALSE	NA	NA	NA	NA	NA	NA
NC_045512.2	27724	A	-C	51676	21545	49	1	0	20	1.93476e-05	51686	1	FALSE	NA	NA	NA	NA	NA	NA
NC_045512.2	27725	C	T	51647	21646	49	3	2	45	5.80776e-05	51655	0.855447	FALSE	NA	NA	NA	NA	NA	NA
NC_045512.2	27725	C	G	51647	21646	49	1	0	26	1.93592e-05	51655	1	FALSE	NA	NA	NA	NA	NA	NA
NC_045512.2	27725	C	A	51647	21646	49	4	0	42	7.74368e-05	51655	0.746065	FALSE	NA	NA	NA	NA	NA	NA
NC_045512.2	27726	A	T	49896	20311	49	3	3	29	6.01142e-05	49905	1	FALSE	NA	NA	NA	NA	NA	NA
NC_045512.2	27726	A	G	49896	20311	49	2	1	51	4.00761e-05	49905	0.249967	FALSE	NA	NA	NA	NA	NA	NA
NC_045512.2	27726	A	C	49896	20311	49	4	4	32	8.01523e-05	49905	1	FALSE	NA	NA	NA	NA	NA	NA
NC_045512.2	27727	C	T	49880	20982	48	1	1	34	2.00461e-05	49885	1	FALSE	NA	NA	NA	NA	NA	NA
NC_045512.2	27727	C	G	49880	20982	48	2	1	26	4.00922e-05	49885	1	FALSE	NA	NA	NA	NA	NA	NA
NC_045512.2	27727	C	A	49880	20982	48	2	1	51	4.00922e-05	49885	0.249987	FALSE	NA	NA	NA	NA	NA	NA
NC_045512.2	27728	T	G	47846	19058	48	3	0	43	6.26933e-05	47852	0.773429	FALSE	NA	NA	NA	NA	NA	NA
NC_045512.2	27728	T	C	47846	19058	48	3	3	43	6.26933e-05	47852	0.773429	FALSE	NA	NA	NA	NA	NA	NA
NC_045512.2	27729	T	G	48249	19466	48	1	0	26	2.06962e-05	48318	1	FALSE	NA	NA	NA	NA	NA	NA
NC_045512.2	27729	T	C	48249	19466	48	65	25	51	0.00134525	48318	2.6474e-20	TRUE	NA	NA	NA	NA	NA	NA
NC_045512.2	27729	T	A	48249	19466	48	3	2	29	6.20887e-05	48318	1	FALSE	NA	NA	NA	NA	NA	NA
NC_045512.2	27730	T	G	47905	19287	47	1	0	27	2.08677e-05	47921	1	FALSE	NA	NA	NA	NA	NA	NA
NC_045512.2	27730	T	C	47905	19287	47	8	2	45	0.000166941	47921	0.193762	FALSE	NA	NA	NA	NA	NA	NA
NC_045512.2	27730	T	A	47905	19287	47	7	4	40	0.000146074	47921	0.274308	FALSE	NA	NA	NA	NA	NA	NA
NC_045512.2	27731	G	C	49310	19535	48	3	3	31	6.0831e-05	49317	1	FALSE	NA	NA	NA	NA	NA	NA
NC_045512.2	27731	G	A	49310	19535	48	4	4	54	8.11079e-05	49317	0.0624911	FALSE	NA	NA	NA	NA	NA	NA
NC_045512.2	27732	C	T	49140	20042	48	3	3	56	6.10364e-05	49151	0.124969	FALSE	NA	NA	NA	NA	NA	NA
NC_045512.2	27732	C	G	49140	20042	48	1	0	26	2.03455e-05	49151	1	FALSE	NA	NA	NA	NA	NA	NA
NC_045512.2	27732	C	A	49140	20042	48	7	1	27	0.000142418	49151	1	FALSE	NA	NA	NA	NA	NA	NA
NC_045512.2	27733	T	G	48650	19398	47	1	0	34	2.05512e-05	48659	1	FALSE	NA	NA	NA	NA	NA	NA
NC_045512.2	27733	T	C	48650	19398	47	7	4	35	0.000143858	48659	1	FALSE	NA	NA	NA	NA	NA	NA
NC_045512.2	27733	T	A	48650	19398	47	1	0	26	2.05512e-05	48659	1	FALSE	NA	NA	NA	NA	NA	NA
NC_045512.2	27734	T	C	48967	20297	48	4	2	49	8.16793e-05	48972	0.636724	FALSE	NA	NA	NA	NA	NA	NA
NC_045512.2	27734	T	A	48967	20297	48	1	0	34	2.04198e-05	48972	1	FALSE	NA	NA	NA	NA	NA	NA
NC_045512.2	27735	C	T	48983	20434	49	3	2	56	6.12395e-05	48988	0.124992	FALSE	NA	NA	NA	NA	NA	NA
NC_045512.2	27735	C	A	48983	20434	49	2	0	47	4.08263e-05	48988	0.890623	FALSE	NA	NA	NA	NA	NA	NA
NC_045512.2	27736	A	G	49093	20383	49	6	3	37	0.000122197	49101	1	FALSE	NA	NA	NA	NA	NA	NA
NC_045512.2	27736	A	C	49093	20383	49	2	1	29	4.07324e-05	49101	1	FALSE	NA	NA	NA	NA	NA	NA
NC_045512.2	27737	C	T	48841	20336	49	3	0	56	6.14163e-05	48847	0.124988	FALSE	NA	NA	NA	NA	NA	NA
NC_045512.2	27737	C	G	48841	20336	49	2	0	30	4.09442e-05	48847	1	FALSE	NA	NA	NA	NA	NA	NA
NC_045512.2	27737	C	A	48841	20336	49	1	0	26	2.04721e-05	48847	1	FALSE	NA	NA	NA	NA	NA	NA
NC_045512.2	27738	A	T	48892	20226	49	5	4	30	0.000102247	48901	1	FALSE	NA	NA	NA	NA	NA	NA
NC_045512.2	27738	A	G	48892	20226	49	2	0	51	4.0899e-05	48901	0.249967	FALSE	NA	NA	NA	NA	NA	NA
NC_045512.2	27738	A	C	48892	20226	49	2	2	30	4.0899e-05	48901	1	FALSE	NA	NA	NA	NA	NA	NA
NC_045512.2	27738	A	+T	48892	20226	49	1	0	20	2.04495e-05	48901	1	FALSE	NA	NA	NA	NA	NA	NA
NC_045512.2	27739	C	T	49072	21495	49	2	0	51	4.07531e-05	49076	0.249992	FALSE	NA	NA	NA	NA	NA	NA
NC_045512.2	27739	C	G	49072	21495	49	1	0	26	2.03766e-05	49076	1	FALSE	NA	NA	NA	NA	NA	NA
NC_045512.2	27739	C	A	49072	21495	49	1	0	26	2.03766e-05	49076	1	FALSE	NA	NA	NA	NA	NA	NA
NC_045512.2	27740	T	C	48472	21681	50	5	5	49	0.000103135	48480	0.499975	FALSE	NA	NA	NA	NA	NA	NA
NC_045512.2	27740	T	A	48472	21681	50	3	2	26	6.18812e-05	48480	1	FALSE	NA	NA	NA	NA	NA	NA
NC_045512.2	27741	C	G	48461	21618	50	2	1	26	4.12669e-05	48465	1	FALSE	NA	NA	NA	NA	NA	NA
NC_045512.2	27741	C	A	48461	21618	50	2	1	44	4.12669e-05	48465	0.890627	FALSE	NA	NA	NA	NA	NA	NA
NC_045512.2	27742	A	T	48519	21788	50	1	1	26	2.06088e-05	48523	1	FALSE	NA	NA	NA	NA	NA	NA
NC_045512.2	27742	A	G	48519	21788	50	2	0	29	4.12176e-05	48523	1	FALSE	NA	NA	NA	NA	NA	NA
NC_045512.2	27742	A	C	48519	21788	50	1	1	34	2.06088e-05	48523	1	FALSE	NA	NA	NA	NA	NA	NA
NC_045512.2	27743	A	G	49021	22053	49	4	2	48	8.15894e-05	49026	0.636724	FALSE	NA	NA	NA	NA	NA	NA
NC_045512.2	27743	A	C	49021	22053	49	1	0	24	2.03973e-05	49026	1	FALSE	NA	NA	NA	NA	NA	NA
NC_045512.2	27744	A	G	47881	22246	48	2	1	57	4.17676e-05	47884	0.249997	FALSE	NA	NA	NA	NA	NA	NA
NC_045512.2	27744	A	C	47881	22246	48	1	1	34	2.08838e-05	47884	1	FALSE	NA	NA	NA	NA	NA	NA
NC_045512.2	27745	A	G	49111	22456	49	4	1	51	8.14415e-05	49115	0.0624987	FALSE	NA	NA	NA	NA	NA	NA
NC_045512.2	27746	G	T	48924	22293	49	2	0	34	4.08747e-05	48930	1	FALSE	NA	NA	NA	NA	NA	NA
NC_045512.2	27746	G	C	48924	22293	49	1	1	34	2.04374e-05	48930	1	FALSE	NA	NA	NA	NA	NA	NA
NC_045512.2	27746	G	A	48924	22293	49	3	0	42	6.13121e-05	48930	0.773429	FALSE	NA	NA	NA	NA	NA	NA
NC_045512.2	27747	A	T	47943	22348	47	1	0	26	2.08564e-05	47947	1	FALSE	NA	NA	NA	NA	NA	NA
NC_045512.2	27747	A	G	47943	22348	47	3	2	54	6.25691e-05	47947	0.124996	FALSE	NA	NA	NA	NA	NA	NA
NC_045512.2	27748	A	G	48746	22097	49	5	1	30	0.000102562	48751	1	FALSE	NA	NA	NA	NA	NA	NA
NC_045512.2	27749	A	T	48006	21119	47	1	0	26	2.0829e-05	48010	1	FALSE	NA	NA	NA	NA	NA	NA
NC_045512.2	27749	A	G	48006	21119	47	2	0	51	4.1658e-05	48010	0.249992	FALSE	NA	NA	NA	NA	NA	NA
NC_045512.2	27749	A	C	48006	21119	47	1	1	34	2.0829e-05	48010	1	FALSE	NA	NA	NA	NA	NA	NA
NC_045512.2	27750	G	T	48387	21637	48	1	1	26	2.06659e-05	48389	1	FALSE	NA	NA	NA	NA	NA	NA
NC_045512.2	27750	G	C	48387	21637	48	1	0	26	2.06659e-05	48389	1	FALSE	NA	NA	NA	NA	NA	NA
NC_045512.2	27751	A	T	46971	21232	46	4	3	27	8.51481e-05	46977	1	FALSE	NA	NA	NA	NA	NA	NA
NC_045512.2	27751	A	G	46971	21232	46	2	1	34	4.2574e-05	46977	1	FALSE	NA	NA	NA	NA	NA	NA
NC_045512.2	27752	C	T	48190	23514	47	5	2	38	0.000103741	48197	1	FALSE	NA	NA	NA	NA	NA	NA
NC_045512.2	27752	C	G	48190	23514	47	2	0	34	4.14964e-05	48197	1	FALSE	NA	NA	NA	NA	NA	NA
NC_045512.2	27753	A	T	47372	23205	47	5	1	37	0.00010553	47380	1	FALSE	NA	NA	NA	NA	NA	NA
NC_045512.2	27753	A	G	47372	23205	47	3	1	44	6.33179e-05	47380	0.773412	FALSE	NA	NA	NA	NA	NA	NA
NC_045512.2	27754	G	T	47732	22946	47	3	2	40	6.2843e-05	47738	0.773429	FALSE	NA	NA	NA	NA	NA	NA
NC_045512.2	27754	G	C	47732	22946	47	1	0	26	2.09477e-05	47738	1	FALSE	NA	NA	NA	NA	NA	NA
NC_045512.2	27754	G	A	47732	22946	47	2	1	26	4.18953e-05	47738	1	FALSE	NA	NA	NA	NA	NA	NA
NC_045512.2	27755	A	T	47844	23247	47	5	2	30	0.000104491	47851	1	FALSE	NA	NA	NA	NA	NA	NA
NC_045512.2	27755	A	G	47844	23247	47	2	0	34	4.17964e-05	47851	1	FALSE	NA	NA	NA	NA	NA	NA
NC_045512.2	27756	A	T	47548	23277	47	4	1	35	8.41096e-05	47557	1	FALSE	NA	NA	NA	NA	NA	NA
NC_045512.2	27756	A	G	47548	23277	47	3	1	42	6.30822e-05	47557	0.773403	FALSE	NA	NA	NA	NA	NA	NA
NC_045512.2	27756	A	C	47548	23277	47	2	2	30	4.20548e-05	47557	1	FALSE	NA	NA	NA	NA	NA	NA
NC_045512.2	27757	T	G	47355	22580	46	1	0	34	2.11126e-05	47365	1	FALSE	NA	NA	NA	NA	NA	NA
NC_045512.2	27757	T	C	47355	22580	46	5	2	40	0.000105563	47365	0.499948	FALSE	NA	NA	NA	NA	NA	NA
NC_045512.2	27757	T	A	47355	22580	46	4	4	30	8.44505e-05	47365	1	FALSE	NA	NA	NA	NA	NA	NA
NC_045512.2	27758	G	T	47980	23380	47	1	1	34	2.08398e-05	47985	1	FALSE	NA	NA	NA	NA	NA	NA
NC_045512.2	27758	G	C	47980	23380	47	1	1	34	2.08398e-05	47985	1	FALSE	NA	NA	NA	NA	NA	NA
NC_045512.2	27758	G	A	47980	23380	47	3	0	39	6.25195e-05	47985	1	FALSE	NA	NA	NA	NA	NA	NA
NC_045512.2	27759	A	T	47922	23423	47	2	2	23	4.17301e-05	47927	1	FALSE	NA	NA	NA	NA	NA	NA
NC_045512.2	27759	A	G	47922	23423	47	3	2	45	6.25952e-05	47927	0.773438	FALSE	NA	NA	NA	NA	NA	NA
NC_045512.2	27760	T	C	47887	23213	47	1	0	68	2.08816e-05	47889	0.5	FALSE	NA	NA	NA	NA	NA	NA
NC_045512.2	27760	T	A	47887	23213	47	1	0	26	2.08816e-05	47889	1	FALSE	NA	NA	NA	NA	NA	NA
NC_045512.2	27761	T	C	47788	23374	47	6	4	61	0.000125536	47795	0.0156225	FALSE	NA	NA	NA	NA	NA	NA
NC_045512.2	27761	T	A	47788	23374	47	1	1	24	2.09227e-05	47795	1	FALSE	NA	NA	NA	NA	NA	NA
NC_045512.2	27761	T	-G	47788	23374	47	1	0	20	2.09227e-05	47795	1	FALSE	NA	NA	NA	NA	NA	NA
NC_045512.2	27762	G	C	47761	23332	47	1	1	26	2.09371e-05	47762	1	FALSE	NA	NA	NA	NA	NA	NA
NC_045512.2	27763	A	T	47083	23230	46	2	2	26	4.2471e-05	47091	1	FALSE	NA	NA	NA	NA	NA	NA
NC_045512.2	27763	A	G	47083	23230	46	4	2	37	8.49419e-05	47091	1	FALSE	NA	NA	NA	NA	NA	NA
NC_045512.2	27763	A	C	47083	23230	46	2	0	46	4.2471e-05	47091	0.890608	FALSE	NA	NA	NA	NA	NA	NA
NC_045512.2	27764	A	T	47053	23397	46	1	0	34	2.12513e-05	47056	1	FALSE	NA	NA	NA	NA	NA	NA
NC_045512.2	27764	A	G	47053	23397	46	2	0	30	4.25026e-05	47056	1	FALSE	NA	NA	NA	NA	NA	NA
NC_045512.2	27765	C	T	47230	23542	46	1	0	34	2.11721e-05	47232	1	FALSE	NA	NA	NA	NA	NA	NA
NC_045512.2	27765	C	G	47230	23542	46	1	0	34	2.11721e-05	47232	1	FALSE	NA	NA	NA	NA	NA	NA
NC_045512.2	27766	T	C	47017	23425	47	4	3	40	8.50666e-05	47022	0.636725	FALSE	NA	NA	NA	NA	NA	NA
NC_045512.2	27766	T	A	47017	23425	47	1	0	26	2.12666e-05	47022	1	FALSE	NA	NA	NA	NA	NA	NA
NC_045512.2	27767	T	C	46775	23204	46	2	1	30	4.27561e-05	46777	1	FALSE	NA	NA	NA	NA	NA	NA
NC_045512.2	27768	T	C	46253	22708	46	4	2	42	8.64715e-05	46258	0.636725	FALSE	NA	NA	NA	NA	NA	NA
NC_045512.2	27768	T	A	46253	22708	46	1	1	24	2.16179e-05	46258	1	FALSE	NA	NA	NA	NA	NA	NA
NC_045512.2	27769	C	T	46656	23084	46	1	0	24	2.14316e-05	46660	1	FALSE	NA	NA	NA	NA	NA	NA
NC_045512.2	27769	C	G	46656	23084	46	1	1	26	2.14316e-05	46660	1	FALSE	NA	NA	NA	NA	NA	NA
NC_045512.2	27769	C	A	46656	23084	46	2	0	25	4.28633e-05	46660	1	FALSE	NA	NA	NA	NA	NA	NA
NC_045512.2	27770	A	T	46543	23266	46	1	1	26	2.14846e-05	46545	1	FALSE	NA	NA	NA	NA	NA	NA
NC_045512.2	27770	A	G	46543	23266	46	1	1	60	2.14846e-05	46545	0.5	FALSE	NA	NA	NA	NA	NA	NA
NC_045512.2	27771	T	G	46569	22893	46	1	0	24	2.14726e-05	46571	1	FALSE	NA	NA	NA	NA	NA	NA
NC_045512.2	27771	T	A	46569	22893	46	1	0	26	2.14726e-05	46571	1	FALSE	NA	NA	NA	NA	NA	NA
NC_045512.2	27772	T	C	46714	23456	46	4	2	46	8.56201e-05	46718	0.636736	FALSE	NA	NA	NA	NA	NA	NA
NC_045512.2	27773	A	T	46201	23434	46	5	3	27	0.000108204	46209	1	FALSE	NA	NA	NA	NA	NA	NA
NC_045512.2	27773	A	G	46201	23434	46	3	1	37	6.49224e-05	46209	1	FALSE	NA	NA	NA	NA	NA	NA
NC_045512.2	27774	A	T	44403	23774	45	1	1	34	2.252e-05	44405	1	FALSE	NA	NA	NA	NA	NA	NA
NC_045512.2	27774	A	C	44403	23774	45	1	0	26	2.252e-05	44405	1	FALSE	NA	NA	NA	NA	NA	NA
NC_045512.2	27775	T	G	46558	23494	46	1	0	24	2.14777e-05	46560	1	FALSE	NA	NA	NA	NA	NA	NA
NC_045512.2	27775	T	C	46558	23494	46	1	0	46	2.14777e-05	46560	0.968753	FALSE	NA	NA	NA	NA	NA	NA
NC_045512.2	27776	T	C	46567	23607	47	9	6	33	0.000193228	46577	1	FALSE	NA	NA	NA	NA	NA	NA
NC_045512.2	27776	T	A	46567	23607	47	1	0	27	2.14698e-05	46577	1	FALSE	NA	NA	NA	NA	NA	NA
NC_045512.2	27777	G	T	46473	23654	46	1	1	26	2.1516e-05	46477	1	FALSE	NA	NA	NA	NA	NA	NA
NC_045512.2	27777	G	C	46473	23654	46	1	0	20	2.1516e-05	46477	1	FALSE	NA	NA	NA	NA	NA	NA
NC_045512.2	27777	G	A	46473	23654	46	2	2	34	4.3032e-05	46477	1	FALSE	NA	NA	NA	NA	NA	NA
NC_045512.2	27778	A	T	46791	26815	48	8	8	29	0.000170929	46803	1	FALSE	NA	NA	NA	NA	NA	NA
NC_045512.2	27778	A	G	46791	26815	48	3	1	45	6.40985e-05	46803	0.773376	FALSE	NA	NA	NA	NA	NA	NA
NC_045512.2	27778	A	C	46791	26815	48	1	1	34	2.13662e-05	46803	1	FALSE	NA	NA	NA	NA	NA	NA
NC_045512.2	27779	C	T	47448	28101	49	3	2	43	6.32231e-05	47451	0.773455	FALSE	NA	NA	NA	NA	NA	NA
NC_045512.2	27779	C	-TTCTATT	47448	28101	49	1	0	20	2.10744e-05	47451	1	FALSE	NA	NA	NA	NA	NA	NA
NC_045512.2	27780	T	G	47992	29240	50	1	1	24	2.08325e-05	48002	1	FALSE	NA	NA	NA	NA	NA	NA
NC_045512.2	27780	T	C	47992	29240	50	8	5	48	0.00016666	48002	0.193822	FALSE	NA	NA	NA	NA	NA	NA
NC_045512.2	27780	T	A	47992	29240	50	1	1	34	2.08325e-05	48002	1	FALSE	NA	NA	NA	NA	NA	NA
NC_045512.2	27781	T	C	46461	27863	49	3	1	27	6.45606e-05	46468	1	FALSE	NA	NA	NA	NA	NA	NA
NC_045512.2	27781	T	A	46461	27863	49	4	3	36	8.60807e-05	46468	1	FALSE	NA	NA	NA	NA	NA	NA
NC_045512.2	27782	C	T	48105	29770	50	4	2	68	8.31428e-05	48110	0.0624961	FALSE	NA	NA	NA	NA	NA	NA
NC_045512.2	27782	C	A	48105	29770	50	1	0	27	2.07857e-05	48110	1	FALSE	NA	NA	NA	NA	NA	NA
NC_045512.2	27783	T	G	46987	29083	50	1	1	34	2.12775e-05	46998	1	FALSE	NA	NA	NA	NA	NA	NA
NC_045512.2	27783	T	C	46987	29083	50	3	3	45	6.38325e-05	46998	0.773385	FALSE	NA	NA	NA	NA	NA	NA
NC_045512.2	27783	T	A	46987	29083	50	7	6	30	0.000148943	46998	1	FALSE	NA	NA	NA	NA	NA	NA
NC_045512.2	27784	A	T	48806	31348	51	3	2	24	6.14603e-05	48812	1	FALSE	NA	NA	NA	NA	NA	NA
NC_045512.2	27784	A	G	48806	31348	51	2	2	47	4.09735e-05	48812	0.890618	FALSE	NA	NA	NA	NA	NA	NA
NC_045512.2	27784	A	C	48806	31348	51	1	1	34	2.04868e-05	48812	1	FALSE	NA	NA	NA	NA	NA	NA
NC_045512.2	27785	T	G	43890	26453	48	3	3	29	6.83434e-05	43896	1	FALSE	NA	NA	NA	NA	NA	NA
NC_045512.2	27785	T	C	43890	26453	48	3	2	25	6.83434e-05	43896	1	FALSE	NA	NA	NA	NA	NA	NA
NC_045512.2	27786	T	C	49506	33638	53	8	5	49	0.000161567	49515	0.193833	FALSE	NA	NA	NA	NA	NA	NA
NC_045512.2	27786	T	A	49506	33638	53	1	0	26	2.01959e-05	49515	1	FALSE	NA	NA	NA	NA	NA	NA
NC_045512.2	27787	T	C	49251	33625	53	4	3	37	8.12034e-05	49259	1	FALSE	NA	NA	NA	NA	NA	NA
NC_045512.2	27787	T	A	49251	33625	53	4	3	27	8.12034e-05	49259	1	FALSE	NA	NA	NA	NA	NA	NA
NC_045512.2	27788	G	T	48801	33721	52	1	1	26	2.04893e-05	48806	1	FALSE	NA	NA	NA	NA	NA	NA
NC_045512.2	27788	G	C	48801	33721	52	1	1	26	2.04893e-05	48806	1	FALSE	NA	NA	NA	NA	NA	NA
NC_045512.2	27788	G	A	48801	33721	52	3	2	45	6.14679e-05	48806	0.773438	FALSE	NA	NA	NA	NA	NA	NA
NC_045512.2	27789	T	G	49081	34118	52	1	0	26	2.03724e-05	49086	1	FALSE	NA	NA	NA	NA	NA	NA
NC_045512.2	27789	T	C	49081	34118	52	3	2	42	6.11172e-05	49086	0.773438	FALSE	NA	NA	NA	NA	NA	NA
NC_045512.2	27789	T	A	49081	34118	52	1	1	68	2.03724e-05	49086	0.499985	FALSE	NA	NA	NA	NA	NA	NA
NC_045512.2	27790	G	T	48442	33518	52	2	2	30	4.12831e-05	48446	1	FALSE	NA	NA	NA	NA	NA	NA
NC_045512.2	27790	G	C	48442	33518	52	1	1	34	2.06415e-05	48446	1	FALSE	NA	NA	NA	NA	NA	NA
NC_045512.2	27790	G	A	48442	33518	52	1	1	34	2.06415e-05	48446	1	FALSE	NA	NA	NA	NA	NA	NA
NC_045512.2	27790	G	+GGTGGGC	48442	33518	52	1	0	20	2.06415e-05	48446	1	FALSE	NA	NA	NA	NA	NA	NA
NC_045512.2	27791	C	T	48699	35935	49	2	2	34	4.10652e-05	48703	1	FALSE	NA	NA	NA	NA	NA	NA
NC_045512.2	27791	C	G	48699	35935	49	2	1	30	4.10652e-05	48703	1	FALSE	NA	NA	NA	NA	NA	NA
NC_045512.2	27791	C	-T	48699	35935	49	7	0	20	0.000143728	48703	1	FALSE	NA	NA	NA	NA	NA	NA
NC_045512.2	27791	C	+T	48699	35935	49	3	0	20	6.15978e-05	48703	1	FALSE	NA	NA	NA	NA	NA	NA
NC_045512.2	27792	T	G	47673	34827	50	2	2	23	4.19472e-05	47679	1	FALSE	NA	NA	NA	NA	NA	NA
NC_045512.2	27792	T	C	47673	34827	50	4	3	39	8.38944e-05	47679	1	FALSE	NA	NA	NA	NA	NA	NA
NC_045512.2	27793	T	C	48702	35870	50	3	2	58	6.15953e-05	48705	0.125	FALSE	NA	NA	NA	NA	NA	NA
NC_045512.2	27794	T	C	47808	35349	49	2	2	51	4.18323e-05	47810	0.250003	FALSE	NA	NA	NA	NA	NA	NA
NC_045512.2	27795	T	G	47975	35597	49	2	2	25	4.16823e-05	47982	1	FALSE	NA	NA	NA	NA	NA	NA
NC_045512.2	27795	T	C	47975	35597	49	3	2	45	6.25234e-05	47982	0.77342	FALSE	NA	NA	NA	NA	NA	NA
NC_045512.2	27795	T	A	47975	35597	49	2	0	23	4.16823e-05	47982	1	FALSE	NA	NA	NA	NA	NA	NA
NC_045512.2	27796	T	C	48617	36329	50	2	2	51	4.11353e-05	48620	0.249997	FALSE	NA	NA	NA	NA	NA	NA
NC_045512.2	27796	T	A	48617	36329	50	1	1	26	2.05677e-05	48620	1	FALSE	NA	NA	NA	NA	NA	NA
NC_045512.2	27797	A	T	48602	36544	50	1	1	27	2.05732e-05	48607	1	FALSE	NA	NA	NA	NA	NA	NA
NC_045512.2	27797	A	G	48602	36544	50	4	2	55	8.22927e-05	48607	0.0624961	FALSE	NA	NA	NA	NA	NA	NA
NC_045512.2	27798	G	T	48525	36398	50	5	3	44	0.000103027	48531	0.5	FALSE	NA	NA	NA	NA	NA	NA
NC_045512.2	27798	G	A	48525	36398	50	1	1	34	2.06054e-05	48531	1	FALSE	NA	NA	NA	NA	NA	NA
NC_045512.2	27799	C	T	48166	36437	49	3	3	34	6.22717e-05	48176	1	FALSE	NA	NA	NA	NA	NA	NA
NC_045512.2	27799	C	G	48166	36437	49	3	3	26	6.22717e-05	48176	1	FALSE	NA	NA	NA	NA	NA	NA
NC_045512.2	27799	C	A	48166	36437	49	4	0	35	8.30289e-05	48176	1	FALSE	NA	NA	NA	NA	NA	NA
NC_045512.2	27800	C	T	48374	37039	49	1	1	34	2.06671e-05	48386	1	FALSE	NA	NA	NA	NA	NA	NA
NC_045512.2	27800	C	G	48374	37039	49	1	0	26	2.06671e-05	48386	1	FALSE	NA	NA	NA	NA	NA	NA
NC_045512.2	27800	C	A	48374	37039	49	10	8	41	0.000206671	48386	0.0897606	FALSE	NA	NA	NA	NA	NA	NA
NC_045512.2	27801	T	C	46047	34780	48	3	1	31	6.51438e-05	46052	1	FALSE	NA	NA	NA	NA	NA	NA
NC_045512.2	27801	T	A	46047	34780	48	2	1	27	4.34292e-05	46052	1	FALSE	NA	NA	NA	NA	NA	NA
NC_045512.2	27802	T	C	47514	36168	49	4	4	42	8.41733e-05	47521	0.636701	FALSE	NA	NA	NA	NA	NA	NA
NC_045512.2	27802	T	A	47514	36168	49	3	3	31	6.313e-05	47521	1	FALSE	NA	NA	NA	NA	NA	NA
NC_045512.2	27803	T	G	47302	35972	49	1	1	24	2.11385e-05	47307	1	FALSE	NA	NA	NA	NA	NA	NA
NC_045512.2	27803	T	C	47302	35972	49	1	0	24	2.11385e-05	47307	1	FALSE	NA	NA	NA	NA	NA	NA
NC_045512.2	27803	T	A	47302	35972	49	3	2	34	6.34156e-05	47307	1	FALSE	NA	NA	NA	NA	NA	NA
NC_045512.2	27804	C	G	48392	36647	49	7	4	28	0.000144631	48399	1	FALSE	NA	NA	NA	NA	NA	NA
NC_045512.2	27805	T	G	47325	35490	48	2	1	68	4.22476e-05	47340	0.249934	FALSE	NA	NA	NA	NA	NA	NA
NC_045512.2	27805	T	C	47325	35490	48	5	4	40	0.000105619	47340	0.499883	FALSE	NA	NA	NA	NA	NA	NA
NC_045512.2	27805	T	A	47325	35490	48	8	8	29	0.00016899	47340	1	FALSE	NA	NA	NA	NA	NA	NA
NC_045512.2	27806	G	T	48277	36531	49	3	3	26	6.21324e-05	48284	1	FALSE	NA	NA	NA	NA	NA	NA
NC_045512.2	27806	G	C	48277	36531	49	3	3	45	6.21324e-05	48284	0.773421	FALSE	NA	NA	NA	NA	NA	NA
NC_045512.2	27806	G	A	48277	36531	49	1	1	34	2.07108e-05	48284	1	FALSE	NA	NA	NA	NA	NA	NA
NC_045512.2	27806	G	-C	48277	36531	49	1	0	20	2.07108e-05	48284	1	FALSE	NA	NA	NA	NA	NA	NA
NC_045512.2	27807	C	T	2	1	57	47366	35695	50	0.999937	47369	0	TRUE	NA	NA	NA	NA	NA	NA
NC_045512.2	27807	C	A	2	1	57	1	1	26	2.11109e-05	47369	0.0297184	FALSE	NA	NA	NA	NA	NA	NA
NC_045512.2	27808	T	C	47233	35577	50	1	1	34	2.11707e-05	47235	1	FALSE	NA	NA	NA	NA	NA	NA
NC_045512.2	27808	T	A	47233	35577	50	1	0	34	2.11707e-05	47235	1	FALSE	NA	NA	NA	NA	NA	NA
NC_045512.2	27809	A	T	47026	35444	49	5	4	26	0.000106311	47032	1	FALSE	NA	NA	NA	NA	NA	NA
NC_045512.2	27809	A	G	47026	35444	49	1	1	26	2.12621e-05	47032	1	FALSE	NA	NA	NA	NA	NA	NA
NC_045512.2	27810	T	G	1	0	68	1	1	26	2.12269e-05	47110	0.0199376	FALSE	NA	NA	NA	NA	NA	NA
NC_045512.2	27810	T	C	1	0	68	47108	36063	48	0.999958	47110	0	TRUE	NA	NA	NA	NA	NA	NA
NC_045512.2	27811	T	C	47251	36184	49	5	2	50	0.000105802	47258	0.031245	FALSE	NA	NA	NA	NA	NA	NA
NC_045512.2	27811	T	A	47251	36184	49	2	2	34	4.23209e-05	47258	1	FALSE	NA	NA	NA	NA	NA	NA
NC_045512.2	27812	C	G	46483	35436	48	1	1	34	2.15128e-05	46484	1	FALSE	NA	NA	NA	NA	NA	NA
NC_045512.2	27813	C	G	42328	31768	50	1	1	26	2.36233e-05	42331	1	FALSE	NA	NA	NA	NA	NA	NA
NC_045512.2	27813	C	A	42328	31768	50	2	0	29	4.72467e-05	42331	1	FALSE	NA	NA	NA	NA	NA	NA
NC_045512.2	27813	C	-T	42328	31768	50	1	0	20	2.36233e-05	42331	1	FALSE	NA	NA	NA	NA	NA	NA
NC_045512.2	27814	T	C	42238	31629	50	2	1	57	4.73474e-05	42241	0.249991	FALSE	NA	NA	NA	NA	NA	NA
NC_045512.2	27814	T	A	42238	31629	50	1	0	68	2.36737e-05	42241	0.499988	FALSE	NA	NA	NA	NA	NA	NA
NC_045512.2	27815	T	C	42232	31623	50	4	2	59	9.47037e-05	42237	0.0624956	FALSE	NA	NA	NA	NA	NA	NA
NC_045512.2	27815	T	A	42232	31623	50	1	1	68	2.36759e-05	42237	0.499982	FALSE	NA	NA	NA	NA	NA	NA
NC_045512.2	27816	G	T	41957	31255	50	2	2	30	4.76656e-05	41959	1	FALSE	NA	NA	NA	NA	NA	NA
NC_045512.2	27816	G	-T	41957	31255	50	1	0	20	2.38328e-05	41959	1	FALSE	NA	NA	NA	NA	NA	NA
NC_045512.2	27817	T	C	41121	30452	49	2	2	34	4.86334e-05	41124	1	FALSE	NA	NA	NA	NA	NA	NA
NC_045512.2	27817	T	A	41121	30452	49	1	0	68	2.43167e-05	41124	0.499988	FALSE	NA	NA	NA	NA	NA	NA
NC_045512.2	27818	T	G	41847	31177	49	1	1	24	2.38937e-05	41852	1	FALSE	NA	NA	NA	NA	NA	NA
NC_045512.2	27818	T	C	41847	31177	49	4	1	44	9.55749e-05	41852	0.636725	FALSE	NA	NA	NA	NA	NA	NA
NC_045512.2	27819	T	G	37256	26589	47	1	1	26	2.68384e-05	37260	1	FALSE	NA	NA	NA	NA	NA	NA
NC_045512.2	27819	T	C	37256	26589	47	1	0	68	2.68384e-05	37260	0.499987	FALSE	NA	NA	NA	NA	NA	NA
NC_045512.2	27819	T	A	37256	26589	47	2	1	68	5.36769e-05	37260	0.24999	FALSE	NA	NA	NA	NA	NA	NA
NC_045512.2	27821	A	T	41829	31455	50	4	4	26	9.56137e-05	41835	1	FALSE	NA	NA	NA	NA	NA	NA
NC_045512.2	27821	A	G	41829	31455	50	2	1	68	4.78069e-05	41835	0.249979	FALSE	NA	NA	NA	NA	NA	NA
NC_045512.2	27822	A	G	42092	31856	49	2	1	51	4.75127e-05	42094	0.250003	FALSE	NA	NA	NA	NA	NA	NA
NC_045512.2	27823	T	C	42224	31970	50	2	1	29	4.73642e-05	42226	1	FALSE	NA	NA	NA	NA	NA	NA
NC_045512.2	27824	T	C	41960	31685	49	2	2	51	4.76599e-05	41964	0.249991	FALSE	NA	NA	NA	NA	NA	NA
NC_045512.2	27824	T	A	41960	31685	49	2	0	22	4.76599e-05	41964	1	FALSE	NA	NA	NA	NA	NA	NA
NC_045512.2	27824	T	-A	41960	31685	49	1	0	20	2.38299e-05	41964	1	FALSE	NA	NA	NA	NA	NA	NA
NC_045512.2	27825	A	G	41498	31320	49	1	1	34	2.4097e-05	41499	1	FALSE	NA	NA	NA	NA	NA	NA
NC_045512.2	27826	T	C	41353	31156	50	2	2	51	4.83606e-05	41356	0.249997	FALSE	NA	NA	NA	NA	NA	NA
NC_045512.2	27826	T	A	41353	31156	50	1	0	20	2.41803e-05	41356	1	FALSE	NA	NA	NA	NA	NA	NA
NC_045512.2	27827	G	T	41046	31570	48	2	2	34	4.87223e-05	41049	1	FALSE	NA	NA	NA	NA	NA	NA
NC_045512.2	27827	G	C	41046	31570	48	1	0	20	2.43611e-05	41049	1	FALSE	NA	NA	NA	NA	NA	NA
NC_045512.2	27828	C	T	41183	32118	48	1	1	34	2.42807e-05	41185	1	FALSE	NA	NA	NA	NA	NA	NA
NC_045512.2	27828	C	G	41183	32118	48	1	0	26	2.42807e-05	41185	1	FALSE	NA	NA	NA	NA	NA	NA
NC_045512.2	27828	C	-T	41183	32118	48	1	0	20	2.42807e-05	41185	1	FALSE	NA	NA	NA	NA	NA	NA
NC_045512.2	27829	T	G	40387	31329	48	2	2	34	4.95123e-05	40394	1	FALSE	NA	NA	NA	NA	NA	NA
NC_045512.2	27829	T	C	40387	31329	48	4	3	51	9.90246e-05	40394	0.0624861	FALSE	NA	NA	NA	NA	NA	NA
NC_045512.2	27829	T	A	40387	31329	48	1	1	34	2.47562e-05	40394	1	FALSE	NA	NA	NA	NA	NA	NA
NC_045512.2	27830	T	G	40270	31250	48	1	0	26	2.48293e-05	40275	1	FALSE	NA	NA	NA	NA	NA	NA
NC_045512.2	27830	T	C	40270	31250	48	3	2	42	7.44879e-05	40275	0.773438	FALSE	NA	NA	NA	NA	NA	NA
NC_045512.2	27830	T	A	40270	31250	48	1	0	20	2.48293e-05	40275	1	FALSE	NA	NA	NA	NA	NA	NA
NC_045512.2	27831	A	T	40571	31531	48	1	1	26	2.46475e-05	40572	1	FALSE	NA	NA	NA	NA	NA	NA
NC_045512.2	27831	A	-T	40571	31531	48	2	0	20	4.92951e-05	40572	1	FALSE	NA	NA	NA	NA	NA	NA
NC_045512.2	27832	T	G	40132	31048	48	1	0	34	2.49165e-05	40134	1	FALSE	NA	NA	NA	NA	NA	NA
NC_045512.2	27832	T	A	40132	31048	48	1	1	27	2.49165e-05	40134	1	FALSE	NA	NA	NA	NA	NA	NA
NC_045512.2	27833	T	A	39803	30799	47	2	2	25	5.02449e-05	39805	1	FALSE	NA	NA	NA	NA	NA	NA
NC_045512.2	27834	A	T	40487	31473	47	4	1	25	9.87825e-05	40493	1	FALSE	NA	NA	NA	NA	NA	NA
NC_045512.2	27834	A	G	40487	31473	47	2	2	51	4.93913e-05	40493	0.249978	FALSE	NA	NA	NA	NA	NA	NA
NC_045512.2	27835	T	C	37698	28735	46	5	3	33	0.000132587	37711	1	FALSE	NA	NA	NA	NA	NA	NA
NC_045512.2	27835	T	A	37698	28735	46	8	8	28	0.00021214	37711	1	FALSE	NA	NA	NA	NA	NA	NA
NC_045512.2	27835	T	-C	37698	28735	46	1	0	20	2.65175e-05	37711	1	FALSE	NA	NA	NA	NA	NA	NA
NC_045512.2	27836	C	A	39911	31146	48	1	0	26	2.50551e-05	39912	1	FALSE	NA	NA	NA	NA	NA	NA
NC_045512.2	27836	C	-TTTTGGT	39911	31146	48	1	0	20	2.50551e-05	39912	1	FALSE	NA	NA	NA	NA	NA	NA
NC_045512.2	27836	C	-T	39911	31146	48	1	0	20	2.50551e-05	39912	1	FALSE	NA	NA	NA	NA	NA	NA
NC_045512.2	27837	T	C	39201	30468	48	2	2	34	5.10165e-05	39203	1	FALSE	NA	NA	NA	NA	NA	NA
NC_045512.2	27838	T	C	39115	30390	48	3	1	54	7.6691e-05	39118	0.124995	FALSE	NA	NA	NA	NA	NA	NA
NC_045512.2	27839	T	C	37698	28936	47	3	3	27	7.95714e-05	37702	1	FALSE	NA	NA	NA	NA	NA	NA
NC_045512.2	27839	T	A	37698	28936	47	1	0	34	2.65238e-05	37702	1	FALSE	NA	NA	NA	NA	NA	NA
NC_045512.2	27840	T	G	39028	30329	48	1	0	68	2.56207e-05	39031	0.499987	FALSE	NA	NA	NA	NA	NA	NA
NC_045512.2	27840	T	C	39028	30329	48	2	2	34	5.12413e-05	39031	1	FALSE	NA	NA	NA	NA	NA	NA
NC_045512.2	27841	G	A	38818	30117	48	1	1	68	2.57606e-05	38819	0.5	FALSE	NA	NA	NA	NA	NA	NA
NC_045512.2	27842	G	T	39187	30556	48	5	2	51	0.000127571	39194	0.031242	FALSE	NA	NA	NA	NA	NA	NA
NC_045512.2	27842	G	A	39187	30556	48	2	1	68	5.10282e-05	39194	0.249965	FALSE	NA	NA	NA	NA	NA	NA
NC_045512.2	27843	T	C	38200	29610	48	5	2	50	0.000130873	38205	0.0312459	FALSE	NA	NA	NA	NA	NA	NA
NC_045512.2	27844	T	C	34679	26035	46	2	2	29	5.76568e-05	34688	1	FALSE	NA	NA	NA	NA	NA	NA
NC_045512.2	27844	T	A	34679	26035	46	7	6	30	0.000201799	34688	0.999998	FALSE	NA	NA	NA	NA	NA	NA
NC_045512.2	27844	T	+AAACCAA	34679	26035	46	1	0	20	2.88284e-05	34688	1	FALSE	NA	NA	NA	NA	NA	NA
NC_045512.2	27845	C	T	38259	29732	48	2	2	34	5.22685e-05	38264	1	FALSE	NA	NA	NA	NA	NA	NA
NC_045512.2	27845	C	A	38259	29732	48	3	2	31	7.84027e-05	38264	1	FALSE	NA	NA	NA	NA	NA	NA
NC_045512.2	27846	T	C	37884	29325	48	3	3	43	7.91766e-05	37890	0.656231	FALSE	NA	NA	NA	NA	NA	NA
NC_045512.2	27846	T	A	37884	29325	48	3	2	42	7.91766e-05	37890	0.656231	FALSE	NA	NA	NA	NA	NA	NA
NC_045512.2	27847	C	T	38044	29483	48	1	1	34	2.62847e-05	38045	1	FALSE	NA	NA	NA	NA	NA	NA
NC_045512.2	27848	A	T	38060	29526	48	1	1	34	2.62722e-05	38063	1	FALSE	NA	NA	NA	NA	NA	NA
NC_045512.2	27848	A	G	38060	29526	48	1	0	68	2.62722e-05	38063	0.499993	FALSE	NA	NA	NA	NA	NA	NA
NC_045512.2	27848	A	C	38060	29526	48	1	1	27	2.62722e-05	38063	1	FALSE	NA	NA	NA	NA	NA	NA
NC_045512.2	27849	C	T	38053	29537	48	5	5	31	0.000131372	38060	1	FALSE	NA	NA	NA	NA	NA	NA
NC_045512.2	27849	C	G	38053	29537	48	1	1	26	2.62743e-05	38060	1	FALSE	NA	NA	NA	NA	NA	NA
NC_045512.2	27849	C	A	38053	29537	48	1	1	68	2.62743e-05	38060	0.499967	FALSE	NA	NA	NA	NA	NA	NA
NC_045512.2	27850	T	C	37822	29311	48	2	1	36	5.28765e-05	37824	1	FALSE	NA	NA	NA	NA	NA	NA
NC_045512.2	27851	T	C	34500	26099	48	2	2	34	5.7966e-05	34503	1	FALSE	NA	NA	NA	NA	NA	NA
NC_045512.2	27851	T	A	34500	26099	48	1	1	34	2.8983e-05	34503	1	FALSE	NA	NA	NA	NA	NA	NA
NC_045512.2	27852	G	A	36739	28317	49	1	1	34	2.72183e-05	36740	1	FALSE	NA	NA	NA	NA	NA	NA
NC_045512.2	27853	A	T	36841	28424	49	1	1	34	2.714e-05	36846	1	FALSE	NA	NA	NA	NA	NA	NA
NC_045512.2	27853	A	G	36841	28424	49	4	3	51	0.00010856	36846	0.0624915	FALSE	NA	NA	NA	NA	NA	NA
NC_045512.2	27854	A	T	36809	28612	46	9	8	32	0.000244379	36828	0.999992	FALSE	NA	NA	NA	NA	NA	NA
NC_045512.2	27854	A	G	36809	28612	46	4	3	37	0.000108613	36828	1	FALSE	NA	NA	NA	NA	NA	NA
NC_045512.2	27854	A	C	36809	28612	46	6	6	29	0.00016292	36828	1	FALSE	NA	NA	NA	NA	NA	NA
NC_045512.2	27855	C	T	36806	28852	48	3	1	40	8.14996e-05	36810	0.656244	FALSE	NA	NA	NA	NA	NA	NA
NC_045512.2	27855	C	A	36806	28852	48	1	0	68	2.71665e-05	36810	0.49998	FALSE	NA	NA	NA	NA	NA	NA
NC_045512.2	27856	T	C	31685	24291	49	2	2	47	6.31134e-05	31689	0.81249	FALSE	NA	NA	NA	NA	NA	NA
NC_045512.2	27856	T	A	31685	24291	49	2	1	51	6.31134e-05	31689	0.24998	FALSE	NA	NA	NA	NA	NA	NA
NC_045512.2	27857	G	T	31548	24154	49	1	1	34	3.16877e-05	31558	1	FALSE	NA	NA	NA	NA	NA	NA
NC_045512.2	27857	G	C	31548	24154	49	2	2	30	6.33754e-05	31558	1	FALSE	NA	NA	NA	NA	NA	NA
NC_045512.2	27857	G	A	31548	24154	49	7	5	54	0.000221814	31558	0.0078073	TRUE	NA	NA	NA	NA	NA	NA
NC_045512.2	27858	C	T	31283	23969	49	1	1	34	3.19632e-05	31286	1	FALSE	NA	NA	NA	NA	NA	NA
NC_045512.2	27858	C	G	31283	23969	49	1	1	26	3.19632e-05	31286	1	FALSE	NA	NA	NA	NA	NA	NA
NC_045512.2	27858	C	A	31283	23969	49	1	1	34	3.19632e-05	31286	1	FALSE	NA	NA	NA	NA	NA	NA
NC_045512.2	27859	A	T	31306	23963	49	2	1	34	6.38753e-05	31311	1	FALSE	NA	NA	NA	NA	NA	NA
NC_045512.2	27859	A	G	31306	23963	49	3	3	45	9.5813e-05	31311	0.656228	FALSE	NA	NA	NA	NA	NA	NA
NC_045512.2	27860	A	T	31338	24500	48	2	2	51	6.38142e-05	31341	0.249988	FALSE	NA	NA	NA	NA	NA	NA
NC_045512.2	27860	A	G	31338	24500	48	1	1	34	3.19071e-05	31341	1	FALSE	NA	NA	NA	NA	NA	NA
NC_045512.2	27861	G	T	31178	24354	48	1	1	34	3.20708e-05	31181	1	FALSE	NA	NA	NA	NA	NA	NA
NC_045512.2	27861	G	C	31178	24354	48	2	0	26	6.41416e-05	31181	1	FALSE	NA	NA	NA	NA	NA	NA
NC_045512.2	27862	A	T	31166	24467	44	4	2	37	0.00012832	31172	1	FALSE	NA	NA	NA	NA	NA	NA
NC_045512.2	27862	A	G	31166	24467	44	2	1	68	6.41601e-05	31172	0.249964	FALSE	NA	NA	NA	NA	NA	NA
NC_045512.2	27863	T	C	31056	24288	48	1	1	34	3.21968e-05	31059	1	FALSE	NA	NA	NA	NA	NA	NA
NC_045512.2	27863	T	A	31056	24288	48	2	1	26	6.43936e-05	31059	1	FALSE	NA	NA	NA	NA	NA	NA
NC_045512.2	27864	C	T	29906	23209	48	4	4	42	0.000133726	29912	0.343726	FALSE	NA	NA	NA	NA	NA	NA
NC_045512.2	27864	C	G	29906	23209	48	1	0	34	3.34314e-05	29912	1	FALSE	NA	NA	NA	NA	NA	NA
NC_045512.2	27864	C	A	29906	23209	48	1	1	34	3.34314e-05	29912	1	FALSE	NA	NA	NA	NA	NA	NA
NC_045512.2	27865	A	G	29926	23302	48	2	1	36	6.68271e-05	29928	1	FALSE	NA	NA	NA	NA	NA	NA
NC_045512.2	27866	T	C	29486	22925	47	1	1	68	3.39121e-05	29488	0.5	FALSE	NA	NA	NA	NA	NA	NA
NC_045512.2	27866	T	A	29486	22925	47	1	1	26	3.39121e-05	29488	1	FALSE	NA	NA	NA	NA	NA	NA
NC_045512.2	27867	A	T	29728	23160	48	1	0	34	3.36327e-05	29733	1	FALSE	NA	NA	NA	NA	NA	NA
NC_045512.2	27867	A	G	29728	23160	48	3	2	54	0.000100898	29733	0.124987	FALSE	NA	NA	NA	NA	NA	NA
NC_045512.2	27867	A	C	29728	23160	48	1	1	27	3.36327e-05	29733	1	FALSE	NA	NA	NA	NA	NA	NA
NC_045512.2	27868	A	G	29854	24455	45	1	1	34	3.34952e-05	29855	1	FALSE	NA	NA	NA	NA	NA	NA
NC_045512.2	27869	T	G	29891	24512	45	1	1	27	3.34504e-05	29895	1	FALSE	NA	NA	NA	NA	NA	NA
NC_045512.2	27869	T	C	29891	24512	45	2	2	26	6.69008e-05	29895	1	FALSE	NA	NA	NA	NA	NA	NA
NC_045512.2	27869	T	A	29891	24512	45	1	0	34	3.34504e-05	29895	1	FALSE	NA	NA	NA	NA	NA	NA
NC_045512.2	27870	G	T	29438	25283	42	3	3	34	0.000101878	29447	1	FALSE	NA	NA	NA	NA	NA	NA
NC_045512.2	27870	G	C	29438	25283	42	1	1	34	3.39593e-05	29447	1	FALSE	NA	NA	NA	NA	NA	NA
NC_045512.2	27870	G	A	29438	25283	42	5	5	34	0.000169797	29447	0.999997	FALSE	NA	NA	NA	NA	NA	NA
NC_045512.2	27871	A	G	27306	23214	41	1	1	34	3.66206e-05	27307	1	FALSE	NA	NA	NA	NA	NA	NA
NC_045512.2	27872	A	T	28505	24433	42	2	1	30	7.01533e-05	28509	1	FALSE	NA	NA	NA	NA	NA	NA
NC_045512.2	27872	A	G	28505	24433	42	2	2	34	7.01533e-05	28509	1	FALSE	NA	NA	NA	NA	NA	NA
NC_045512.2	27873	A	T	28516	24436	43	6	6	32	0.000210357	28523	0.999981	FALSE	NA	NA	NA	NA	NA	NA
NC_045512.2	27873	A	G	28516	24436	43	1	1	68	3.50594e-05	28523	0.499956	FALSE	NA	NA	NA	NA	NA	NA
NC_045512.2	27874	C	T	28570	24796	42	1	1	34	3.50005e-05	28571	1	FALSE	NA	NA	NA	NA	NA	NA
NC_045512.2	27875	T	C	27072	23364	42	2	2	34	7.38689e-05	27075	1	FALSE	NA	NA	NA	NA	NA	NA
NC_045512.2	27875	T	A	27072	23364	42	1	0	27	3.69344e-05	27075	1	FALSE	NA	NA	NA	NA	NA	NA
NC_045512.2	27876	T	C	25594	21903	41	3	3	34	0.000117201	25597	0.999998	FALSE	NA	NA	NA	NA	NA	NA
NC_045512.2	27877	G	A	26678	23014	42	1	1	34	3.74827e-05	26679	1	FALSE	NA	NA	NA	NA	NA	NA
NC_045512.2	27878	T	G	26772	23165	42	1	1	27	3.73455e-05	26777	1	FALSE	NA	NA	NA	NA	NA	NA
NC_045512.2	27878	T	C	26772	23165	42	3	1	56	0.000112036	26777	0.124986	FALSE	NA	NA	NA	NA	NA	NA
NC_045512.2	27878	T	A	26772	23165	42	1	0	24	3.73455e-05	26777	1	FALSE	NA	NA	NA	NA	NA	NA
NC_045512.2	27879	C	T	26860	23348	42	1	1	34	3.72259e-05	26863	1	FALSE	NA	NA	NA	NA	NA	NA
NC_045512.2	27879	C	A	26860	23348	42	2	1	30	7.44518e-05	26863	1	FALSE	NA	NA	NA	NA	NA	NA
NC_045512.2	27880	A	G	26810	23278	42	1	1	34	3.72981e-05	26811	1	FALSE	NA	NA	NA	NA	NA	NA
NC_045512.2	27881	C	T	26508	23440	41	2	2	51	7.54404e-05	26511	0.249995	FALSE	NA	NA	NA	NA	NA	NA
NC_045512.2	27881	C	G	26508	23440	41	1	0	34	3.77202e-05	26511	1	FALSE	NA	NA	NA	NA	NA	NA
NC_045512.2	27882	G	T	26421	23367	41	2	2	27	7.56802e-05	26427	1	FALSE	NA	NA	NA	NA	NA	NA
NC_045512.2	27882	G	C	26421	23367	41	1	0	34	3.78401e-05	26427	1	FALSE	NA	NA	NA	NA	NA	NA
NC_045512.2	27882	G	A	26421	23367	41	3	1	45	0.00011352	26427	0.499965	FALSE	NA	NA	NA	NA	NA	NA
NC_045512.2	27883	C	A	26298	23226	41	1	1	34	3.80243e-05	26299	1	FALSE	NA	NA	NA	NA	NA	NA
NC_045512.2	27885	T	C	24271	21252	40	1	1	68	4.11997e-05	24272	0.50001	FALSE	NA	NA	NA	NA	NA	NA
NC_045512.2	27886	A	G	25085	22051	41	3	2	31	0.000119579	25088	0.999998	FALSE	NA	NA	NA	NA	NA	NA
NC_045512.2	27887	A	G	24962	21957	41	1	1	24	4.00577e-05	24964	1	FALSE	NA	NA	NA	NA	NA	NA
NC_045512.2	27887	A	C	24962	21957	41	1	0	27	4.00577e-05	24964	1	FALSE	NA	NA	NA	NA	NA	NA
NC_045512.2	27888	A	T	24963	22026	40	6	6	30	0.000240269	24972	0.999838	FALSE	NA	NA	NA	NA	NA	NA
NC_045512.2	27888	A	C	24963	22026	40	3	3	31	0.000120135	24972	0.999997	FALSE	NA	NA	NA	NA	NA	NA
NC_045512.2	27889	C	T	25017	22155	41	8	8	33	0.00031968	25025	0.999343	FALSE	NA	NA	NA	NA	NA	NA
NC_045512.2	27890	G	C	23264	20474	41	2	0	30	8.59476e-05	23270	0.999999	FALSE	NA	NA	NA	NA	NA	NA
NC_045512.2	27890	G	A	23264	20474	41	4	3	42	0.000171895	23270	0.34372	FALSE	NA	NA	NA	NA	NA	NA
NC_045512.2	27891	A	G	22204	19451	41	2	2	34	9.00657e-05	22206	0.999999	FALSE	NA	NA	NA	NA	NA	NA
NC_045512.2	27892	A	G	21714	19034	41	1	1	34	4.60511e-05	21715	1	FALSE	NA	NA	NA	NA	NA	NA
NC_045512.2	27893	C	T	21803	19307	41	1	1	34	4.5861e-05	21805	1	FALSE	NA	NA	NA	NA	NA	NA
NC_045512.2	27893	C	G	21803	19307	41	1	1	26	4.5861e-05	21805	1	FALSE	NA	NA	NA	NA	NA	NA
NC_045512.2	27894	A	G	21777	19305	40	4	4	42	0.000183646	21781	0.343761	FALSE	NA	NA	NA	NA	NA	NA
NC_045512.2	27895	T	C	21661	19207	41	1	1	34	4.61638e-05	21662	1	FALSE	NA	NA	NA	NA	NA	NA
NC_045512.2	27896	G	T	21760	19334	41	2	2	34	9.18991e-05	21763	0.999997	FALSE	NA	NA	NA	NA	NA	NA
NC_045512.2	27896	G	A	21760	19334	41	1	0	24	4.59495e-05	21763	1	FALSE	NA	NA	NA	NA	NA	NA
NC_045512.2	27897	A	G	21603	19182	40	4	4	40	0.000185125	21607	0.343761	FALSE	NA	NA	NA	NA	NA	NA
NC_045512.2	27899	A	T	21722	19323	40	1	1	34	4.6032e-05	21724	1	FALSE	NA	NA	NA	NA	NA	NA
NC_045512.2	27899	A	G	21722	19323	40	1	1	34	4.6032e-05	21724	1	FALSE	NA	NA	NA	NA	NA	NA
NC_045512.2	27902	T	C	19628	17377	39	2	2	34	0.000101885	19630	0.99999	FALSE	NA	NA	NA	NA	NA	NA
NC_045512.2	27904	T	C	20235	18183	39	1	1	34	4.94169e-05	20236	1	FALSE	NA	NA	NA	NA	NA	NA
NC_045512.2	27905	T	C	20764	18702	39	7	7	34	0.000336992	20772	0.997045	FALSE	NA	NA	NA	NA	NA	NA
NC_045512.2	27905	T	A	20764	18702	39	1	1	26	4.81417e-05	20772	1	FALSE	NA	NA	NA	NA	NA	NA
NC_045512.2	27906	G	T	21161	19119	40	1	1	34	4.725e-05	21164	1	FALSE	NA	NA	NA	NA	NA	NA
NC_045512.2	27906	G	A	21161	19119	40	2	2	34	9.45001e-05	21164	0.999997	FALSE	NA	NA	NA	NA	NA	NA
NC_045512.2	27908	T	C	21142	19215	39	1	1	34	4.72947e-05	21144	1	FALSE	NA	NA	NA	NA	NA	NA
NC_045512.2	27908	T	A	21142	19215	39	1	1	68	4.72947e-05	21144	0.5	FALSE	NA	NA	NA	NA	NA	NA
NC_045512.2	27909	T	C	21135	19262	39	1	1	34	4.73126e-05	21136	1	FALSE	NA	NA	NA	NA	NA	NA
NC_045512.2	27910	T	C	17473	15621	36	1	1	34	5.72279e-05	17474	0.999996	FALSE	NA	NA	NA	NA	NA	NA
NC_045512.2	27911	C	T	20895	19051	39	2	2	34	9.57029e-05	20898	0.999995	FALSE	NA	NA	NA	NA	NA	NA
NC_045512.2	27911	C	G	20895	19051	39	1	0	26	4.78515e-05	20898	1	FALSE	NA	NA	NA	NA	NA	NA
NC_045512.2	27912	T	C	20868	19017	39	1	1	34	4.7918e-05	20869	1	FALSE	NA	NA	NA	NA	NA	NA
NC_045512.2	27913	T	C	20880	19027	39	2	2	34	9.57763e-05	20882	0.999995	FALSE	NA	NA	NA	NA	NA	NA
NC_045512.2	27914	A	T	20895	19059	39	1	1	26	4.78515e-05	20898	1	FALSE	NA	NA	NA	NA	NA	NA
NC_045512.2	27914	A	G	20895	19059	39	2	2	34	9.57029e-05	20898	0.999995	FALSE	NA	NA	NA	NA	NA	NA
NC_045512.2	27915	G	T	20694	18890	39	1	1	26	4.83185e-05	20696	1	FALSE	NA	NA	NA	NA	NA	NA
NC_045512.2	27915	G	A	20694	18890	39	1	1	34	4.83185e-05	20696	1	FALSE	NA	NA	NA	NA	NA	NA
NC_045512.2	27916	G	T	20672	18883	39	1	1	34	4.83723e-05	20673	1	FALSE	NA	NA	NA	NA	NA	NA
NC_045512.2	27917	A	T	20541	18756	39	5	5	32	0.000243356	20546	0.999546	FALSE	NA	NA	NA	NA	NA	NA
NC_045512.2	27918	A	T	20740	18986	39	2	2	34	9.64181e-05	20743	0.999995	FALSE	NA	NA	NA	NA	NA	NA
NC_045512.2	27918	A	G	20740	18986	39	1	1	34	4.8209e-05	20743	1	FALSE	NA	NA	NA	NA	NA	NA
NC_045512.2	27919	T	C	20609	18860	39	1	1	34	4.85201e-05	20610	1	FALSE	NA	NA	NA	NA	NA	NA
NC_045512.2	27921	A	G	20367	18697	38	1	1	34	4.90966e-05	20368	1	FALSE	NA	NA	NA	NA	NA	NA
NC_045512.2	27922	T	C	20418	18761	38	2	2	34	9.79432e-05	20420	0.999995	FALSE	NA	NA	NA	NA	NA	NA
NC_045512.2	27924	A	T	19831	18201	38	1	1	34	5.04108e-05	19837	0.999999	FALSE	NA	NA	NA	NA	NA	NA
NC_045512.2	27924	A	G	19831	18201	38	5	4	39	0.000252054	19837	0.99923	FALSE	NA	NA	NA	NA	NA	NA
NC_045512.2	27937	C	+A	189	58	43	1	0	20	0.00529101	189	0.753302	FALSE	NA	NA	NA	NA	NA	NA
NC_045512.2	27971	T	C	4	2	34	217	69	46	0.9819	221	4.74106e-124	TRUE	NA	NA	NA	NA	NA	NA
NC_045512.2	27974	A	G	222	71	47	1	0	34	0.0044843	223	0.501124	FALSE	NA	NA	NA	NA	NA	NA
NC_045512.2	27976	A	T	219	68	46	1	0	26	0.00452489	221	0.875854	FALSE	NA	NA	NA	NA	NA	NA
NC_045512.2	27976	A	G	219	68	46	1	0	24	0.00452489	221	0.875854	FALSE	NA	NA	NA	NA	NA	NA
NC_045512.2	27988	T	C	215	70	49	1	1	34	0.00462963	216	0.50116	FALSE	NA	NA	NA	NA	NA	NA
NC_045512.2	27991	T	G	205	61	45	1	1	34	0.00485437	206	0.501217	FALSE	NA	NA	NA	NA	NA	NA
NC_045512.2	28011	C	A	206	102	47	1	0	68	0.00483092	207	0.501211	FALSE	NA	NA	NA	NA	NA	NA
NC_045512.2	28030	A	G	222	105	44	1	1	34	0.0044843	223	0.501124	FALSE	NA	NA	NA	NA	NA	NA
NC_045512.2	28041	G	T	211	103	45	1	1	26	0.00471698	212	0.876771	FALSE	NA	NA	NA	NA	NA	NA
NC_045512.2	28079	G	A	214	152	52	1	1	68	0.00465116	215	0.501166	FALSE	NA	NA	NA	NA	NA	NA
NC_045512.2	28114	T	C	185	140	50	1	0	68	0.00537634	186	0.501348	FALSE	NA	NA	NA	NA	NA	NA
NC_045512.2	28161	T	A	117	96	47	1	0	26	0.00847458	118	0.753191	FALSE	NA	NA	NA	NA	NA	NA
NC_045512.2	28173	A	G	184	100	41	1	1	34	0.00540541	185	0.501355	FALSE	NA	NA	NA	NA	NA	NA
NC_045512.2	28180	G	C	198	105	39	3	3	34	0.0149254	201	0.124998	FALSE	NA	NA	NA	NA	NA	NA
NC_045512.2	28184	T	A	292	98	38	1	0	26	0.00341297	293	0.876281	FALSE	NA	NA	NA	NA	NA	NA
NC_045512.2	28187	T	G	306	103	37	1	0	26	0.00325733	307	0.938517	FALSE	NA	NA	NA	NA	NA	NA
NC_045512.2	28194	C	T	275	58	37	1	1	68	0.00362319	276	0.500907	FALSE	NA	NA	NA	NA	NA	NA
NC_045512.2	28213	A	G	250	31	39	1	0	34	0.00398406	251	0.500998	FALSE	NA	NA	NA	NA	NA	NA
NC_045512.2	28262	G	T	257	67	49	109	32	52	0.297814	366	1.37075e-37	TRUE	NA	NA	NA	NA	NA	NA
NC_045512.2	28271	A	T	0	0	0	377	108	52	1	377	7.26613e-226	TRUE	NA	NA	NA	NA	NA	NA
NC_045512.2	28274	A	C	368	110	52	1	0	26	0.00271003	369	0.938346	FALSE	NA	NA	NA	NA	NA	NA
NC_045512.2	28286	G	A	372	115	53	1	1	60	0.00268097	373	0.500671	FALSE	NA	NA	NA	NA	NA	NA
NC_045512.2	28287	G	C	370	120	54	1	0	60	0.00269542	371	0.500675	FALSE	NA	NA	NA	NA	NA	NA
NC_045512.2	28309	A	G	383	136	54	1	0	68	0.00260417	384	0.500652	FALSE	NA	NA	NA	NA	NA	NA
NC_045512.2	28311	C	T	0	0	0	381	138	54	1	381	2.85334e-228	TRUE	NA	NA	NA	NA	NA	NA
NC_045512.2	28324	T	C	392	150	53	1	1	68	0.00254453	393	0.500637	FALSE	NA	NA	NA	NA	NA	NA
NC_045512.2	28327	T	C	393	156	54	1	0	68	0.00253807	394	0.500635	FALSE	NA	NA	NA	NA	NA	NA
NC_045512.2	28361	G	T	357	230	47	1	1	34	0.0027933	358	0.500699	FALSE	NA	NA	NA	NA	NA	NA
NC_045512.2	28361	G	-GAGAACGCA	357	230	47	323	0	20	0.902235	358	7.88736e-70	TRUE	NA	NA	NA	NA	NA	NA
NC_045512.2	28363	A	T	0	0	0	6	2	31	1	6	4.70248e-13	TRUE	NA	NA	NA	NA	NA	NA
NC_045512.2	28370	A	G	0	0	0	2	1	68	1	2	1.79821e-05	TRUE	NA	NA	NA	NA	NA	NA
NC_045512.2	28391	C	T	375	290	47	1	1	34	0.00265957	376	0.500666	FALSE	NA	NA	NA	NA	NA	NA
NC_045512.2	28399	C	A	368	285	46	1	0	26	0.00271003	369	0.938346	FALSE	NA	NA	NA	NA	NA	NA
NC_045512.2	28418	A	T	329	260	44	1	1	26	0.0030303	330	0.938446	FALSE	NA	NA	NA	NA	NA	NA
NC_045512.2	28420	T	C	279	214	47	1	1	34	0.00357143	280	0.500894	FALSE	NA	NA	NA	NA	NA	NA
NC_045512.2	28423	G	A	257	194	47	1	1	60	0.00387597	258	0.500971	FALSE	NA	NA	NA	NA	NA	NA
NC_045512.2	28432	C	T	185	138	47	66	56	44	0.262948	251	1.1246e-22	TRUE	NA	NA	NA	NA	NA	NA
NC_045512.2	28444	T	A	235	181	47	1	0	27	0.00423729	236	0.876591	FALSE	NA	NA	NA	NA	NA	NA
NC_045512.2	28446	A	G	224	170	48	1	1	24	0.00444444	225	0.876669	FALSE	NA	NA	NA	NA	NA	NA
NC_045512.2	28493	A	G	132	112	44	1	1	34	0.0075188	133	0.501887	FALSE	NA	NA	NA	NA	NA	NA
NC_045512.2	28498	C	G	9032	1767	37	1	0	34	0.000110705	9033	0.999026	FALSE	NA	NA	NA	NA	NA	NA
NC_045512.2	28499	A	T	9732	1867	38	2	0	34	0.000205423	9736	0.994149	FALSE	NA	NA	NA	NA	NA	NA
NC_045512.2	28499	A	G	9732	1867	38	2	0	30	0.000205423	9736	0.994149	FALSE	NA	NA	NA	NA	NA	NA
NC_045512.2	28499	A	+T	9732	1867	38	1	0	20	0.000102712	9736	1	FALSE	NA	NA	NA	NA	NA	NA
NC_045512.2	28500	C	T	11817	2114	38	3	0	34	0.0002537	11825	0.993529	FALSE	NA	NA	NA	NA	NA	NA
NC_045512.2	28500	C	G	11817	2114	38	2	1	30	0.000169133	11825	0.99829	FALSE	NA	NA	NA	NA	NA	NA
NC_045512.2	28500	C	A	11817	2114	38	3	0	31	0.0002537	11825	0.993529	FALSE	NA	NA	NA	NA	NA	NA
NC_045512.2	28501	C	T	12296	2188	39	1	1	68	8.12612e-05	12306	0.499817	FALSE	NA	NA	NA	NA	NA	NA
NC_045512.2	28501	C	G	12296	2188	39	2	0	34	0.000162522	12306	0.999083	FALSE	NA	NA	NA	NA	NA	NA
NC_045512.2	28501	C	A	12296	2188	39	7	0	29	0.000568828	12306	1	FALSE	NA	NA	NA	NA	NA	NA
NC_045512.2	28502	A	G	12491	2198	39	4	1	32	0.000320128	12495	0.989389	FALSE	NA	NA	NA	NA	NA	NA
NC_045512.2	28505	A	T	13023	2376	38	2	0	29	0.000153551	13025	1	FALSE	NA	NA	NA	NA	NA	NA
NC_045512.2	28506	G	A	14038	2358	39	1	0	34	7.12301e-05	14039	0.99997	FALSE	NA	NA	NA	NA	NA	NA
NC_045512.2	28507	C	T	14202	2404	39	1	1	68	7.04077e-05	14203	0.5	FALSE	NA	NA	NA	NA	NA	NA
NC_045512.2	28508	A	G	14360	2395	39	3	1	45	0.00020887	14363	0.312513	FALSE	NA	NA	NA	NA	NA	NA
NC_045512.2	28510	T	G	16918	2759	40	1	0	34	5.90772e-05	16927	0.999992	FALSE	NA	NA	NA	NA	NA	NA
NC_045512.2	28510	T	C	16918	2759	40	1	0	34	5.90772e-05	16927	0.999992	FALSE	NA	NA	NA	NA	NA	NA
NC_045512.2	28510	T	A	16918	2759	40	7	0	31	0.00041354	16927	0.982679	FALSE	NA	NA	NA	NA	NA	NA
NC_045512.2	28511	C	A	16992	2715	40	4	2	34	0.000235349	16996	0.998716	FALSE	NA	NA	NA	NA	NA	NA
NC_045512.2	28513	A	G	17086	2734	40	2	1	68	0.000117041	17088	0.250007	FALSE	NA	NA	NA	NA	NA	NA
NC_045512.2	28515	A	T	16231	2788	39	1	0	26	6.16067e-05	16232	1	FALSE	NA	NA	NA	NA	NA	NA
NC_045512.2	28516	T	C	17159	2783	40	1	0	34	5.82751e-05	17160	0.999996	FALSE	NA	NA	NA	NA	NA	NA
NC_045512.2	28517	G	T	17300	2825	40	1	1	68	5.77968e-05	17302	0.5	FALSE	NA	NA	NA	NA	NA	NA
NC_045512.2	28517	G	C	17300	2825	40	1	0	34	5.77968e-05	17302	0.999996	FALSE	NA	NA	NA	NA	NA	NA
NC_045512.2	28518	A	G	17327	2991	41	3	1	42	0.00017311	17330	0.312511	FALSE	NA	NA	NA	NA	NA	NA
NC_045512.2	28519	C	T	17560	3003	41	1	0	34	5.69379e-05	17563	0.999996	FALSE	NA	NA	NA	NA	NA	NA
NC_045512.2	28519	C	G	17560	3003	41	2	1	51	0.000113876	17563	0.249993	FALSE	NA	NA	NA	NA	NA	NA
NC_045512.2	28520	C	T	17504	3121	41	2	0	34	0.00011424	17507	0.999962	FALSE	NA	NA	NA	NA	NA	NA
NC_045512.2	28520	C	G	17504	3121	41	1	1	20	5.712e-05	17507	1	FALSE	NA	NA	NA	NA	NA	NA
NC_045512.2	28520	C	-A	17504	3121	41	1	0	20	5.712e-05	17507	1	FALSE	NA	NA	NA	NA	NA	NA
NC_045512.2	28521	A	G	17659	3256	42	2	0	51	0.000113237	17662	0.249993	FALSE	NA	NA	NA	NA	NA	NA
NC_045512.2	28521	A	C	17659	3256	42	1	1	34	5.66187e-05	17662	0.999996	FALSE	NA	NA	NA	NA	NA	NA
NC_045512.2	28522	A	G	16787	3295	41	1	0	34	5.95664e-05	16788	0.999992	FALSE	NA	NA	NA	NA	NA	NA
NC_045512.2	28523	A	T	17660	3315	42	1	0	68	5.66219e-05	17661	0.500014	FALSE	NA	NA	NA	NA	NA	NA
NC_045512.2	28525	T	C	17593	3324	41	5	2	59	0.000284091	17600	0.0312367	FALSE	NA	NA	NA	NA	NA	NA
NC_045512.2	28525	T	A	17593	3324	41	2	1	30	0.000113636	17600	0.999962	FALSE	NA	NA	NA	NA	NA	NA
NC_045512.2	28526	G	A	19622	3440	41	1	0	26	5.09606e-05	19623	1	FALSE	NA	NA	NA	NA	NA	NA
NC_045512.2	28527	G	T	19605	3457	41	1	0	34	5.09944e-05	19610	0.999999	FALSE	NA	NA	NA	NA	NA	NA
NC_045512.2	28527	G	A	19605	3457	41	4	0	32	0.000203978	19610	0.999757	FALSE	NA	NA	NA	NA	NA	NA
NC_045512.2	28528	C	T	19702	3966	43	2	0	51	0.000101502	19704	0.250006	FALSE	NA	NA	NA	NA	NA	NA
NC_045512.2	28529	T	C	19707	3988	43	1	1	68	5.07382e-05	19709	0.5	FALSE	NA	NA	NA	NA	NA	NA
NC_045512.2	28529	T	A	19707	3988	43	1	0	24	5.07382e-05	19709	1	FALSE	NA	NA	NA	NA	NA	NA
NC_045512.2	28530	A	G	19833	4004	43	1	1	68	5.04185e-05	19834	0.500013	FALSE	NA	NA	NA	NA	NA	NA
NC_045512.2	28532	T	G	21823	4336	43	2	0	34	9.16296e-05	21827	0.999997	FALSE	NA	NA	NA	NA	NA	NA
NC_045512.2	28532	T	C	21823	4336	43	1	0	34	4.58148e-05	21827	1	FALSE	NA	NA	NA	NA	NA	NA
NC_045512.2	28532	T	A	21823	4336	43	1	0	34	4.58148e-05	21827	1	FALSE	NA	NA	NA	NA	NA	NA
NC_045512.2	28533	A	T	24189	4691	43	1	1	27	4.13394e-05	24190	1	FALSE	NA	NA	NA	NA	NA	NA
NC_045512.2	28534	C	T	24283	4741	43	6	3	39	0.000246964	24295	0.999838	FALSE	NA	NA	NA	NA	NA	NA
NC_045512.2	28534	C	G	24283	4741	43	3	0	28	0.000123482	24295	1	FALSE	NA	NA	NA	NA	NA	NA
NC_045512.2	28534	C	A	24283	4741	43	3	0	34	0.000123482	24295	0.999997	FALSE	NA	NA	NA	NA	NA	NA
NC_045512.2	28535	C	T	24130	4742	43	1	0	34	4.14405e-05	24131	1	FALSE	NA	NA	NA	NA	NA	NA
NC_045512.2	28536	G	A	24293	4724	43	4	0	42	0.000164629	24297	0.34376	FALSE	NA	NA	NA	NA	NA	NA
NC_045512.2	28537	A	T	23642	4801	43	1	1	27	4.2294e-05	23644	1	FALSE	NA	NA	NA	NA	NA	NA
NC_045512.2	28537	A	C	23642	4801	43	1	0	26	4.2294e-05	23644	1	FALSE	NA	NA	NA	NA	NA	NA
NC_045512.2	28538	A	T	24463	4830	44	1	0	34	4.0873e-05	24466	1	FALSE	NA	NA	NA	NA	NA	NA
NC_045512.2	28538	A	G	24463	4830	44	2	1	40	8.17461e-05	24466	0.687508	FALSE	NA	NA	NA	NA	NA	NA
NC_045512.2	28539	G	T	24848	4849	43	1	0	34	4.02414e-05	24850	1	FALSE	NA	NA	NA	NA	NA	NA
NC_045512.2	28539	G	A	24848	4849	43	1	0	34	4.02414e-05	24850	1	FALSE	NA	NA	NA	NA	NA	NA
NC_045512.2	28540	A	G	23871	4915	43	2	1	51	8.37767e-05	23873	0.250005	FALSE	NA	NA	NA	NA	NA	NA
NC_045512.2	28541	G	A	25112	4892	43	5	2	51	0.000199068	25117	0.0312469	FALSE	NA	NA	NA	NA	NA	NA
NC_045512.2	28543	T	C	25240	5695	45	6	2	32	0.000237661	25246	0.999904	FALSE	NA	NA	NA	NA	NA	NA
NC_045512.2	28544	A	T	25118	5989	46	1	0	26	3.98105e-05	25119	1	FALSE	NA	NA	NA	NA	NA	NA
NC_045512.2	28544	A	-C	25118	5989	46	2	0	20	7.9621e-05	25119	1	FALSE	NA	NA	NA	NA	NA	NA
NC_045512.2	28545	C	G	25278	6106	46	1	0	34	3.9557e-05	25280	1	FALSE	NA	NA	NA	NA	NA	NA
NC_045512.2	28545	C	A	25278	6106	46	1	0	26	3.9557e-05	25280	1	FALSE	NA	NA	NA	NA	NA	NA
NC_045512.2	28546	C	T	25039	6104	46	1	0	68	3.99329e-05	25042	0.49999	FALSE	NA	NA	NA	NA	NA	NA
NC_045512.2	28546	C	G	25039	6104	46	2	1	26	7.98658e-05	25042	1	FALSE	NA	NA	NA	NA	NA	NA
NC_045512.2	28547	A	T	24811	6140	46	2	1	23	8.06029e-05	24813	1	FALSE	NA	NA	NA	NA	NA	NA
NC_045512.2	28548	G	C	25815	6173	46	1	1	27	3.87357e-05	25816	1	FALSE	NA	NA	NA	NA	NA	NA
NC_045512.2	28549	A	T	20574	6523	44	29	1	26	0.00140743	20605	1	FALSE	NA	NA	NA	NA	NA	NA
NC_045512.2	28549	A	G	20574	6523	44	2	0	30	9.70638e-05	20605	0.999994	FALSE	NA	NA	NA	NA	NA	NA
NC_045512.2	28550	C	T	25956	6357	47	1	1	46	3.85223e-05	25959	0.875	FALSE	NA	NA	NA	NA	NA	NA
NC_045512.2	28550	C	G	25956	6357	47	1	0	26	3.85223e-05	25959	1	FALSE	NA	NA	NA	NA	NA	NA
NC_045512.2	28550	C	A	25956	6357	47	1	0	26	3.85223e-05	25959	1	FALSE	NA	NA	NA	NA	NA	NA
NC_045512.2	28551	G	C	25917	6382	47	1	0	34	3.85773e-05	25922	1	FALSE	NA	NA	NA	NA	NA	NA
NC_045512.2	28551	G	A	25917	6382	47	4	2	52	0.000154309	25922	0.0624928	FALSE	NA	NA	NA	NA	NA	NA
NC_045512.2	28552	A	T	26852	6370	46	2	2	23	7.44768e-05	26854	1	FALSE	NA	NA	NA	NA	NA	NA
NC_045512.2	28553	A	G	26770	6803	47	1	0	34	3.73539e-05	26771	1	FALSE	NA	NA	NA	NA	NA	NA
NC_045512.2	28554	T	C	26531	6645	45	2	1	47	7.53778e-05	26533	0.687521	FALSE	NA	NA	NA	NA	NA	NA
NC_045512.2	28555	T	C	26802	6853	47	4	0	34	0.000149215	26807	0.999996	FALSE	NA	NA	NA	NA	NA	NA
NC_045512.2	28555	T	A	26802	6853	47	1	0	26	3.73037e-05	26807	1	FALSE	NA	NA	NA	NA	NA	NA
NC_045512.2	28557	G	A	26986	6918	48	1	0	68	3.70549e-05	26987	0.500009	FALSE	NA	NA	NA	NA	NA	NA
NC_045512.2	28559	G	T	27001	6916	47	2	1	34	7.40631e-05	27004	1	FALSE	NA	NA	NA	NA	NA	NA
NC_045512.2	28559	G	C	27001	6916	47	1	0	34	3.70316e-05	27004	1	FALSE	NA	NA	NA	NA	NA	NA
NC_045512.2	28560	G	C	27098	6918	48	1	0	26	3.68949e-05	27104	1	FALSE	NA	NA	NA	NA	NA	NA
NC_045512.2	28560	G	A	27098	6918	48	5	0	40	0.000184475	27104	0.226547	FALSE	NA	NA	NA	NA	NA	NA
NC_045512.2	28561	T	C	27136	7103	48	3	1	42	0.000110542	27139	0.500017	FALSE	NA	NA	NA	NA	NA	NA
NC_045512.2	28562	G	T	27423	7112	48	1	0	68	3.64631e-05	27425	0.5	FALSE	NA	NA	NA	NA	NA	NA
NC_045512.2	28562	G	A	27423	7112	48	1	1	34	3.64631e-05	27425	1	FALSE	NA	NA	NA	NA	NA	NA
NC_045512.2	28563	G	C	27479	7133	48	1	0	20	3.63875e-05	27482	1	FALSE	NA	NA	NA	NA	NA	NA
NC_045512.2	28563	G	A	27479	7133	48	2	0	30	7.27749e-05	27482	1	FALSE	NA	NA	NA	NA	NA	NA
NC_045512.2	28564	T	C	27449	7132	48	1	0	34	3.64299e-05	27450	1	FALSE	NA	NA	NA	NA	NA	NA
NC_045512.2	28565	G	A	27506	7135	48	2	1	47	7.27061e-05	27508	0.68752	FALSE	NA	NA	NA	NA	NA	NA
NC_045512.2	28566	A	T	27320	7280	48	1	0	26	3.65952e-05	27326	1	FALSE	NA	NA	NA	NA	NA	NA
NC_045512.2	28566	A	G	27320	7280	48	5	1	46	0.000182976	27326	0.226547	FALSE	NA	NA	NA	NA	NA	NA
NC_045512.2	28567	C	T	27969	7374	48	6	1	39	0.00021447	27976	0.999967	FALSE	NA	NA	NA	NA	NA	NA
NC_045512.2	28567	C	G	27969	7374	48	1	1	34	3.57449e-05	27976	1	FALSE	NA	NA	NA	NA	NA	NA
NC_045512.2	28568	G	A	27953	7340	48	1	1	38	3.57731e-05	27954	1	FALSE	NA	NA	NA	NA	NA	NA
NC_045512.2	28569	G	A	27984	7389	48	2	0	51	7.14643e-05	27986	0.250004	FALSE	NA	NA	NA	NA	NA	NA
NC_045512.2	28570	T	G	27962	7474	48	1	0	34	3.57577e-05	27966	1	FALSE	NA	NA	NA	NA	NA	NA
NC_045512.2	28570	T	C	27962	7474	48	1	0	68	3.57577e-05	27966	0.499982	FALSE	NA	NA	NA	NA	NA	NA
NC_045512.2	28570	T	A	27962	7474	48	2	0	34	7.15154e-05	27966	1	FALSE	NA	NA	NA	NA	NA	NA
NC_045512.2	28571	A	T	28039	7402	47	1	0	27	3.56608e-05	28042	1	FALSE	NA	NA	NA	NA	NA	NA
NC_045512.2	28571	A	G	28039	7402	47	2	0	34	7.13216e-05	28042	1	FALSE	NA	NA	NA	NA	NA	NA
NC_045512.2	28572	A	T	28126	7442	48	3	0	28	0.000106648	28130	1	FALSE	NA	NA	NA	NA	NA	NA
NC_045512.2	28572	A	G	28126	7442	48	1	0	34	3.55492e-05	28130	1	FALSE	NA	NA	NA	NA	NA	NA
NC_045512.2	28573	A	T	18597	7518	44	1	0	68	5.37606e-05	18601	0.499973	FALSE	NA	NA	NA	NA	NA	NA
NC_045512.2	28573	A	G	18597	7518	44	3	1	45	0.000161282	18601	0.31249	FALSE	NA	NA	NA	NA	NA	NA
NC_045512.2	28574	A	T	28282	7519	49	1	0	27	3.53544e-05	28285	1	FALSE	NA	NA	NA	NA	NA	NA
NC_045512.2	28574	A	G	28282	7519	49	2	1	51	7.07089e-05	28285	0.249996	FALSE	NA	NA	NA	NA	NA	NA
NC_045512.2	28575	T	C	28285	8090	50	1	0	68	3.53532e-05	28286	0.500009	FALSE	NA	NA	NA	NA	NA	NA
NC_045512.2	28576	G	C	28191	8145	50	1	0	68	3.54698e-05	28193	0.5	FALSE	NA	NA	NA	NA	NA	NA
NC_045512.2	28576	G	A	28191	8145	50	1	0	34	3.54698e-05	28193	1	FALSE	NA	NA	NA	NA	NA	NA
NC_045512.2	28577	A	T	28113	8125	49	1	1	27	3.55682e-05	28115	1	FALSE	NA	NA	NA	NA	NA	NA
NC_045512.2	28577	A	G	28113	8125	49	1	1	24	3.55682e-05	28115	1	FALSE	NA	NA	NA	NA	NA	NA
NC_045512.2	28578	A	T	28304	8144	50	1	0	27	3.5327e-05	28307	1	FALSE	NA	NA	NA	NA	NA	NA
NC_045512.2	28578	A	G	28304	8144	50	1	1	34	3.5327e-05	28307	1	FALSE	NA	NA	NA	NA	NA	NA
NC_045512.2	28578	A	C	28304	8144	50	1	1	27	3.5327e-05	28307	1	FALSE	NA	NA	NA	NA	NA	NA
NC_045512.2	28579	A	T	28448	8161	50	2	0	30	7.02938e-05	28452	1	FALSE	NA	NA	NA	NA	NA	NA
NC_045512.2	28579	A	G	28448	8161	50	1	0	34	3.51469e-05	28452	1	FALSE	NA	NA	NA	NA	NA	NA
NC_045512.2	28579	A	C	28448	8161	50	1	0	46	3.51469e-05	28452	0.874993	FALSE	NA	NA	NA	NA	NA	NA
NC_045512.2	28581	A	T	28046	8228	49	5	1	29	0.000178247	28051	1	FALSE	NA	NA	NA	NA	NA	NA
NC_045512.2	28582	T	C	28658	7937	45	2	1	51	6.97739e-05	28664	0.249969	FALSE	NA	NA	NA	NA	NA	NA
NC_045512.2	28582	T	A	28658	7937	45	4	3	30	0.000139548	28664	0.999999	FALSE	NA	NA	NA	NA	NA	NA
NC_045512.2	28583	C	T	28955	8648	51	2	1	34	6.90584e-05	28961	1	FALSE	NA	NA	NA	NA	NA	NA
NC_045512.2	28583	C	G	28955	8648	51	2	0	30	6.90584e-05	28961	1	FALSE	NA	NA	NA	NA	NA	NA
NC_045512.2	28583	C	A	28955	8648	51	2	0	30	6.90584e-05	28961	1	FALSE	NA	NA	NA	NA	NA	NA
NC_045512.2	28584	T	C	29005	8704	51	1	1	68	3.44744e-05	29007	0.5	FALSE	NA	NA	NA	NA	NA	NA
NC_045512.2	28584	T	A	29005	8704	51	1	0	26	3.44744e-05	29007	1	FALSE	NA	NA	NA	NA	NA	NA
NC_045512.2	28585	C	G	29188	8694	51	2	1	27	6.85166e-05	29190	1	FALSE	NA	NA	NA	NA	NA	NA
NC_045512.2	28586	A	T	28477	7594	45	1	0	20	3.5105e-05	28486	1	FALSE	NA	NA	NA	NA	NA	NA
NC_045512.2	28586	A	G	28477	7594	45	2	1	47	7.02099e-05	28486	0.687428	FALSE	NA	NA	NA	NA	NA	NA
NC_045512.2	28586	A	C	28477	7594	45	6	6	24	0.00021063	28486	1	FALSE	NA	NA	NA	NA	NA	NA
NC_045512.2	28586	A	+G	28477	7594	45	1	0	20	3.5105e-05	28486	1	FALSE	NA	NA	NA	NA	NA	NA
NC_045512.2	28587	G	A	31602	8971	50	1	1	68	3.16426e-05	31603	0.500008	FALSE	NA	NA	NA	NA	NA	NA
NC_045512.2	28588	T	G	31550	9151	50	1	0	34	3.16877e-05	31558	1	FALSE	NA	NA	NA	NA	NA	NA
NC_045512.2	28588	T	C	31550	9151	50	5	2	50	0.000158438	31558	0.0312401	FALSE	NA	NA	NA	NA	NA	NA
NC_045512.2	28588	T	A	31550	9151	50	2	0	30	6.33754e-05	31558	1	FALSE	NA	NA	NA	NA	NA	NA
NC_045512.2	28588	T	-CCAA	31550	9151	50	1	0	20	3.16877e-05	31558	1	FALSE	NA	NA	NA	NA	NA	NA
NC_045512.2	28589	C	T	31678	9127	50	1	0	68	3.15667e-05	31679	0.5	FALSE	NA	NA	NA	NA	NA	NA
NC_045512.2	28590	C	G	31498	9214	50	2	1	47	6.349e-05	31501	0.8125	FALSE	NA	NA	NA	NA	NA	NA
NC_045512.2	28590	C	A	31498	9214	50	1	0	34	3.1745e-05	31501	1	FALSE	NA	NA	NA	NA	NA	NA
NC_045512.2	28591	A	T	31725	9196	50	1	0	26	3.15129e-05	31733	1	FALSE	NA	NA	NA	NA	NA	NA
NC_045512.2	28591	A	G	31725	9196	50	6	2	46	0.000189078	31733	0.25386	FALSE	NA	NA	NA	NA	NA	NA
NC_045512.2	28591	A	C	31725	9196	50	1	0	34	3.15129e-05	31733	1	FALSE	NA	NA	NA	NA	NA	NA
NC_045512.2	28592	A	G	31891	9257	50	3	1	46	9.40616e-05	31894	0.656257	FALSE	NA	NA	NA	NA	NA	NA
NC_045512.2	28593	G	C	31898	9275	50	1	0	34	3.1347e-05	31901	1	FALSE	NA	NA	NA	NA	NA	NA
NC_045512.2	28593	G	A	31898	9275	50	2	0	29	6.2694e-05	31901	1	FALSE	NA	NA	NA	NA	NA	NA
NC_045512.2	28594	A	T	28632	9402	47	8	0	28	0.00027932	28641	1	FALSE	NA	NA	NA	NA	NA	NA
NC_045512.2	28594	A	G	28632	9402	47	1	0	68	3.4915e-05	28641	0.499939	FALSE	NA	NA	NA	NA	NA	NA
NC_045512.2	28596	G	C	32068	9556	51	1	0	20	3.11828e-05	32069	1	FALSE	NA	NA	NA	NA	NA	NA
NC_045512.2	28597	G	C	33090	9585	50	1	0	24	3.02179e-05	33093	1	FALSE	NA	NA	NA	NA	NA	NA
NC_045512.2	28597	G	A	33090	9585	50	2	0	51	6.04357e-05	33093	0.249996	FALSE	NA	NA	NA	NA	NA	NA
NC_045512.2	28598	T	C	33052	9570	49	2	0	51	6.04997e-05	33058	0.249974	FALSE	NA	NA	NA	NA	NA	NA
NC_045512.2	28598	T	A	33052	9570	49	4	0	30	0.000120999	33058	1	FALSE	NA	NA	NA	NA	NA	NA
NC_045512.2	28599	A	T	33206	9632	50	1	0	34	3.01132e-05	33208	1	FALSE	NA	NA	NA	NA	NA	NA
NC_045512.2	28599	A	G	33206	9632	50	1	0	34	3.01132e-05	33208	1	FALSE	NA	NA	NA	NA	NA	NA
NC_045512.2	28600	T	C	33242	9643	50	3	1	43	9.02364e-05	33246	0.656257	FALSE	NA	NA	NA	NA	NA	NA
NC_045512.2	28600	T	A	33242	9643	50	1	0	26	3.00788e-05	33246	1	FALSE	NA	NA	NA	NA	NA	NA
NC_045512.2	28601	T	C	33479	9638	50	2	0	47	5.97282e-05	33485	0.812481	FALSE	NA	NA	NA	NA	NA	NA
NC_045512.2	28601	T	A	33479	9638	50	4	0	36	0.000119456	33485	1	FALSE	NA	NA	NA	NA	NA	NA
NC_045512.2	28602	T	C	33451	9603	49	4	3	50	0.00011956	33456	0.0624944	FALSE	NA	NA	NA	NA	NA	NA
NC_045512.2	28602	T	A	33451	9603	49	1	0	26	2.989e-05	33456	1	FALSE	NA	NA	NA	NA	NA	NA
NC_045512.2	28603	C	T	33768	9710	50	1	0	34	2.96103e-05	33772	1	FALSE	NA	NA	NA	NA	NA	NA
NC_045512.2	28603	C	G	33768	9710	50	1	0	34	2.96103e-05	33772	1	FALSE	NA	NA	NA	NA	NA	NA
NC_045512.2	28603	C	A	33768	9710	50	2	0	29	5.92207e-05	33772	1	FALSE	NA	NA	NA	NA	NA	NA
NC_045512.2	28604	T	C	33872	10132	51	6	2	44	0.000177101	33879	0.253892	FALSE	NA	NA	NA	NA	NA	NA
NC_045512.2	28604	T	A	33872	10132	51	1	0	27	2.95168e-05	33879	1	FALSE	NA	NA	NA	NA	NA	NA
NC_045512.2	28605	A	T	33779	10192	51	2	1	27	5.91996e-05	33784	1	FALSE	NA	NA	NA	NA	NA	NA
NC_045512.2	28605	A	G	33779	10192	51	2	1	34	5.91996e-05	33784	1	FALSE	NA	NA	NA	NA	NA	NA
NC_045512.2	28605	A	C	33779	10192	51	1	1	27	2.95998e-05	33784	1	FALSE	NA	NA	NA	NA	NA	NA
NC_045512.2	28606	C	G	33764	10218	51	1	0	34	2.96156e-05	33766	1	FALSE	NA	NA	NA	NA	NA	NA
NC_045512.2	28606	C	A	33764	10218	51	1	0	27	2.96156e-05	33766	1	FALSE	NA	NA	NA	NA	NA	NA
NC_045512.2	28607	T	C	33592	10113	51	3	1	43	8.92963e-05	33596	0.656257	FALSE	NA	NA	NA	NA	NA	NA
NC_045512.2	28607	T	A	33592	10113	51	1	0	27	2.97654e-05	33596	1	FALSE	NA	NA	NA	NA	NA	NA
NC_045512.2	28608	A	T	34441	10217	51	2	1	30	5.80653e-05	34444	1	FALSE	NA	NA	NA	NA	NA	NA
NC_045512.2	28608	A	G	34441	10217	51	1	0	34	2.90326e-05	34444	1	FALSE	NA	NA	NA	NA	NA	NA
NC_045512.2	28609	C	G	36976	10400	50	3	0	31	8.11184e-05	36983	1	FALSE	NA	NA	NA	NA	NA	NA
NC_045512.2	28609	C	A	36976	10400	50	4	0	34	0.000108158	36983	1	FALSE	NA	NA	NA	NA	NA	NA
NC_045512.2	28610	C	T	36615	10468	50	2	0	51	5.46015e-05	36629	0.249922	FALSE	NA	NA	NA	NA	NA	NA
NC_045512.2	28610	C	G	36615	10468	50	2	0	30	5.46015e-05	36629	1	FALSE	NA	NA	NA	NA	NA	NA
NC_045512.2	28610	C	A	36615	10468	50	10	0	30	0.000273008	36629	0.99998	FALSE	NA	NA	NA	NA	NA	NA
NC_045512.2	28611	T	G	36843	10437	50	1	0	34	2.7137e-05	36850	1	FALSE	NA	NA	NA	NA	NA	NA
NC_045512.2	28611	T	C	36843	10437	50	4	2	32	0.000108548	36850	1	FALSE	NA	NA	NA	NA	NA	NA
NC_045512.2	28611	T	A	36843	10437	50	2	1	27	5.42741e-05	36850	1	FALSE	NA	NA	NA	NA	NA	NA
NC_045512.2	28612	A	T	36367	10377	50	3	1	40	8.24788e-05	36373	0.656231	FALSE	NA	NA	NA	NA	NA	NA
NC_045512.2	28612	A	G	36367	10377	50	1	0	68	2.74929e-05	36373	0.499973	FALSE	NA	NA	NA	NA	NA	NA
NC_045512.2	28612	A	C	36367	10377	50	2	1	26	5.49858e-05	36373	1	FALSE	NA	NA	NA	NA	NA	NA
NC_045512.2	28612	A	-G	36367	10377	50	2	0	20	5.49858e-05	36373	1	FALSE	NA	NA	NA	NA	NA	NA
NC_045512.2	28613	G	C	36842	10352	50	1	1	27	2.71422e-05	36843	1	FALSE	NA	NA	NA	NA	NA	NA
NC_045512.2	28614	G	T	37256	10393	50	1	0	34	2.68348e-05	37265	1	FALSE	NA	NA	NA	NA	NA	NA
NC_045512.2	28614	G	C	37256	10393	50	3	2	29	8.05045e-05	37265	1	FALSE	NA	NA	NA	NA	NA	NA
NC_045512.2	28614	G	A	37256	10393	50	5	1	36	0.000134174	37265	1	FALSE	NA	NA	NA	NA	NA	NA
NC_045512.2	28615	A	G	37593	10585	51	2	0	34	5.31957e-05	37597	1	FALSE	NA	NA	NA	NA	NA	NA
NC_045512.2	28615	A	C	37593	10585	51	2	2	27	5.31957e-05	37597	1	FALSE	NA	NA	NA	NA	NA	NA
NC_045512.2	28616	A	T	37267	10609	50	3	1	31	8.04872e-05	37273	1	FALSE	NA	NA	NA	NA	NA	NA
NC_045512.2	28616	A	G	37267	10609	50	2	1	44	5.36581e-05	37273	0.812483	FALSE	NA	NA	NA	NA	NA	NA
NC_045512.2	28616	A	C	37267	10609	50	1	1	27	2.68291e-05	37273	1	FALSE	NA	NA	NA	NA	NA	NA
NC_045512.2	28617	C	T	37277	10604	50	4	2	68	0.000107293	37281	0.0624983	FALSE	NA	NA	NA	NA	NA	NA
NC_045512.2	28618	T	C	36326	10128	50	3	1	42	8.25741e-05	36331	0.656244	FALSE	NA	NA	NA	NA	NA	NA
NC_045512.2	28618	T	A	36326	10128	50	2	1	47	5.50494e-05	36331	0.812491	FALSE	NA	NA	NA	NA	NA	NA
NC_045512.2	28619	G	C	36377	10092	50	1	1	27	2.74884e-05	36379	1	FALSE	NA	NA	NA	NA	NA	NA
NC_045512.2	28619	G	A	36377	10092	50	1	0	38	2.74884e-05	36379	1	FALSE	NA	NA	NA	NA	NA	NA
NC_045512.2	28620	G	T	17515	4850	50	3	0	26	8.21355e-05	36525	1	FALSE	NA	NA	NA	NA	NA	NA
NC_045512.2	28620	G	C	17515	4850	50	19006	5397	51	0.520356	36525	0	TRUE	NA	NA	NA	NA	NA	NA
NC_045512.2	28620	G	A	17515	4850	50	1	0	24	2.73785e-05	36525	1	FALSE	NA	NA	NA	NA	NA	NA
NC_045512.2	28621	G	T	36722	10392	51	1	0	68	2.72264e-05	36729	0.499966	FALSE	NA	NA	NA	NA	NA	NA
NC_045512.2	28621	G	C	36722	10392	51	1	0	26	2.72264e-05	36729	1	FALSE	NA	NA	NA	NA	NA	NA
NC_045512.2	28621	G	A	36722	10392	51	5	1	40	0.000136132	36729	0.363259	FALSE	NA	NA	NA	NA	NA	NA
NC_045512.2	28622	C	T	36727	10931	52	1	0	68	2.72272e-05	36728	0.500007	FALSE	NA	NA	NA	NA	NA	NA
NC_045512.2	28623	C	G	36596	10929	52	1	0	27	2.73246e-05	36597	1	FALSE	NA	NA	NA	NA	NA	NA
NC_045512.2	28624	A	T	36661	10885	52	1	0	34	2.72755e-05	36663	1	FALSE	NA	NA	NA	NA	NA	NA
NC_045512.2	28624	A	C	36661	10885	52	1	0	34	2.72755e-05	36663	1	FALSE	NA	NA	NA	NA	NA	NA
NC_045512.2	28625	G	C	36606	10884	52	3	1	26	8.19448e-05	36610	1	FALSE	NA	NA	NA	NA	NA	NA
NC_045512.2	28625	G	A	36606	10884	52	1	1	68	2.73149e-05	36610	0.499986	FALSE	NA	NA	NA	NA	NA	NA
NC_045512.2	28626	A	T	34973	11040	49	1	0	34	2.85927e-05	34974	1	FALSE	NA	NA	NA	NA	NA	NA
NC_045512.2	28627	A	T	36988	11059	51	2	0	24	5.40643e-05	36993	1	FALSE	NA	NA	NA	NA	NA	NA
NC_045512.2	28627	A	G	36988	11059	51	2	1	60	5.40643e-05	36993	0.249983	FALSE	NA	NA	NA	NA	NA	NA
NC_045512.2	28627	A	C	36988	11059	51	1	1	27	2.70321e-05	36993	1	FALSE	NA	NA	NA	NA	NA	NA
NC_045512.2	28628	G	C	37317	11021	52	1	1	27	2.67967e-05	37318	1	FALSE	NA	NA	NA	NA	NA	NA
NC_045512.2	28629	C	G	37203	11084	52	2	2	23	5.37562e-05	37205	1	FALSE	NA	NA	NA	NA	NA	NA
NC_045512.2	28630	T	C	37215	11051	52	13	2	37	0.00034919	37229	0.999848	FALSE	NA	NA	NA	NA	NA	NA
NC_045512.2	28630	T	A	37215	11051	52	1	0	34	2.68608e-05	37229	1	FALSE	NA	NA	NA	NA	NA	NA
NC_045512.2	28631	G	T	37679	11065	51	1	0	34	2.65351e-05	37686	1	FALSE	NA	NA	NA	NA	NA	NA
NC_045512.2	28631	G	C	37679	11065	51	2	1	26	5.30701e-05	37686	1	FALSE	NA	NA	NA	NA	NA	NA
NC_045512.2	28631	G	A	37679	11065	51	4	1	33	0.00010614	37686	1	FALSE	NA	NA	NA	NA	NA	NA
NC_045512.2	28632	G	T	37622	11087	52	1	1	27	2.65774e-05	37626	1	FALSE	NA	NA	NA	NA	NA	NA
NC_045512.2	28632	G	A	37622	11087	52	3	0	31	7.97321e-05	37626	1	FALSE	NA	NA	NA	NA	NA	NA
NC_045512.2	28633	A	T	37818	11492	52	1	0	26	2.64389e-05	37823	1	FALSE	NA	NA	NA	NA	NA	NA
NC_045512.2	28633	A	G	37818	11492	52	4	1	48	0.000105756	37823	0.5	FALSE	NA	NA	NA	NA	NA	NA
NC_045512.2	28635	T	C	37412	11600	52	2	1	51	5.34502e-05	37418	0.249977	FALSE	NA	NA	NA	NA	NA	NA
NC_045512.2	28635	T	A	37412	11600	52	4	0	37	0.0001069	37418	1	FALSE	NA	NA	NA	NA	NA	NA
NC_045512.2	28636	T	C	42595	12017	50	3	2	65	7.04225e-05	42600	0.124991	FALSE	NA	NA	NA	NA	NA	NA
NC_045512.2	28636	T	A	42595	12017	50	2	0	26	4.69484e-05	42600	1	FALSE	NA	NA	NA	NA	NA	NA
NC_045512.2	28637	C	T	42583	12103	50	2	1	57	4.69428e-05	42605	0.249886	FALSE	NA	NA	NA	NA	NA	NA
NC_045512.2	28637	C	G	42583	12103	50	10	0	33	0.000234714	42605	0.999999	FALSE	NA	NA	NA	NA	NA	NA
NC_045512.2	28637	C	A	42583	12103	50	10	0	36	0.000234714	42605	0.999999	FALSE	NA	NA	NA	NA	NA	NA
NC_045512.2	28638	C	T	42496	12111	50	6	2	35	0.000141167	42503	1	FALSE	NA	NA	NA	NA	NA	NA
NC_045512.2	28638	C	G	42496	12111	50	1	0	68	2.35278e-05	42503	0.499971	FALSE	NA	NA	NA	NA	NA	NA
NC_045512.2	28639	C	G	42692	12498	50	2	0	43	4.68439e-05	42695	0.890633	FALSE	NA	NA	NA	NA	NA	NA
NC_045512.2	28639	C	A	42692	12498	50	1	1	46	2.34219e-05	42695	0.968752	FALSE	NA	NA	NA	NA	NA	NA
NC_045512.2	28640	T	C	42467	12330	50	5	1	54	0.000117719	42474	0.0312445	FALSE	NA	NA	NA	NA	NA	NA
NC_045512.2	28640	T	A	42467	12330	50	2	1	26	4.70876e-05	42474	1	FALSE	NA	NA	NA	NA	NA	NA
NC_045512.2	28641	A	G	42532	12747	51	2	2	68	4.70212e-05	42534	0.250003	FALSE	NA	NA	NA	NA	NA	NA
NC_045512.2	28642	T	C	42592	12838	51	1	1	26	2.34775e-05	42594	1	FALSE	NA	NA	NA	NA	NA	NA
NC_045512.2	28642	T	A	42592	12838	51	1	0	34	2.34775e-05	42594	1	FALSE	NA	NA	NA	NA	NA	NA
NC_045512.2	28643	G	T	41984	13159	50	3	3	31	7.1449e-05	41988	1	FALSE	NA	NA	NA	NA	NA	NA
NC_045512.2	28643	G	C	41984	13159	50	1	0	34	2.38163e-05	41988	1	FALSE	NA	NA	NA	NA	NA	NA
NC_045512.2	28644	G	T	42086	13391	50	1	1	68	2.37592e-05	42089	0.499994	FALSE	NA	NA	NA	NA	NA	NA
NC_045512.2	28644	G	A	42086	13391	50	2	0	68	4.75184e-05	42089	0.249997	FALSE	NA	NA	NA	NA	NA	NA
NC_045512.2	28645	T	C	39628	11942	50	6	2	51	0.000151374	39637	0.0156197	FALSE	NA	NA	NA	NA	NA	NA
NC_045512.2	28645	T	A	39628	11942	50	3	0	34	7.56869e-05	39637	1	FALSE	NA	NA	NA	NA	NA	NA
NC_045512.2	28645	T	-G	39628	11942	50	1	0	20	2.5229e-05	39637	1	FALSE	NA	NA	NA	NA	NA	NA
NC_045512.2	28646	G	C	39671	11856	49	1	0	24	2.52035e-05	39677	1	FALSE	NA	NA	NA	NA	NA	NA
NC_045512.2	28646	G	A	39671	11856	49	5	2	41	0.000126018	39677	0.363261	FALSE	NA	NA	NA	NA	NA	NA
NC_045512.2	28647	C	T	39001	14275	50	9	2	46	0.000230704	39011	0.0729826	FALSE	NA	NA	NA	NA	NA	NA
NC_045512.2	28647	C	A	39001	14275	50	1	0	27	2.56338e-05	39011	1	FALSE	NA	NA	NA	NA	NA	NA
NC_045512.2	28648	T	C	39175	14381	50	2	1	51	5.10478e-05	39179	0.24999	FALSE	NA	NA	NA	NA	NA	NA
NC_045512.2	28648	T	A	39175	14381	50	2	2	30	5.10478e-05	39179	1	FALSE	NA	NA	NA	NA	NA	NA
NC_045512.2	28649	A	G	39074	14454	49	3	1	45	7.67715e-05	39077	0.656268	FALSE	NA	NA	NA	NA	NA	NA
NC_045512.2	28650	A	G	37478	15093	47	1	0	34	2.66809e-05	37480	1	FALSE	NA	NA	NA	NA	NA	NA
NC_045512.2	28650	A	C	37478	15093	47	1	0	34	2.66809e-05	37480	1	FALSE	NA	NA	NA	NA	NA	NA
NC_045512.2	28651	C	T	39307	17027	50	2	2	68	5.08776e-05	39310	0.249997	FALSE	NA	NA	NA	NA	NA	NA
NC_045512.2	28651	C	A	39307	17027	50	1	0	68	2.54388e-05	39310	0.499994	FALSE	NA	NA	NA	NA	NA	NA
NC_045512.2	28652	A	G	39203	17132	50	3	0	45	7.65189e-05	39206	0.656268	FALSE	NA	NA	NA	NA	NA	NA
NC_045512.2	28653	A	T	39442	17367	51	1	0	26	2.53524e-05	39444	1	FALSE	NA	NA	NA	NA	NA	NA
NC_045512.2	28653	A	G	39442	17367	51	1	0	68	2.53524e-05	39444	0.5	FALSE	NA	NA	NA	NA	NA	NA
NC_045512.2	28654	A	G	38519	17615	49	1	0	34	2.59605e-05	38520	1	FALSE	NA	NA	NA	NA	NA	NA
NC_045512.2	28655	G	T	39293	17952	50	1	1	68	2.54466e-05	39298	0.499981	FALSE	NA	NA	NA	NA	NA	NA
NC_045512.2	28655	G	C	39293	17952	50	2	2	30	5.08932e-05	39298	1	FALSE	NA	NA	NA	NA	NA	NA
NC_045512.2	28655	G	A	39293	17952	50	2	1	34	5.08932e-05	39298	1	FALSE	NA	NA	NA	NA	NA	NA
NC_045512.2	28656	A	T	38756	18910	49	4	3	36	0.000103189	38764	1	FALSE	NA	NA	NA	NA	NA	NA
NC_045512.2	28656	A	G	38756	18910	49	4	2	37	0.000103189	38764	1	FALSE	NA	NA	NA	NA	NA	NA
NC_045512.2	28656	A	+TC	38756	18910	49	1	0	20	2.57971e-05	38764	1	FALSE	NA	NA	NA	NA	NA	NA
NC_045512.2	28657	C	T	20636	9875	52	18803	9059	51	0.476725	39442	0	TRUE	NA	NA	NA	NA	NA	NA
NC_045512.2	28657	C	A	20636	9875	52	3	3	45	7.60611e-05	39442	0.33989	FALSE	NA	NA	NA	NA	NA	NA
NC_045512.2	28658	G	C	39110	18832	51	1	1	27	2.55683e-05	39111	1	FALSE	NA	NA	NA	NA	NA	NA
NC_045512.2	28659	G	T	39250	18792	50	1	0	34	2.54732e-05	39257	1	FALSE	NA	NA	NA	NA	NA	NA
NC_045512.2	28659	G	A	39250	18792	50	6	4	51	0.000152839	39257	0.0156208	FALSE	NA	NA	NA	NA	NA	NA
NC_045512.2	28660	C	T	38114	20061	47	5	5	40	0.000131151	38124	0.363202	FALSE	NA	NA	NA	NA	NA	NA
NC_045512.2	28660	C	G	38114	20061	47	3	0	25	7.86906e-05	38124	1	FALSE	NA	NA	NA	NA	NA	NA
NC_045512.2	28660	C	A	38114	20061	47	2	1	47	5.24604e-05	38124	0.812443	FALSE	NA	NA	NA	NA	NA	NA
NC_045512.2	28661	A	T	39323	20090	49	1	0	27	2.54278e-05	39327	1	FALSE	NA	NA	NA	NA	NA	NA
NC_045512.2	28661	A	G	39323	20090	49	3	3	42	7.62835e-05	39327	0.656256	FALSE	NA	NA	NA	NA	NA	NA
NC_045512.2	28662	T	C	39847	20013	50	1	1	34	2.50941e-05	39850	1	FALSE	NA	NA	NA	NA	NA	NA
NC_045512.2	28662	T	A	39847	20013	50	2	0	26	5.01882e-05	39850	1	FALSE	NA	NA	NA	NA	NA	NA
NC_045512.2	28663	C	-A	40350	20178	50	1	0	20	2.47831e-05	40350	1	FALSE	NA	NA	NA	NA	NA	NA
NC_045512.2	28664	A	G	40168	20260	49	2	2	64	4.97884e-05	40170	0.249997	FALSE	NA	NA	NA	NA	NA	NA
NC_045512.2	28665	T	C	40178	20020	49	2	2	32	4.97748e-05	40181	1	FALSE	NA	NA	NA	NA	NA	NA
NC_045512.2	28665	T	A	40178	20020	49	1	0	27	2.48874e-05	40181	1	FALSE	NA	NA	NA	NA	NA	NA
NC_045512.2	28666	A	T	39562	20288	48	10	3	26	0.000252678	39576	1	FALSE	NA	NA	NA	NA	NA	NA
NC_045512.2	28666	A	G	39562	20288	48	2	1	51	5.05357e-05	39576	0.249927	FALSE	NA	NA	NA	NA	NA	NA
NC_045512.2	28666	A	C	39562	20288	48	2	2	30	5.05357e-05	39576	1	FALSE	NA	NA	NA	NA	NA	NA
NC_045512.2	28667	T	G	40437	20427	50	1	0	46	2.47262e-05	40443	0.968746	FALSE	NA	NA	NA	NA	NA	NA
NC_045512.2	28667	T	C	40437	20427	50	3	1	45	7.41785e-05	40443	0.773427	FALSE	NA	NA	NA	NA	NA	NA
NC_045512.2	28667	T	A	40437	20427	50	2	1	30	4.94523e-05	40443	1	FALSE	NA	NA	NA	NA	NA	NA
NC_045512.2	28667	T	+G	40437	20427	50	1	0	20	2.47262e-05	40443	1	FALSE	NA	NA	NA	NA	NA	NA
NC_045512.2	28668	G	T	39835	19876	50	2	1	51	5.02046e-05	39837	0.250003	FALSE	NA	NA	NA	NA	NA	NA
NC_045512.2	28669	G	T	41047	20222	50	2	2	30	4.87199e-05	41051	1	FALSE	NA	NA	NA	NA	NA	NA
NC_045512.2	28669	G	C	41047	20222	50	1	1	34	2.43599e-05	41051	1	FALSE	NA	NA	NA	NA	NA	NA
NC_045512.2	28669	G	A	41047	20222	50	1	1	60	2.43599e-05	41051	0.499988	FALSE	NA	NA	NA	NA	NA	NA
NC_045512.2	28670	G	T	41078	20959	50	1	1	26	2.43416e-05	41082	1	FALSE	NA	NA	NA	NA	NA	NA
NC_045512.2	28670	G	C	41078	20959	50	1	1	34	2.43416e-05	41082	1	FALSE	NA	NA	NA	NA	NA	NA
NC_045512.2	28670	G	A	41078	20959	50	2	0	30	4.86831e-05	41082	1	FALSE	NA	NA	NA	NA	NA	NA
NC_045512.2	28671	T	C	41246	21270	51	4	1	48	9.69673e-05	41251	0.636725	FALSE	NA	NA	NA	NA	NA	NA
NC_045512.2	28671	T	A	41246	21270	51	1	0	60	2.42418e-05	41251	0.499982	FALSE	NA	NA	NA	NA	NA	NA
NC_045512.2	28672	T	C	40811	21049	51	2	2	47	4.90016e-05	40815	0.890628	FALSE	NA	NA	NA	NA	NA	NA
NC_045512.2	28672	T	A	40811	21049	51	2	0	30	4.90016e-05	40815	1	FALSE	NA	NA	NA	NA	NA	NA
NC_045512.2	28673	G	A	40689	20850	51	7	3	52	0.000172007	40696	0.00781116	TRUE	NA	NA	NA	NA	NA	NA
NC_045512.2	28674	C	T	40943	21311	51	8	4	49	0.000195351	40952	0.19383	FALSE	NA	NA	NA	NA	NA	NA
NC_045512.2	28674	C	G	40943	21311	51	1	1	68	2.44188e-05	40952	0.499957	FALSE	NA	NA	NA	NA	NA	NA
NC_045512.2	28675	A	T	41090	21405	52	2	2	30	4.86571e-05	41104	1	FALSE	NA	NA	NA	NA	NA	NA
NC_045512.2	28675	A	G	41090	21405	52	12	5	42	0.000291942	41104	0.0383881	FALSE	NA	NA	NA	NA	NA	NA
NC_045512.2	28676	A	T	41038	21587	51	8	8	31	0.00019488	41051	1	FALSE	NA	NA	NA	NA	NA	NA
NC_045512.2	28676	A	G	41038	21587	51	4	2	49	9.74398e-05	41051	0.636619	FALSE	NA	NA	NA	NA	NA	NA
NC_045512.2	28676	A	C	41038	21587	51	1	1	34	2.43599e-05	41051	1	FALSE	NA	NA	NA	NA	NA	NA
NC_045512.2	28677	C	T	41027	22401	51	1	0	24	2.43736e-05	41028	1	FALSE	NA	NA	NA	NA	NA	NA
NC_045512.2	28678	T	C	39503	20938	51	3	2	34	7.59378e-05	39506	1	FALSE	NA	NA	NA	NA	NA	NA
NC_045512.2	28679	G	C	39738	21197	51	2	1	26	5.03233e-05	39743	1	FALSE	NA	NA	NA	NA	NA	NA
NC_045512.2	28679	G	A	39738	21197	51	3	2	56	7.5485e-05	39743	0.124991	FALSE	NA	NA	NA	NA	NA	NA
NC_045512.2	28680	A	T	39745	21253	51	2	2	23	5.03132e-05	39751	1	FALSE	NA	NA	NA	NA	NA	NA
NC_045512.2	28680	A	G	39745	21253	51	4	4	51	0.000100626	39751	0.0624921	FALSE	NA	NA	NA	NA	NA	NA
NC_045512.2	28680	A	-G	39745	21253	51	1	0	20	2.51566e-05	39751	1	FALSE	NA	NA	NA	NA	NA	NA
NC_045512.2	28681	G	C	39489	20985	51	1	1	26	2.53229e-05	39490	1	FALSE	NA	NA	NA	NA	NA	NA
NC_045512.2	28682	G	T	39566	22349	50	1	0	26	2.52729e-05	39568	1	FALSE	NA	NA	NA	NA	NA	NA
NC_045512.2	28682	G	C	39566	22349	50	1	1	26	2.52729e-05	39568	1	FALSE	NA	NA	NA	NA	NA	NA
NC_045512.2	28683	G	A	39358	22292	50	1	1	34	2.54071e-05	39359	1	FALSE	NA	NA	NA	NA	NA	NA
NC_045512.2	28684	A	T	39083	22818	49	2	2	30	5.11627e-05	39091	1	FALSE	NA	NA	NA	NA	NA	NA
NC_045512.2	28684	A	G	39083	22818	49	6	1	53	0.000153488	39091	0.0156208	FALSE	NA	NA	NA	NA	NA	NA
NC_045512.2	28685	G	C	40336	22795	48	3	3	29	7.43642e-05	40342	1	FALSE	NA	NA	NA	NA	NA	NA
NC_045512.2	28685	G	A	40336	22795	48	3	0	45	7.43642e-05	40342	0.773427	FALSE	NA	NA	NA	NA	NA	NA
NC_045512.2	28686	C	T	40675	23402	49	2	1	51	4.9163e-05	40681	0.249978	FALSE	NA	NA	NA	NA	NA	NA
NC_045512.2	28686	C	G	40675	23402	49	2	0	34	4.9163e-05	40681	1	FALSE	NA	NA	NA	NA	NA	NA
NC_045512.2	28686	C	A	40675	23402	49	2	0	34	4.9163e-05	40681	1	FALSE	NA	NA	NA	NA	NA	NA
NC_045512.2	28687	C	A	40982	23550	49	1	1	68	2.44004e-05	40983	0.500006	FALSE	NA	NA	NA	NA	NA	NA
NC_045512.2	28688	T	C	40910	23727	50	2	1	30	4.88794e-05	40917	1	FALSE	NA	NA	NA	NA	NA	NA
NC_045512.2	28688	T	A	40910	23727	50	5	4	46	0.000122199	40917	0.499985	FALSE	NA	NA	NA	NA	NA	NA
NC_045512.2	28689	T	C	40710	23671	50	5	4	52	0.000122802	40716	0.0312462	FALSE	NA	NA	NA	NA	NA	NA
NC_045512.2	28689	T	A	40710	23671	50	1	1	34	2.45604e-05	40716	1	FALSE	NA	NA	NA	NA	NA	NA
NC_045512.2	28690	G	C	41085	24005	50	1	1	34	2.4338e-05	41088	1	FALSE	NA	NA	NA	NA	NA	NA
NC_045512.2	28690	G	A	41085	24005	50	2	1	51	4.8676e-05	41088	0.249997	FALSE	NA	NA	NA	NA	NA	NA
NC_045512.2	28691	A	T	41219	24299	50	2	2	30	4.85178e-05	41222	1	FALSE	NA	NA	NA	NA	NA	NA
NC_045512.2	28691	A	C	41219	24299	50	1	1	34	2.42589e-05	41222	1	FALSE	NA	NA	NA	NA	NA	NA
NC_045512.2	28692	A	T	41201	24527	50	6	6	30	0.000145596	41210	1	FALSE	NA	NA	NA	NA	NA	NA
NC_045512.2	28692	A	G	41201	24527	50	1	0	68	2.4266e-05	41210	0.499958	FALSE	NA	NA	NA	NA	NA	NA
NC_045512.2	28692	A	C	41201	24527	50	2	1	51	4.85319e-05	41210	0.249961	FALSE	NA	NA	NA	NA	NA	NA
NC_045512.2	28693	T	G	41350	24698	50	1	1	27	2.41815e-05	41354	1	FALSE	NA	NA	NA	NA	NA	NA
NC_045512.2	28693	T	C	41350	24698	50	2	2	30	4.83629e-05	41354	1	FALSE	NA	NA	NA	NA	NA	NA
NC_045512.2	28693	T	A	41350	24698	50	1	1	34	2.41815e-05	41354	1	FALSE	NA	NA	NA	NA	NA	NA
NC_045512.2	28693	T	+CCCCN	41350	24698	50	1	0	20	2.41815e-05	41354	1	FALSE	NA	NA	NA	NA	NA	NA
NC_045512.2	28694	A	T	38056	22044	49	6	2	33	0.000157629	38064	1	FALSE	NA	NA	NA	NA	NA	NA
NC_045512.2	28694	A	G	38056	22044	49	1	1	68	2.62715e-05	38064	0.499961	FALSE	NA	NA	NA	NA	NA	NA
NC_045512.2	28694	A	C	38056	22044	49	1	1	34	2.62715e-05	38064	1	FALSE	NA	NA	NA	NA	NA	NA
NC_045512.2	28695	C	T	39307	22578	51	3	3	34	7.63145e-05	39311	1	FALSE	NA	NA	NA	NA	NA	NA
NC_045512.2	28695	C	G	39307	22578	51	1	1	27	2.54382e-05	39311	1	FALSE	NA	NA	NA	NA	NA	NA
NC_045512.2	28696	A	G	39053	22416	51	2	0	30	5.12098e-05	39055	1	FALSE	NA	NA	NA	NA	NA	NA
NC_045512.2	28697	C	T	39052	22363	51	4	4	32	0.000102414	39057	1	FALSE	NA	NA	NA	NA	NA	NA
NC_045512.2	28697	C	G	39052	22363	51	1	0	27	2.56036e-05	39057	1	FALSE	NA	NA	NA	NA	NA	NA
NC_045512.2	28698	C	T	39000	22604	50	2	1	68	5.12755e-05	39005	0.249984	FALSE	NA	NA	NA	NA	NA	NA
NC_045512.2	28698	C	G	39000	22604	50	2	2	30	5.12755e-05	39005	1	FALSE	NA	NA	NA	NA	NA	NA
NC_045512.2	28698	C	A	39000	22604	50	1	1	34	2.56377e-05	39005	1	FALSE	NA	NA	NA	NA	NA	NA
NC_045512.2	28698	C	-A	39000	22604	50	1	0	20	2.56377e-05	39005	1	FALSE	NA	NA	NA	NA	NA	NA
NC_045512.2	28699	A	T	39014	23679	52	1	1	26	2.56272e-05	39021	1	FALSE	NA	NA	NA	NA	NA	NA
NC_045512.2	28699	A	G	39014	23679	52	5	2	46	0.000128136	39021	0.363246	FALSE	NA	NA	NA	NA	NA	NA
NC_045512.2	28699	A	C	39014	23679	52	1	1	34	2.56272e-05	39021	1	FALSE	NA	NA	NA	NA	NA	NA
NC_045512.2	28700	A	T	38605	23722	50	1	1	34	2.59007e-05	38609	1	FALSE	NA	NA	NA	NA	NA	NA
NC_045512.2	28700	A	G	38605	23722	50	1	1	34	2.59007e-05	38609	1	FALSE	NA	NA	NA	NA	NA	NA
NC_045512.2	28700	A	C	38605	23722	50	2	1	30	5.18014e-05	38609	1	FALSE	NA	NA	NA	NA	NA	NA
NC_045512.2	28700	A	-AAGAT	38605	23722	50	1	0	20	2.59007e-05	38609	1	FALSE	NA	NA	NA	NA	NA	NA
NC_045512.2	28701	A	G	39019	24160	52	1	1	34	2.56272e-05	39021	1	FALSE	NA	NA	NA	NA	NA	NA
NC_045512.2	28701	A	C	39019	24160	52	1	0	34	2.56272e-05	39021	1	FALSE	NA	NA	NA	NA	NA	NA
NC_045512.2	28702	A	T	39314	24318	53	1	0	27	2.54323e-05	39320	1	FALSE	NA	NA	NA	NA	NA	NA
NC_045512.2	28702	A	G	39314	24318	53	2	1	40	5.08647e-05	39320	0.812476	FALSE	NA	NA	NA	NA	NA	NA
NC_045512.2	28702	A	C	39314	24318	53	3	3	31	7.6297e-05	39320	1	FALSE	NA	NA	NA	NA	NA	NA
NC_045512.2	28703	G	T	39325	24717	53	1	1	34	2.54272e-05	39328	1	FALSE	NA	NA	NA	NA	NA	NA
NC_045512.2	28703	G	C	39325	24717	53	1	0	26	2.54272e-05	39328	1	FALSE	NA	NA	NA	NA	NA	NA
NC_045512.2	28703	G	A	39325	24717	53	1	0	34	2.54272e-05	39328	1	FALSE	NA	NA	NA	NA	NA	NA
NC_045512.2	28704	A	T	38331	24348	51	6	3	34	0.000156478	38344	1	FALSE	NA	NA	NA	NA	NA	NA
NC_045512.2	28704	A	G	38331	24348	51	5	2	53	0.000130398	38344	0.0312296	FALSE	NA	NA	NA	NA	NA	NA
NC_045512.2	28704	A	C	38331	24348	51	2	2	30	5.21594e-05	38344	1	FALSE	NA	NA	NA	NA	NA	NA
NC_045512.2	28705	T	G	38455	24198	53	2	1	51	5.19994e-05	38462	0.249964	FALSE	NA	NA	NA	NA	NA	NA
NC_045512.2	28705	T	C	38455	24198	53	2	2	30	5.19994e-05	38462	1	FALSE	NA	NA	NA	NA	NA	NA
NC_045512.2	28705	T	A	38455	24198	53	3	2	27	7.79991e-05	38462	1	FALSE	NA	NA	NA	NA	NA	NA
NC_045512.2	28706	C	T	38435	24211	53	2	1	51	5.20305e-05	38439	0.24999	FALSE	NA	NA	NA	NA	NA	NA
NC_045512.2	28706	C	G	38435	24211	53	1	0	27	2.60152e-05	38439	1	FALSE	NA	NA	NA	NA	NA	NA
NC_045512.2	28706	C	A	38435	24211	53	1	0	26	2.60152e-05	38439	1	FALSE	NA	NA	NA	NA	NA	NA
NC_045512.2	28707	A	T	38399	24248	53	2	1	47	5.20766e-05	38405	0.812484	FALSE	NA	NA	NA	NA	NA	NA
NC_045512.2	28707	A	G	38399	24248	53	4	2	52	0.000104153	38405	0.0624919	FALSE	NA	NA	NA	NA	NA	NA
NC_045512.2	28709	A	T	38819	25428	55	3	3	31	7.72698e-05	38825	1	FALSE	NA	NA	NA	NA	NA	NA
NC_045512.2	28709	A	G	38819	25428	55	2	1	51	5.15132e-05	38825	0.249977	FALSE	NA	NA	NA	NA	NA	NA
NC_045512.2	28709	A	C	38819	25428	55	1	1	34	2.57566e-05	38825	1	FALSE	NA	NA	NA	NA	NA	NA
NC_045512.2	28710	T	G	37942	24639	54	4	1	28	0.000105402	37950	1	FALSE	NA	NA	NA	NA	NA	NA
NC_045512.2	28710	T	C	37942	24639	54	3	2	46	7.90514e-05	37950	0.656207	FALSE	NA	NA	NA	NA	NA	NA
NC_045512.2	28710	T	A	37942	24639	54	1	1	34	2.63505e-05	37950	1	FALSE	NA	NA	NA	NA	NA	NA
NC_045512.2	28711	T	C	38477	25209	54	8	4	46	0.000207857	38488	0.113248	FALSE	NA	NA	NA	NA	NA	NA
NC_045512.2	28711	T	A	38477	25209	54	3	2	29	7.79464e-05	38488	1	FALSE	NA	NA	NA	NA	NA	NA
NC_045512.2	28712	G	T	38441	25163	55	1	1	26	2.60098e-05	38447	1	FALSE	NA	NA	NA	NA	NA	NA
NC_045512.2	28712	G	C	38441	25163	55	2	2	30	5.20197e-05	38447	1	FALSE	NA	NA	NA	NA	NA	NA
NC_045512.2	28712	G	A	38441	25163	55	3	2	56	7.80295e-05	38447	0.124985	FALSE	NA	NA	NA	NA	NA	NA
NC_045512.2	28713	G	C	38381	25265	54	3	3	28	7.81413e-05	38392	1	FALSE	NA	NA	NA	NA	NA	NA
NC_045512.2	28713	G	A	38381	25265	54	8	5	49	0.000208377	38392	0.113248	FALSE	NA	NA	NA	NA	NA	NA
NC_045512.2	28714	C	T	38582	25490	55	7	5	56	0.000181399	38589	0.00781108	TRUE	NA	NA	NA	NA	NA	NA
NC_045512.2	28715	A	T	38564	25442	55	2	1	30	5.18524e-05	38571	1	FALSE	NA	NA	NA	NA	NA	NA
NC_045512.2	28715	A	G	38564	25442	55	3	2	68	7.77786e-05	38571	0.124981	FALSE	NA	NA	NA	NA	NA	NA
NC_045512.2	28715	A	C	38564	25442	55	2	1	26	5.18524e-05	38571	1	FALSE	NA	NA	NA	NA	NA	NA
NC_045512.2	28716	C	T	38630	25672	55	4	3	62	0.000103536	38634	0.0624984	FALSE	NA	NA	NA	NA	NA	NA
NC_045512.2	28717	C	T	38534	25550	54	4	4	49	0.000103791	38539	0.5	FALSE	NA	NA	NA	NA	NA	NA
NC_045512.2	28717	C	A	38534	25550	54	1	0	26	2.59477e-05	38539	1	FALSE	NA	NA	NA	NA	NA	NA
NC_045512.2	28718	C	A	38602	25741	55	3	2	45	7.77101e-05	38605	0.656268	FALSE	NA	NA	NA	NA	NA	NA
NC_045512.2	28719	G	T	38503	25647	55	1	1	34	2.59565e-05	38526	1	FALSE	NA	NA	NA	NA	NA	NA
NC_045512.2	28719	G	C	38503	25647	55	2	2	26	5.1913e-05	38526	1	FALSE	NA	NA	NA	NA	NA	NA
NC_045512.2	28719	G	A	38503	25647	55	20	14	50	0.00051913	38526	9.50831e-07	TRUE	NA	NA	NA	NA	NA	NA
NC_045512.2	28720	C	T	38587	25774	55	3	3	54	7.77323e-05	38594	0.124981	FALSE	NA	NA	NA	NA	NA	NA
NC_045512.2	28720	C	G	38587	25774	55	1	1	34	2.59108e-05	38594	1	FALSE	NA	NA	NA	NA	NA	NA
NC_045512.2	28720	C	A	38587	25774	55	3	3	34	7.77323e-05	38594	1	FALSE	NA	NA	NA	NA	NA	NA
NC_045512.2	28721	A	T	38358	25546	55	1	1	26	2.60654e-05	38365	1	FALSE	NA	NA	NA	NA	NA	NA
NC_045512.2	28721	A	G	38358	25546	55	6	5	44	0.000156393	38365	0.253893	FALSE	NA	NA	NA	NA	NA	NA
NC_045512.2	28722	A	G	38552	25672	55	2	1	68	5.18726e-05	38556	0.24999	FALSE	NA	NA	NA	NA	NA	NA
NC_045512.2	28722	A	C	38552	25672	55	2	1	26	5.18726e-05	38556	1	FALSE	NA	NA	NA	NA	NA	NA
NC_045512.2	28723	T	G	38406	25522	55	2	1	34	5.20684e-05	38411	1	FALSE	NA	NA	NA	NA	NA	NA
NC_045512.2	28723	T	C	38406	25522	55	1	0	24	2.60342e-05	38411	1	FALSE	NA	NA	NA	NA	NA	NA
NC_045512.2	28723	T	A	38406	25522	55	2	2	34	5.20684e-05	38411	1	FALSE	NA	NA	NA	NA	NA	NA
NC_045512.2	28724	C	T	38657	25709	55	6	5	37	0.000155175	38666	1	FALSE	NA	NA	NA	NA	NA	NA
NC_045512.2	28724	C	G	38657	25709	55	3	2	27	7.75875e-05	38666	1	FALSE	NA	NA	NA	NA	NA	NA
NC_045512.2	28725	C	G	38590	25770	55	1	0	34	2.59121e-05	38592	1	FALSE	NA	NA	NA	NA	NA	NA
NC_045512.2	28725	C	A	38590	25770	55	1	0	20	2.59121e-05	38592	1	FALSE	NA	NA	NA	NA	NA	NA
NC_045512.2	28726	T	C	37230	24551	56	3	3	35	8.05629e-05	37238	1	FALSE	NA	NA	NA	NA	NA	NA
NC_045512.2	28726	T	A	37230	24551	56	5	3	32	0.000134271	37238	1	FALSE	NA	NA	NA	NA	NA	NA
NC_045512.2	28727	G	C	37114	24416	55	4	3	24	0.000107753	37122	1	FALSE	NA	NA	NA	NA	NA	NA
NC_045512.2	28727	G	A	37114	24416	55	4	3	59	0.000107753	37122	0.0624848	FALSE	NA	NA	NA	NA	NA	NA
NC_045512.2	28728	C	T	37232	24523	56	2	1	53	5.37129e-05	37235	0.249997	FALSE	NA	NA	NA	NA	NA	NA
NC_045512.2	28728	C	G	37232	24523	56	1	1	24	2.68565e-05	37235	1	FALSE	NA	NA	NA	NA	NA	NA
NC_045512.2	28728	C	-T	37232	24523	56	1	0	20	2.68565e-05	37235	1	FALSE	NA	NA	NA	NA	NA	NA
NC_045512.2	28729	T	G	37168	24429	56	1	1	34	2.69005e-05	37174	1	FALSE	NA	NA	NA	NA	NA	NA
NC_045512.2	28729	T	C	37168	24429	56	4	3	51	0.000107602	37174	0.0624882	FALSE	NA	NA	NA	NA	NA	NA
NC_045512.2	28729	T	A	37168	24429	56	1	1	26	2.69005e-05	37174	1	FALSE	NA	NA	NA	NA	NA	NA
NC_045512.2	28729	T	-A	37168	24429	56	1	0	20	2.68998e-05	37175	1	FALSE	NA	NA	NA	NA	NA	NA
NC_045512.2	28730	A	T	37012	24273	56	1	1	24	2.70161e-05	37015	1	FALSE	NA	NA	NA	NA	NA	NA
NC_045512.2	28730	A	G	37012	24273	56	2	2	51	5.40321e-05	37015	0.24999	FALSE	NA	NA	NA	NA	NA	NA
NC_045512.2	28731	A	T	36832	24353	52	3	3	29	8.14288e-05	36842	1	FALSE	NA	NA	NA	NA	NA	NA
NC_045512.2	28731	A	G	36832	24353	52	3	2	46	8.14288e-05	36842	0.65618	FALSE	NA	NA	NA	NA	NA	NA
NC_045512.2	28731	A	C	36832	24353	52	4	0	23	0.000108572	36842	1	FALSE	NA	NA	NA	NA	NA	NA
NC_045512.2	28732	C	G	36964	24591	55	1	1	34	2.70519e-05	36966	1	FALSE	NA	NA	NA	NA	NA	NA
NC_045512.2	28732	C	A	36964	24591	55	1	0	34	2.70519e-05	36966	1	FALSE	NA	NA	NA	NA	NA	NA
NC_045512.2	28733	A	T	36031	23705	55	2	1	25	5.5497e-05	36038	1	FALSE	NA	NA	NA	NA	NA	NA
NC_045512.2	28733	A	G	36031	23705	55	5	4	61	0.000138742	36038	0.0312435	FALSE	NA	NA	NA	NA	NA	NA
NC_045512.2	28734	A	T	36000	23628	55	2	0	47	5.55509e-05	36003	0.812509	FALSE	NA	NA	NA	NA	NA	NA
NC_045512.2	28734	A	G	36000	23628	55	1	1	68	2.77755e-05	36003	0.499993	FALSE	NA	NA	NA	NA	NA	NA
NC_045512.2	28735	T	C	35830	23449	55	5	4	54	0.000139528	35835	0.0312478	FALSE	NA	NA	NA	NA	NA	NA
NC_045512.2	28736	G	T	35682	23445	55	1	1	27	2.80222e-05	35686	1	FALSE	NA	NA	NA	NA	NA	NA
NC_045512.2	28736	G	C	35682	23445	55	2	1	30	5.60444e-05	35686	1	FALSE	NA	NA	NA	NA	NA	NA
NC_045512.2	28736	G	A	35682	23445	55	1	1	46	2.80222e-05	35686	0.937498	FALSE	NA	NA	NA	NA	NA	NA
NC_045512.2	28737	C	T	35805	24536	53	1	1	34	2.79267e-05	35808	1	FALSE	NA	NA	NA	NA	NA	NA
NC_045512.2	28737	C	A	35805	24536	53	2	0	30	5.58534e-05	35808	1	FALSE	NA	NA	NA	NA	NA	NA
NC_045512.2	28738	T	C	35628	24392	54	7	4	51	0.000196431	35636	0.0078102	TRUE	NA	NA	NA	NA	NA	NA
NC_045512.2	28738	T	A	35628	24392	54	1	1	34	2.80615e-05	35636	1	FALSE	NA	NA	NA	NA	NA	NA
NC_045512.2	28739	G	C	35509	24261	54	2	1	27	5.63111e-05	35517	1	FALSE	NA	NA	NA	NA	NA	NA
NC_045512.2	28739	G	A	35509	24261	54	6	2	56	0.000168933	35517	0.0156204	FALSE	NA	NA	NA	NA	NA	NA
NC_045512.2	28740	C	T	35532	24352	54	2	2	47	5.62825e-05	35535	0.812509	FALSE	NA	NA	NA	NA	NA	NA
NC_045512.2	28740	C	G	35532	24352	54	1	1	68	2.81413e-05	35535	0.499993	FALSE	NA	NA	NA	NA	NA	NA
NC_045512.2	28741	A	T	35230	23986	54	3	3	28	8.51354e-05	35238	1	FALSE	NA	NA	NA	NA	NA	NA
NC_045512.2	28741	A	G	35230	23986	54	5	4	68	0.000141892	35238	0.0312411	FALSE	NA	NA	NA	NA	NA	NA
NC_045512.2	28742	A	T	35333	24142	54	1	1	34	2.83006e-05	35335	1	FALSE	NA	NA	NA	NA	NA	NA
NC_045512.2	28742	A	G	35333	24142	54	1	1	34	2.83006e-05	35335	1	FALSE	NA	NA	NA	NA	NA	NA
NC_045512.2	28743	T	C	35092	24049	54	2	1	51	5.69833e-05	35098	0.249975	FALSE	NA	NA	NA	NA	NA	NA
NC_045512.2	28743	T	A	35092	24049	54	4	2	35	0.000113967	35098	1	FALSE	NA	NA	NA	NA	NA	NA
NC_045512.2	28744	C	G	35001	23970	54	1	0	27	2.8569e-05	35003	1	FALSE	NA	NA	NA	NA	NA	NA
NC_045512.2	28744	C	A	35001	23970	54	1	1	68	2.8569e-05	35003	0.5	FALSE	NA	NA	NA	NA	NA	NA
NC_045512.2	28745	G	C	34778	23748	54	3	3	31	8.62466e-05	34784	1	FALSE	NA	NA	NA	NA	NA	NA
NC_045512.2	28745	G	A	34778	23748	54	3	2	45	8.62466e-05	34784	0.65623	FALSE	NA	NA	NA	NA	NA	NA
NC_045512.2	28746	T	C	34656	23645	54	2	0	53	5.77051e-05	34659	0.249996	FALSE	NA	NA	NA	NA	NA	NA
NC_045512.2	28746	T	A	34656	23645	54	1	1	34	2.88525e-05	34659	1	FALSE	NA	NA	NA	NA	NA	NA
NC_045512.2	28747	G	T	34543	23584	54	1	1	68	2.89452e-05	34548	0.499978	FALSE	NA	NA	NA	NA	NA	NA
NC_045512.2	28747	G	C	34543	23584	54	1	1	34	2.89452e-05	34548	1	FALSE	NA	NA	NA	NA	NA	NA
NC_045512.2	28747	G	A	34543	23584	54	3	2	29	8.68357e-05	34548	1	FALSE	NA	NA	NA	NA	NA	NA
NC_045512.2	28748	C	T	34654	24252	53	1	0	68	2.88559e-05	34655	0.500007	FALSE	NA	NA	NA	NA	NA	NA
NC_045512.2	28749	T	C	34670	24236	53	3	3	38	8.65202e-05	34674	1	FALSE	NA	NA	NA	NA	NA	NA
NC_045512.2	28749	T	A	34670	24236	53	1	1	34	2.88401e-05	34674	1	FALSE	NA	NA	NA	NA	NA	NA
NC_045512.2	28749	T	+TGTTGTGGGGGG	34670	24236	53	1	0	20	2.88401e-05	34674	1	FALSE	NA	NA	NA	NA	NA	NA
NC_045512.2	28750	A	T	34509	24078	53	3	1	21	8.69187e-05	34515	1	FALSE	NA	NA	NA	NA	NA	NA
NC_045512.2	28750	A	G	34509	24078	53	3	3	56	8.69187e-05	34515	0.124984	FALSE	NA	NA	NA	NA	NA	NA
NC_045512.2	28750	A	-CAACTTCCTCAA	34509	24078	53	1	0	20	2.89729e-05	34515	1	FALSE	NA	NA	NA	NA	NA	NA
NC_045512.2	28751	C	T	34518	24205	53	1	1	68	2.89696e-05	34519	0.5	FALSE	NA	NA	NA	NA	NA	NA
NC_045512.2	28751	C	-A	34518	24205	53	1	0	20	2.89687e-05	34520	1	FALSE	NA	NA	NA	NA	NA	NA
NC_045512.2	28752	A	T	34531	24237	52	2	1	34	5.79123e-05	34535	1	FALSE	NA	NA	NA	NA	NA	NA
NC_045512.2	28752	A	G	34531	24237	52	2	2	51	5.79123e-05	34535	0.249982	FALSE	NA	NA	NA	NA	NA	NA
NC_045512.2	28753	A	T	34479	24188	53	3	3	31	8.69918e-05	34486	1	FALSE	NA	NA	NA	NA	NA	NA
NC_045512.2	28753	A	G	34479	24188	53	3	2	68	8.69918e-05	34486	0.124973	FALSE	NA	NA	NA	NA	NA	NA
NC_045512.2	28753	A	C	34479	24188	53	1	1	34	2.89973e-05	34486	1	FALSE	NA	NA	NA	NA	NA	NA
NC_045512.2	28754	C	T	34378	24297	52	2	2	64	5.81717e-05	34381	0.249989	FALSE	NA	NA	NA	NA	NA	NA
NC_045512.2	28754	C	G	34378	24297	52	1	1	26	2.90858e-05	34381	1	FALSE	NA	NA	NA	NA	NA	NA
NC_045512.2	28755	T	G	33110	23142	53	1	0	24	3.01969e-05	33116	1	FALSE	NA	NA	NA	NA	NA	NA
NC_045512.2	28755	T	C	33110	23142	53	3	1	56	9.05907e-05	33116	0.124977	FALSE	NA	NA	NA	NA	NA	NA
NC_045512.2	28755	T	A	33110	23142	53	2	2	23	6.03938e-05	33116	1	FALSE	NA	NA	NA	NA	NA	NA
NC_045512.2	28756	T	C	33062	23117	53	3	3	49	9.07276e-05	33066	0.656243	FALSE	NA	NA	NA	NA	NA	NA
NC_045512.2	28756	T	A	33062	23117	53	1	0	27	3.02425e-05	33066	1	FALSE	NA	NA	NA	NA	NA	NA
NC_045512.2	28757	C	T	33036	23136	53	5	2	46	0.000151323	33042	0.363256	FALSE	NA	NA	NA	NA	NA	NA
NC_045512.2	28757	C	G	33036	23136	53	1	1	34	3.02645e-05	33042	1	FALSE	NA	NA	NA	NA	NA	NA
NC_045512.2	28758	C	T	32994	24553	50	2	1	34	6.06134e-05	32996	1	FALSE	NA	NA	NA	NA	NA	NA
NC_045512.2	28759	T	C	32961	24531	50	3	3	27	9.10056e-05	32965	1	FALSE	NA	NA	NA	NA	NA	NA
NC_045512.2	28759	T	A	32961	24531	50	1	1	34	3.03352e-05	32965	1	FALSE	NA	NA	NA	NA	NA	NA
NC_045512.2	28760	C	T	32833	24397	50	2	1	68	6.09106e-05	32835	0.249996	FALSE	NA	NA	NA	NA	NA	NA
NC_045512.2	28762	A	G	32746	24364	49	1	0	68	3.05371e-05	32747	0.5	FALSE	NA	NA	NA	NA	NA	NA
NC_045512.2	28765	A	T	32506	24362	50	2	1	25	6.15101e-05	32515	1	FALSE	NA	NA	NA	NA	NA	NA
NC_045512.2	28765	A	G	32506	24362	50	7	5	45	0.000215285	32515	0.171843	FALSE	NA	NA	NA	NA	NA	NA
NC_045512.2	28766	A	T	32106	24041	49	1	1	26	3.1142e-05	32111	1	FALSE	NA	NA	NA	NA	NA	NA
NC_045512.2	28766	A	G	32106	24041	49	4	3	51	0.000124568	32111	0.0624942	FALSE	NA	NA	NA	NA	NA	NA
NC_045512.2	28767	C	T	32234	24188	50	3	2	46	9.30608e-05	32237	0.656272	FALSE	NA	NA	NA	NA	NA	NA
NC_045512.2	28767	C	-A	32234	24188	50	1	0	20	3.10203e-05	32237	1	FALSE	NA	NA	NA	NA	NA	NA
NC_045512.2	28768	A	T	32169	24118	50	1	0	24	3.10752e-05	32180	1	FALSE	NA	NA	NA	NA	NA	NA
NC_045512.2	28768	A	G	32169	24118	50	10	5	55	0.000310752	32180	0.000975728	TRUE	NA	NA	NA	NA	NA	NA
NC_045512.2	28769	A	T	32170	24150	50	4	4	30	0.000124297	32181	1	FALSE	NA	NA	NA	NA	NA	NA
NC_045512.2	28769	A	G	32170	24150	50	7	5	44	0.00021752	32181	0.171818	FALSE	NA	NA	NA	NA	NA	NA
NC_045512.2	28771	A	T	31338	23531	49	3	3	28	9.57152e-05	31343	1	FALSE	NA	NA	NA	NA	NA	NA
NC_045512.2	28771	A	G	31338	23531	49	1	1	68	3.19051e-05	31343	0.499976	FALSE	NA	NA	NA	NA	NA	NA
NC_045512.2	28771	A	C	31338	23531	49	1	1	34	3.19051e-05	31343	1	FALSE	NA	NA	NA	NA	NA	NA
NC_045512.2	28772	T	C	30223	22451	49	4	2	49	0.000132323	30229	0.499982	FALSE	NA	NA	NA	NA	NA	NA
NC_045512.2	28772	T	A	30223	22451	49	2	1	26	6.61616e-05	30229	1	FALSE	NA	NA	NA	NA	NA	NA
NC_045512.2	28773	T	C	29532	21943	50	2	1	51	6.77186e-05	29534	0.250004	FALSE	NA	NA	NA	NA	NA	NA
NC_045512.2	28774	G	A	29855	22294	50	1	0	46	3.34941e-05	29856	0.875013	FALSE	NA	NA	NA	NA	NA	NA
NC_045512.2	28776	C	T	29701	22435	49	1	1	34	3.36666e-05	29703	1	FALSE	NA	NA	NA	NA	NA	NA
NC_045512.2	28776	C	A	29701	22435	49	1	1	34	3.36666e-05	29703	1	FALSE	NA	NA	NA	NA	NA	NA
NC_045512.2	28776	C	-A	29701	22435	49	2	0	20	6.73333e-05	29703	1	FALSE	NA	NA	NA	NA	NA	NA
NC_045512.2	28777	A	T	29473	22235	49	1	0	38	3.39282e-05	29474	1	FALSE	NA	NA	NA	NA	NA	NA
NC_045512.2	28778	A	G	29379	22242	46	1	0	38	3.40368e-05	29380	1	FALSE	NA	NA	NA	NA	NA	NA
NC_045512.2	28779	A	G	29349	22151	49	1	1	24	3.40716e-05	29350	1	FALSE	NA	NA	NA	NA	NA	NA
NC_045512.2	28780	A	T	29394	22219	49	1	1	34	3.40148e-05	29399	1	FALSE	NA	NA	NA	NA	NA	NA
NC_045512.2	28780	A	G	29394	22219	49	4	2	49	0.000136059	29399	0.343742	FALSE	NA	NA	NA	NA	NA	NA
NC_045512.2	28781	G	C	29507	22360	49	4	3	42	0.000135529	29514	0.34371	FALSE	NA	NA	NA	NA	NA	NA
NC_045512.2	28781	G	A	29507	22360	49	3	3	34	0.000101647	29514	1	FALSE	NA	NA	NA	NA	NA	NA
NC_045512.2	28782	G	T	29289	22358	48	1	1	26	3.41378e-05	29293	1	FALSE	NA	NA	NA	NA	NA	NA
NC_045512.2	28782	G	C	29289	22358	48	1	0	68	3.41378e-05	29293	0.499983	FALSE	NA	NA	NA	NA	NA	NA
NC_045512.2	28782	G	A	29289	22358	48	2	1	47	6.82757e-05	29293	0.687494	FALSE	NA	NA	NA	NA	NA	NA
NC_045512.2	28783	C	T	28557	21807	49	2	2	51	7.0028e-05	28560	0.249996	FALSE	NA	NA	NA	NA	NA	NA
NC_045512.2	28783	C	G	28557	21807	49	1	0	27	3.5014e-05	28560	1	FALSE	NA	NA	NA	NA	NA	NA
NC_045512.2	28784	T	G	27690	20973	49	1	1	34	3.61037e-05	27698	1	FALSE	NA	NA	NA	NA	NA	NA
NC_045512.2	28784	T	C	27690	20973	49	5	4	36	0.000180518	27698	0.99999	FALSE	NA	NA	NA	NA	NA	NA
NC_045512.2	28784	T	A	27690	20973	49	2	2	27	7.22074e-05	27698	1	FALSE	NA	NA	NA	NA	NA	NA
NC_045512.2	28785	T	C	28247	21669	49	1	0	24	3.53995e-05	28249	1	FALSE	NA	NA	NA	NA	NA	NA
NC_045512.2	28785	T	A	28247	21669	49	1	0	24	3.53995e-05	28249	1	FALSE	NA	NA	NA	NA	NA	NA
NC_045512.2	28786	C	A	28354	23937	44	1	0	26	3.52671e-05	28355	1	FALSE	NA	NA	NA	NA	NA	NA
NC_045512.2	28787	T	C	28118	23718	44	1	0	26	3.55631e-05	28119	1	FALSE	NA	NA	NA	NA	NA	NA
NC_045512.2	28788	A	T	28208	23768	44	3	3	28	0.000106341	28211	1	FALSE	NA	NA	NA	NA	NA	NA
NC_045512.2	28789	C	T	28211	23937	43	4	2	49	0.000141764	28216	0.343742	FALSE	NA	NA	NA	NA	NA	NA
NC_045512.2	28789	C	A	28211	23937	43	1	1	68	3.54409e-05	28216	0.499973	FALSE	NA	NA	NA	NA	NA	NA
NC_045512.2	28790	G	C	27540	23289	44	1	1	34	3.63029e-05	27546	1	FALSE	NA	NA	NA	NA	NA	NA
NC_045512.2	28790	G	A	27540	23289	44	5	5	34	0.000181515	27546	0.99999	FALSE	NA	NA	NA	NA	NA	NA
NC_045512.2	28791	C	G	27574	23353	44	2	2	30	7.25242e-05	27577	1	FALSE	NA	NA	NA	NA	NA	NA
NC_045512.2	28791	C	A	27574	23353	44	1	0	20	3.62621e-05	27577	1	FALSE	NA	NA	NA	NA	NA	NA
NC_045512.2	28792	A	G	26553	22373	43	2	1	51	7.53125e-05	26556	0.249995	FALSE	NA	NA	NA	NA	NA	NA
NC_045512.2	28792	A	C	26553	22373	43	1	1	68	3.76563e-05	26556	0.499991	FALSE	NA	NA	NA	NA	NA	NA
NC_045512.2	28793	G	T	26631	22449	44	1	1	34	3.75488e-05	26632	1	FALSE	NA	NA	NA	NA	NA	NA
NC_045512.2	28795	A	T	26522	22451	43	11	10	30	0.000414547	26535	0.996193	FALSE	NA	NA	NA	NA	NA	NA
NC_045512.2	28795	A	G	26522	22451	43	2	2	46	7.53721e-05	26535	0.687366	FALSE	NA	NA	NA	NA	NA	NA
NC_045512.2	28796	G	T	26524	22453	44	2	2	34	7.53949e-05	26527	1	FALSE	NA	NA	NA	NA	NA	NA
NC_045512.2	28796	G	A	26524	22453	44	1	0	68	3.76974e-05	26527	0.499991	FALSE	NA	NA	NA	NA	NA	NA
NC_045512.2	28797	G	C	23610	19796	44	1	1	26	4.23531e-05	23611	1	FALSE	NA	NA	NA	NA	NA	NA
NC_045512.2	28798	G	T	23654	19835	44	2	2	26	8.4538e-05	23658	1	FALSE	NA	NA	NA	NA	NA	NA
NC_045512.2	28798	G	A	23654	19835	44	2	2	34	8.4538e-05	23658	0.999999	FALSE	NA	NA	NA	NA	NA	NA
NC_045512.2	28799	A	T	23185	19413	44	3	3	28	0.000129361	23191	1	FALSE	NA	NA	NA	NA	NA	NA
NC_045512.2	28799	A	G	23185	19413	44	3	3	34	0.000129361	23191	0.999995	FALSE	NA	NA	NA	NA	NA	NA
NC_045512.2	28800	G	T	23001	19342	44	6	6	31	0.000260734	23012	0.999728	FALSE	NA	NA	NA	NA	NA	NA
NC_045512.2	28800	G	C	23001	19342	44	5	5	34	0.000217278	23012	0.99991	FALSE	NA	NA	NA	NA	NA	NA
NC_045512.2	28801	C	T	23073	19461	44	2	0	64	8.66664e-05	23077	0.249984	FALSE	NA	NA	NA	NA	NA	NA
NC_045512.2	28801	C	G	23073	19461	44	1	0	68	4.33332e-05	23077	0.499978	FALSE	NA	NA	NA	NA	NA	NA
NC_045512.2	28801	C	A	23073	19461	44	1	1	34	4.33332e-05	23077	1	FALSE	NA	NA	NA	NA	NA	NA
NC_045512.2	28802	A	T	19493	16134	45	6	6	31	0.000307708	19499	0.997968	FALSE	NA	NA	NA	NA	NA	NA
NC_045512.2	28803	G	A	19466	16154	45	1	1	34	5.1369e-05	19467	0.999999	FALSE	NA	NA	NA	NA	NA	NA
NC_045512.2	28804	A	T	18840	15573	45	1	1	26	5.30729e-05	18842	1	FALSE	NA	NA	NA	NA	NA	NA
NC_045512.2	28804	A	G	18840	15573	45	1	0	68	5.30729e-05	18842	0.5	FALSE	NA	NA	NA	NA	NA	NA
NC_045512.2	28805	G	T	18799	15562	45	3	3	31	0.000159532	18805	0.99989	FALSE	NA	NA	NA	NA	NA	NA
NC_045512.2	28805	G	C	18799	15562	45	2	2	30	0.000106355	18805	0.99998	FALSE	NA	NA	NA	NA	NA	NA
NC_045512.2	28805	G	A	18799	15562	45	1	1	34	5.31773e-05	18805	0.999998	FALSE	NA	NA	NA	NA	NA	NA
NC_045512.2	28807	C	T	16247	13255	45	1	1	34	6.15385e-05	16250	0.999992	FALSE	NA	NA	NA	NA	NA	NA
NC_045512.2	28807	C	G	16247	13255	45	1	0	27	6.15385e-05	16250	1	FALSE	NA	NA	NA	NA	NA	NA
NC_045512.2	28807	C	A	16247	13255	45	1	1	34	6.15385e-05	16250	0.999992	FALSE	NA	NA	NA	NA	NA	NA
NC_045512.2	28808	G	T	16227	13234	46	1	1	34	6.16219e-05	16228	0.999992	FALSE	NA	NA	NA	NA	NA	NA
NC_045512.2	28809	G	T	16183	13234	45	3	2	40	0.000185265	16193	0.312349	FALSE	NA	NA	NA	NA	NA	NA
NC_045512.2	28809	G	A	16183	13234	45	7	6	43	0.000432286	16193	0.0351259	FALSE	NA	NA	NA	NA	NA	NA
NC_045512.2	28810	C	T	16177	13356	45	3	3	34	0.000185403	16181	0.999637	FALSE	NA	NA	NA	NA	NA	NA
NC_045512.2	28810	C	G	16177	13356	45	1	1	24	6.18009e-05	16181	1	FALSE	NA	NA	NA	NA	NA	NA
NC_045512.2	28811	A	G	16175	13352	45	2	2	34	0.000123632	16177	0.999928	FALSE	NA	NA	NA	NA	NA	NA
NC_045512.2	28813	T	C	16119	13476	44	3	2	39	0.000186081	16122	0.999637	FALSE	NA	NA	NA	NA	NA	NA
NC_045512.2	28814	C	T	15952	13459	44	2	2	68	0.00012536	15954	0.250008	FALSE	NA	NA	NA	NA	NA	NA
NC_045512.2	28815	A	G	15816	13329	43	2	1	40	0.000126438	15818	0.500024	FALSE	NA	NA	NA	NA	NA	NA
NC_045512.2	28816	A	G	15869	13390	43	2	2	51	0.000126016	15871	0.250008	FALSE	NA	NA	NA	NA	NA	NA
NC_045512.2	28818	C	T	15739	13296	43	8	8	32	0.000508033	15747	0.953504	FALSE	NA	NA	NA	NA	NA	NA
NC_045512.2	28819	C	T	15703	13653	42	1	1	26	6.36659e-05	15707	1	FALSE	NA	NA	NA	NA	NA	NA
NC_045512.2	28819	C	G	15703	13653	42	1	0	27	6.36659e-05	15707	1	FALSE	NA	NA	NA	NA	NA	NA
NC_045512.2	28819	C	A	15703	13653	42	2	1	30	0.000127332	15707	0.999863	FALSE	NA	NA	NA	NA	NA	NA
NC_045512.2	28821	C	T	13312	11435	43	2	1	35	0.000150218	13314	0.999513	FALSE	NA	NA	NA	NA	NA	NA
NC_045512.2	28823	T	C	10754	8885	39	1	0	68	9.298e-05	10755	0.500023	FALSE	NA	NA	NA	NA	NA	NA
NC_045512.2	28826	C	T	12113	10437	42	1	1	68	8.25423e-05	12115	0.5	FALSE	NA	NA	NA	NA	NA	NA
NC_045512.2	28826	C	G	12113	10437	42	1	1	26	8.25423e-05	12115	1	FALSE	NA	NA	NA	NA	NA	NA
NC_045512.2	28827	G	T	11971	10311	42	2	2	34	0.000167001	11976	0.998293	FALSE	NA	NA	NA	NA	NA	NA
NC_045512.2	28827	G	A	11971	10311	42	3	3	56	0.000250501	11976	0.124969	FALSE	NA	NA	NA	NA	NA	NA
NC_045512.2	28830	C	T	11378	9837	42	2	2	51	0.000175731	11381	0.249989	FALSE	NA	NA	NA	NA	NA	NA
NC_045512.2	28830	C	A	11378	9837	42	1	0	68	8.78657e-05	11381	0.499978	FALSE	NA	NA	NA	NA	NA	NA
NC_045512.2	28831	C	T	11193	9666	42	2	2	34	0.000178651	11195	0.998296	FALSE	NA	NA	NA	NA	NA	NA
NC_045512.2	28833	C	T	11684	9177	42	2	1	34	0.000171145	11686	0.998296	FALSE	NA	NA	NA	NA	NA	NA
NC_045512.2	28834	A	G	11668	9168	42	1	0	34	8.56971e-05	11669	0.999757	FALSE	NA	NA	NA	NA	NA	NA
NC_045512.2	28837	A	T	11427	9344	39	3	3	31	0.000262421	11432	0.99354	FALSE	NA	NA	NA	NA	NA	NA
NC_045512.2	28837	A	G	11427	9344	39	1	1	34	8.74738e-05	11432	0.999756	FALSE	NA	NA	NA	NA	NA	NA
NC_045512.2	28837	A	C	11427	9344	39	1	1	34	8.74738e-05	11432	0.999756	FALSE	NA	NA	NA	NA	NA	NA
NC_045512.2	28838	C	T	11399	9366	39	3	3	34	0.000263112	11402	0.993546	FALSE	NA	NA	NA	NA	NA	NA
NC_045512.2	28841	A	G	10492	8214	38	1	1	68	9.53016e-05	10493	0.500024	FALSE	NA	NA	NA	NA	NA	NA
NC_045512.2	28842	G	A	10438	8076	39	4	1	30	0.000383068	10442	0.971366	FALSE	NA	NA	NA	NA	NA	NA
NC_045512.2	28843	T	C	10475	8131	39	1	0	34	9.54563e-05	10476	0.999513	FALSE	NA	NA	NA	NA	NA	NA
NC_045512.2	28844	C	T	10288	7925	39	1	1	68	9.71912e-05	10289	0.500024	FALSE	NA	NA	NA	NA	NA	NA
NC_045512.2	28845	G	T	10161	7812	39	1	1	26	9.83961e-05	10163	1	FALSE	NA	NA	NA	NA	NA	NA
NC_045512.2	28845	G	A	10161	7812	39	1	0	68	9.83961e-05	10163	0.5	FALSE	NA	NA	NA	NA	NA	NA
NC_045512.2	28846	C	T	10211	7914	38	1	1	34	9.7924e-05	10212	0.999513	FALSE	NA	NA	NA	NA	NA	NA
NC_045512.2	28855	A	G	2143	331	37	1	0	34	0.000466418	2144	0.875175	FALSE	NA	NA	NA	NA	NA	NA
NC_045512.2	28859	A	G	2262	406	40	1	0	34	0.000441891	2263	0.875166	FALSE	NA	NA	NA	NA	NA	NA
NC_045512.2	28864	A	G	39	13	35	2290	400	40	0.983255	2329	0	TRUE	NA	NA	NA	NA	NA	NA
NC_045512.2	28866	C	G	2462	435	40	1	0	34	0.00040568	2465	0.875	FALSE	NA	NA	NA	NA	NA	NA
NC_045512.2	28866	C	A	2462	435	40	2	0	30	0.000811359	2465	0.687576	FALSE	NA	NA	NA	NA	NA	NA
NC_045512.2	28867	T	C	2485	438	40	1	1	68	0.000402253	2486	0.500101	FALSE	NA	NA	NA	NA	NA	NA
NC_045512.2	28868	C	G	2534	442	41	1	0	34	0.000394477	2535	0.875148	FALSE	NA	NA	NA	NA	NA	NA
NC_045512.2	28881	G	A	0	0	0	2669	465	40	1	2669	0	TRUE	NA	NA	NA	NA	NA	NA
NC_045512.2	28882	G	A	0	0	0	2177	467	38	1	2177	0	TRUE	NA	NA	NA	NA	NA	NA
NC_045512.2	28883	G	C	0	0	0	2695	473	41	1	2695	0	TRUE	NA	NA	NA	NA	NA	NA
NC_045512.2	28894	T	C	3336	635	43	1	1	38	0.00029967	3337	0.937594	FALSE	NA	NA	NA	NA	NA	NA
NC_045512.2	28896	C	A	3364	653	43	1	1	68	0.000297177	3365	0.500074	FALSE	NA	NA	NA	NA	NA	NA
NC_045512.2	28898	A	G	3371	664	43	1	0	34	0.00029656	3372	0.937593	FALSE	NA	NA	NA	NA	NA	NA
NC_045512.2	28899	G	A	3401	662	43	2	0	30	0.000587717	3403	0.812684	FALSE	NA	NA	NA	NA	NA	NA
NC_045512.2	28900	A	G	3157	660	41	1	1	68	0.000316656	3158	0.500079	FALSE	NA	NA	NA	NA	NA	NA
NC_045512.2	28904	G	A	3454	672	43	1	0	34	0.000289436	3455	0.93759	FALSE	NA	NA	NA	NA	NA	NA
NC_045512.2	28905	C	G	3436	670	43	1	0	27	0.000290951	3437	1	FALSE	NA	NA	NA	NA	NA	NA
NC_045512.2	28906	T	C	3457	678	43	1	0	34	0.000289184	3458	0.93759	FALSE	NA	NA	NA	NA	NA	NA
NC_045512.2	28907	G	T	3513	683	43	1	0	34	0.000284495	3515	0.937553	FALSE	NA	NA	NA	NA	NA	NA
NC_045512.2	28907	G	C	3513	683	43	1	0	34	0.000284495	3515	0.937553	FALSE	NA	NA	NA	NA	NA	NA
NC_045512.2	28909	C	T	3556	702	43	1	0	34	0.000281057	3558	0.937553	FALSE	NA	NA	NA	NA	NA	NA
NC_045512.2	28909	C	G	3556	702	43	1	0	34	0.000281057	3558	0.937553	FALSE	NA	NA	NA	NA	NA	NA
NC_045512.2	28913	G	T	3584	707	43	1	1	20	0.000278862	3586	1	FALSE	NA	NA	NA	NA	NA	NA
NC_045512.2	28913	G	C	3584	707	43	1	0	26	0.000278862	3586	1	FALSE	NA	NA	NA	NA	NA	NA
NC_045512.2	28915	C	T	3697	735	43	1	0	34	0.000270416	3698	0.937584	FALSE	NA	NA	NA	NA	NA	NA
NC_045512.2	28923	C	T	3855	789	44	1	1	68	0.000259336	3856	0.500065	FALSE	NA	NA	NA	NA	NA	NA
NC_045512.2	28925	G	A	4070	804	43	1	0	68	0.00024564	4071	0.500061	FALSE	NA	NA	NA	NA	NA	NA
NC_045512.2	28926	C	G	4067	808	44	2	0	34	0.000491159	4072	0.890596	FALSE	NA	NA	NA	NA	NA	NA
NC_045512.2	28926	C	A	4067	808	44	3	0	31	0.000736739	4072	0.773438	FALSE	NA	NA	NA	NA	NA	NA
NC_045512.2	28933	T	-TTG	4124	975	45	1	0	20	0.000242483	4124	1	FALSE	NA	NA	NA	NA	NA	NA
NC_045512.2	28940	C	T	4259	1222	50	1	0	68	0.000234687	4261	0.5	FALSE	NA	NA	NA	NA	NA	NA
NC_045512.2	28940	C	G	4259	1222	50	1	0	34	0.000234687	4261	0.968787	FALSE	NA	NA	NA	NA	NA	NA
NC_045512.2	28943	C	G	4353	1272	50	1	0	34	0.000229674	4354	0.968804	FALSE	NA	NA	NA	NA	NA	NA
NC_045512.2	28944	T	G	4356	1241	48	1	0	34	0.000229516	4357	0.968804	FALSE	NA	NA	NA	NA	NA	NA
NC_045512.2	28947	A	T	4384	1268	50	1	0	26	0.000227998	4386	1	FALSE	NA	NA	NA	NA	NA	NA
NC_045512.2	28947	A	G	4384	1268	50	1	1	68	0.000227998	4386	0.5	FALSE	NA	NA	NA	NA	NA	NA
NC_045512.2	28948	C	T	4368	1268	50	1	0	34	0.000228833	4370	0.968786	FALSE	NA	NA	NA	NA	NA	NA
NC_045512.2	28948	C	G	4368	1268	50	1	0	34	0.000228833	4370	0.968786	FALSE	NA	NA	NA	NA	NA	NA
NC_045512.2	28949	A	T	4149	1254	49	1	0	26	0.000240964	4150	1	FALSE	NA	NA	NA	NA	NA	NA
NC_045512.2	28953	T	A	4411	1328	51	1	0	26	0.000226655	4412	1	FALSE	NA	NA	NA	NA	NA	NA
NC_045512.2	28955	A	G	4567	1359	51	1	0	34	0.000218914	4568	0.968801	FALSE	NA	NA	NA	NA	NA	NA
NC_045512.2	28956	A	T	4457	1357	49	1	0	34	0.000224316	4458	0.968803	FALSE	NA	NA	NA	NA	NA	NA
NC_045512.2	28957	C	G	4582	1358	51	1	0	34	0.000218198	4583	0.968801	FALSE	NA	NA	NA	NA	NA	NA
NC_045512.2	28958	C	T	0	0	0	1	0	34	0.000218818	4570	0.00109409	TRUE	NA	NA	NA	NA	NA	NA
NC_045512.2	28958	C	A	0	0	0	4569	1354	51	0.999781	4570	0	TRUE	NA	NA	NA	NA	NA	NA
NC_045512.2	28959	A	G	4559	1329	51	1	0	34	0.000219298	4560	0.968801	FALSE	NA	NA	NA	NA	NA	NA
NC_045512.2	28960	G	C	4571	1329	51	1	0	34	0.000218627	4574	0.968767	FALSE	NA	NA	NA	NA	NA	NA
NC_045512.2	28960	G	A	4571	1329	51	2	1	68	0.000437254	4574	0.249973	FALSE	NA	NA	NA	NA	NA	NA
NC_045512.2	28961	C	G	4611	1374	51	1	0	34	0.000216826	4612	0.968801	FALSE	NA	NA	NA	NA	NA	NA
NC_045512.2	28963	T	C	4515	1325	52	2	0	35	0.000442772	4517	0.890755	FALSE	NA	NA	NA	NA	NA	NA
NC_045512.2	28970	A	G	4524	1785	54	4	2	40	0.000883392	4528	0.0624862	FALSE	NA	NA	NA	NA	NA	NA
NC_045512.2	28972	A	G	4097	1844	49	1	0	68	0.000244021	4098	0.500061	FALSE	NA	NA	NA	NA	NA	NA
NC_045512.2	28974	T	A	4485	1920	54	2	2	25	0.000445732	4487	1	FALSE	NA	NA	NA	NA	NA	NA
NC_045512.2	28976	T	A	4495	1918	53	2	2	40	0.000444741	4497	0.250028	FALSE	NA	NA	NA	NA	NA	NA
NC_045512.2	28983	A	G	4584	2061	52	1	1	68	0.000218103	4585	0.500055	FALSE	NA	NA	NA	NA	NA	NA
NC_045512.2	28986	G	A	4644	2088	51	1	1	68	0.000215285	4645	0.500054	FALSE	NA	NA	NA	NA	NA	NA
NC_045512.2	28987	C	-CAA	4626	2090	52	5	0	20	0.00108085	4626	1	FALSE	NA	NA	NA	NA	NA	NA
NC_045512.2	28989	A	G	4563	2022	51	1	1	68	0.000219106	4564	0.499781	FALSE	NA	NA	NA	NA	NA	NA
NC_045512.2	28993	A	T	4525	2200	49	2	2	34	0.000441794	4527	0.890754	FALSE	NA	NA	NA	NA	NA	NA
NC_045512.2	28995	A	G	4611	2242	49	4	1	35	0.000866739	4615	0.636897	FALSE	NA	NA	NA	NA	NA	NA
NC_045512.2	28998	A	G	4583	2240	48	1	0	34	0.00021815	4584	0.968801	FALSE	NA	NA	NA	NA	NA	NA
NC_045512.2	29001	G	T	4739	2405	49	1	1	34	0.000210926	4741	0.968783	FALSE	NA	NA	NA	NA	NA	NA
NC_045512.2	29001	G	C	4739	2405	49	1	0	20	0.000210926	4741	1	FALSE	NA	NA	NA	NA	NA	NA
NC_045512.2	29003	C	T	4680	2440	49	1	1	34	0.00021363	4681	0.9688	FALSE	NA	NA	NA	NA	NA	NA
NC_045512.2	29006	A	T	4477	2470	47	1	1	34	0.000223314	4478	0.968802	FALSE	NA	NA	NA	NA	NA	NA
NC_045512.2	29007	C	T	4678	2511	49	1	1	68	0.000213721	4679	0.500053	FALSE	NA	NA	NA	NA	NA	NA
NC_045512.2	29008	T	C	4585	2425	48	1	0	68	0.000218055	4586	0.500055	FALSE	NA	NA	NA	NA	NA	NA
NC_045512.2	29009	G	T	4641	2458	49	1	1	26	0.000215424	4642	1	FALSE	NA	NA	NA	NA	NA	NA
NC_045512.2	29017	G	T	4605	2596	50	1	0	68	0.000217108	4606	0.500054	FALSE	NA	NA	NA	NA	NA	NA
NC_045512.2	29018	A	T	4462	2577	47	2	2	26	0.000448029	4464	1	FALSE	NA	NA	NA	NA	NA	NA
NC_045512.2	29022	C	G	4589	2727	49	1	0	20	0.000217865	4590	1	FALSE	NA	NA	NA	NA	NA	NA
NC_045512.2	29024	G	T	4608	2721	49	1	1	26	0.000216967	4609	1	FALSE	NA	NA	NA	NA	NA	NA
NC_045512.2	29025	C	T	4641	2835	48	2	0	34	0.000430756	4643	0.890751	FALSE	NA	NA	NA	NA	NA	NA
NC_045512.2	29026	T	C	4604	2791	48	1	0	26	0.000217155	4605	1	FALSE	NA	NA	NA	NA	NA	NA
NC_045512.2	29027	G	T	0	0	0	4597	2798	48	0.999783	4598	0	TRUE	NA	NA	NA	NA	NA	NA
NC_045512.2	29027	G	A	0	0	0	1	0	27	0.000217486	4598	0.0100043	FALSE	NA	NA	NA	NA	NA	NA
NC_045512.2	29031	A	T	4574	2836	48	2	2	26	0.000436872	4578	1	FALSE	NA	NA	NA	NA	NA	NA
NC_045512.2	29031	A	G	4574	2836	48	2	1	34	0.000436872	4578	0.890651	FALSE	NA	NA	NA	NA	NA	NA
NC_045512.2	29033	G	A	4557	2819	48	1	1	34	0.000219394	4558	0.968801	FALSE	NA	NA	NA	NA	NA	NA
NC_045512.2	29035	T	C	4572	2906	47	1	1	34	0.000218675	4573	0.968801	FALSE	NA	NA	NA	NA	NA	NA
NC_045512.2	29036	T	A	4287	2610	44	1	1	34	0.000233209	4288	0.968805	FALSE	NA	NA	NA	NA	NA	NA
NC_045512.2	29037	C	T	4556	2895	47	1	1	68	0.000219443	4557	0.500055	FALSE	NA	NA	NA	NA	NA	NA
NC_045512.2	29039	A	G	4563	2903	47	1	0	68	0.000219106	4564	0.500055	FALSE	NA	NA	NA	NA	NA	NA
NC_045512.2	29040	A	C	4564	2949	47	1	0	34	0.000219058	4565	0.968801	FALSE	NA	NA	NA	NA	NA	NA
NC_045512.2	29041	G	T	4559	2935	47	1	1	34	0.000219298	4560	0.968801	FALSE	NA	NA	NA	NA	NA	NA
NC_045512.2	29042	A	G	4249	2933	43	1	0	26	0.000235294	4250	1	FALSE	NA	NA	NA	NA	NA	NA
NC_045512.2	29044	G	C	4416	2837	47	1	1	34	0.000226398	4417	0.968803	FALSE	NA	NA	NA	NA	NA	NA
NC_045512.2	29047	T	G	4383	2872	47	1	0	34	0.00022805	4385	0.968786	FALSE	NA	NA	NA	NA	NA	NA
NC_045512.2	29047	T	A	4383	2872	47	1	0	27	0.00022805	4385	1	FALSE	NA	NA	NA	NA	NA	NA
NC_045512.2	29049	G	C	4353	2868	47	1	1	34	0.000229674	4354	0.968804	FALSE	NA	NA	NA	NA	NA	NA
NC_045512.2	29050	G	A	4336	2865	47	3	3	31	0.000691404	4339	0.773627	FALSE	NA	NA	NA	NA	NA	NA
NC_045512.2	29052	A	G	4378	2919	48	1	0	68	0.000228311	4380	0.5	FALSE	NA	NA	NA	NA	NA	NA
NC_045512.2	29052	A	C	4378	2919	48	1	0	26	0.000228311	4380	1	FALSE	NA	NA	NA	NA	NA	NA
NC_045512.2	29054	A	T	4376	2964	47	1	1	26	0.000228467	4377	1	FALSE	NA	NA	NA	NA	NA	NA
NC_045512.2	29056	A	C	4378	2987	47	1	0	34	0.000228363	4379	0.968804	FALSE	NA	NA	NA	NA	NA	NA
NC_045512.2	29057	C	A	4408	3017	48	1	0	20	0.000226809	4409	1	FALSE	NA	NA	NA	NA	NA	NA
NC_045512.2	29058	G	T	4377	2988	47	1	1	26	0.000228311	4380	1	FALSE	NA	NA	NA	NA	NA	NA
NC_045512.2	29058	G	C	4377	2988	47	1	0	24	0.000228311	4380	1	FALSE	NA	NA	NA	NA	NA	NA
NC_045512.2	29058	G	A	4377	2988	47	1	0	68	0.000228311	4380	0.499943	FALSE	NA	NA	NA	NA	NA	NA
NC_045512.2	29060	A	C	4388	3073	48	1	0	34	0.000227842	4389	0.968803	FALSE	NA	NA	NA	NA	NA	NA
NC_045512.2	29061	C	G	4408	3129	48	1	1	26	0.000226809	4409	1	FALSE	NA	NA	NA	NA	NA	NA
NC_045512.2	29062	T	C	4382	3132	48	3	2	34	0.000684151	4385	0.773625	FALSE	NA	NA	NA	NA	NA	NA
NC_045512.2	29063	G	C	4202	2951	48	3	3	28	0.000713436	4205	1	FALSE	NA	NA	NA	NA	NA	NA
NC_045512.2	29069	A	T	4484	3377	49	1	1	24	0.000222916	4486	1	FALSE	NA	NA	NA	NA	NA	NA
NC_045512.2	29069	A	G	4484	3377	49	1	0	34	0.000222916	4486	0.968785	FALSE	NA	NA	NA	NA	NA	NA
NC_045512.2	29070	A	C	4476	3385	48	1	0	34	0.000223364	4477	0.968802	FALSE	NA	NA	NA	NA	NA	NA
NC_045512.2	29071	A	G	4494	3447	48	1	1	46	0.000222469	4495	0.500056	FALSE	NA	NA	NA	NA	NA	NA
NC_045512.2	29074	A	G	4435	3375	49	1	0	24	0.000225428	4436	1	FALSE	NA	NA	NA	NA	NA	NA
NC_045512.2	29076	A	T	4414	3444	47	1	1	26	0.000226449	4416	1	FALSE	NA	NA	NA	NA	NA	NA
NC_045512.2	29076	A	G	4414	3444	47	1	1	34	0.000226449	4416	0.968785	FALSE	NA	NA	NA	NA	NA	NA
NC_045512.2	29077	C	T	4449	3475	48	1	0	68	0.000224719	4450	0.500056	FALSE	NA	NA	NA	NA	NA	NA
NC_045512.2	29079	A	T	4372	3361	49	1	1	26	0.000228676	4373	1	FALSE	NA	NA	NA	NA	NA	NA
NC_045512.2	29081	G	T	4213	3228	48	1	1	34	0.000237304	4214	0.968806	FALSE	NA	NA	NA	NA	NA	NA
NC_045512.2	29082	T	A	4076	3097	47	1	1	34	0.000245278	4077	0.968807	FALSE	NA	NA	NA	NA	NA	NA
NC_045512.2	29083	A	G	4104	3137	49	1	1	34	0.000243605	4105	0.968807	FALSE	NA	NA	NA	NA	NA	NA
NC_045512.2	29086	A	G	4014	3068	49	1	0	68	0.000249066	4015	0.500062	FALSE	NA	NA	NA	NA	NA	NA
NC_045512.2	29088	A	T	3550	2639	50	1	1	26	0.000281532	3552	1	FALSE	NA	NA	NA	NA	NA	NA
NC_045512.2	29088	A	G	3550	2639	50	1	1	26	0.000281532	3552	1	FALSE	NA	NA	NA	NA	NA	NA
NC_045512.2	29091	C	T	3571	2752	49	1	1	26	0.000279955	3572	1	FALSE	NA	NA	NA	NA	NA	NA
NC_045512.2	29093	T	C	3513	2690	49	1	0	68	0.000284576	3514	0.500071	FALSE	NA	NA	NA	NA	NA	NA
NC_045512.2	29095	C	T	3525	2707	49	1	0	68	0.000283607	3526	0.500071	FALSE	NA	NA	NA	NA	NA	NA
NC_045512.2	29100	G	C	3404	2596	49	1	0	26	0.000293686	3405	1	FALSE	NA	NA	NA	NA	NA	NA
NC_045512.2	29101	A	G	3404	2634	48	1	1	68	0.000293686	3405	0.500073	FALSE	NA	NA	NA	NA	NA	NA
NC_045512.2	29102	C	T	3418	2654	48	2	1	51	0.000584795	3420	0.250037	FALSE	NA	NA	NA	NA	NA	NA
NC_045512.2	29104	T	C	3357	2602	48	2	2	34	0.000595415	3359	0.812686	FALSE	NA	NA	NA	NA	NA	NA
NC_045512.2	29105	G	T	3321	2629	47	1	1	26	0.000301023	3322	1	FALSE	NA	NA	NA	NA	NA	NA
NC_045512.2	29110	A	G	3239	2576	46	1	1	68	0.000308642	3240	0.500077	FALSE	NA	NA	NA	NA	NA	NA
NC_045512.2	29111	G	T	3222	2558	47	1	1	26	0.00031027	3223	1	FALSE	NA	NA	NA	NA	NA	NA
NC_045512.2	29113	A	T	3234	2586	47	1	1	26	0.000308928	3237	1	FALSE	NA	NA	NA	NA	NA	NA
NC_045512.2	29113	A	C	3234	2586	47	2	1	30	0.000617856	3237	0.812597	FALSE	NA	NA	NA	NA	NA	NA
NC_045512.2	29118	C	T	2586	2006	48	1	1	46	0.000386548	2587	0.500097	FALSE	NA	NA	NA	NA	NA	NA
NC_045512.2	29124	G	A	2348	1784	49	1	1	34	0.000425713	2349	0.87516	FALSE	NA	NA	NA	NA	NA	NA
NC_045512.2	29127	A	-T	2325	1787	48	1	0	20	0.000430108	2325	1	FALSE	NA	NA	NA	NA	NA	NA
NC_045512.2	29131	T	G	2303	1807	47	1	1	68	0.000433839	2305	0.5	FALSE	NA	NA	NA	NA	NA	NA
NC_045512.2	29131	T	C	2303	1807	47	1	1	27	0.000433839	2305	1	FALSE	NA	NA	NA	NA	NA	NA
NC_045512.2	29132	G	A	2317	1823	48	1	1	34	0.000431406	2318	0.875162	FALSE	NA	NA	NA	NA	NA	NA
NC_045512.2	29133	G	A	2307	1813	47	1	1	68	0.000433276	2308	0.500108	FALSE	NA	NA	NA	NA	NA	NA
NC_045512.2	29139	A	G	2267	1799	46	1	1	34	0.000440917	2268	0.875165	FALSE	NA	NA	NA	NA	NA	NA
NC_045512.2	29148	T	C	2204	1824	45	1	1	34	0.000453515	2205	0.87517	FALSE	NA	NA	NA	NA	NA	NA
NC_045512.2	29149	C	A	2196	1829	44	1	0	68	0.000455166	2197	0.500114	FALSE	NA	NA	NA	NA	NA	NA
NC_045512.2	29153	C	T	1942	1647	43	1	1	34	0.000514668	1943	0.750193	FALSE	NA	NA	NA	NA	NA	NA
NC_045512.2	29156	G	T	1838	1545	43	1	1	34	0.000543774	1839	0.750204	FALSE	NA	NA	NA	NA	NA	NA
NC_045512.2	29158	A	G	1860	1573	43	1	0	24	0.000537346	1861	0.999998	FALSE	NA	NA	NA	NA	NA	NA
NC_045512.2	29161	T	C	1644	1372	44	1	1	34	0.000607903	1645	0.750228	FALSE	NA	NA	NA	NA	NA	NA
NC_045512.2	29164	T	C	1616	1350	44	1	1	34	0.000618429	1617	0.750232	FALSE	NA	NA	NA	NA	NA	NA
NC_045512.2	29166	A	T	1337	1081	42	1	0	27	0.000747384	1338	0.999941	FALSE	NA	NA	NA	NA	NA	NA
NC_045512.2	29167	C	+A	1475	1235	44	1	0	20	0.000677966	1475	0.999971	FALSE	NA	NA	NA	NA	NA	NA
NC_045512.2	29171	C	T	1430	1200	44	1	1	34	0.000698812	1431	0.750262	FALSE	NA	NA	NA	NA	NA	NA
NC_045512.2	29186	G	A	1200	1025	43	1	1	34	0.000832639	1201	0.750312	FALSE	NA	NA	NA	NA	NA	NA
NC_045512.2	29187	C	G	2796	1156	37	1	0	34	0.000357526	2797	0.875134	FALSE	NA	NA	NA	NA	NA	NA
NC_045512.2	29188	A	G	2793	1146	37	1	1	34	0.00035791	2794	0.875134	FALSE	NA	NA	NA	NA	NA	NA
NC_045512.2	29189	C	T	3392	1167	37	1	0	34	0.000294724	3393	0.937592	FALSE	NA	NA	NA	NA	NA	NA
NC_045512.2	29190	A	T	3382	1158	37	1	1	26	0.000295421	3385	1	FALSE	NA	NA	NA	NA	NA	NA
NC_045512.2	29190	A	G	3382	1158	37	2	1	51	0.000590842	3385	0.249963	FALSE	NA	NA	NA	NA	NA	NA
NC_045512.2	29192	T	G	3757	1091	37	1	1	20	0.000266099	3758	1	FALSE	NA	NA	NA	NA	NA	NA
NC_045512.2	29194	T	C	3773	1140	37	3	1	34	0.000794492	3776	0.656436	FALSE	NA	NA	NA	NA	NA	NA
NC_045512.2	29195	G	A	3926	1110	37	1	0	34	0.000254647	3927	0.93758	FALSE	NA	NA	NA	NA	NA	NA
NC_045512.2	29195	G	-C	3926	1110	37	1	0	20	0.000254647	3927	1	FALSE	NA	NA	NA	NA	NA	NA
NC_045512.2	29196	C	T	3960	1195	38	2	1	68	0.000504796	3962	0.249968	FALSE	NA	NA	NA	NA	NA	NA
NC_045512.2	29198	C	T	4064	1143	39	1	0	34	0.000246002	4065	0.968808	FALSE	NA	NA	NA	NA	NA	NA
NC_045512.2	29200	C	T	4131	1065	39	1	0	60	0.000242014	4132	0.500061	FALSE	NA	NA	NA	NA	NA	NA
NC_045512.2	29203	C	A	3818	359	38	1	0	26	0.000261849	3819	1	FALSE	NA	NA	NA	NA	NA	NA
NC_045512.2	29204	G	A	4062	369	38	1	1	68	0.000246124	4063	0.500062	FALSE	NA	NA	NA	NA	NA	NA
NC_045512.2	29205	C	T	4749	407	37	1	0	34	0.000210393	4753	0.96875	FALSE	NA	NA	NA	NA	NA	NA
NC_045512.2	29205	C	A	4749	407	37	3	0	31	0.00063118	4753	0.773524	FALSE	NA	NA	NA	NA	NA	NA
NC_045512.2	29206	T	A	4767	408	37	1	0	34	0.000209732	4768	0.968799	FALSE	NA	NA	NA	NA	NA	NA
NC_045512.2	29208	C	A	4903	414	37	1	0	26	0.000203915	4904	1	FALSE	NA	NA	NA	NA	NA	NA
NC_045512.2	29211	C	T	5112	559	39	3	0	31	0.00058651	5115	0.855629	FALSE	NA	NA	NA	NA	NA	NA
NC_045512.2	29213	T	C	5253	610	40	1	0	34	0.000190331	5254	0.984406	FALSE	NA	NA	NA	NA	NA	NA
NC_045512.2	29214	T	A	5267	601	39	1	0	27	0.000189825	5268	1	FALSE	NA	NA	NA	NA	NA	NA
NC_045512.2	29216	T	A	5935	661	39	1	0	26	0.000168464	5936	1	FALSE	NA	NA	NA	NA	NA	NA
NC_045512.2	29219	G	A	6168	700	39	2	0	40	0.000324149	6170	0.25002	FALSE	NA	NA	NA	NA	NA	NA
NC_045512.2	29227	G	C	6590	1102	43	1	0	27	0.000151722	6591	1	FALSE	NA	NA	NA	NA	NA	NA
NC_045512.2	29229	G	A	6612	1095	43	1	0	34	0.000151217	6613	0.992204	FALSE	NA	NA	NA	NA	NA	NA
NC_045512.2	29231	A	G	6695	1145	43	1	0	46	0.000149343	6696	0.500037	FALSE	NA	NA	NA	NA	NA	NA
NC_045512.2	29232	T	C	6704	1225	43	1	0	34	0.000149142	6705	0.992204	FALSE	NA	NA	NA	NA	NA	NA
NC_045512.2	29233	T	C	6663	1254	44	1	0	38	0.00015006	6664	0.992204	FALSE	NA	NA	NA	NA	NA	NA
NC_045512.2	29234	G	T	7195	1301	44	1	0	34	0.000138966	7196	0.996104	FALSE	NA	NA	NA	NA	NA	NA
NC_045512.2	29235	G	A	7545	1349	44	3	0	34	0.000397456	7548	0.945394	FALSE	NA	NA	NA	NA	NA	NA
NC_045512.2	29236	C	A	7533	1362	44	1	0	34	0.000132732	7534	0.996103	FALSE	NA	NA	NA	NA	NA	NA
NC_045512.2	29237	A	G	7595	1365	44	2	0	51	0.000263262	7597	0.250016	FALSE	NA	NA	NA	NA	NA	NA
NC_045512.2	29239	G	T	7606	1366	44	2	1	34	0.000262847	7609	0.980496	FALSE	NA	NA	NA	NA	NA	NA
NC_045512.2	29239	G	A	7606	1366	44	1	0	34	0.000131423	7609	0.996099	FALSE	NA	NA	NA	NA	NA	NA
NC_045512.2	29242	A	G	8941	1482	43	1	0	34	0.000111832	8942	0.998052	FALSE	NA	NA	NA	NA	NA	NA
NC_045512.2	29243	G	C	8956	1478	43	1	1	60	0.000111557	8964	0.499833	FALSE	NA	NA	NA	NA	NA	NA
NC_045512.2	29243	G	A	8956	1478	43	7	0	34	0.000780901	8964	0.696457	FALSE	NA	NA	NA	NA	NA	NA
NC_045512.2	29244	T	C	8980	1505	43	5	1	47	0.000556483	8985	0.0312413	FALSE	NA	NA	NA	NA	NA	NA
NC_045512.2	29245	C	T	8994	1503	43	1	0	34	0.000111173	8995	0.998052	FALSE	NA	NA	NA	NA	NA	NA
NC_045512.2	29247	C	T	9028	1517	43	2	2	68	0.000221484	9030	0.250014	FALSE	NA	NA	NA	NA	NA	NA
NC_045512.2	29248	A	G	9124	1536	43	1	0	34	0.000109589	9125	0.999026	FALSE	NA	NA	NA	NA	NA	NA
NC_045512.2	29250	C	A	9695	1716	44	1	0	34	0.000103135	9696	0.999026	FALSE	NA	NA	NA	NA	NA	NA
NC_045512.2	29251	T	C	9708	1712	44	2	0	34	0.00020591	9713	0.994146	FALSE	NA	NA	NA	NA	NA	NA
NC_045512.2	29251	T	A	9708	1712	44	3	0	34	0.000308864	9713	0.980734	FALSE	NA	NA	NA	NA	NA	NA
NC_045512.2	29252	T	C	9796	1712	44	2	0	51	0.000204123	9798	0.250013	FALSE	NA	NA	NA	NA	NA	NA
NC_045512.2	29253	C	T	9826	1715	44	1	1	24	0.00010176	9827	1	FALSE	NA	NA	NA	NA	NA	NA
NC_045512.2	29255	G	T	9855	1720	44	1	1	26	0.000101461	9856	1	FALSE	NA	NA	NA	NA	NA	NA
NC_045512.2	29256	G	A	9931	1744	44	1	0	34	0.000100685	9932	0.999026	FALSE	NA	NA	NA	NA	NA	NA
NC_045512.2	29259	C	T	9979	1786	44	2	0	34	0.000200381	9981	0.994154	FALSE	NA	NA	NA	NA	NA	NA
NC_045512.2	29260	G	T	10015	1796	44	1	0	34	9.98303e-05	10017	0.999513	FALSE	NA	NA	NA	NA	NA	NA
NC_045512.2	29260	G	C	10015	1796	44	1	0	34	9.98303e-05	10017	0.999513	FALSE	NA	NA	NA	NA	NA	NA
NC_045512.2	29261	T	G	11149	1944	44	1	0	34	8.967e-05	11152	0.999756	FALSE	NA	NA	NA	NA	NA	NA
NC_045512.2	29261	T	C	11149	1944	44	1	0	34	8.967e-05	11152	0.999756	FALSE	NA	NA	NA	NA	NA	NA
NC_045512.2	29261	T	A	11149	1944	44	1	0	34	8.967e-05	11152	0.999756	FALSE	NA	NA	NA	NA	NA	NA
NC_045512.2	29262	G	A	11164	1939	44	1	0	34	8.95656e-05	11165	0.999757	FALSE	NA	NA	NA	NA	NA	NA
NC_045512.2	29263	G	A	11178	1950	44	2	0	34	0.000178891	11180	0.998296	FALSE	NA	NA	NA	NA	NA	NA
NC_045512.2	29264	T	C	11151	1899	41	1	1	68	8.967e-05	11152	0.500022	FALSE	NA	NA	NA	NA	NA	NA
NC_045512.2	29265	T	C	11138	1980	44	2	0	34	0.000179533	11140	0.998296	FALSE	NA	NA	NA	NA	NA	NA
NC_045512.2	29266	G	A	15256	2230	42	1	0	34	6.55437e-05	15257	0.999985	FALSE	NA	NA	NA	NA	NA	NA
NC_045512.2	29267	A	T	15547	2812	45	2	0	34	0.000128601	15552	0.999863	FALSE	NA	NA	NA	NA	NA	NA
NC_045512.2	29267	A	G	15547	2812	45	3	0	34	0.000192901	15552	0.999346	FALSE	NA	NA	NA	NA	NA	NA
NC_045512.2	29268	C	T	15830	2862	44	2	0	51	0.000126302	15835	0.249961	FALSE	NA	NA	NA	NA	NA	NA
NC_045512.2	29268	C	G	15830	2862	44	2	0	34	0.000126302	15835	0.999863	FALSE	NA	NA	NA	NA	NA	NA
NC_045512.2	29268	C	A	15830	2862	44	1	0	34	6.31512e-05	15835	0.999985	FALSE	NA	NA	NA	NA	NA	NA
NC_045512.2	29269	C	G	16001	2889	44	2	0	34	0.000124961	16005	0.999928	FALSE	NA	NA	NA	NA	NA	NA
NC_045512.2	29269	C	A	16001	2889	44	2	0	47	0.000124961	16005	0.499977	FALSE	NA	NA	NA	NA	NA	NA
NC_045512.2	29270	T	G	16096	2895	45	1	0	68	6.21118e-05	16100	0.499969	FALSE	NA	NA	NA	NA	NA	NA
NC_045512.2	29270	T	C	16096	2895	45	2	0	30	0.000124224	16100	0.999928	FALSE	NA	NA	NA	NA	NA	NA
NC_045512.2	29270	T	A	16096	2895	45	1	0	26	6.21118e-05	16100	1	FALSE	NA	NA	NA	NA	NA	NA
NC_045512.2	29271	A	G	17782	3049	44	1	1	60	5.62335e-05	17783	0.500014	FALSE	NA	NA	NA	NA	NA	NA
NC_045512.2	29272	C	T	17808	3087	44	1	1	68	5.61293e-05	17816	0.499916	FALSE	NA	NA	NA	NA	NA	NA
NC_045512.2	29272	C	G	17808	3087	44	1	0	34	5.61293e-05	17816	0.999996	FALSE	NA	NA	NA	NA	NA	NA
NC_045512.2	29272	C	A	17808	3087	44	6	0	31	0.000336776	17816	0.994699	FALSE	NA	NA	NA	NA	NA	NA
NC_045512.2	29274	C	T	17806	3088	44	1	0	34	5.61545e-05	17808	0.999996	FALSE	NA	NA	NA	NA	NA	NA
NC_045512.2	29274	C	A	17806	3088	44	1	0	26	5.61545e-05	17808	1	FALSE	NA	NA	NA	NA	NA	NA
NC_045512.2	29275	A	G	17843	3081	44	1	0	34	5.60412e-05	17844	0.999996	FALSE	NA	NA	NA	NA	NA	NA
NC_045512.2	29276	G	T	18111	3104	44	1	0	34	5.5209e-05	18113	0.999998	FALSE	NA	NA	NA	NA	NA	NA
NC_045512.2	29276	G	A	18111	3104	44	1	1	68	5.5209e-05	18113	0.5	FALSE	NA	NA	NA	NA	NA	NA
NC_045512.2	29277	G	C	18086	3303	45	1	0	26	5.52853e-05	18088	1	FALSE	NA	NA	NA	NA	NA	NA
NC_045512.2	29277	G	A	18086	3303	45	1	0	34	5.52853e-05	18088	0.999998	FALSE	NA	NA	NA	NA	NA	NA
NC_045512.2	29280	C	T	18157	3411	45	1	0	34	5.50721e-05	18158	0.999998	FALSE	NA	NA	NA	NA	NA	NA
NC_045512.2	29281	C	G	18242	3410	45	1	0	34	5.48155e-05	18243	0.999998	FALSE	NA	NA	NA	NA	NA	NA
NC_045512.2	29282	A	G	18342	3395	45	2	0	68	0.000109027	18344	0.250007	FALSE	NA	NA	NA	NA	NA	NA
NC_045512.2	29283	T	C	18236	3425	45	2	1	29	0.000109655	18239	1	FALSE	NA	NA	NA	NA	NA	NA
NC_045512.2	29283	T	A	18236	3425	45	1	0	26	5.48276e-05	18239	1	FALSE	NA	NA	NA	NA	NA	NA
NC_045512.2	29285	A	T	18290	3520	45	1	0	24	5.46687e-05	18292	1	FALSE	NA	NA	NA	NA	NA	NA
NC_045512.2	29285	A	G	18290	3520	45	1	0	34	5.46687e-05	18292	0.999998	FALSE	NA	NA	NA	NA	NA	NA
NC_045512.2	29286	A	G	17951	3524	44	1	0	34	5.57041e-05	17952	0.999996	FALSE	NA	NA	NA	NA	NA	NA
NC_045512.2	29287	A	G	18310	3533	45	1	0	26	5.4612e-05	18311	1	FALSE	NA	NA	NA	NA	NA	NA
NC_045512.2	29289	T	G	18239	3614	45	1	0	34	5.48186e-05	18242	0.999998	FALSE	NA	NA	NA	NA	NA	NA
NC_045512.2	29289	T	C	18239	3614	45	2	1	51	0.000109637	18242	0.249993	FALSE	NA	NA	NA	NA	NA	NA
NC_045512.2	29290	G	T	18547	3614	45	1	0	68	5.39113e-05	18549	0.5	FALSE	NA	NA	NA	NA	NA	NA
NC_045512.2	29290	G	A	18547	3614	45	1	0	34	5.39113e-05	18549	0.999998	FALSE	NA	NA	NA	NA	NA	NA
NC_045512.2	29292	A	G	18644	3668	46	1	0	34	5.36308e-05	18646	0.999998	FALSE	NA	NA	NA	NA	NA	NA
NC_045512.2	29292	A	C	18644	3668	46	1	0	26	5.36308e-05	18646	1	FALSE	NA	NA	NA	NA	NA	NA
NC_045512.2	29293	T	C	18600	3671	45	2	1	46	0.00010751	18603	0.5	FALSE	NA	NA	NA	NA	NA	NA
NC_045512.2	29293	T	A	18600	3671	45	1	0	34	5.37548e-05	18603	0.999998	FALSE	NA	NA	NA	NA	NA	NA
NC_045512.2	29294	G	C	18580	3707	46	1	0	34	5.38068e-05	18585	0.999998	FALSE	NA	NA	NA	NA	NA	NA
NC_045512.2	29294	G	A	18580	3707	46	4	0	31	0.000215227	18585	0.999574	FALSE	NA	NA	NA	NA	NA	NA
NC_045512.2	29295	A	T	18497	3734	46	1	1	24	5.40599e-05	18498	1	FALSE	NA	NA	NA	NA	NA	NA
NC_045512.2	29296	C	T	18746	3741	46	1	0	34	5.3339e-05	18748	0.999998	FALSE	NA	NA	NA	NA	NA	NA
NC_045512.2	29296	C	A	18746	3741	46	1	1	24	5.3339e-05	18748	1	FALSE	NA	NA	NA	NA	NA	NA
NC_045512.2	29297	A	G	18447	3908	46	2	0	29	0.000108407	18449	1	FALSE	NA	NA	NA	NA	NA	NA
NC_045512.2	29298	A	G	18810	3911	47	1	0	34	5.31604e-05	18811	0.999998	FALSE	NA	NA	NA	NA	NA	NA
NC_045512.2	29299	A	G	17278	3924	45	2	0	34	0.000115741	17280	0.999962	FALSE	NA	NA	NA	NA	NA	NA
NC_045512.2	29301	A	T	17641	4036	45	2	0	26	0.000113347	17645	1	FALSE	NA	NA	NA	NA	NA	NA
NC_045512.2	29301	A	G	17641	4036	45	2	0	34	0.000113347	17645	0.999962	FALSE	NA	NA	NA	NA	NA	NA
NC_045512.2	29302	T	C	18985	4048	47	3	2	68	0.000157995	18988	0.125	FALSE	NA	NA	NA	NA	NA	NA
NC_045512.2	29303	C	G	19003	4323	48	1	1	20	5.26177e-05	19005	1	FALSE	NA	NA	NA	NA	NA	NA
NC_045512.2	29303	C	A	19003	4323	48	1	0	34	5.26177e-05	19005	0.999999	FALSE	NA	NA	NA	NA	NA	NA
NC_045512.2	29305	A	T	18960	4445	48	1	1	20	5.27232e-05	18967	1	FALSE	NA	NA	NA	NA	NA	NA
NC_045512.2	29305	A	G	18960	4445	48	6	0	53	0.000316339	18967	0.0156188	FALSE	NA	NA	NA	NA	NA	NA
NC_045512.2	29306	A	G	18512	4527	47	1	0	34	5.40132e-05	18514	0.999998	FALSE	NA	NA	NA	NA	NA	NA
NC_045512.2	29306	A	C	18512	4527	47	1	0	26	5.40132e-05	18514	1	FALSE	NA	NA	NA	NA	NA	NA
NC_045512.2	29307	A	G	18652	4537	48	1	0	34	5.36107e-05	18653	0.999998	FALSE	NA	NA	NA	NA	NA	NA
NC_045512.2	29308	T	G	19077	4547	49	1	1	24	5.24082e-05	19081	1	FALSE	NA	NA	NA	NA	NA	NA
NC_045512.2	29308	T	C	19077	4547	49	2	0	51	0.000104816	19081	0.24998	FALSE	NA	NA	NA	NA	NA	NA
NC_045512.2	29308	T	A	19077	4547	49	1	0	26	5.24082e-05	19081	1	FALSE	NA	NA	NA	NA	NA	NA
NC_045512.2	29309	T	C	18978	4782	50	1	0	34	5.2687e-05	18980	0.999998	FALSE	NA	NA	NA	NA	NA	NA
NC_045512.2	29309	T	A	18978	4782	50	1	0	26	5.2687e-05	18980	1	FALSE	NA	NA	NA	NA	NA	NA
NC_045512.2	29310	T	A	18989	4833	49	1	0	26	5.26593e-05	18990	1	FALSE	NA	NA	NA	NA	NA	NA
NC_045512.2	29311	C	A	18989	4895	50	1	0	26	5.26593e-05	18990	1	FALSE	NA	NA	NA	NA	NA	NA
NC_045512.2	29312	A	G	19034	4919	49	4	1	59	0.000210106	19038	0.0624967	FALSE	NA	NA	NA	NA	NA	NA
NC_045512.2	29314	A	C	17408	5089	48	1	0	26	5.74416e-05	17409	1	FALSE	NA	NA	NA	NA	NA	NA
NC_045512.2	29315	G	C	19565	5107	50	1	0	34	5.11091e-05	19566	0.999999	FALSE	NA	NA	NA	NA	NA	NA
NC_045512.2	29316	A	G	18946	5143	49	2	1	53	0.000105552	18948	0.250007	FALSE	NA	NA	NA	NA	NA	NA
NC_045512.2	29317	T	C	19669	5121	50	1	0	34	5.08388e-05	19670	0.999999	FALSE	NA	NA	NA	NA	NA	NA
NC_045512.2	29318	C	A	19517	5199	50	1	0	26	5.12348e-05	19518	1	FALSE	NA	NA	NA	NA	NA	NA
NC_045512.2	29319	A	G	19655	5201	50	1	0	68	5.08751e-05	19656	0.500013	FALSE	NA	NA	NA	NA	NA	NA
NC_045512.2	29320	A	T	19505	5249	49	2	1	51	0.000102527	19507	0.250006	FALSE	NA	NA	NA	NA	NA	NA
NC_045512.2	29322	T	C	19554	5447	49	1	0	34	5.11352e-05	19556	0.999999	FALSE	NA	NA	NA	NA	NA	NA
NC_045512.2	29322	T	A	19554	5447	49	1	1	26	5.11352e-05	19556	1	FALSE	NA	NA	NA	NA	NA	NA
NC_045512.2	29323	C	T	19596	5487	49	2	1	53	0.000102051	19598	0.250006	FALSE	NA	NA	NA	NA	NA	NA
NC_045512.2	29324	A	T	19612	5437	50	1	0	26	5.09866e-05	19613	1	FALSE	NA	NA	NA	NA	NA	NA
NC_045512.2	29324	A	-T	19612	5437	50	1	0	20	5.09866e-05	19613	1	FALSE	NA	NA	NA	NA	NA	NA
NC_045512.2	29325	T	C	19599	5430	50	1	1	68	5.10204e-05	19600	0.5	FALSE	NA	NA	NA	NA	NA	NA
NC_045512.2	29326	T	C	19501	5530	48	5	1	46	0.000256305	19508	0.109345	FALSE	NA	NA	NA	NA	NA	NA
NC_045512.2	29326	T	A	19501	5530	48	2	0	30	0.000102522	19508	0.99999	FALSE	NA	NA	NA	NA	NA	NA
NC_045512.2	29327	T	C	19521	5689	50	3	1	49	0.000153649	19525	0.31249	FALSE	NA	NA	NA	NA	NA	NA
NC_045512.2	29327	T	A	19521	5689	50	1	0	26	5.12164e-05	19525	1	FALSE	NA	NA	NA	NA	NA	NA
NC_045512.2	29328	T	C	19526	5711	50	2	0	51	0.000102417	19528	0.250006	FALSE	NA	NA	NA	NA	NA	NA
NC_045512.2	29329	G	A	19508	5678	50	1	0	68	5.12584e-05	19509	0.500013	FALSE	NA	NA	NA	NA	NA	NA
NC_045512.2	29330	C	T	19255	5811	49	3	2	68	0.000155771	19259	0.12499	FALSE	NA	NA	NA	NA	NA	NA
NC_045512.2	29330	C	A	19255	5811	49	1	0	26	5.19238e-05	19259	1	FALSE	NA	NA	NA	NA	NA	NA
NC_045512.2	29331	T	C	19539	5791	50	5	3	50	0.00025582	19545	0.031242	FALSE	NA	NA	NA	NA	NA	NA
NC_045512.2	29331	T	A	19539	5791	50	1	0	26	5.1164e-05	19545	1	FALSE	NA	NA	NA	NA	NA	NA
NC_045512.2	29331	T	-GAATAA	19539	5791	50	1	0	20	5.1164e-05	19545	1	FALSE	NA	NA	NA	NA	NA	NA
NC_045512.2	29332	G	T	20091	5817	49	1	1	27	4.97686e-05	20093	1	FALSE	NA	NA	NA	NA	NA	NA
NC_045512.2	29332	G	A	20091	5817	49	1	0	26	4.97686e-05	20093	1	FALSE	NA	NA	NA	NA	NA	NA
NC_045512.2	29333	A	T	20235	5840	49	2	0	34	9.8824e-05	20238	0.999995	FALSE	NA	NA	NA	NA	NA	NA
NC_045512.2	29333	A	G	20235	5840	49	1	0	34	4.9412e-05	20238	1	FALSE	NA	NA	NA	NA	NA	NA
NC_045512.2	29334	A	C	20216	5856	49	1	1	27	4.94633e-05	20217	1	FALSE	NA	NA	NA	NA	NA	NA
NC_045512.2	29335	T	C	20097	5950	49	1	1	68	4.97562e-05	20098	0.5	FALSE	NA	NA	NA	NA	NA	NA
NC_045512.2	29337	A	G	20009	6054	49	1	0	34	4.9975e-05	20010	1	FALSE	NA	NA	NA	NA	NA	NA
NC_045512.2	29338	G	A	20674	6069	48	1	0	34	4.83676e-05	20675	1	FALSE	NA	NA	NA	NA	NA	NA
NC_045512.2	29339	C	T	20522	6328	48	1	1	68	4.87258e-05	20523	0.500012	FALSE	NA	NA	NA	NA	NA	NA
NC_045512.2	29340	A	G	20560	6389	47	2	0	34	9.72621e-05	20563	0.999995	FALSE	NA	NA	NA	NA	NA	NA
NC_045512.2	29340	A	C	20560	6389	47	1	1	34	4.8631e-05	20563	1	FALSE	NA	NA	NA	NA	NA	NA
NC_045512.2	29341	T	G	20216	5913	44	1	0	26	4.94535e-05	20221	1	FALSE	NA	NA	NA	NA	NA	NA
NC_045512.2	29341	T	C	20216	5913	44	2	0	51	9.89071e-05	20221	0.249969	FALSE	NA	NA	NA	NA	NA	NA
NC_045512.2	29341	T	A	20216	5913	44	2	1	30	9.89071e-05	20221	0.999995	FALSE	NA	NA	NA	NA	NA	NA
NC_045512.2	29342	A	T	20382	6457	47	1	0	26	4.90557e-05	20385	1	FALSE	NA	NA	NA	NA	NA	NA
NC_045512.2	29342	A	G	20382	6457	47	2	1	68	9.81114e-05	20385	0.249994	FALSE	NA	NA	NA	NA	NA	NA
NC_045512.2	29343	T	G	20331	6239	46	2	0	34	9.83623e-05	20333	0.999995	FALSE	NA	NA	NA	NA	NA	NA
NC_045512.2	29344	T	C	20496	6509	48	5	2	47	0.000243867	20503	0.226522	FALSE	NA	NA	NA	NA	NA	NA
NC_045512.2	29344	T	A	20496	6509	48	2	0	30	9.75467e-05	20503	0.999995	FALSE	NA	NA	NA	NA	NA	NA
NC_045512.2	29345	G	T	20572	6489	47	2	2	34	9.72053e-05	20575	0.999995	FALSE	NA	NA	NA	NA	NA	NA
NC_045512.2	29345	G	A	20572	6489	47	1	1	34	4.86027e-05	20575	1	FALSE	NA	NA	NA	NA	NA	NA
NC_045512.2	29346	A	G	20429	6530	47	4	0	34	0.000195762	20433	0.999862	FALSE	NA	NA	NA	NA	NA	NA
NC_045512.2	29347	C	T	20307	6497	48	2	1	51	9.84688e-05	20311	0.249982	FALSE	NA	NA	NA	NA	NA	NA
NC_045512.2	29347	C	G	20307	6497	48	2	0	30	9.84688e-05	20311	0.999995	FALSE	NA	NA	NA	NA	NA	NA
NC_045512.2	29348	G	T	20298	6478	47	2	1	27	9.85173e-05	20301	1	FALSE	NA	NA	NA	NA	NA	NA
NC_045512.2	29348	G	A	20298	6478	47	1	0	68	4.92587e-05	20301	0.499988	FALSE	NA	NA	NA	NA	NA	NA
NC_045512.2	29349	C	T	20145	6556	48	1	0	34	4.96376e-05	20146	1	FALSE	NA	NA	NA	NA	NA	NA
NC_045512.2	29350	A	G	20830	6639	48	1	1	34	4.80054e-05	20831	1	FALSE	NA	NA	NA	NA	NA	NA
NC_045512.2	29351	T	G	20901	6690	48	2	0	34	9.56755e-05	20904	0.999995	FALSE	NA	NA	NA	NA	NA	NA
NC_045512.2	29351	T	A	20901	6690	48	1	0	34	4.78377e-05	20904	1	FALSE	NA	NA	NA	NA	NA	NA
NC_045512.2	29352	A	T	20799	6724	47	2	1	47	9.61492e-05	20801	0.687527	FALSE	NA	NA	NA	NA	NA	NA
NC_045512.2	29353	C	T	20808	6963	47	1	0	68	4.80538e-05	20810	0.5	FALSE	NA	NA	NA	NA	NA	NA
NC_045512.2	29353	C	G	20808	6963	47	1	0	27	4.80538e-05	20810	1	FALSE	NA	NA	NA	NA	NA	NA
NC_045512.2	29353	C	-A	20808	6963	47	1	0	20	4.80538e-05	20810	1	FALSE	NA	NA	NA	NA	NA	NA
NC_045512.2	29354	A	T	20809	6950	47	1	0	27	4.80492e-05	20812	1	FALSE	NA	NA	NA	NA	NA	NA
NC_045512.2	29354	A	G	20809	6950	47	2	1	47	9.60984e-05	20812	0.687491	FALSE	NA	NA	NA	NA	NA	NA
NC_045512.2	29355	A	T	20773	7002	47	1	0	27	4.81348e-05	20775	1	FALSE	NA	NA	NA	NA	NA	NA
NC_045512.2	29355	A	G	20773	7002	47	1	1	68	4.81348e-05	20775	0.5	FALSE	NA	NA	NA	NA	NA	NA
NC_045512.2	29356	A	G	17553	7259	44	3	1	45	0.000170862	17558	0.312468	FALSE	NA	NA	NA	NA	NA	NA
NC_045512.2	29356	A	C	17553	7259	44	2	0	30	0.000113908	17558	0.999962	FALSE	NA	NA	NA	NA	NA	NA
NC_045512.2	29357	A	G	20341	7235	46	2	0	51	9.83139e-05	20343	0.250006	FALSE	NA	NA	NA	NA	NA	NA
NC_045512.2	29358	C	T	20674	7297	46	2	1	29	9.67305e-05	20676	1	FALSE	NA	NA	NA	NA	NA	NA
NC_045512.2	29359	A	G	20565	7863	48	1	0	68	4.86239e-05	20566	0.500012	FALSE	NA	NA	NA	NA	NA	NA
NC_045512.2	29360	T	C	20562	7991	49	1	1	38	4.86287e-05	20564	1	FALSE	NA	NA	NA	NA	NA	NA
NC_045512.2	29360	T	A	20562	7991	49	1	0	68	4.86287e-05	20564	0.5	FALSE	NA	NA	NA	NA	NA	NA
NC_045512.2	29361	T	C	20431	8077	48	1	0	68	4.89404e-05	20433	0.5	FALSE	NA	NA	NA	NA	NA	NA
NC_045512.2	29361	T	A	20431	8077	48	1	0	27	4.89404e-05	20433	1	FALSE	NA	NA	NA	NA	NA	NA
NC_045512.2	29361	T	-C	20431	8077	48	1	0	20	4.89404e-05	20433	1	FALSE	NA	NA	NA	NA	NA	NA
NC_045512.2	29362	C	T	20715	8192	48	1	0	34	4.82719e-05	20716	1	FALSE	NA	NA	NA	NA	NA	NA
NC_045512.2	29363	C	G	20657	8122	48	1	0	34	4.84051e-05	20659	1	FALSE	NA	NA	NA	NA	NA	NA
NC_045512.2	29363	C	A	20657	8122	48	1	0	26	4.84051e-05	20659	1	FALSE	NA	NA	NA	NA	NA	NA
NC_045512.2	29364	C	T	21349	8322	48	1	0	34	4.68384e-05	21350	1	FALSE	NA	NA	NA	NA	NA	NA
NC_045512.2	29366	C	G	21437	8542	48	2	0	35	9.32792e-05	21441	0.999997	FALSE	NA	NA	NA	NA	NA	NA
NC_045512.2	29366	C	A	21437	8542	48	2	0	30	9.32792e-05	21441	0.999997	FALSE	NA	NA	NA	NA	NA	NA
NC_045512.2	29367	C	A	21314	8620	48	1	0	34	4.69153e-05	21315	1	FALSE	NA	NA	NA	NA	NA	NA
NC_045512.2	29368	A	T	21475	8550	48	1	0	34	4.65636e-05	21476	1	FALSE	NA	NA	NA	NA	NA	NA
NC_045512.2	29369	A	T	20179	8559	46	2	2	30	9.90933e-05	20183	0.999995	FALSE	NA	NA	NA	NA	NA	NA
NC_045512.2	29369	A	G	20179	8559	46	1	1	46	4.95466e-05	20183	0.874991	FALSE	NA	NA	NA	NA	NA	NA
NC_045512.2	29369	A	C	20179	8559	46	1	1	27	4.95466e-05	20183	1	FALSE	NA	NA	NA	NA	NA	NA
NC_045512.2	29370	C	T	21224	8603	47	1	0	34	4.71143e-05	21225	1	FALSE	NA	NA	NA	NA	NA	NA
NC_045512.2	29371	A	T	20987	8397	47	4	3	30	0.000190531	20994	0.999862	FALSE	NA	NA	NA	NA	NA	NA
NC_045512.2	29371	A	G	20987	8397	47	3	1	56	0.000142898	20994	0.124964	FALSE	NA	NA	NA	NA	NA	NA
NC_045512.2	29372	G	T	20810	8210	47	1	0	46	4.80446e-05	20814	0.874991	FALSE	NA	NA	NA	NA	NA	NA
NC_045512.2	29372	G	C	20810	8210	47	3	2	43	0.000144134	20814	0.5	FALSE	NA	NA	NA	NA	NA	NA
NC_045512.2	29373	A	G	20536	8397	49	1	0	60	4.86926e-05	20537	0.500012	FALSE	NA	NA	NA	NA	NA	NA
NC_045512.2	29374	G	A	20762	8397	48	1	1	34	4.81626e-05	20763	1	FALSE	NA	NA	NA	NA	NA	NA
NC_045512.2	29375	C	G	20871	8907	50	1	0	60	4.79111e-05	20872	0.500012	FALSE	NA	NA	NA	NA	NA	NA
NC_045512.2	29376	C	A	20892	8928	50	2	0	51	9.57213e-05	20894	0.250006	FALSE	NA	NA	NA	NA	NA	NA
NC_045512.2	29377	T	C	20864	8929	50	2	0	51	9.58359e-05	20869	0.24997	FALSE	NA	NA	NA	NA	NA	NA
NC_045512.2	29377	T	A	20864	8929	50	3	2	38	0.000143754	20869	0.999967	FALSE	NA	NA	NA	NA	NA	NA
NC_045512.2	29377	T	-A	20864	8929	50	5	0	20	0.00023959	20869	1	FALSE	NA	NA	NA	NA	NA	NA
NC_045512.2	29377	T	+A	20864	8929	50	1	0	20	4.7918e-05	20869	1	FALSE	NA	NA	NA	NA	NA	NA
NC_045512.2	29378	A	G	20672	8906	49	1	0	68	4.83723e-05	20673	0.499952	FALSE	NA	NA	NA	NA	NA	NA
NC_045512.2	29379	A	G	20896	8992	50	1	1	68	4.78538e-05	20897	0.500012	FALSE	NA	NA	NA	NA	NA	NA
NC_045512.2	29380	A	G	20419	9624	50	1	0	34	4.89716e-05	20420	1	FALSE	NA	NA	NA	NA	NA	NA
NC_045512.2	29381	A	T	21009	9581	51	1	1	26	4.75896e-05	21013	1	FALSE	NA	NA	NA	NA	NA	NA
NC_045512.2	29381	A	G	21009	9581	51	3	3	50	0.000142769	21013	0.124991	FALSE	NA	NA	NA	NA	NA	NA
NC_045512.2	29382	A	T	20643	9603	50	2	1	64	9.68711e-05	20646	0.249994	FALSE	NA	NA	NA	NA	NA	NA
NC_045512.2	29382	A	G	20643	9603	50	1	0	60	4.84355e-05	20646	0.499988	FALSE	NA	NA	NA	NA	NA	NA
NC_045512.2	29383	G	T	20630	9276	51	1	1	68	4.84684e-05	20632	0.5	FALSE	NA	NA	NA	NA	NA	NA
NC_045512.2	29383	G	A	20630	9276	51	1	1	34	4.84684e-05	20632	1	FALSE	NA	NA	NA	NA	NA	NA
NC_045512.2	29384	G	C	20518	9383	51	1	0	46	4.87329e-05	20520	0.875009	FALSE	NA	NA	NA	NA	NA	NA
NC_045512.2	29384	G	A	20518	9383	51	1	0	34	4.87329e-05	20520	1	FALSE	NA	NA	NA	NA	NA	NA
NC_045512.2	29385	A	T	20984	11006	54	3	3	29	0.000142918	20991	1	FALSE	NA	NA	NA	NA	NA	NA
NC_045512.2	29385	A	G	20984	11006	54	4	0	42	0.000190558	20991	0.343694	FALSE	NA	NA	NA	NA	NA	NA
NC_045512.2	29386	C	T	21001	11389	54	3	1	56	0.00014283	21004	0.125	FALSE	NA	NA	NA	NA	NA	NA
NC_045512.2	29386	C	-A	21001	11389	54	1	0	20	4.761e-05	21004	1	FALSE	NA	NA	NA	NA	NA	NA
NC_045512.2	29387	A	T	20920	11361	54	2	2	25	9.55932e-05	20922	1	FALSE	NA	NA	NA	NA	NA	NA
NC_045512.2	29389	A	T	20308	11460	50	4	2	30	0.000196899	20315	0.999862	FALSE	NA	NA	NA	NA	NA	NA
NC_045512.2	29389	A	G	20308	11460	50	1	1	38	4.92247e-05	20315	1	FALSE	NA	NA	NA	NA	NA	NA
NC_045512.2	29389	A	C	20308	11460	50	2	1	25	9.84494e-05	20315	1	FALSE	NA	NA	NA	NA	NA	NA
NC_045512.2	29390	A	T	21050	11406	55	1	1	27	4.75014e-05	21052	1	FALSE	NA	NA	NA	NA	NA	NA
NC_045512.2	29390	A	G	21050	11406	55	1	0	34	4.75014e-05	21052	1	FALSE	NA	NA	NA	NA	NA	NA
NC_045512.2	29391	A	G	20910	11557	53	2	1	51	9.56389e-05	20912	0.249994	FALSE	NA	NA	NA	NA	NA	NA
NC_045512.2	29392	G	C	21154	11831	53	1	0	26	4.72679e-05	21156	1	FALSE	NA	NA	NA	NA	NA	NA
NC_045512.2	29392	G	A	21154	11831	53	1	1	26	4.72679e-05	21156	1	FALSE	NA	NA	NA	NA	NA	NA
NC_045512.2	29393	A	T	20858	12503	50	2	1	34	9.58589e-05	20864	0.999995	FALSE	NA	NA	NA	NA	NA	NA
NC_045512.2	29393	A	G	20858	12503	50	4	3	52	0.000191718	20864	0.062479	FALSE	NA	NA	NA	NA	NA	NA
NC_045512.2	29394	A	G	21314	12589	54	4	3	57	0.000187635	21318	0.0624912	FALSE	NA	NA	NA	NA	NA	NA
NC_045512.2	29395	G	C	21222	12610	54	1	1	34	4.71165e-05	21224	1	FALSE	NA	NA	NA	NA	NA	NA
NC_045512.2	29395	G	A	21222	12610	54	1	0	60	4.71165e-05	21224	0.499988	FALSE	NA	NA	NA	NA	NA	NA
NC_045512.2	29396	A	T	21017	12932	50	2	0	23	9.5152e-05	21019	1	FALSE	NA	NA	NA	NA	NA	NA
NC_045512.2	29397	A	T	21436	13065	55	1	1	27	4.6644e-05	21439	1	FALSE	NA	NA	NA	NA	NA	NA
NC_045512.2	29397	A	G	21436	13065	55	2	1	51	9.32879e-05	21439	0.249983	FALSE	NA	NA	NA	NA	NA	NA
NC_045512.2	29399	G	A	21423	13172	54	1	1	34	4.66766e-05	21424	1	FALSE	NA	NA	NA	NA	NA	NA
NC_045512.2	29401	T	C	21103	13527	55	2	0	68	9.47598e-05	21106	0.249982	FALSE	NA	NA	NA	NA	NA	NA
NC_045512.2	29401	T	A	21103	13527	55	1	0	20	4.73799e-05	21106	1	FALSE	NA	NA	NA	NA	NA	NA
NC_045512.2	29402	G	A	21417	13880	56	2	0	68	9.3375e-05	21419	0.249994	FALSE	NA	NA	NA	NA	NA	NA
NC_045512.2	29404	T	A	21590	14138	56	1	1	34	4.63156e-05	21591	1	FALSE	NA	NA	NA	NA	NA	NA
NC_045512.2	29404	T	+TTTTTTTTTTTTTTTTT	21590	14138	56	1	0	20	4.63156e-05	21591	1	FALSE	NA	NA	NA	NA	NA	NA
NC_045512.2	29405	G	A	21514	14083	56	1	1	34	4.64792e-05	21515	1	FALSE	NA	NA	NA	NA	NA	NA
NC_045512.2	29406	A	G	21389	13955	56	3	2	58	0.000140239	21392	0.125	FALSE	NA	NA	NA	NA	NA	NA
NC_045512.2	29407	A	G	21361	13941	56	3	3	45	0.000140423	21364	0.500022	FALSE	NA	NA	NA	NA	NA	NA
NC_045512.2	29408	A	T	22067	14285	56	1	1	26	4.53124e-05	22069	1	FALSE	NA	NA	NA	NA	NA	NA
NC_045512.2	29408	A	G	22067	14285	56	1	0	68	4.53124e-05	22069	0.5	FALSE	NA	NA	NA	NA	NA	NA
NC_045512.2	29409	C	T	22120	14404	56	2	2	68	9.04077e-05	22122	0.250006	FALSE	NA	NA	NA	NA	NA	NA
NC_045512.2	29410	T	C	22106	14387	56	2	1	31	9.04609e-05	22109	0.999999	FALSE	NA	NA	NA	NA	NA	NA
NC_045512.2	29410	T	A	22106	14387	56	1	1	34	4.52304e-05	22109	1	FALSE	NA	NA	NA	NA	NA	NA
NC_045512.2	29412	A	T	21717	14585	55	2	2	26	9.20598e-05	21725	1	FALSE	NA	NA	NA	NA	NA	NA
NC_045512.2	29412	A	G	21717	14585	55	5	3	42	0.00023015	21725	0.226506	FALSE	NA	NA	NA	NA	NA	NA
NC_045512.2	29412	A	C	21717	14585	55	1	1	26	4.60299e-05	21725	1	FALSE	NA	NA	NA	NA	NA	NA
NC_045512.2	29413	A	T	21764	14631	55	1	1	34	4.59348e-05	21770	1	FALSE	NA	NA	NA	NA	NA	NA
NC_045512.2	29413	A	G	21764	14631	55	4	4	57	0.000183739	21770	0.0624856	FALSE	NA	NA	NA	NA	NA	NA
NC_045512.2	29413	A	C	21764	14631	55	1	1	68	4.59348e-05	21770	0.499954	FALSE	NA	NA	NA	NA	NA	NA
NC_045512.2	29414	G	T	21731	14612	55	2	1	47	9.20175e-05	21735	0.687491	FALSE	NA	NA	NA	NA	NA	NA
NC_045512.2	29414	G	C	21731	14612	55	1	1	34	4.60087e-05	21735	1	FALSE	NA	NA	NA	NA	NA	NA
NC_045512.2	29414	G	A	21731	14612	55	1	0	46	4.60087e-05	21735	0.874991	FALSE	NA	NA	NA	NA	NA	NA
NC_045512.2	29415	C	T	21856	14736	55	3	3	34	0.000137237	21860	0.999982	FALSE	NA	NA	NA	NA	NA	NA
NC_045512.2	29415	C	A	21856	14736	55	1	0	34	4.57457e-05	21860	1	FALSE	NA	NA	NA	NA	NA	NA
NC_045512.2	29416	C	A	21758	16488	49	2	1	26	9.19118e-05	21760	1	FALSE	NA	NA	NA	NA	NA	NA
NC_045512.2	29417	T	G	20458	15269	50	1	0	27	4.88663e-05	20464	1	FALSE	NA	NA	NA	NA	NA	NA
NC_045512.2	29417	T	C	20458	15269	50	2	1	29	9.77326e-05	20464	1	FALSE	NA	NA	NA	NA	NA	NA
NC_045512.2	29417	T	A	20458	15269	50	3	2	31	0.000146599	20464	0.999967	FALSE	NA	NA	NA	NA	NA	NA
NC_045512.2	29418	T	C	20410	15269	49	2	2	34	9.7972e-05	20414	0.999995	FALSE	NA	NA	NA	NA	NA	NA
NC_045512.2	29418	T	A	20410	15269	49	2	2	29	9.7972e-05	20414	1	FALSE	NA	NA	NA	NA	NA	NA
NC_045512.2	29419	A	G	20246	15190	49	1	0	68	4.939e-05	20247	0.500012	FALSE	NA	NA	NA	NA	NA	NA
NC_045512.2	29420	C	A	20452	15509	49	2	0	23	9.77804e-05	20454	1	FALSE	NA	NA	NA	NA	NA	NA
NC_045512.2	29422	G	C	20229	16016	47	1	1	34	4.94291e-05	20231	1	FALSE	NA	NA	NA	NA	NA	NA
NC_045512.2	29422	G	A	20229	16016	47	1	0	68	4.94291e-05	20231	0.5	FALSE	NA	NA	NA	NA	NA	NA
NC_045512.2	29423	C	T	20185	15972	47	3	2	56	0.000148588	20190	0.124981	FALSE	NA	NA	NA	NA	NA	NA
NC_045512.2	29423	C	G	20185	15972	47	2	2	26	9.90589e-05	20190	1	FALSE	NA	NA	NA	NA	NA	NA
NC_045512.2	29424	A	T	19992	15810	47	1	0	68	5.00175e-05	19993	0.500013	FALSE	NA	NA	NA	NA	NA	NA
NC_045512.2	29425	G	C	19900	15726	47	3	2	31	0.000150731	19903	0.99994	FALSE	NA	NA	NA	NA	NA	NA
NC_045512.2	29427	G	T	19836	15784	47	2	2	30	0.000100796	19842	0.99999	FALSE	NA	NA	NA	NA	NA	NA
NC_045512.2	29427	G	C	19836	15784	47	3	3	34	0.000151194	19842	0.99994	FALSE	NA	NA	NA	NA	NA	NA
NC_045512.2	29427	G	A	19836	15784	47	1	1	34	5.03981e-05	19842	0.999999	FALSE	NA	NA	NA	NA	NA	NA
NC_045512.2	29428	A	T	19709	15684	44	1	1	26	5.07331e-05	19711	1	FALSE	NA	NA	NA	NA	NA	NA
NC_045512.2	29428	A	C	19709	15684	44	1	1	34	5.07331e-05	19711	0.999999	FALSE	NA	NA	NA	NA	NA	NA
NC_045512.2	29429	C	G	19795	15726	47	2	2	51	0.000101025	19797	0.250006	FALSE	NA	NA	NA	NA	NA	NA
NC_045512.2	29430	A	T	19675	15610	47	3	3	31	0.000152424	19682	0.99994	FALSE	NA	NA	NA	NA	NA	NA
NC_045512.2	29430	A	G	19675	15610	47	3	2	42	0.000152424	19682	0.312433	FALSE	NA	NA	NA	NA	NA	NA
NC_045512.2	29430	A	C	19675	15610	47	1	1	34	5.08078e-05	19682	0.999999	FALSE	NA	NA	NA	NA	NA	NA
NC_045512.2	29431	G	T	19620	15566	47	1	0	68	5.09606e-05	19623	0.499987	FALSE	NA	NA	NA	NA	NA	NA
NC_045512.2	29431	G	C	19620	15566	47	2	2	34	0.000101921	19623	0.99999	FALSE	NA	NA	NA	NA	NA	NA
NC_045512.2	29432	A	T	19655	15595	47	1	1	26	5.08699e-05	19658	1	FALSE	NA	NA	NA	NA	NA	NA
NC_045512.2	29432	A	G	19655	15595	47	2	1	68	0.00010174	19658	0.249994	FALSE	NA	NA	NA	NA	NA	NA
NC_045512.2	29433	A	C	19743	15700	47	1	0	68	5.06483e-05	19744	0.500013	FALSE	NA	NA	NA	NA	NA	NA
NC_045512.2	29434	G	T	19590	15574	47	1	1	34	5.1036e-05	19594	0.999999	FALSE	NA	NA	NA	NA	NA	NA
NC_045512.2	29434	G	C	19590	15574	47	3	3	30	0.000153108	19594	0.99994	FALSE	NA	NA	NA	NA	NA	NA
NC_045512.2	29435	A	T	19613	15579	47	2	2	34	0.000101958	19616	0.99999	FALSE	NA	NA	NA	NA	NA	NA
NC_045512.2	29435	A	C	19613	15579	47	1	1	26	5.09788e-05	19616	1	FALSE	NA	NA	NA	NA	NA	NA
NC_045512.2	29436	A	G	19287	15279	47	1	1	34	5.1843e-05	19289	0.999999	FALSE	NA	NA	NA	NA	NA	NA
NC_045512.2	29436	A	C	19287	15279	47	1	1	34	5.1843e-05	19289	0.999999	FALSE	NA	NA	NA	NA	NA	NA
NC_045512.2	29437	A	C	19411	15402	47	1	1	34	5.15145e-05	19412	0.999999	FALSE	NA	NA	NA	NA	NA	NA
NC_045512.2	29438	C	T	19459	15459	47	3	2	49	0.000154147	19462	0.31251	FALSE	NA	NA	NA	NA	NA	NA
NC_045512.2	29439	A	T	19147	15146	47	1	0	20	5.22193e-05	19150	1	FALSE	NA	NA	NA	NA	NA	NA
NC_045512.2	29439	A	G	19147	15146	47	1	1	34	5.22193e-05	19150	0.999999	FALSE	NA	NA	NA	NA	NA	NA
NC_045512.2	29439	A	C	19147	15146	47	1	1	26	5.22193e-05	19150	1	FALSE	NA	NA	NA	NA	NA	NA
NC_045512.2	29440	G	C	19082	15128	47	2	2	34	0.000104789	19086	0.99999	FALSE	NA	NA	NA	NA	NA	NA
NC_045512.2	29440	G	A	19082	15128	47	2	1	57	0.000104789	19086	0.24998	FALSE	NA	NA	NA	NA	NA	NA
NC_045512.2	29441	C	T	19234	15346	47	1	1	34	5.19805e-05	19238	0.999999	FALSE	NA	NA	NA	NA	NA	NA
NC_045512.2	29441	C	G	19234	15346	47	1	1	34	5.19805e-05	19238	0.999999	FALSE	NA	NA	NA	NA	NA	NA
NC_045512.2	29441	C	A	19234	15346	47	2	1	27	0.000103961	19238	1	FALSE	NA	NA	NA	NA	NA	NA
NC_045512.2	29443	A	G	19151	15277	47	1	1	26	5.22139e-05	19152	1	FALSE	NA	NA	NA	NA	NA	NA
NC_045512.2	29444	A	T	18942	15410	39	1	1	20	5.27732e-05	18949	1	FALSE	NA	NA	NA	NA	NA	NA
NC_045512.2	29444	A	G	18942	15410	39	2	1	51	0.000105546	18949	0.249941	FALSE	NA	NA	NA	NA	NA	NA
NC_045512.2	29444	A	C	18942	15410	39	4	2	27	0.000211093	18949	1	FALSE	NA	NA	NA	NA	NA	NA
NC_045512.2	29445	C	T	19185	15389	47	2	2	34	0.000104237	19187	0.99999	FALSE	NA	NA	NA	NA	NA	NA
NC_045512.2	29446	T	C	18314	14506	46	2	1	51	0.000109188	18317	0.249993	FALSE	NA	NA	NA	NA	NA	NA
NC_045512.2	29446	T	A	18314	14506	46	1	1	26	5.45941e-05	18317	1	FALSE	NA	NA	NA	NA	NA	NA
NC_045512.2	29447	G	C	18848	15042	46	1	1	34	5.30504e-05	18850	0.999998	FALSE	NA	NA	NA	NA	NA	NA
NC_045512.2	29447	G	A	18848	15042	46	1	1	34	5.30504e-05	18850	0.999998	FALSE	NA	NA	NA	NA	NA	NA
NC_045512.2	29448	T	C	18671	14892	47	2	2	29	0.000107107	18673	1	FALSE	NA	NA	NA	NA	NA	NA
NC_045512.2	29449	G	C	18769	14981	47	2	2	34	0.000106547	18771	0.99998	FALSE	NA	NA	NA	NA	NA	NA
NC_045512.2	29450	A	T	18541	14778	46	2	2	29	0.000107846	18545	1	FALSE	NA	NA	NA	NA	NA	NA
NC_045512.2	29450	A	G	18541	14778	46	2	1	51	0.000107846	18545	0.24998	FALSE	NA	NA	NA	NA	NA	NA
NC_045512.2	29451	C	T	18723	15079	46	1	1	34	5.34045e-05	18725	0.999998	FALSE	NA	NA	NA	NA	NA	NA
NC_045512.2	29451	C	A	18723	15079	46	1	1	34	5.34045e-05	18725	0.999998	FALSE	NA	NA	NA	NA	NA	NA
NC_045512.2	29452	T	C	17834	14185	45	2	1	51	0.000112114	17839	0.249965	FALSE	NA	NA	NA	NA	NA	NA
NC_045512.2	29452	T	A	17834	14185	45	3	3	31	0.000168171	17839	0.999799	FALSE	NA	NA	NA	NA	NA	NA
NC_045512.2	29453	C	T	18450	14822	46	1	1	34	5.41976e-05	18451	0.999998	FALSE	NA	NA	NA	NA	NA	NA
NC_045512.2	29454	T	C	17569	13969	47	2	2	34	0.000113824	17571	0.999962	FALSE	NA	NA	NA	NA	NA	NA
NC_045512.2	29455	T	C	15599	12009	43	2	2	26	0.000128189	15602	1	FALSE	NA	NA	NA	NA	NA	NA
NC_045512.2	29455	T	A	15599	12009	43	1	1	26	6.40943e-05	15602	1	FALSE	NA	NA	NA	NA	NA	NA
NC_045512.2	29457	T	C	17366	13798	47	3	3	45	0.000172722	17369	0.312511	FALSE	NA	NA	NA	NA	NA	NA
NC_045512.2	29458	T	C	16138	12578	44	2	2	34	0.0001239	16142	0.999928	FALSE	NA	NA	NA	NA	NA	NA
NC_045512.2	29458	T	A	16138	12578	44	2	1	25	0.0001239	16142	1	FALSE	NA	NA	NA	NA	NA	NA
NC_045512.2	29459	C	T	17241	13659	47	1	1	34	5.79945e-05	17243	0.999996	FALSE	NA	NA	NA	NA	NA	NA
NC_045512.2	29459	C	G	17241	13659	47	1	1	26	5.79945e-05	17243	1	FALSE	NA	NA	NA	NA	NA	NA
NC_045512.2	29460	C	T	16709	13191	47	2	1	51	0.000119682	16711	0.250007	FALSE	NA	NA	NA	NA	NA	NA
NC_045512.2	29461	T	C	16599	13058	47	1	1	34	6.0241e-05	16600	0.999992	FALSE	NA	NA	NA	NA	NA	NA
NC_045512.2	29462	G	T	16283	12775	47	1	1	34	6.13987e-05	16287	0.999992	FALSE	NA	NA	NA	NA	NA	NA
NC_045512.2	29462	G	C	16283	12775	47	2	2	30	0.000122797	16287	0.999928	FALSE	NA	NA	NA	NA	NA	NA
NC_045512.2	29462	G	A	16283	12775	47	1	1	34	6.13987e-05	16287	0.999992	FALSE	NA	NA	NA	NA	NA	NA
NC_045512.2	29463	C	T	16371	13130	47	2	2	51	0.000122145	16374	0.249992	FALSE	NA	NA	NA	NA	NA	NA
NC_045512.2	29463	C	A	16371	13130	47	1	0	26	6.10724e-05	16374	1	FALSE	NA	NA	NA	NA	NA	NA
NC_045512.2	29464	T	C	16135	12883	47	3	3	45	0.000185874	16140	0.312465	FALSE	NA	NA	NA	NA	NA	NA
NC_045512.2	29464	T	A	16135	12883	47	2	1	27	0.000123916	16140	1	FALSE	NA	NA	NA	NA	NA	NA
NC_045512.2	29465	G	C	15993	12759	47	2	2	34	0.000125039	15995	0.999863	FALSE	NA	NA	NA	NA	NA	NA
NC_045512.2	29467	A	G	15913	12667	46	2	2	51	0.000125668	15915	0.250008	FALSE	NA	NA	NA	NA	NA	NA
NC_045512.2	29468	G	T	16020	12791	47	1	1	68	6.24142e-05	16022	0.5	FALSE	NA	NA	NA	NA	NA	NA
NC_045512.2	29468	G	A	16020	12791	47	1	0	27	6.24142e-05	16022	1	FALSE	NA	NA	NA	NA	NA	NA
NC_045512.2	29469	A	G	15953	12727	46	1	1	24	6.26802e-05	15954	1	FALSE	NA	NA	NA	NA	NA	NA
NC_045512.2	29470	T	G	15593	12372	46	1	1	26	6.41231e-05	15595	1	FALSE	NA	NA	NA	NA	NA	NA
NC_045512.2	29470	T	C	15593	12372	46	1	0	24	6.41231e-05	15595	1	FALSE	NA	NA	NA	NA	NA	NA
NC_045512.2	29472	T	G	15332	12149	46	2	2	26	0.000130421	15335	1	FALSE	NA	NA	NA	NA	NA	NA
NC_045512.2	29472	T	A	15332	12149	46	1	1	34	6.52103e-05	15335	0.999985	FALSE	NA	NA	NA	NA	NA	NA
NC_045512.2	29473	G	T	15715	12551	47	3	3	31	0.000190852	15719	0.999346	FALSE	NA	NA	NA	NA	NA	NA
NC_045512.2	29473	G	C	15715	12551	47	1	1	34	6.36173e-05	15719	0.999985	FALSE	NA	NA	NA	NA	NA	NA
NC_045512.2	29474	G	T	15730	12574	47	2	2	30	0.000127121	15733	0.999863	FALSE	NA	NA	NA	NA	NA	NA
NC_045512.2	29474	G	A	15730	12574	47	1	1	38	6.35607e-05	15733	0.999985	FALSE	NA	NA	NA	NA	NA	NA
NC_045512.2	29475	A	C	15776	12647	47	1	1	34	6.33834e-05	15777	0.999985	FALSE	NA	NA	NA	NA	NA	NA
NC_045512.2	29476	T	C	15786	12666	47	2	2	34	0.00012667	15789	0.999863	FALSE	NA	NA	NA	NA	NA	NA
NC_045512.2	29476	T	A	15786	12666	47	1	1	34	6.33352e-05	15789	0.999985	FALSE	NA	NA	NA	NA	NA	NA
NC_045512.2	29477	G	A	15366	12273	47	2	2	34	0.000130141	15368	0.999863	FALSE	NA	NA	NA	NA	NA	NA
NC_045512.2	29478	A	T	15285	12186	46	1	0	27	6.54193e-05	15286	1	FALSE	NA	NA	NA	NA	NA	NA
NC_045512.2	29480	T	C	15334	12251	47	2	2	34	0.000130412	15336	0.999863	FALSE	NA	NA	NA	NA	NA	NA
NC_045512.2	29481	T	A	13962	10885	45	1	1	34	7.16178e-05	13963	0.999939	FALSE	NA	NA	NA	NA	NA	NA
NC_045512.2	29483	T	C	15286	12490	46	2	2	68	0.000130813	15289	0.249992	FALSE	NA	NA	NA	NA	NA	NA
NC_045512.2	29483	T	A	15286	12490	46	1	0	27	6.54065e-05	15289	1	FALSE	NA	NA	NA	NA	NA	NA
NC_045512.2	29486	A	T	15054	12282	45	1	1	34	6.64187e-05	15056	0.999985	FALSE	NA	NA	NA	NA	NA	NA
NC_045512.2	29486	A	G	15054	12282	45	1	1	34	6.64187e-05	15056	0.999985	FALSE	NA	NA	NA	NA	NA	NA
NC_045512.2	29487	A	G	15109	12387	44	1	1	34	6.61813e-05	15110	0.999985	FALSE	NA	NA	NA	NA	NA	NA
NC_045512.2	29488	A	G	14963	12431	42	1	1	34	6.68181e-05	14966	0.99997	FALSE	NA	NA	NA	NA	NA	NA
NC_045512.2	29488	A	C	14963	12431	42	2	0	23	0.000133636	14966	1	FALSE	NA	NA	NA	NA	NA	NA
NC_045512.2	29490	A	G	14922	12441	44	1	1	34	6.70107e-05	14923	0.99997	FALSE	NA	NA	NA	NA	NA	NA
NC_045512.2	29492	T	A	14838	12472	44	1	0	24	6.739e-05	14839	1	FALSE	NA	NA	NA	NA	NA	NA
NC_045512.2	29493	T	C	14824	12453	44	5	3	48	0.000337177	14829	0.109367	FALSE	NA	NA	NA	NA	NA	NA
NC_045512.2	29494	G	T	14702	12331	44	3	3	42	0.000203984	14707	0.312462	FALSE	NA	NA	NA	NA	NA	NA
NC_045512.2	29494	G	C	14702	12331	44	1	1	34	6.79948e-05	14707	0.99997	FALSE	NA	NA	NA	NA	NA	NA
NC_045512.2	29494	G	A	14702	12331	44	1	1	34	6.79948e-05	14707	0.99997	FALSE	NA	NA	NA	NA	NA	NA
NC_045512.2	29495	C	T	14762	12464	44	1	1	68	6.77369e-05	14763	0.500017	FALSE	NA	NA	NA	NA	NA	NA
NC_045512.2	29496	A	T	14499	12198	43	1	1	26	6.89655e-05	14500	1	FALSE	NA	NA	NA	NA	NA	NA
NC_045512.2	29497	A	T	14680	12394	43	1	0	68	6.81153e-05	14681	0.500017	FALSE	NA	NA	NA	NA	NA	NA
NC_045512.2	29499	A	G	14152	11907	43	2	2	30	0.000141303	14154	0.999742	FALSE	NA	NA	NA	NA	NA	NA
NC_045512.2	29500	A	G	14153	11929	44	1	1	34	7.06514e-05	14154	0.99997	FALSE	NA	NA	NA	NA	NA	NA
NC_045512.2	29501	T	C	14182	12232	43	1	1	34	7.05069e-05	14183	0.99997	FALSE	NA	NA	NA	NA	NA	NA
NC_045512.2	29504	A	T	13824	11914	42	1	1	26	7.23327e-05	13825	1	FALSE	NA	NA	NA	NA	NA	NA
NC_045512.2	29505	T	C	13446	11546	42	1	1	34	7.4366e-05	13447	0.999939	FALSE	NA	NA	NA	NA	NA	NA
NC_045512.2	29506	G	T	13771	11914	42	1	1	26	7.26111e-05	13772	1	FALSE	NA	NA	NA	NA	NA	NA
NC_045512.2	29508	G	T	12758	10928	41	2	2	34	0.000156703	12763	0.999086	FALSE	NA	NA	NA	NA	NA	NA
NC_045512.2	29508	G	C	12758	10928	41	2	2	34	0.000156703	12763	0.999086	FALSE	NA	NA	NA	NA	NA	NA
NC_045512.2	29508	G	A	12758	10928	41	1	1	34	7.83515e-05	12763	0.999878	FALSE	NA	NA	NA	NA	NA	NA
NC_045512.2	29509	C	T	13744	11974	42	2	2	34	0.000145476	13748	0.999513	FALSE	NA	NA	NA	NA	NA	NA
NC_045512.2	29509	C	A	13744	11974	42	2	1	30	0.000145476	13748	0.999513	FALSE	NA	NA	NA	NA	NA	NA
NC_045512.2	29510	A	C	0	0	0	11752	10219	42	1	11752	0	TRUE	NA	NA	NA	NA	NA	NA
NC_045512.2	29511	G	A	11360	9834	41	3	3	34	0.000264015	11363	0.993546	FALSE	NA	NA	NA	NA	NA	NA
NC_045512.2	29513	G	A	11627	10234	41	1	1	34	8.59993e-05	11628	0.999757	FALSE	NA	NA	NA	NA	NA	NA
NC_045512.2	29514	C	T	11646	10613	38	5	4	46	0.000429037	11654	0.109305	FALSE	NA	NA	NA	NA	NA	NA
NC_045512.2	29514	C	G	11646	10613	38	3	0	24	0.000257422	11654	1	FALSE	NA	NA	NA	NA	NA	NA
NC_045512.2	29515	T	C	11466	10372	40	6	6	34	0.000523013	11472	0.928367	FALSE	NA	NA	NA	NA	NA	NA
NC_045512.2	29516	G	A	11368	10279	40	1	1	34	8.79585e-05	11369	0.999757	FALSE	NA	NA	NA	NA	NA	NA
NC_045512.2	29517	A	T	11197	10149	39	1	0	20	8.92937e-05	11199	1	FALSE	NA	NA	NA	NA	NA	NA
NC_045512.2	29517	A	G	11197	10149	39	1	1	34	8.92937e-05	11199	0.999757	FALSE	NA	NA	NA	NA	NA	NA
NC_045512.2	29518	C	T	11224	10309	38	1	1	34	8.90076e-05	11235	0.999755	FALSE	NA	NA	NA	NA	NA	NA
NC_045512.2	29518	C	G	11224	10309	38	10	0	27	0.000890076	11235	1	FALSE	NA	NA	NA	NA	NA	NA
NC_045512.2	29519	T	G	11282	10262	39	1	1	24	8.86211e-05	11284	1	FALSE	NA	NA	NA	NA	NA	NA
NC_045512.2	29519	T	C	11282	10262	39	1	0	68	8.86211e-05	11284	0.5	FALSE	NA	NA	NA	NA	NA	NA
NC_045512.2	29520	C	T	10229	9273	39	1	1	34	9.77517e-05	10230	0.999513	FALSE	NA	NA	NA	NA	NA	NA
NC_045512.2	29526	A	G	8982	8262	38	2	2	34	0.000222618	8984	0.98928	FALSE	NA	NA	NA	NA	NA	NA
NC_045512.2	29527	G	T	8929	8211	39	1	1	34	0.000111982	8930	0.998052	FALSE	NA	NA	NA	NA	NA	NA
NC_045512.2	29528	G	A	8887	8175	38	1	1	34	0.000112511	8888	0.998052	FALSE	NA	NA	NA	NA	NA	NA
NC_045512.2	29529	C	T	8865	8161	39	3	3	34	0.000338295	8868	0.96734	FALSE	NA	NA	NA	NA	NA	NA
NC_045512.2	29531	T	C	7600	6998	39	1	1	34	0.000131562	7601	0.996103	FALSE	NA	NA	NA	NA	NA	NA
NC_045512.2	29534	A	T	7351	6792	37	8	8	32	0.00108651	7363	0.49968	FALSE	NA	NA	NA	NA	NA	NA
NC_045512.2	29534	A	C	7351	6792	37	4	4	34	0.000543257	7363	0.8865	FALSE	NA	NA	NA	NA	NA	NA
